Frequency (Hz)	Level (dB)
5.383301	-42.479721
10.766602	-37.752705
16.149902	-35.661427
21.533203	-34.426628
26.916504	-33.541813
32.299805	-33.071095
37.683105	-32.541336
43.066406	-32.065868
48.449707	-31.825382
53.833008	-31.699776
59.216309	-31.360739
64.599609	-31.345198
69.982910	-31.495241
75.366211	-31.660320
80.749512	-31.833826
86.132812	-32.140106
91.516113	-32.569290
96.899414	-32.553493
102.282715	-32.461483
107.666016	-33.118484
113.049316	-33.392963
118.432617	-33.515865
123.815918	-33.693581
129.199219	-33.775909
134.582520	-34.161251
139.965820	-34.713932
145.349121	-35.530640
150.732422	-36.268536
156.115723	-36.411743
161.499023	-36.748028
166.882324	-37.317455
172.265625	-37.811699
177.648926	-38.538250
183.032227	-39.426350
188.415527	-40.502472
193.798828	-41.241085
199.182129	-42.153698
204.565430	-43.531303
209.948730	-44.601204
215.332031	-45.314610
220.715332	-46.248112
226.098633	-48.721058
231.481934	-53.501656
236.865234	-64.782166
242.248535	-56.147194
247.631836	-49.762215
253.015137	-46.970451
258.398438	-45.479286
263.781738	-44.428997
269.165039	-44.077065
274.548340	-43.478401
279.931641	-43.156250
285.314941	-42.787209
290.698242	-42.713570
296.081543	-42.823189
301.464844	-42.711533
306.848145	-42.958294
312.231445	-42.950546
317.614746	-42.707809
322.998047	-42.695004
328.381348	-42.503048
333.764648	-42.804764
339.147949	-43.734753
344.531250	-44.353054
349.914551	-46.122578
355.297852	-48.371937
360.681152	-52.206112
366.064453	-52.724209
371.447754	-49.418190
376.831055	-48.286228
382.214355	-45.551281
387.597656	-44.238247
392.980957	-44.345867
398.364258	-44.917900
403.747559	-46.504467
409.130859	-46.893559
414.514160	-47.141392
419.897461	-48.107971
425.280762	-47.285278
430.664062	-46.004959
436.047363	-44.004208
441.430664	-42.682034
446.813965	-43.366150
452.197266	-44.117592
457.580566	-44.689598
462.963867	-45.990856
468.347168	-46.310795
473.730469	-46.845448
479.113770	-46.808071
484.497070	-45.779915
489.880371	-46.208321
495.263672	-44.534000
500.646973	-43.068939
506.030273	-42.596916
511.413574	-42.916122
516.796875	-44.284489
522.180176	-44.027622
527.563477	-42.319035
532.946777	-41.903603
538.330078	-42.025330
543.713379	-42.158623
549.096680	-41.899540
554.479980	-41.094318
559.863281	-40.965240
565.246582	-41.065689
570.629883	-41.153198
576.013184	-41.752960
581.396484	-41.417789
586.779785	-41.132557
592.163086	-41.835770
597.546387	-42.963558
602.929688	-44.476364
608.312988	-44.864006
613.696289	-44.347240
619.079590	-45.174229
624.462891	-45.649742
629.846191	-45.792431
635.229492	-45.768158
640.612793	-44.995171
645.996094	-44.896870
651.379395	-43.896957
656.762695	-43.575970
662.145996	-44.251759
667.529297	-43.597610
672.912598	-43.808243
678.295898	-43.807480
683.679199	-43.185371
689.062500	-44.840248
694.445801	-45.009758
699.829102	-45.114956
705.212402	-45.118946
710.595703	-43.857094
715.979004	-45.206509
721.362305	-45.668194
726.745605	-45.330116
732.128906	-46.720764
737.512207	-44.573746
742.895508	-43.775082
748.278809	-42.972946
753.662109	-42.205929
759.045410	-43.861568
764.428711	-43.285423
769.812012	-41.406483
775.195312	-41.876545
780.578613	-41.747814
785.961914	-42.304012
791.345215	-43.203789
796.728516	-42.704582
802.111816	-44.803268
807.495117	-44.755184
812.878418	-44.241047
818.261719	-46.863346
823.645020	-45.919659
829.028320	-48.890205
834.411621	-49.005508
839.794922	-49.712105
845.178223	-51.110069
850.561523	-50.338634
855.944824	-48.807663
861.328125	-45.431568
866.711426	-45.352890
872.094727	-44.187923
877.478027	-42.338032
882.861328	-42.439781
888.244629	-44.566898
893.627930	-47.572727
899.011230	-48.830391
904.394531	-47.528774
909.777832	-46.507080
915.161133	-48.984577
920.544434	-50.740543
925.927734	-50.689274
931.311035	-56.366386
936.694336	-62.635300
942.077637	-57.347622
947.460938	-55.243954
952.844238	-52.207409
958.227539	-49.628967
963.610840	-48.780285
968.994141	-48.990566
974.377441	-49.334095
979.760742	-47.860161
985.144043	-46.528183
990.527344	-46.537636
995.910645	-46.129288
1001.293945	-45.592850
1006.677246	-45.817406
1012.060547	-46.681255
1017.443848	-47.213673
1022.827148	-48.116802
1028.210449	-48.920940
1033.593750	-49.556988
1038.977051	-49.475338
1044.360352	-49.688393
1049.743652	-50.188774
1055.126953	-50.973335
1060.510254	-52.607620
1065.893555	-56.114384
1071.276855	-58.544224
1076.660156	-58.001350
1082.043457	-59.375008
1087.426758	-60.207684
1092.810059	-55.611107
1098.193359	-52.993874
1103.576660	-51.461235
1108.959961	-49.559242
1114.343262	-47.965874
1119.726562	-47.467438
1125.109863	-48.223103
1130.493164	-49.557507
1135.876465	-51.730431
1141.259766	-53.305042
1146.643066	-55.592426
1152.026367	-57.829544
1157.409668	-58.557438
1162.792969	-56.332779
1168.176270	-54.455856
1173.559570	-54.662769
1178.942871	-56.175404
1184.326172	-56.280457
1189.709473	-54.817093
1195.092773	-54.252781
1200.476074	-55.253952
1205.859375	-55.241013
1211.242676	-54.666771
1216.625977	-55.436913
1222.009277	-54.355888
1227.392578	-52.589340
1232.775879	-51.821129
1238.159180	-50.706974
1243.542480	-49.913956
1248.925781	-49.263790
1254.309082	-50.235889
1259.692383	-51.470325
1265.075684	-49.057487
1270.458984	-45.932465
1275.842285	-45.803825
1281.225586	-46.123199
1286.608887	-45.163193
1291.992188	-43.650188
1297.375488	-43.951748
1302.758789	-45.389389
1308.142090	-46.511356
1313.525391	-45.864052
1318.908691	-45.160847
1324.291992	-44.856472
1329.675293	-44.978790
1335.058594	-44.940174
1340.441895	-44.425518
1345.825195	-44.828358
1351.208496	-45.696266
1356.591797	-46.911018
1361.975098	-48.484970
1367.358398	-49.422810
1372.741699	-50.747437
1378.125000	-52.155735
1383.508301	-52.307201
1388.891602	-52.036301
1394.274902	-51.971226
1399.658203	-52.503860
1405.041504	-53.900620
1410.424805	-55.368179
1415.808105	-57.122700
1421.191406	-57.552265
1426.574707	-56.888332
1431.958008	-55.482105
1437.341309	-53.549885
1442.724609	-53.044399
1448.107910	-52.239079
1453.491211	-50.367069
1458.874512	-48.574223
1464.257812	-46.731228
1469.641113	-45.325848
1475.024414	-44.800095
1480.407715	-45.788460
1485.791016	-49.311356
1491.174316	-51.115143
1496.557617	-50.963741
1501.940918	-51.642414
1507.324219	-50.907272
1512.707520	-50.283981
1518.090820	-45.550045
1523.474121	-43.986927
1528.857422	-45.047310
1534.240723	-44.880863
1539.624023	-43.184036
1545.007324	-40.059254
1550.390625	-39.376888
1555.773926	-42.302704
1561.157227	-44.733402
1566.540527	-46.390446
1571.923828	-46.958374
1577.307129	-51.372616
1582.690430	-54.440529
1588.073730	-53.247166
1593.457031	-53.571072
1598.840332	-55.666916
1604.223633	-57.715370
1609.606934	-62.262821
1614.990234	-68.583710
1620.373535	-64.653259
1625.756836	-60.392410
1631.140137	-57.247456
1636.523438	-58.588345
1641.906738	-57.871704
1647.290039	-58.216110
1652.673340	-59.457714
1658.056641	-58.999748
1663.439941	-60.797333
1668.823242	-59.559082
1674.206543	-57.589199
1679.589844	-55.794376
1684.973145	-54.254559
1690.356445	-55.244591
1695.739746	-55.921017
1701.123047	-56.343994
1706.506348	-58.899326
1711.889648	-60.596378
1717.272949	-62.013397
1722.656250	-68.460777
1728.039551	-70.407860
1733.422852	-66.278732
1738.806152	-64.728348
1744.189453	-63.306591
1749.572754	-60.008938
1754.956055	-58.721230
1760.339355	-58.770439
1765.722656	-56.884342
1771.105957	-55.597015
1776.489258	-55.015659
1781.872559	-53.546665
1787.255859	-52.973854
1792.639160	-51.619293
1798.022461	-49.781059
1803.405762	-47.515331
1808.789062	-44.123589
1814.172363	-40.590637
1819.555664	-41.864029
1824.938965	-49.898952
1830.322266	-56.758919
1835.705566	-64.129799
1841.088867	-64.956711
1846.472168	-64.560860
1851.855469	-59.727398
1857.238770	-57.558159
1862.622070	-57.463348
1868.005371	-56.931187
1873.388672	-56.774212
1878.771973	-56.548710
1884.155273	-57.011143
1889.538574	-57.699554
1894.921875	-57.020454
1900.305176	-56.436653
1905.688477	-55.451630
1911.071777	-56.135380
1916.455078	-56.956776
1921.838379	-57.022858
1927.221680	-57.448551
1932.604980	-56.897686
1937.988281	-56.704559
1943.371582	-56.899143
1948.754883	-57.703407
1954.138184	-58.037052
1959.521484	-57.187641
1964.904785	-56.453945
1970.288086	-55.247269
1975.671387	-56.252598
1981.054688	-55.917557
1986.437988	-53.978333
1991.821289	-53.888371
1997.204590	-53.542053
2002.587891	-55.178940
2007.971191	-56.794075
2013.354492	-55.654453
2018.737793	-55.687984
2024.121094	-55.729076
2029.504395	-55.605476
2034.887695	-53.559921
2040.270996	-53.268871
2045.654297	-53.944149
2051.037598	-54.676899
2056.420898	-55.485672
2061.804199	-55.588303
2067.187500	-58.387539
2072.570801	-60.001915
2077.954102	-56.405170
2083.337402	-52.848476
2088.720703	-49.683735
2094.104004	-46.158886
2099.487305	-43.788258
2104.870605	-42.196678
2110.253906	-41.312260
2115.637207	-39.914871
2121.020508	-37.995605
2126.403809	-36.658367
2131.787109	-35.718048
2137.170410	-34.778969
2142.553711	-33.970966
2147.937012	-33.106354
2153.320312	-33.500000
2158.703613	-33.898746
2164.086914	-31.504873
2169.470215	-29.414028
2174.853516	-28.355366
2180.236816	-28.077200
2185.620117	-28.022930
2191.003418	-27.883024
2196.386719	-27.771971
2201.770020	-28.011244
2207.153320	-29.271379
2212.536621	-30.074831
2217.919922	-30.227327
2223.303223	-31.085133
2228.686523	-31.808096
2234.069824	-33.665813
2239.453125	-34.596298
2244.836426	-34.611858
2250.219727	-35.876575
2255.603027	-36.685486
2260.986328	-37.818123
2266.369629	-38.191833
2271.752930	-39.499687
2277.136230	-40.617401
2282.519531	-40.905010
2287.902832	-41.058331
2293.286133	-40.368828
2298.669434	-41.212994
2304.052734	-41.830154
2309.436035	-42.167942
2314.819336	-43.549438
2320.202637	-44.252926
2325.585938	-45.379219
2330.969238	-45.832130
2336.352539	-46.962013
2341.735840	-47.055527
2347.119141	-46.578545
2352.502441	-47.874027
2357.885742	-48.678345
2363.269043	-50.014069
2368.652344	-49.036938
2374.035645	-48.774136
2379.418945	-47.727890
2384.802246	-45.939072
2390.185547	-45.663952
2395.568848	-45.223759
2400.952148	-42.667198
2406.335449	-37.849018
2411.718750	-36.244930
2417.102051	-42.055023
2422.485352	-51.522053
2427.868652	-56.928986
2433.251953	-62.134357
2438.635254	-61.190750
2444.018555	-59.938786
2449.401855	-58.352379
2454.785156	-58.050865
2460.168457	-56.698395
2465.551758	-55.885506
2470.935059	-54.395233
2476.318359	-54.467987
2481.701660	-54.812195
2487.084961	-55.244633
2492.468262	-56.237507
2497.851562	-56.522137
2503.234863	-57.420235
2508.618164	-56.888062
2514.001465	-56.378807
2519.384766	-56.340816
2524.768066	-56.672100
2530.151367	-57.868507
2535.534668	-64.840515
2540.917969	-65.090897
2546.301270	-59.777908
2551.684570	-58.651878
2557.067871	-56.978142
2562.451172	-59.601871
2567.834473	-61.026985
2573.217773	-62.121914
2578.601074	-64.585510
2583.984375	-65.560043
2589.367676	-66.395943
2594.750977	-65.116493
2600.134277	-64.605942
2605.517578	-64.491043
2610.900879	-63.800350
2616.284180	-60.854996
2621.667480	-60.999317
2627.050781	-61.721188
2632.434082	-61.028568
2637.817383	-59.246292
2643.200684	-59.568993
2648.583984	-61.067650
2653.967285	-61.245693
2659.350586	-60.980755
2664.733887	-60.276440
2670.117188	-60.559494
2675.500488	-60.257988
2680.883789	-59.647892
2686.267090	-59.083458
2691.650391	-59.843487
2697.033691	-60.855686
2702.416992	-62.039330
2707.800293	-61.571777
2713.183594	-61.096443
2718.566895	-59.701153
2723.950195	-58.408756
2729.333496	-58.129528
2734.716797	-57.639431
2740.100098	-57.410652
2745.483398	-57.161800
2750.866699	-56.866127
2756.250000	-56.465271
2761.633301	-56.415363
2767.016602	-55.810871
2772.399902	-54.745815
2777.783203	-54.043694
2783.166504	-53.799072
2788.549805	-54.308105
2793.933105	-54.761154
2799.316406	-55.044155
2804.699707	-55.041542
2810.083008	-55.387592
2815.466309	-55.348061
2820.849609	-55.173138
2826.232910	-55.779591
2831.616211	-57.655132
2836.999512	-59.479900
2842.382812	-59.965508
2847.766113	-60.672436
2853.149414	-61.205013
2858.532715	-61.200256
2863.916016	-62.496967
2869.299316	-62.558002
2874.682617	-62.765862
2880.065918	-63.754906
2885.449219	-63.518387
2890.832520	-64.515884
2896.215820	-65.782455
2901.599121	-66.569748
2906.982422	-70.960823
2912.365723	-66.927513
2917.749023	-62.861923
2923.132324	-64.664894
2928.515625	-62.750900
2933.898926	-56.753246
2939.282227	-56.685287
2944.665527	-52.956333
2950.048828	-51.383308
2955.432129	-46.724472
2960.815430	-41.115429
2966.198730	-40.879147
2971.582031	-42.993237
2976.965332	-45.347630
2982.348633	-43.573227
2987.731934	-41.168190
2993.115234	-42.305401
2998.498535	-47.657776
3003.881836	-50.334209
3009.265137	-54.689396
3014.648438	-59.143684
3020.031738	-59.932652
3025.415039	-60.552059
3030.798340	-60.023811
3036.181641	-58.908493
3041.564941	-60.204113
3046.948242	-61.000000
3052.331543	-62.881123
3057.714844	-64.896225
3063.098145	-64.047310
3068.481445	-68.948715
3073.864746	-60.867657
3079.248047	-54.379128
3084.631348	-53.857754
3090.014648	-48.977962
3095.397949	-42.740028
3100.781250	-40.957958
3106.164551	-42.251015
3111.547852	-45.782013
3116.931152	-46.974037
3122.314453	-49.136169
3127.697754	-54.002491
3133.081055	-58.889008
3138.464355	-58.479984
3143.847656	-56.879482
3149.230957	-56.861664
3154.614258	-58.458504
3159.997559	-59.798759
3165.380859	-62.105782
3170.764160	-63.048248
3176.147461	-62.180202
3181.530762	-59.631115
3186.914062	-57.853878
3192.297363	-56.951599
3197.680664	-55.649414
3203.063965	-50.739735
3208.447266	-45.345032
3213.830566	-44.414349
3219.213867	-48.638206
3224.597168	-51.939713
3229.980469	-52.799778
3235.363770	-52.840675
3240.747070	-53.360859
3246.130371	-53.295059
3251.513672	-53.411797
3256.896973	-53.478691
3262.280273	-53.742477
3267.663574	-53.617622
3273.046875	-53.900597
3278.430176	-53.698917
3283.813477	-53.390774
3289.196777	-53.789143
3294.580078	-52.873306
3299.963379	-53.732445
3305.346680	-53.272125
3310.729980	-52.920315
3316.113281	-52.372089
3321.496582	-51.402130
3326.879883	-51.839493
3332.263184	-51.945633
3337.646484	-51.978027
3343.029785	-51.827374
3348.413086	-51.044319
3353.796387	-50.209034
3359.179688	-49.900822
3364.562988	-49.403847
3369.946289	-49.302402
3375.329590	-48.852684
3380.712891	-48.260811
3386.096191	-47.935604
3391.479492	-47.638905
3396.862793	-47.506630
3402.246094	-47.294117
3407.629395	-46.993015
3413.012695	-46.943096
3418.395996	-47.714512
3423.779297	-48.831959
3429.162598	-49.684505
3434.545898	-49.686695
3439.929199	-50.180244
3445.312500	-50.231163
3450.695801	-50.703102
3456.079102	-50.947350
3461.462402	-51.746899
3466.845703	-52.281410
3472.229004	-52.905815
3477.612305	-53.534191
3482.995605	-53.956993
3488.378906	-54.301788
3493.762207	-54.876694
3499.145508	-55.450981
3504.528809	-55.562332
3509.912109	-56.020290
3515.295410	-55.985626
3520.678711	-56.630688
3526.062012	-56.690296
3531.445312	-56.021660
3536.828613	-56.482899
3542.211914	-56.625153
3547.595215	-56.771584
3552.978516	-57.282051
3558.361816	-57.268364
3563.745117	-58.007568
3569.128418	-58.771141
3574.511719	-59.226452
3579.895020	-58.960224
3585.278320	-57.790371
3590.661621	-57.726994
3596.044922	-58.038452
3601.428223	-58.537804
3606.811523	-58.513317
3612.194824	-57.410557
3617.578125	-57.917877
3622.961426	-58.469540
3628.344727	-61.027676
3633.728027	-61.628178
3639.111328	-62.923405
3644.494629	-65.548683
3649.877930	-63.630424
3655.261230	-61.784092
3660.644531	-64.995438
3666.027832	-67.904755
3671.411133	-69.477837
3676.794434	-71.657906
3682.177734	-68.986107
3687.561035	-61.265617
3692.944336	-57.651329
3698.327637	-58.490490
3703.710938	-64.141426
3709.094238	-66.347168
3714.477539	-64.661530
3719.860840	-62.755543
3725.244141	-62.514874
3730.627441	-60.718147
3736.010742	-59.920223
3741.394043	-61.580341
3746.777344	-61.019672
3752.160645	-60.683567
3757.543945	-60.259708
3762.927246	-58.209667
3768.310547	-58.404224
3773.693848	-58.201336
3779.077148	-58.675640
3784.460449	-59.744896
3789.843750	-59.621952
3795.227051	-59.710239
3800.610352	-60.167843
3805.993652	-59.706562
3811.376953	-61.092846
3816.760254	-60.971603
3822.143555	-58.475853
3827.526855	-59.521530
3832.910156	-60.835228
3838.293457	-57.802799
3843.676758	-56.772694
3849.060059	-56.027428
3854.443359	-57.605099
3859.826660	-54.840660
3865.209961	-54.715706
3870.593262	-54.359409
3875.976562	-55.219231
3881.359863	-59.140366
3886.743164	-60.300354
3892.126465	-59.488029
3897.509766	-55.934021
3902.893066	-50.092102
3908.276367	-45.986248
3913.659668	-48.290318
3919.042969	-51.297859
3924.426270	-53.606350
3929.809570	-58.130024
3935.192871	-57.118916
3940.576172	-57.711605
3945.959473	-59.929028
3951.342773	-57.987503
3956.726074	-57.816639
3962.109375	-57.960815
3967.492676	-56.778595
3972.875977	-55.880596
3978.259277	-54.892532
3983.642578	-54.717445
3989.025879	-54.799095
3994.409180	-54.587639
3999.792480	-54.897423
4005.175781	-56.094276
4010.559082	-55.540207
4015.942383	-56.037724
4021.325684	-55.104130
4026.708984	-55.986889
4032.092285	-55.261860
4037.475586	-56.438293
4042.858887	-55.951488
4048.242188	-56.157982
4053.625488	-56.180492
4059.008789	-56.382576
4064.392090	-55.530354
4069.775391	-55.299030
4075.158691	-55.007801
4080.541992	-54.654575
4085.925293	-53.606026
4091.308594	-53.505070
4096.691895	-53.652554
4102.075195	-53.868820
4107.458496	-54.913883
4112.841797	-54.761986
4118.225098	-53.973946
4123.608398	-54.665203
4128.991699	-54.090199
4134.375000	-53.897991
4139.758301	-52.229103
4145.141602	-51.190659
4150.524902	-52.075325
4155.908203	-52.520084
4161.291504	-54.161617
4166.674805	-53.357685
4172.058105	-49.862339
4177.441406	-48.672298
4182.824707	-46.313885
4188.208008	-45.471832
4193.591309	-45.266682
4198.974609	-43.989868
4204.357910	-42.843948
4209.741211	-40.146324
4215.124512	-37.067699
4220.507812	-36.017376
4225.891113	-39.950954
4231.274414	-39.512028
4236.657715	-36.517941
4242.041016	-35.350094
4247.424316	-31.820488
4252.807617	-27.536757
4258.190918	-24.609993
4263.574219	-23.663330
4268.957520	-26.568756
4274.340820	-30.650984
4279.724121	-33.550385
4285.107422	-37.337723
4290.490723	-38.923515
4295.874023	-39.912437
4301.257324	-41.244343
4306.640625	-42.323528
4312.023926	-43.499134
4317.407227	-44.922771
4322.790527	-47.029297
4328.173828	-48.162312
4333.557129	-50.513729
4338.940430	-50.126198
4344.323730	-52.045376
4349.707031	-52.366798
4355.090332	-53.857147
4360.473633	-52.383980
4365.856934	-52.591953
4371.240234	-52.821995
4376.623535	-55.856064
4382.006836	-53.130753
4387.390137	-53.481064
4392.773438	-54.630760
4398.156738	-52.796204
4403.540039	-54.191273
4408.923340	-54.306004
4414.306641	-53.777622
4419.689941	-52.028950
4425.073242	-52.126068
4430.456543	-51.250397
4435.839844	-50.101604
4441.223145	-48.839104
4446.606445	-49.671104
4451.989746	-49.281635
4457.373047	-48.700787
4462.756348	-49.132072
4468.139648	-48.053421
4473.522949	-47.578957
4478.906250	-45.627048
4484.289551	-44.301708
4489.672852	-45.887184
4495.056152	-47.650620
4500.439453	-50.653881
4505.822754	-50.353680
4511.206055	-48.880497
4516.589355	-49.845890
4521.972656	-49.169842
4527.355957	-49.980507
4532.739258	-50.839012
4538.122559	-52.233234
4543.505859	-53.101345
4548.889160	-54.884850
4554.272461	-54.727703
4559.655762	-55.410225
4565.039062	-56.412441
4570.422363	-56.805782
4575.805664	-56.534237
4581.188965	-56.767235
4586.572266	-58.021801
4591.955566	-58.827370
4597.338867	-57.512398
4602.722168	-59.035713
4608.105469	-56.983704
4613.488770	-57.149952
4618.872070	-55.079605
4624.255371	-53.831123
4629.638672	-54.184231
4635.021973	-56.939022
4640.405273	-59.687874
4645.788574	-60.998257
4651.171875	-59.653416
4656.555176	-60.948944
4661.938477	-60.457424
4667.321777	-60.999840
4672.705078	-66.798882
4678.088379	-60.363873
4683.471680	-53.641212
4688.854980	-51.627876
4694.238281	-49.874683
4699.621582	-47.369217
4705.004883	-45.369164
4710.388184	-44.737823
4715.771484	-45.288509
4721.154785	-46.876240
4726.538086	-48.678082
4731.921387	-47.425201
4737.304688	-48.126389
4742.687988	-47.642776
4748.071289	-46.555153
4753.454590	-46.974789
4758.837891	-46.319221
4764.221191	-44.639923
4769.604492	-42.236507
4774.987793	-47.225151
4780.371094	-44.658508
4785.754395	-39.386677
4791.137695	-39.355186
4796.520996	-40.888969
4801.904297	-42.187668
4807.287598	-40.908703
4812.670898	-39.257465
4818.054199	-39.278442
4823.437500	-39.243198
4828.820801	-40.274437
4834.204102	-39.952503
4839.587402	-36.877972
4844.970703	-33.769539
4850.354004	-33.021908
4855.737305	-34.956978
4861.120605	-37.848167
4866.503906	-40.632256
4871.887207	-43.334736
4877.270508	-46.853355
4882.653809	-48.435734
4888.037109	-49.922638
4893.420410	-48.694607
4898.803711	-47.423428
4904.187012	-48.369282
4909.570312	-46.123596
4914.953613	-45.435818
4920.336914	-43.848743
4925.720215	-44.098278
4931.103516	-43.289730
4936.486816	-43.649757
4941.870117	-43.342117
4947.253418	-44.003075
4952.636719	-45.770779
4958.020020	-47.307316
4963.403320	-49.468086
4968.786621	-51.526543
4974.169922	-51.297531
4979.553223	-51.624981
4984.936523	-51.102989
4990.319824	-52.361343
4995.703125	-53.318146
5001.086426	-52.850964
5006.469727	-50.773254
5011.853027	-51.578911
5017.236328	-52.493832
5022.619629	-53.449749
5028.002930	-51.917439
5033.386230	-48.699783
5038.769531	-49.518410
5044.152832	-49.372631
5049.536133	-49.026024
5054.919434	-48.550560
5060.302734	-48.088154
5065.686035	-49.687069
5071.069336	-51.321171
5076.452637	-52.083870
5081.835938	-52.730576
5087.219238	-52.002205
5092.602539	-52.048450
5097.985840	-53.118011
5103.369141	-54.304623
5108.752441	-56.953873
5114.135742	-60.802341
5119.519043	-61.424603
5124.902344	-61.796295
5130.285645	-60.863842
5135.668945	-59.769028
5141.052246	-58.453495
5146.435547	-58.800159
5151.818848	-58.083759
5157.202148	-57.761829
5162.585449	-56.599941
5167.968750	-57.912689
5173.352051	-57.187267
5178.735352	-56.717384
5184.118652	-57.828602
5189.501953	-56.887272
5194.885254	-55.136971
5200.268555	-54.550152
5205.651855	-57.941551
5211.035156	-56.744068
5216.418457	-57.130222
5221.801758	-51.943653
5227.185059	-50.434540
5232.568359	-49.010002
5237.951660	-48.879093
5243.334961	-49.704945
5248.718262	-52.418030
5254.101562	-54.717751
5259.484863	-55.916607
5264.868164	-54.909378
5270.251465	-54.069340
5275.634766	-54.375740
5281.018066	-51.478390
5286.401367	-50.679169
5291.784668	-51.736126
5297.167969	-49.470257
5302.551270	-49.773033
5307.934570	-49.101765
5313.317871	-48.545277
5318.701172	-48.307072
5324.084473	-47.433018
5329.467773	-46.388580
5334.851074	-45.423084
5340.234375	-38.527138
5345.617676	-35.737053
5351.000977	-34.603226
5356.384277	-35.946381
5361.767578	-36.433365
5367.150879	-35.779095
5372.534180	-35.004990
5377.917480	-35.332802
5383.300781	-37.193253
5388.684082	-38.705608
5394.067383	-40.111256
5399.450684	-41.948624
5404.833984	-43.115292
5410.217285	-43.675385
5415.600586	-43.555038
5420.983887	-43.564636
5426.367188	-43.414471
5431.750488	-43.355038
5437.133789	-42.535431
5442.517090	-41.781040
5447.900391	-41.976776
5453.283691	-41.076324
5458.666992	-40.510323
5464.050293	-39.685665
5469.433594	-38.955956
5474.816895	-38.281086
5480.200195	-38.186863
5485.583496	-37.696865
5490.966797	-37.168354
5496.350098	-36.520061
5501.733398	-34.988754
5507.116699	-34.614471
5512.500000	-33.839424
5517.883301	-34.654686
5523.266602	-34.260532
5528.649902	-33.088791
5534.033203	-33.366695
5539.416504	-32.492432
5544.799805	-33.154148
5550.183105	-31.521101
5555.566406	-30.940195
5560.949707	-32.143520
5566.333008	-31.846081
5571.716309	-32.758007
5577.099609	-31.176624
5582.482910	-31.401220
5587.866211	-30.664295
5593.249512	-29.719133
5598.632812	-30.280277
5604.016113	-29.561228
5609.399414	-30.671497
5614.782715	-31.789497
5620.166016	-31.777515
5625.549316	-33.744530
5630.932617	-34.842644
5636.315918	-37.181133
5641.699219	-38.700783
5647.082520	-38.305420
5652.465820	-40.396000
5657.849121	-39.512989
5663.232422	-41.035046
5668.615723	-42.455051
5673.999023	-42.489891
5679.382324	-43.857887
5684.765625	-44.484818
5690.148926	-43.991074
5695.532227	-42.255070
5700.915527	-41.163273
5706.298828	-40.444767
5711.682129	-38.727875
5717.065430	-37.799583
5722.448730	-35.281067
5727.832031	-30.736721
5733.215332	-29.401087
5738.598633	-31.529455
5743.981934	-37.353325
5749.365234	-44.681416
5754.748535	-50.034119
5760.131836	-54.151024
5765.515137	-53.984848
5770.898438	-57.922146
5776.281738	-55.121063
5781.665039	-53.772301
5787.048340	-53.287468
5792.431641	-53.228695
5797.814941	-51.077778
5803.198242	-49.940380
5808.581543	-51.816822
5813.964844	-50.364323
5819.348145	-49.765610
5824.731445	-48.965797
5830.114746	-48.764668
5835.498047	-49.408298
5840.881348	-47.959362
5846.264648	-47.424385
5851.647949	-47.035229
5857.031250	-46.429020
5862.414551	-44.650005
5867.797852	-43.229568
5873.181152	-41.600250
5878.564453	-40.396721
5883.947754	-37.876537
5889.331055	-38.767166
5894.714355	-41.615330
5900.097656	-44.287968
5905.480957	-46.504868
5910.864258	-46.774658
5916.247559	-46.948421
5921.630859	-45.641460
5927.014160	-44.999893
5932.397461	-45.951168
5937.780762	-44.403942
5943.164062	-44.491478
5948.547363	-42.493008
5953.930664	-44.124645
5959.313965	-46.771259
5964.697266	-47.791832
5970.080566	-52.998684
5975.463867	-55.175617
5980.847168	-53.216808
5986.230469	-55.072556
5991.613770	-56.455975
5996.997070	-55.921505
6002.380371	-59.541203
6007.763672	-62.066456
6013.146973	-56.130791
6018.530273	-53.181675
6023.913574	-55.337055
6029.296875	-57.388523
6034.680176	-60.265644
6040.063477	-62.083752
6045.446777	-62.075863
6050.830078	-63.102901
6056.213379	-58.973385
6061.596680	-60.189648
6066.979980	-61.464840
6072.363281	-60.473324
6077.746582	-65.203362
6083.129883	-61.901638
6088.513184	-62.269741
6093.896484	-62.125511
6099.279785	-62.687759
6104.663086	-61.836315
6110.046387	-63.910046
6115.429688	-62.859638
6120.812988	-63.816448
6126.196289	-64.193695
6131.579590	-63.099083
6136.962891	-66.454887
6142.346191	-69.024101
6147.729492	-65.134888
6153.112793	-59.656597
6158.496094	-57.442478
6163.879395	-58.532188
6169.262695	-56.954498
6174.645996	-58.769787
6180.029297	-59.641323
6185.412598	-60.552994
6190.795898	-59.166214
6196.179199	-59.327923
6201.562500	-57.598911
6206.945801	-56.029530
6212.329102	-53.218231
6217.712402	-53.015102
6223.095703	-52.416504
6228.479004	-53.404163
6233.862305	-53.901524
6239.245605	-52.190525
6244.628906	-51.378136
6250.012207	-50.850403
6255.395508	-51.212440
6260.778809	-50.786011
6266.162109	-51.079784
6271.545410	-51.477077
6276.928711	-53.693417
6282.312012	-53.108234
6287.695312	-52.629665
6293.078613	-52.080730
6298.461914	-53.769348
6303.845215	-55.583370
6309.228516	-54.239567
6314.611816	-53.259270
6319.995117	-54.000500
6325.378418	-51.202248
6330.761719	-47.904430
6336.145020	-47.007862
6341.528320	-49.331856
6346.911621	-51.384735
6352.294922	-52.164150
6357.678223	-53.897758
6363.061523	-55.103951
6368.444824	-54.996616
6373.828125	-55.660854
6379.211426	-55.778553
6384.594727	-55.961872
6389.978027	-56.016743
6395.361328	-55.864498
6400.744629	-55.961369
6406.127930	-57.437744
6411.511230	-57.967712
6416.894531	-58.729950
6422.277832	-57.801792
6427.661133	-59.595573
6433.044434	-58.241093
6438.427734	-59.172504
6443.811035	-63.453102
6449.194336	-61.559120
6454.577637	-60.657959
6459.960938	-58.261593
6465.344238	-59.686180
6470.727539	-57.630566
6476.110840	-60.147324
6481.494141	-58.134136
6486.877441	-57.293259
6492.260742	-56.491016
6497.644043	-55.691360
6503.027344	-53.839344
6508.410645	-51.815281
6513.793945	-51.381882
6519.177246	-50.863098
6524.560547	-49.512848
6529.943848	-48.287521
6535.327148	-47.145565
6540.710449	-46.144825
6546.093750	-45.071754
6551.477051	-44.681980
6556.860352	-43.742142
6562.243652	-44.151657
6567.626953	-43.919750
6573.010254	-44.719440
6578.393555	-42.824421
6583.776855	-41.988766
6589.160156	-42.025303
6594.543457	-42.991859
6599.926758	-44.546413
6605.310059	-44.920986
6610.693359	-45.610855
6616.076660	-46.439579
6621.459961	-50.291466
6626.843262	-53.628872
6632.226562	-51.254555
6637.609863	-51.574425
6642.993164	-51.805733
6648.376465	-53.976604
6653.759766	-55.365726
6659.143066	-58.783154
6664.526367	-63.714317
6669.909668	-57.372135
6675.292969	-54.971985
6680.676270	-54.899097
6686.059570	-56.335831
6691.442871	-54.809685
6696.826172	-54.127460
6702.209473	-54.852505
6707.592773	-57.079826
6712.976074	-56.615864
6718.359375	-56.032959
6723.742676	-55.635918
6729.125977	-56.830482
6734.509277	-56.842472
6739.892578	-57.173183
6745.275879	-57.590538
6750.659180	-56.198868
6756.042480	-59.374958
6761.425781	-57.733673
6766.809082	-56.978039
6772.192383	-56.555599
6777.575684	-56.133053
6782.958984	-50.898129
6788.342285	-44.034019
6793.725586	-43.214371
6799.108887	-44.349712
6804.492188	-46.614166
6809.875488	-48.811798
6815.258789	-51.114304
6820.642090	-52.287102
6826.025391	-53.411373
6831.408691	-56.573673
6836.791992	-54.541195
6842.175293	-54.229015
6847.558594	-54.670830
6852.941895	-55.044388
6858.325195	-54.490776
6863.708496	-53.146320
6869.091797	-54.233219
6874.475098	-52.754684
6879.858398	-54.924171
6885.241699	-55.912830
6890.625000	-56.199570
6896.008301	-54.407810
6901.391602	-51.495197
6906.774902	-49.341877
6912.158203	-50.450047
6917.541504	-51.061451
6922.924805	-51.276752
6928.308105	-51.226372
6933.691406	-50.646259
6939.074707	-50.855640
6944.458008	-50.463181
6949.841309	-48.972748
6955.224609	-47.781273
6960.607910	-46.627029
6965.991211	-48.612854
6971.374512	-52.064972
6976.757812	-58.058495
6982.141113	-64.993172
6987.524414	-66.650467
6992.907715	-66.440643
6998.291016	-66.664780
7003.674316	-65.685883
7009.057617	-65.423897
7014.440918	-61.956059
7019.824219	-62.812111
7025.207520	-66.075432
7030.590820	-68.481010
7035.974121	-68.709457
7041.357422	-65.654938
7046.740723	-61.399708
7052.124023	-60.810360
7057.507324	-59.918869
7062.890625	-62.477917
7068.273926	-63.128983
7073.657227	-64.066116
7079.040527	-61.440838
7084.423828	-57.407883
7089.807129	-55.023640
7095.190430	-55.442505
7100.573730	-53.605968
7105.957031	-53.264656
7111.340332	-53.613060
7116.723633	-56.514633
7122.106934	-59.562511
7127.490234	-61.191559
7132.873535	-62.273048
7138.256836	-62.206669
7143.640137	-62.943787
7149.023438	-64.027435
7154.406738	-63.477509
7159.790039	-63.157253
7165.173340	-62.694008
7170.556641	-63.772995
7175.939941	-64.227623
7181.323242	-64.555916
7186.706543	-62.738861
7192.089844	-64.231636
7197.473145	-60.181553
7202.856445	-58.013111
7208.239746	-57.416031
7213.623047	-56.388836
7219.006348	-55.790554
7224.389648	-55.804474
7229.772949	-55.914898
7235.156250	-57.388855
7240.539551	-59.831188
7245.922852	-65.624252
7251.306152	-65.370003
7256.689453	-63.979336
7262.072754	-61.726738
7267.456055	-59.843872
7272.839355	-59.676582
7278.222656	-59.107021
7283.605957	-60.542015
7288.989258	-61.080872
7294.372559	-63.027126
7299.755859	-62.557919
7305.139160	-64.269852
7310.522461	-63.910069
7315.905762	-64.848358
7321.289062	-63.284260
7326.672363	-62.640198
7332.055664	-62.175369
7337.438965	-61.846912
7342.822266	-61.751194
7348.205566	-61.232594
7353.588867	-60.765667
7358.972168	-61.258743
7364.355469	-62.024780
7369.738770	-61.405483
7375.122070	-61.542843
7380.505371	-60.381542
7385.888672	-60.823082
7391.271973	-60.489872
7396.655273	-60.928642
7402.038574	-60.430294
7407.421875	-60.773350
7412.805176	-60.025158
7418.188477	-60.673809
7423.571777	-60.051727
7428.955078	-60.670162
7434.338379	-60.497772
7439.721680	-61.314713
7445.104980	-61.376152
7450.488281	-61.859707
7455.871582	-61.951954
7461.254883	-62.143791
7466.638184	-62.140045
7472.021484	-62.267620
7477.404785	-62.092392
7482.788086	-62.081944
7488.171387	-61.980278
7493.554688	-62.106438
7498.937988	-61.859486
7504.321289	-61.536983
7509.704590	-61.155834
7515.087891	-60.860035
7520.471191	-60.419418
7525.854492	-60.425835
7531.237793	-59.644527
7536.621094	-59.659874
7542.004395	-59.527138
7547.387695	-59.442348
7552.770996	-58.807140
7558.154297	-57.647728
7563.537598	-56.814003
7568.920898	-57.068203
7574.304199	-56.796040
7579.687500	-57.417980
7585.070801	-57.362041
7590.454102	-57.329845
7595.837402	-57.255726
7601.220703	-57.109268
7606.604004	-57.100136
7611.987305	-57.452885
7617.370605	-57.145748
7622.753906	-57.600292
7628.137207	-57.630840
7633.520508	-57.699455
7638.903809	-57.710526
7644.287109	-57.690937
7649.670410	-57.418159
7655.053711	-57.342953
7660.437012	-56.860439
7665.820312	-56.863987
7671.203613	-56.372330
7676.586914	-56.229301
7681.970215	-56.193592
7687.353516	-56.314472
7692.736816	-56.052616
7698.120117	-56.211597
7703.503418	-55.719952
7708.886719	-55.695915
7714.270020	-55.271450
7719.653320	-55.151562
7725.036621	-54.717754
7730.419922	-54.917549
7735.803223	-54.856628
7741.186523	-55.205090
7746.569824	-55.360233
7751.953125	-55.695034
7757.336426	-55.840195
7762.719727	-55.652313
7768.103027	-55.363380
7773.486328	-55.400269
7778.869629	-54.936031
7784.252930	-54.784893
7789.636230	-54.464809
7795.019531	-54.360577
7800.402832	-54.803799
7805.786133	-55.025425
7811.169434	-55.093334
7816.552734	-55.268673
7821.936035	-54.652893
7827.319336	-54.408890
7832.702637	-54.005310
7838.085938	-54.146290
7843.469238	-54.678059
7848.852539	-54.433723
7854.235840	-54.111992
7859.619141	-53.719982
7865.002441	-54.907433
7870.385742	-54.632126
7875.769043	-56.053669
7881.152344	-54.996861
7886.535645	-54.137955
7891.918945	-53.795387
7897.302246	-53.809551
7902.685547	-54.672138
7908.068848	-52.919254
7913.452148	-53.191711
7918.835449	-54.732235
7924.218750	-53.857841
7929.602051	-54.389404
7934.985352	-58.863194
7940.368652	-56.896217
7945.751953	-58.833408
7951.135254	-59.865562
7956.518555	-60.683407
7961.901855	-61.201942
7967.285156	-60.691189
7972.668457	-60.645927
7978.051758	-59.560001
7983.435059	-59.174206
7988.818359	-59.227566
7994.201660	-58.826023
7999.584961	-58.742741
8004.968262	-58.706734
8010.351562	-58.574535
8015.734863	-58.706970
8021.118164	-58.408035
8026.501465	-57.839691
8031.884766	-57.875473
8037.268066	-57.147240
8042.651367	-57.259254
8048.034668	-56.962406
8053.417969	-56.859299
8058.801270	-57.019814
8064.184570	-56.474236
8069.567871	-56.689938
8074.951172	-57.042522
8080.334473	-57.399033
8085.717773	-57.863689
8091.101074	-57.353695
8096.484375	-57.194675
8101.867676	-57.312111
8107.250977	-57.460014
8112.634277	-58.009338
8118.017578	-58.388729
8123.400879	-58.901310
8128.784180	-59.461811
8134.167480	-59.542969
8139.550781	-59.421165
8144.934082	-59.532860
8150.317383	-60.526920
8155.700684	-61.380718
8161.083984	-61.917850
8166.467285	-62.858486
8171.850586	-64.123245
8177.233887	-64.250832
8182.617188	-63.495155
8188.000488	-63.339142
8193.383789	-63.140255
8198.767090	-63.381073
8204.150391	-63.166637
8209.533691	-63.093678
8214.916992	-63.118057
8220.300293	-63.302650
8225.683594	-63.591354
8231.066895	-63.828392
8236.450195	-64.410934
8241.833496	-64.540367
8247.216797	-65.410545
8252.600098	-65.656029
8257.983398	-66.109818
8263.366699	-65.922409
8268.750000	-66.040306
8274.133301	-65.652817
8279.516602	-65.330704
8284.899902	-65.360649
8290.283203	-65.658836
8295.666504	-65.032684
8301.049805	-64.873611
8306.433105	-64.533409
8311.816406	-64.365349
8317.199707	-64.608711
8322.583008	-65.543198
8327.966309	-66.437637
8333.349609	-67.516319
8338.732910	-67.815811
8344.116211	-67.768745
8349.499512	-68.287872
8354.882812	-68.612587
8360.266113	-69.872597
8365.649414	-69.800804
8371.032715	-70.202606
8376.416016	-69.907356
8381.799316	-69.587334
8387.182617	-69.486427
8392.565918	-69.368080
8397.949219	-69.567749
8403.332520	-69.803169
8408.715820	-69.427551
8414.099121	-69.566200
8419.482422	-69.306213
8424.865723	-68.561676
8430.249023	-67.791763
8435.632324	-67.108604
8441.015625	-65.995010
8446.398926	-66.111832
8451.782227	-65.701447
8457.165527	-66.107193
8462.548828	-66.222488
8467.932129	-66.359779
8473.315430	-68.291824
8478.698730	-72.079544
8484.082031	-71.140968
8489.465332	-67.310867
8494.848633	-65.186523
8500.231934	-64.186478
8505.615234	-63.412819
8510.998535	-62.253960
8516.381836	-61.733421
8521.765137	-62.023201
8527.148438	-64.255234
8532.531738	-68.706154
8537.915039	-72.979622
8543.298340	-74.945930
8548.681641	-72.947800
8554.064941	-71.369675
8559.448242	-70.849022
8564.831543	-71.030487
8570.214844	-71.032547
8575.598145	-71.525711
8580.981445	-71.031792
8586.364746	-70.545845
8591.748047	-69.425621
8597.131348	-68.319778
8602.514648	-67.805016
8607.897949	-67.323181
8613.281250	-66.923004
8618.664551	-66.668678
8624.047852	-66.615158
8629.431152	-68.741631
8634.814453	-73.172203
8640.197754	-70.414810
8645.581055	-67.626114
8650.964355	-66.087830
8656.347656	-65.496254
8661.730957	-65.021660
8667.114258	-64.506577
8672.497559	-64.074249
8677.880859	-63.812416
8683.264160	-63.555733
8688.647461	-63.396023
8694.030762	-63.033283
8699.414062	-63.133656
8704.797363	-62.864796
8710.180664	-62.784065
8715.563965	-62.730717
8720.947266	-62.595692
8726.330566	-61.945232
8731.713867	-61.550400
8737.097168	-61.213135
8742.480469	-61.169029
8747.863770	-61.070034
8753.247070	-61.219177
8758.630371	-61.499363
8764.013672	-61.951534
8769.396973	-62.232685
8774.780273	-62.239170
8780.163574	-62.121174
8785.546875	-62.165016
8790.930176	-62.165821
8796.313477	-62.340401
8801.696777	-62.398876
8807.080078	-62.527119
8812.463379	-62.753811
8817.846680	-62.826672
8823.229980	-62.771164
8828.613281	-63.211613
8833.996582	-63.343628
8839.379883	-62.953732
8844.763184	-62.438473
8850.146484	-62.175655
8855.529785	-62.034199
8860.913086	-62.041374
8866.296387	-62.062336
8871.679688	-62.101776
8877.062988	-62.077957
8882.446289	-62.244205
8887.829590	-62.298714
8893.212891	-62.261349
8898.596191	-62.287689
8903.979492	-62.251007
8909.362793	-62.333298
8914.746094	-62.483849
8920.129395	-62.545330
8925.512695	-62.733204
8930.895996	-62.794685
8936.279297	-62.923733
8941.662598	-62.955029
8947.045898	-62.604576
8952.429199	-62.506844
8957.812500	-62.657322
8963.195801	-62.851528
8968.579102	-63.053608
8973.962402	-63.140015
8979.345703	-63.231956
8984.729004	-63.393360
8990.112305	-63.129307
8995.495605	-62.705502
9000.878906	-62.498211
9006.262207	-62.639774
9011.645508	-63.089489
9017.028809	-63.065418
9022.412109	-63.280140
9027.795410	-64.011215
9033.178711	-65.092163
9038.562012	-65.141602
9043.945312	-63.871666
9049.328613	-62.884708
9054.711914	-62.714565
9060.095215	-63.205170
9065.478516	-63.528168
9070.861816	-63.232601
9076.245117	-62.710232
9081.628418	-62.600208
9087.011719	-62.817150
9092.395020	-63.074852
9097.778320	-63.001762
9103.161621	-63.148716
9108.544922	-64.332260
9113.928223	-67.431366
9119.311523	-72.050629
9124.694824	-73.623604
9130.078125	-71.674690
9135.461426	-69.412987
9140.844727	-68.710411
9146.228027	-67.076973
9151.611328	-64.712852
9156.994629	-63.928566
9162.377930	-65.339012
9167.761230	-66.238426
9173.144531	-67.624214
9178.527832	-68.811996
9183.911133	-69.783760
9189.294434	-70.489067
9194.677734	-71.177238
9200.061035	-71.366882
9205.444336	-70.299591
9210.827637	-69.293732
9216.210938	-68.928581
9221.594238	-68.691132
9226.977539	-68.790421
9232.360840	-68.948799
9237.744141	-68.905151
9243.127441	-68.953323
9248.510742	-68.867935
9253.894043	-68.490234
9259.277344	-68.710197
9264.660645	-68.505669
9270.043945	-69.512787
9275.427246	-69.072113
9280.810547	-68.916878
9286.193848	-69.772461
9291.577148	-69.969109
9296.960449	-70.371201
9302.343750	-70.250282
9307.727051	-70.515511
9313.110352	-72.171478
9318.493652	-71.309059
9323.876953	-71.155502
9329.260254	-70.377922
9334.643555	-70.043846
9340.026855	-69.885612
9345.410156	-69.326591
9350.793457	-70.209206
9356.176758	-69.750847
9361.560059	-68.583366
9366.943359	-69.014755
9372.326660	-66.679466
9377.709961	-67.018295
9383.093262	-66.710365
9388.476562	-65.854424
9393.859863	-66.617973
9399.243164	-65.963600
9404.626465	-67.148849
9410.009766	-67.605270
9415.393066	-67.193680
9420.776367	-68.234062
9426.159668	-67.385643
9431.542969	-67.572174
9436.926270	-67.786629
9442.309570	-67.687965
9447.692871	-67.889015
9453.076172	-67.539482
9458.459473	-67.768066
9463.842773	-67.941017
9469.226074	-68.209076
9474.609375	-68.366508
9479.992676	-68.510422
9485.375977	-68.370224
9490.759277	-68.573990
9496.142578	-68.070450
9501.525879	-68.009766
9506.909180	-67.583977
9512.292480	-67.646896
9517.675781	-67.430794
9523.059082	-67.605637
9528.442383	-67.370148
9533.825684	-67.435669
9539.208984	-67.352112
9544.592285	-67.512199
9549.975586	-67.519814
9555.358887	-67.251534
9560.742188	-66.629967
9566.125488	-66.147690
9571.508789	-66.464859
9576.892090	-67.187180
9582.275391	-67.821457
9587.658691	-68.271332
9593.041992	-69.241913
9598.425293	-69.430374
9603.808594	-66.941299
9609.191895	-63.869221
9614.575195	-61.879253
9619.958496	-61.146275
9625.341797	-60.586742
9630.725098	-60.150215
9636.108398	-59.855110
9641.491699	-60.011715
9646.875000	-60.726490
9652.258301	-61.190819
9657.641602	-61.625317
9663.024902	-62.133808
9668.408203	-62.316635
9673.791504	-62.375084
9679.174805	-62.885426
9684.558105	-64.446465
9689.941406	-65.371834
9695.324707	-64.541489
9700.708008	-64.095039
9706.091309	-63.794678
9711.474609	-63.796680
9716.857910	-63.676853
9722.241211	-63.556068
9727.624512	-63.455032
9733.007812	-63.319622
9738.391113	-63.006214
9743.774414	-62.901344
9749.157715	-62.655674
9754.541016	-62.439922
9759.924316	-62.069954
9765.307617	-61.730740
9770.690918	-61.999241
9776.074219	-62.140457
9781.457520	-62.254982
9786.840820	-62.138157
9792.224121	-62.153500
9797.607422	-62.509624
9802.990723	-62.644188
9808.374023	-62.859695
9813.757324	-63.041840
9819.140625	-63.530628
9824.523926	-63.945293
9829.907227	-63.750626
9835.290527	-63.523762
9840.673828	-62.895466
9846.057129	-62.658878
9851.440430	-62.320560
9856.823730	-62.639946
9862.207031	-63.441525
9867.590332	-65.109825
9872.973633	-67.066078
9878.356934	-70.068260
9883.740234	-73.246605
9889.123535	-76.392578
9894.506836	-74.904755
9899.890137	-72.959938
9905.273438	-71.542114
9910.656738	-70.700890
9916.040039	-69.903488
9921.423340	-68.685890
9926.806641	-68.270645
9932.189941	-67.036766
9937.573242	-66.066307
9942.956543	-65.198715
9948.339844	-64.993004
9953.723145	-64.006256
9959.106445	-62.500057
9964.489746	-61.567902
9969.873047	-61.163937
9975.256348	-60.967731
9980.639648	-60.738575
9986.022949	-60.643375
9991.406250	-61.903152
9996.789551	-65.926826
10002.172852	-70.192772
10007.556152	-67.297264
10012.939453	-65.146347
10018.322754	-63.934566
10023.706055	-63.563011
10029.089355	-63.341007
10034.472656	-63.194359
10039.855957	-63.043022
10045.239258	-62.985817
10050.622559	-62.753056
10056.005859	-62.566570
10061.389160	-62.349098
10066.772461	-62.296524
10072.155762	-62.173584
10077.539062	-62.211533
10082.922363	-62.189362
10088.305664	-62.267025
10093.688965	-62.537464
10099.072266	-62.803352
10104.455566	-63.280491
10109.838867	-63.490208
10115.222168	-63.241100
10120.605469	-62.935848
10125.988770	-62.636433
10131.372070	-62.694584
10136.755371	-62.593494
10142.138672	-62.350750
10147.521973	-62.493671
10152.905273	-63.435398
10158.288574	-64.411575
10163.671875	-64.799919
10169.055176	-64.489655
10174.438477	-63.974972
10179.821777	-63.602306
10185.205078	-63.368382
10190.588379	-63.316750
10195.971680	-62.886707
10201.354980	-62.724178
10206.738281	-63.040642
10212.121582	-63.575939
10217.504883	-63.949696
10222.888184	-64.369957
10228.271484	-65.214401
10233.654785	-65.638565
10239.038086	-66.230865
10244.421387	-66.006653
10249.804688	-66.077736
10255.187988	-65.847672
10260.571289	-65.409119
10265.954590	-65.648315
10271.337891	-65.606354
10276.721191	-66.320999
10282.104492	-66.788834
10287.487793	-66.863861
10292.871094	-66.839195
10298.254395	-66.327560
10303.637695	-66.531487
10309.020996	-66.668251
10314.404297	-66.837646
10319.787598	-66.895088
10325.170898	-66.878395
10330.554199	-67.043709
10335.937500	-66.829407
10341.320801	-66.542915
10346.704102	-66.159027
10352.087402	-65.878510
10357.470703	-65.921623
10362.854004	-65.962914
10368.237305	-66.197556
10373.620605	-66.287781
10379.003906	-65.980354
10384.387207	-65.829277
10389.770508	-65.446762
10395.153809	-65.114021
10400.537109	-64.771553
10405.920410	-64.556320
10411.303711	-64.739822
10416.687012	-64.718155
10422.070312	-64.786926
10427.453613	-64.548233
10432.836914	-63.930592
10438.220215	-63.401463
10443.603516	-63.291534
10448.986816	-63.754715
10454.370117	-64.586678
10459.753418	-65.816940
10465.136719	-67.020668
10470.520020	-67.950676
10475.903320	-68.917130
10481.286621	-69.576317
10486.669922	-70.306778
10492.053223	-70.504791
10497.436523	-70.577644
10502.819824	-70.665283
10508.203125	-72.385109
10513.586426	-74.813332
10518.969727	-78.541359
10524.353027	-78.005585
10529.736328	-77.358421
10535.119629	-76.799904
10540.502930	-77.562401
10545.886230	-77.296516
10551.269531	-76.975655
10556.652832	-75.511513
10562.036133	-74.675247
10567.419434	-74.257858
10572.802734	-72.618118
10578.186035	-70.567368
10583.569336	-69.510132
10588.952637	-70.395782
10594.335938	-73.334618
10599.719238	-76.762108
10605.102539	-77.929153
10610.485840	-78.485786
10615.869141	-77.994797
10621.252441	-77.557167
10626.635742	-76.822067
10632.019043	-76.192749
10637.402344	-76.056015
10642.785645	-75.755692
10648.168945	-75.030022
10653.552246	-74.628090
10658.935547	-74.314018
10664.318848	-74.252274
10669.702148	-74.673988
10675.085449	-75.715492
10680.468750	-77.011566
10685.852051	-76.935364
10691.235352	-75.858109
10696.618652	-75.495491
10702.001953	-74.975838
10707.385254	-75.126976
10712.768555	-75.499924
10718.151855	-76.548241
10723.535156	-75.935974
10728.918457	-73.271950
10734.301758	-70.701401
10739.685059	-68.839966
10745.068359	-67.555428
10750.451660	-66.802635
10755.834961	-66.120117
10761.218262	-65.775726
10766.601562	-65.386627
10771.984863	-65.040565
10777.368164	-64.809372
10782.751465	-64.533241
10788.134766	-64.243797
10793.518066	-63.922279
10798.901367	-63.707382
10804.284668	-63.591942
10809.667969	-63.637333
10815.051270	-63.732944
10820.434570	-63.756779
10825.817871	-63.853065
10831.201172	-63.819782
10836.584473	-63.787636
10841.967773	-63.597420
10847.351074	-63.671490
10852.734375	-63.867462
10858.117676	-64.066368
10863.500977	-64.177605
10868.884277	-64.217987
10874.267578	-64.268417
10879.650879	-64.213585
10885.034180	-63.949074
10890.417480	-63.748718
10895.800781	-63.714233
10901.184082	-63.461006
10906.567383	-63.111572
10911.950684	-62.670856
10917.333984	-62.337566
10922.717285	-61.982773
10928.100586	-61.549606
10933.483887	-61.244617
10938.867188	-60.927177
10944.250488	-60.545490
10949.633789	-60.132671
10955.017090	-59.666664
10960.400391	-59.375187
10965.783691	-59.082775
10971.166992	-58.956459
10976.550293	-59.016453
10981.933594	-59.117237
10987.316895	-59.433750
10992.700195	-59.788334
10998.083496	-60.167721
11003.466797	-60.395733
11008.850098	-60.515648
11014.233398	-60.626240
11019.616699	-60.928185
11025.000000	-61.310101
11030.383301	-61.678986
11035.766602	-62.096012
11041.149902	-62.360371
11046.533203	-63.128181
11051.916504	-63.562363
11057.299805	-63.256947
11062.683105	-62.666195
11068.066406	-62.529320
11073.449707	-62.875748
11078.833008	-62.801495
11084.216309	-62.137272
11089.599609	-61.307785
11094.982910	-61.078751
11100.366211	-60.704327
11105.749512	-60.373112
11111.132812	-60.406433
11116.516113	-60.644379
11121.899414	-61.273586
11127.282715	-61.863842
11132.666016	-62.442932
11138.049316	-63.006374
11143.432617	-63.040813
11148.815918	-63.369114
11154.199219	-63.397118
11159.582520	-63.636539
11164.965820	-64.098724
11170.349121	-64.176323
11175.732422	-64.715668
11181.115723	-64.923958
11186.499023	-65.424988
11191.882324	-66.186867
11197.265625	-66.601578
11202.648926	-67.730965
11208.032227	-68.243423
11213.415527	-69.421692
11218.798828	-69.743393
11224.182129	-69.304176
11229.565430	-68.955177
11234.948730	-68.907799
11240.332031	-69.561607
11245.715332	-70.031639
11251.098633	-70.898232
11256.481934	-70.548203
11261.865234	-69.704117
11267.248535	-69.240898
11272.631836	-68.939354
11278.015137	-68.480309
11283.398438	-68.117058
11288.781738	-68.215614
11294.165039	-68.352036
11299.548340	-68.053238
11304.931641	-67.382973
11310.314941	-66.999687
11315.698242	-66.730347
11321.081543	-66.585091
11326.464844	-67.068840
11331.848145	-68.141609
11337.231445	-69.706375
11342.614746	-71.083015
11347.998047	-70.720924
11353.381348	-69.457214
11358.764648	-67.824577
11364.147949	-66.625275
11369.531250	-65.729248
11374.914551	-64.994987
11380.297852	-64.613304
11385.681152	-64.282646
11391.064453	-63.892342
11396.447754	-63.687252
11401.831055	-63.451294
11407.214355	-63.412846
11412.597656	-63.127880
11417.980957	-62.881447
11423.364258	-62.713074
11428.747559	-62.681103
11434.130859	-62.789974
11439.514160	-62.879280
11444.897461	-63.086472
11450.280762	-63.261284
11455.664062	-63.455875
11461.047363	-63.915672
11466.430664	-65.193748
11471.813965	-66.487183
11477.197266	-65.736572
11482.580566	-65.305214
11487.963867	-65.138962
11493.347168	-65.423332
11498.730469	-65.863106
11504.113770	-66.370071
11509.497070	-66.973686
11514.880371	-67.451164
11520.263672	-67.872910
11525.646973	-68.203918
11531.030273	-68.566292
11536.413574	-69.129974
11541.796875	-69.613533
11547.180176	-70.420258
11552.563477	-71.293602
11557.946777	-71.950615
11563.330078	-72.909355
11568.713379	-72.990562
11574.096680	-73.865402
11579.479980	-75.401871
11584.863281	-75.485809
11590.246582	-75.769714
11595.629883	-74.287262
11601.013184	-73.988129
11606.396484	-73.315201
11611.779785	-72.103561
11617.163086	-71.431808
11622.546387	-71.485252
11627.929688	-72.629059
11633.312988	-74.759964
11638.696289	-74.914101
11644.079590	-74.161484
11649.462891	-72.500130
11654.846191	-71.570641
11660.229492	-71.633797
11665.612793	-71.108788
11670.996094	-71.254486
11676.379395	-71.359352
11681.762695	-71.515327
11687.145996	-73.034195
11692.529297	-73.707954
11697.912598	-74.424507
11703.295898	-74.557404
11708.679199	-74.584251
11714.062500	-73.924881
11719.445801	-73.404907
11724.829102	-72.561134
11730.212402	-72.277702
11735.595703	-71.652046
11740.979004	-71.699905
11746.362305	-71.961151
11751.745605	-72.023911
11757.128906	-72.176849
11762.512207	-71.626350
11767.895508	-71.356171
11773.278809	-70.366402
11778.662109	-70.034691
11784.045410	-69.696930
11789.428711	-69.044479
11794.812012	-69.124969
11800.195312	-68.388123
11805.578613	-68.587341
11810.961914	-68.174599
11816.345215	-67.600388
11821.728516	-68.039398
11827.111816	-66.925827
11832.495117	-66.065842
11837.878418	-65.490402
11843.261719	-65.975555
11848.645020	-66.762672
11854.028320	-67.146461
11859.411621	-67.405190
11864.794922	-67.575409
11870.178223	-67.424362
11875.561523	-67.821426
11880.944824	-67.986481
11886.328125	-68.077431
11891.711426	-68.495346
11897.094727	-68.340485
11902.478027	-68.679855
11907.861328	-68.635178
11913.244629	-68.362144
11918.627930	-68.408089
11924.011230	-68.125107
11929.394531	-67.930931
11934.777832	-67.744621
11940.161133	-67.350983
11945.544434	-67.172523
11950.927734	-67.180382
11956.311035	-66.948250
11961.694336	-67.115021
11967.077637	-67.285622
11972.460938	-67.499214
11977.844238	-67.866470
11983.227539	-67.745712
11988.610840	-67.977066
11993.994141	-67.933189
11999.377441	-67.805885
12004.760742	-67.894440
12010.144043	-67.904137
12015.527344	-68.242142
12020.910645	-68.418701
12026.293945	-68.322708
12031.677246	-68.366814
12037.060547	-68.245575
12042.443848	-68.178551
12047.827148	-67.933929
12053.210449	-67.786476
12058.593750	-67.599182
12063.977051	-67.583359
12069.360352	-67.036606
12074.743652	-66.609612
12080.126953	-66.399269
12085.510254	-66.171555
12090.893555	-66.146362
12096.276855	-66.178070
12101.660156	-66.235542
12107.043457	-66.374496
12112.426758	-66.363373
12117.810059	-66.500641
12123.193359	-66.492584
12128.576660	-66.485176
12133.959961	-66.524109
12139.343262	-66.589455
12144.726562	-67.035492
12150.109863	-67.547935
12155.493164	-67.550621
12160.876465	-67.762482
12166.259766	-68.244286
12171.643066	-69.310799
12177.026367	-69.974800
12182.409668	-70.919716
12187.792969	-72.357246
12193.176270	-74.153603
12198.559570	-75.902405
12203.942871	-77.335007
12209.326172	-77.994202
12214.709473	-78.012856
12220.092773	-78.466255
12225.476074	-76.852318
12230.859375	-74.638336
12236.242676	-73.415405
12241.625977	-72.104225
12247.009277	-70.992973
12252.392578	-70.144104
12257.775879	-70.034698
12263.159180	-70.090218
12268.542480	-70.331940
12273.925781	-70.405724
12279.309082	-70.759689
12284.692383	-71.521347
12290.075684	-71.660942
12295.458984	-72.416649
12300.842285	-72.443474
12306.225586	-72.776398
12311.608887	-72.868431
12316.992188	-72.633003
12322.375488	-72.906616
12327.758789	-71.963799
12333.142090	-71.474991
12338.525391	-70.888535
12343.908691	-70.430351
12349.291992	-70.343384
12354.675293	-70.081451
12360.058594	-69.743721
12365.441895	-70.116562
12370.825195	-69.797478
12376.208496	-69.629417
12381.591797	-69.093254
12386.975098	-68.579361
12392.358398	-68.390862
12397.741699	-68.281136
12403.125000	-68.360222
12408.508301	-68.713272
12413.891602	-69.017265
12419.274902	-69.287163
12424.658203	-69.622978
12430.041504	-69.573677
12435.424805	-70.013077
12440.808105	-70.111275
12446.191406	-70.152359
12451.574707	-70.569252
12456.958008	-70.413902
12462.341309	-70.495514
12467.724609	-70.458908
12473.107910	-70.488106
12478.491211	-70.985039
12483.874512	-71.100845
12489.257812	-71.198006
12494.641113	-71.498817
12500.024414	-71.481857
12505.407715	-72.005821
12510.791016	-72.013420
12516.174316	-72.013695
12521.557617	-71.972160
12526.940918	-71.658264
12532.324219	-71.819443
12537.707520	-72.600616
12543.090820	-72.918846
12548.474121	-73.995857
12553.857422	-74.574585
12559.240723	-75.688835
12564.624023	-77.238327
12570.007324	-79.717812
12575.390625	-82.838997
12580.773926	-85.858406
12586.157227	-83.504524
12591.540527	-82.488754
12596.923828	-80.263863
12602.307129	-81.178993
12607.690430	-80.384834
12613.073730	-81.411522
12618.457031	-81.200089
12623.840332	-82.357399
12629.223633	-82.094177
12634.606934	-83.438309
12639.990234	-82.949585
12645.373535	-81.701096
12650.756836	-81.942192
12656.140137	-80.587212
12661.523438	-80.102715
12666.906738	-79.910637
12672.290039	-79.779327
12677.673340	-79.751282
12683.056641	-79.426147
12688.439941	-77.558624
12693.823242	-76.666489
12699.206543	-76.974861
12704.589844	-77.245544
12709.973145	-78.578323
12715.356445	-79.313217
12720.739746	-79.233078
12726.123047	-79.354813
12731.506348	-78.582603
12736.889648	-78.289970
12742.272949	-77.300331
12747.656250	-76.173141
12753.039551	-76.010345
12758.422852	-75.025459
12763.806152	-75.044380
12769.189453	-75.159859
12774.572754	-75.831329
12779.956055	-76.563095
12785.339355	-76.788727
12790.722656	-76.408936
12796.105957	-77.121132
12801.489258	-77.340714
12806.872559	-77.193993
12812.255859	-78.443390
12817.639160	-78.565819
12823.022461	-79.617599
12828.405762	-79.317902
12833.789062	-79.110970
12839.172363	-79.186920
12844.555664	-79.144714
12849.938965	-78.829361
12855.322266	-78.731865
12860.705566	-78.847641
12866.088867	-77.620857
12871.472168	-77.554916
12876.855469	-77.146004
12882.238770	-77.061752
12887.622070	-76.441841
12893.005371	-76.066574
12898.388672	-75.435204
12903.771973	-74.646271
12909.155273	-73.290390
12914.538574	-72.540558
12919.921875	-71.821709
12925.305176	-71.611496
12930.688477	-71.477722
12936.071777	-71.133759
12941.455078	-71.213753
12946.838379	-71.159561
12952.221680	-71.053673
12957.604980	-71.293488
12962.988281	-71.128136
12968.371582	-71.337456
12973.754883	-71.250267
12979.138184	-71.410194
12984.521484	-71.291054
12989.904785	-71.089478
12995.288086	-71.026230
13000.671387	-70.910492
13006.054688	-70.669891
13011.437988	-70.422012
13016.821289	-70.266006
13022.204590	-70.018883
13027.587891	-69.865692
13032.971191	-69.628639
13038.354492	-69.393349
13043.737793	-69.225548
13049.121094	-69.081978
13054.504395	-68.897377
13059.887695	-68.733604
13065.270996	-68.603012
13070.654297	-68.487198
13076.037598	-68.256180
13081.420898	-67.963928
13086.804199	-67.746803
13092.187500	-67.622429
13097.570801	-67.559677
13102.954102	-67.349159
13108.337402	-67.197525
13113.720703	-66.881660
13119.104004	-66.794899
13124.487305	-66.763084
13129.870605	-66.821404
13135.253906	-66.836540
13140.637207	-66.771538
13146.020508	-66.653076
13151.403809	-66.761459
13156.787109	-66.714470
13162.170410	-67.029816
13167.553711	-67.112854
13172.937012	-67.211624
13178.320312	-67.409492
13183.703613	-67.378273
13189.086914	-67.490334
13194.470215	-67.624756
13199.853516	-67.613701
13205.236816	-67.786705
13210.620117	-67.551720
13216.003418	-67.575394
13221.386719	-67.560966
13226.770020	-67.347397
13232.153320	-67.510269
13237.536621	-67.330902
13242.919922	-67.388512
13248.303223	-67.503830
13253.686523	-67.482613
13259.069824	-67.687531
13264.453125	-67.863838
13269.836426	-68.334908
13275.219727	-69.176613
13280.603027	-69.788223
13285.986328	-69.257141
13291.369629	-68.512306
13296.752930	-68.181236
13302.136230	-68.017845
13307.519531	-67.818626
13312.902832	-67.474815
13318.286133	-67.437492
13323.669434	-67.597466
13329.052734	-67.640900
13334.436035	-67.817909
13339.819336	-67.954803
13345.202637	-67.927170
13350.585938	-68.226524
13355.969238	-67.981857
13361.352539	-68.222260
13366.735840	-68.088211
13372.119141	-67.838852
13377.502441	-67.935349
13382.885742	-67.240219
13388.269043	-67.436089
13393.652344	-67.103012
13399.035645	-66.921501
13404.418945	-66.671837
13409.802246	-66.693558
13415.185547	-66.646034
13420.568848	-66.731697
13425.952148	-66.884270
13431.335449	-67.079987
13436.718750	-67.183456
13442.102051	-67.573082
13447.485352	-67.735558
13452.868652	-68.099632
13458.251953	-68.061890
13463.635254	-68.819420
13469.018555	-68.833626
13474.401855	-69.597473
13479.785156	-69.739052
13485.168457	-70.088333
13490.551758	-70.382942
13495.935059	-70.258461
13501.318359	-70.472946
13506.701660	-70.309219
13512.084961	-70.393333
13517.468262	-70.216995
13522.851562	-70.089706
13528.234863	-69.715019
13533.618164	-69.125458
13539.001465	-69.112572
13544.384766	-68.366516
13549.768066	-68.578827
13555.151367	-68.476959
13560.534668	-68.427231
13565.917969	-68.747711
13571.301270	-68.769394
13576.684570	-69.160179
13582.067871	-69.441895
13587.451172	-69.155708
13592.834473	-70.138397
13598.217773	-69.616150
13603.601074	-69.958984
13608.984375	-69.659477
13614.367676	-69.022835
13619.750977	-69.531532
13625.134277	-69.049255
13630.517578	-69.496910
13635.900879	-69.882980
13641.284180	-69.703094
13646.667480	-70.594910
13652.050781	-70.985313
13657.434082	-70.943748
13662.817383	-71.629906
13668.200684	-71.495819
13673.583984	-71.950424
13678.967285	-72.527847
13684.350586	-72.060463
13689.733887	-73.150658
13695.117188	-73.039314
13700.500488	-73.690483
13705.883789	-74.333916
13711.267090	-74.322388
13716.650391	-74.673859
13722.033691	-75.084938
13727.416992	-75.348778
13732.800293	-76.127213
13738.183594	-76.625427
13743.566895	-75.933914
13748.950195	-77.509613
13754.333496	-76.356834
13759.716797	-77.376167
13765.100098	-77.445877
13770.483398	-77.950699
13775.866699	-78.603889
13781.250000	-78.892326
13786.633301	-79.049805
13792.016602	-80.389397
13797.399902	-79.690224
13802.783203	-80.738686
13808.166504	-81.445282
13813.549805	-79.815102
13818.933105	-82.684593
13824.316406	-85.075287
13829.699707	-86.555702
13835.083008	-84.007904
13840.466309	-82.821823
13845.849609	-85.617752
13851.232910	-85.839218
13856.616211	-82.558136
13861.999512	-83.646706
13867.382812	-88.113991
13872.766113	-83.677696
13878.149414	-81.671432
13883.532715	-82.667206
13888.916016	-83.015457
13894.299316	-81.029152
13899.682617	-78.686005
13905.065918	-80.139877
13910.449219	-75.170067
13915.832520	-77.147453
13921.215820	-77.573769
13926.599121	-78.742317
13931.982422	-76.126259
13937.365723	-78.809624
13942.749023	-78.639481
13948.132324	-80.140221
13953.515625	-81.222359
13958.898926	-80.663116
13964.282227	-79.696671
13969.665527	-80.488968
13975.048828	-81.442604
13980.432129	-78.940605
13985.815430	-80.911217
13991.198730	-81.045807
13996.582031	-80.404785
14001.965332	-81.908363
14007.348633	-79.524940
14012.731934	-81.349289
14018.115234	-81.464096
14023.498535	-79.289200
14028.881836	-78.956215
14034.265137	-77.686264
14039.648438	-77.057449
14045.031738	-77.453613
14050.415039	-75.919266
14055.798340	-77.575256
14061.181641	-77.300285
14066.564941	-76.076164
14071.948242	-76.429291
14077.331543	-74.913063
14082.714844	-75.602402
14088.098145	-75.625679
14093.481445	-75.531349
14098.864746	-76.230362
14104.248047	-76.236351
14109.631348	-75.232956
14115.014648	-75.973328
14120.397949	-74.305153
14125.781250	-75.406723
14131.164551	-75.513596
14136.547852	-75.322784
14141.931152	-76.451256
14147.314453	-75.247681
14152.697754	-75.395905
14158.081055	-74.793709
14163.464355	-74.229652
14168.847656	-73.922142
14174.230957	-73.524658
14179.614258	-74.109413
14184.997559	-73.621826
14190.380859	-74.335625
14195.764160	-74.156456
14201.147461	-75.021126
14206.530762	-76.039207
14211.914062	-75.436157
14217.297363	-77.148987
14222.680664	-76.359657
14228.063965	-75.674316
14233.447266	-75.193382
14238.830566	-73.578987
14244.213867	-73.402367
14249.597168	-71.673454
14254.980469	-70.694077
14260.363770	-69.412270
14265.747070	-68.310936
14271.130371	-68.101860
14276.513672	-67.326950
14281.896973	-67.761055
14287.280273	-68.417793
14292.663574	-69.333504
14298.046875	-70.874352
14303.430176	-71.447258
14308.813477	-72.572823
14314.196777	-72.426529
14319.580078	-73.338821
14324.963379	-72.964066
14330.346680	-73.922493
14335.729980	-74.485863
14341.113281	-74.801979
14346.496582	-75.277740
14351.879883	-75.277733
14357.263184	-75.717117
14362.646484	-75.937462
14368.029785	-75.946213
14373.413086	-75.456917
14378.796387	-75.502655
14384.179688	-74.810326
14389.562988	-75.224304
14394.946289	-74.744263
14400.329590	-74.587936
14405.712891	-74.059540
14411.096191	-73.447342
14416.479492	-73.586746
14421.862793	-73.419228
14427.246094	-73.548874
14432.629395	-73.776962
14438.012695	-73.464508
14443.395996	-74.464363
14448.779297	-74.254318
14454.162598	-74.644196
14459.545898	-74.862465
14464.929199	-75.340797
14470.312500	-75.391235
14475.695801	-76.090523
14481.079102	-76.480019
14486.462402	-76.472336
14491.845703	-76.610588
14497.229004	-76.824516
14502.612305	-76.961784
14507.995605	-77.621071
14513.378906	-78.018776
14518.762207	-78.308479
14524.145508	-78.462608
14529.528809	-78.087280
14534.912109	-78.265816
14540.295410	-77.833664
14545.678711	-78.276840
14551.062012	-78.422905
14556.445312	-78.198936
14561.828613	-77.722603
14567.211914	-77.318344
14572.595215	-77.316368
14577.978516	-77.068932
14583.361816	-77.058212
14588.745117	-77.079491
14594.128418	-77.639069
14599.511719	-77.665215
14604.895020	-78.212143
14610.278320	-78.154083
14615.661621	-77.926949
14621.044922	-77.946594
14626.428223	-77.229530
14631.811523	-77.422958
14637.194824	-76.924026
14642.578125	-76.526024
14647.961426	-76.516899
14653.344727	-75.771912
14658.728027	-75.826721
14664.111328	-75.428085
14669.494629	-75.379044
14674.877930	-75.318886
14680.261230	-75.890282
14685.644531	-76.212547
14691.027832	-76.375534
14696.411133	-76.670868
14701.794434	-76.932640
14707.177734	-77.118408
14712.561035	-77.351250
14717.944336	-78.206268
14723.327637	-79.380211
14728.710938	-79.458481
14734.094238	-79.410469
14739.477539	-79.608612
14744.860840	-80.048500
14750.244141	-80.632584
14755.627441	-80.870285
14761.010742	-82.193581
14766.394043	-82.635010
14771.777344	-84.490593
14777.160645	-84.930138
14782.543945	-85.884338
14787.927246	-86.193100
14793.310547	-85.966377
14798.693848	-86.412392
14804.077148	-87.087036
14809.460449	-88.360687
14814.843750	-86.727768
14820.227051	-86.815041
14825.610352	-86.140137
14830.993652	-83.659798
14836.376953	-80.155571
14841.760254	-78.809288
14847.143555	-78.546036
14852.526855	-79.245117
14857.910156	-80.549606
14863.293457	-80.960121
14868.676758	-81.558998
14874.060059	-81.659325
14879.443359	-81.605415
14884.826660	-82.162613
14890.209961	-81.555862
14895.593262	-81.548477
14900.976562	-81.602837
14906.359863	-80.859879
14911.743164	-79.733643
14917.126465	-80.339050
14922.509766	-79.865768
14927.893066	-80.161873
14933.276367	-79.822769
14938.659668	-80.419121
14944.042969	-80.308174
14949.426270	-81.309799
14954.809570	-81.532883
14960.192871	-82.580864
14965.576172	-82.314819
14970.959473	-81.924103
14976.342773	-81.809708
14981.726074	-80.348511
14987.109375	-80.957474
14992.492676	-80.072586
14997.875977	-80.181503
15003.259277	-80.307449
15008.642578	-79.637878
15014.025879	-80.340515
15019.409180	-80.245705
15024.792480	-79.987465
15030.175781	-80.190666
15035.559082	-80.102989
15040.942383	-79.753609
15046.325684	-80.502037
15051.708984	-80.506927
15057.092285	-80.895264
15062.475586	-81.143692
15067.858887	-80.937889
15073.242188	-81.243294
15078.625488	-81.024178
15084.008789	-81.614326
15089.392090	-81.644402
15094.775391	-82.046761
15100.158691	-81.703209
15105.541992	-82.435890
15110.925293	-81.511360
15116.308594	-81.767174
15121.691895	-80.754555
15127.075195	-80.455376
15132.458496	-79.751350
15137.841797	-79.291771
15143.225098	-78.890457
15148.608398	-78.410019
15153.991699	-78.118248
15159.375000	-78.124763
15164.758301	-78.039101
15170.141602	-77.751190
15175.524902	-78.021492
15180.908203	-78.124474
15186.291504	-78.085449
15191.674805	-78.820419
15197.058105	-78.180321
15202.441406	-78.867599
15207.824707	-78.298737
15213.208008	-78.815414
15218.591309	-77.378792
15223.974609	-78.275398
15229.357910	-77.474548
15234.741211	-78.579117
15240.124512	-77.659149
15245.507812	-77.384491
15250.891113	-76.568031
15256.274414	-75.993080
15261.657715	-75.897133
15267.041016	-75.149796
15272.424316	-74.814903
15277.807617	-74.793114
15283.190918	-74.348396
15288.574219	-74.261635
15293.957520	-73.954636
15299.340820	-73.677650
15304.724121	-73.223167
15310.107422	-73.321297
15315.490723	-72.937241
15320.874023	-73.678406
15326.257324	-73.011467
15331.640625	-73.730614
15337.023926	-73.372635
15342.407227	-73.657455
15347.790527	-73.337273
15353.173828	-73.432274
15358.557129	-73.173927
15363.940430	-73.015823
15369.323730	-72.653313
15374.707031	-72.314270
15380.090332	-72.126472
15385.473633	-71.952255
15390.856934	-71.922928
15396.240234	-71.787132
15401.623535	-71.810646
15407.006836	-71.825890
15412.390137	-71.557365
15417.773438	-71.694717
15423.156738	-71.644051
15428.540039	-71.768784
15433.923340	-71.696289
15439.306641	-71.774239
15444.689941	-71.812157
15450.073242	-71.663315
15455.456543	-71.327271
15460.839844	-71.290199
15466.223145	-71.273956
15471.606445	-71.584557
15476.989746	-71.634636
15482.373047	-72.035332
15487.756348	-72.360596
15493.139648	-72.635666
15498.522949	-72.994919
15503.906250	-73.292595
15509.289551	-73.683922
15514.672852	-73.924683
15520.056152	-74.174583
15525.439453	-74.642159
15530.822754	-74.485016
15536.206055	-74.066727
15541.589355	-74.091827
15546.972656	-73.609222
15552.355957	-73.831039
15557.739258	-73.760429
15563.122559	-73.762642
15568.505859	-73.882591
15573.889160	-73.652107
15579.272461	-73.665092
15584.655762	-73.560196
15590.039062	-73.560173
15595.422363	-73.763763
15600.805664	-73.933060
15606.188965	-73.945564
15611.572266	-74.093033
15616.955566	-73.812561
15622.338867	-74.022163
15627.722168	-73.736084
15633.105469	-73.868553
15638.488770	-73.488274
15643.872070	-73.942711
15649.255371	-73.754646
15654.638672	-74.002251
15660.021973	-73.809784
15665.405273	-73.992401
15670.788574	-73.840431
15676.171875	-73.672546
15681.555176	-73.279152
15686.938477	-73.056763
15692.321777	-72.688530
15697.705078	-72.622620
15703.088379	-72.593895
15708.471680	-72.637901
15713.854980	-73.050415
15719.238281	-73.234123
15724.621582	-73.228241
15730.004883	-74.008881
15735.388184	-73.510452
15740.771484	-74.509338
15746.154785	-74.149132
15751.538086	-74.114227
15756.921387	-74.074905
15762.304688	-74.292915
15767.687988	-74.037125
15773.071289	-74.687202
15778.454590	-74.559319
15783.837891	-75.123558
15789.221191	-75.247154
15794.604492	-75.351364
15799.987793	-75.398949
15805.371094	-74.768837
15810.754395	-74.534286
15816.137695	-75.073425
15821.520996	-74.423309
15826.904297	-76.063828
15832.287598	-75.648605
15837.670898	-75.894989
15843.054199	-76.375496
15848.437500	-76.040756
15853.820801	-76.464317
15859.204102	-77.164230
15864.587402	-76.461693
15869.970703	-77.476250
15875.354004	-77.537361
15880.737305	-77.118416
15886.120605	-77.804115
15891.503906	-77.056419
15896.887207	-77.229324
15902.270508	-77.607292
15907.653809	-76.875465
15913.037109	-77.115143
15918.420410	-76.165390
15923.803711	-76.423782
15929.187012	-77.262680
15934.570312	-77.366776
15939.953613	-77.274902
15945.336914	-78.999672
15950.720215	-78.432831
15956.103516	-78.850815
15961.486816	-77.930275
15966.870117	-76.389801
15972.253418	-76.179161
15977.636719	-75.904877
15983.020020	-74.716690
15988.403320	-75.133278
15993.786621	-74.514900
15999.169922	-74.178627
16004.553223	-73.484962
16009.936523	-72.192314
16015.319824	-72.091232
16020.703125	-73.964729
16026.086426	-74.686005
16031.469727	-77.314972
16036.853027	-80.355652
16042.236328	-79.247246
16047.619629	-79.269646
16053.002930	-79.518997
16058.386230	-79.379166
16063.769531	-77.676933
16069.152832	-77.520653
16074.536133	-75.799561
16079.919434	-75.338234
16085.302734	-74.494614
16090.686035	-74.446274
16096.069336	-75.042068
16101.452637	-75.894028
16106.835938	-76.018288
16112.219238	-76.585701
16117.602539	-76.568718
16122.985840	-75.920036
16128.369141	-75.909348
16133.752441	-75.631874
16139.135742	-75.546364
16144.519043	-75.123840
16149.902344	-75.978928
16155.285645	-74.882835
16160.668945	-75.794991
16166.052246	-74.327637
16171.435547	-74.260490
16176.818848	-74.076180
16182.202148	-73.672485
16187.585449	-73.969398
16192.968750	-73.562447
16198.352051	-73.502289
16203.735352	-73.110176
16209.118652	-72.036728
16214.501953	-72.339722
16219.885254	-71.590073
16225.268555	-72.289444
16230.651855	-73.035545
16236.035156	-73.331932
16241.418457	-74.040619
16246.801758	-75.531677
16252.185059	-76.185257
16257.568359	-78.533569
16262.951660	-77.866058
16268.334961	-78.470741
16273.718262	-77.969017
16279.101562	-78.021660
16284.484863	-78.131668
16289.868164	-78.475975
16295.251465	-79.202110
16300.634766	-79.869331
16306.018066	-80.669838
16311.401367	-80.780060
16316.784668	-81.722649
16322.167969	-81.899490
16327.551270	-82.269562
16332.934570	-83.513763
16338.317871	-81.785095
16343.701172	-86.452248
16349.084473	-83.550064
16354.467773	-84.424210
16359.851074	-82.801346
16365.234375	-81.581001
16370.617676	-81.014412
16376.000977	-79.545044
16381.384277	-79.689903
16386.767578	-78.862190
16392.150879	-79.127861
16397.534180	-79.650803
16402.917480	-79.053627
16408.300781	-79.545715
16413.684082	-78.924759
16419.067383	-78.544479
16424.450684	-78.400764
16429.833984	-77.638840
16435.217285	-77.481255
16440.600586	-77.734756
16445.983887	-77.055382
16451.367188	-81.153526
16456.750488	-85.203255
16462.133789	-79.153854
16467.517090	-80.112320
16472.900391	-79.196106
16478.283691	-77.713951
16483.666992	-77.738274
16489.050293	-77.338081
16494.433594	-77.683983
16499.816895	-78.354012
16505.200195	-78.700630
16510.583496	-79.600349
16515.966797	-78.393768
16521.350098	-80.400841
16526.733398	-81.188225
16532.116699	-80.860611
16537.500000	-80.797501
16542.883301	-79.290176
16548.266602	-81.092216
16553.649902	-80.535866
16559.033203	-80.343399
16564.416504	-80.950966
16569.799805	-80.937584
16575.183105	-81.172386
16580.566406	-81.552635
16585.949707	-81.371758
16591.333008	-81.324478
16596.716309	-81.855843
16602.099609	-82.312256
16607.482910	-81.538536
16612.866211	-81.846359
16618.249512	-81.443443
16623.632812	-81.348404
16629.016113	-81.124512
16634.399414	-80.820465
16639.782715	-80.657776
16645.166016	-81.217468
16650.549316	-79.918701
16655.932617	-80.285179
16661.315918	-79.736580
16666.699219	-80.234062
16672.082520	-80.899605
16677.465820	-81.047722
16682.849121	-81.072136
16688.232422	-80.773933
16693.615723	-79.954315
16698.999023	-79.508934
16704.382324	-78.590065
16709.765625	-78.601463
16715.148926	-78.332703
16720.532227	-78.429268
16725.915527	-78.457527
16731.298828	-78.587822
16736.682129	-78.044609
16742.065430	-78.195648
16747.448730	-77.480141
16752.832031	-77.536491
16758.215332	-76.985565
16763.598633	-76.763588
16768.981934	-76.785027
16774.365234	-76.472275
16779.748535	-76.442696
16785.131836	-76.422157
16790.515137	-76.492699
16795.898438	-76.727135
16801.281738	-76.802620
16806.665039	-76.982468
16812.048340	-76.775215
16817.431641	-77.517540
16822.814941	-77.348160
16828.198242	-77.657600
16833.581543	-77.418251
16838.964844	-77.718704
16844.348145	-77.410789
16849.731445	-77.412651
16855.114746	-77.377121
16860.498047	-77.252655
16865.881348	-77.345177
16871.264648	-77.320183
16876.647949	-77.368896
16882.031250	-77.468262
16887.414551	-77.494896
16892.797852	-77.318092
16898.181152	-77.272758
16903.564453	-77.686287
16908.947754	-78.031754
16914.331055	-78.203018
16919.714355	-78.083511
16925.097656	-78.323830
16930.480957	-77.965225
16935.864258	-78.134552
16941.247559	-78.015633
16946.630859	-78.144173
16952.014160	-78.015022
16957.397461	-78.302940
16962.780762	-78.246544
16968.164062	-78.583420
16973.547363	-78.633583
16978.930664	-78.728989
16984.313965	-78.716431
16989.697266	-79.089836
16995.080566	-79.222672
17000.463867	-79.218674
17005.847168	-79.279640
17011.230469	-79.600441
17016.613770	-80.066574
17021.997070	-79.972473
17027.380371	-79.903160
17032.763672	-80.617950
17038.146973	-81.459076
17043.530273	-81.730804
17048.913574	-81.908150
17054.296875	-82.178658
17059.680176	-82.128044
17065.063477	-82.896278
17070.446777	-83.432144
17075.830078	-83.632080
17081.213379	-84.528053
17086.596680	-83.955963
17091.979980	-83.746956
17097.363281	-83.104218
17102.746582	-83.160133
17108.129883	-82.738892
17113.513184	-83.448059
17118.896484	-82.875153
17124.279785	-83.207169
17129.663086	-82.203094
17135.046387	-83.166489
17140.429688	-82.315468
17145.812988	-83.114815
17151.196289	-82.721275
17156.579590	-83.332222
17161.962891	-83.071991
17167.346191	-83.474709
17172.729492	-82.992355
17178.112793	-83.458260
17183.496094	-83.111504
17188.879395	-83.777161
17194.262695	-83.348900
17199.645996	-83.570015
17205.029297	-83.309036
17210.412598	-83.462349
17215.795898	-83.084175
17221.179199	-84.266281
17226.562500	-84.071671
17231.945801	-85.546844
17237.329102	-84.452339
17242.712402	-86.740768
17248.095703	-84.681595
17253.479004	-85.894829
17258.862305	-84.047737
17264.245605	-84.652870
17269.628906	-83.993446
17275.012207	-85.116997
17280.395508	-84.861832
17285.778809	-85.523331
17291.162109	-86.510406
17296.545410	-86.246208
17301.928711	-88.261841
17307.312012	-88.143448
17312.695312	-91.932190
17318.078613	-89.610504
17323.461914	-96.006317
17328.845215	-92.905090
17334.228516	-95.068878
17339.611816	-100.261284
17344.995117	-94.297432
17350.378418	-94.730789
17355.761719	-93.742264
17361.145020	-91.833832
17366.528320	-90.338417
17371.911621	-88.703903
17377.294922	-87.528076
17382.678223	-84.584549
17388.061523	-85.045341
17393.444824	-83.250885
17398.828125	-82.944946
17404.211426	-82.107666
17409.594727	-81.835709
17414.978027	-80.672478
17420.361328	-80.850014
17425.744629	-80.103020
17431.127930	-80.166801
17436.511230	-79.775314
17441.894531	-78.749695
17447.277832	-79.359886
17452.661133	-78.298798
17458.044434	-78.291763
17463.427734	-77.655418
17468.811035	-76.885597
17474.194336	-77.728310
17479.577637	-76.756966
17484.960938	-77.204086
17490.344238	-77.925797
17495.727539	-77.835541
17501.110840	-79.423943
17506.494141	-79.175667
17511.877441	-79.412804
17517.260742	-81.068069
17522.644043	-79.072754
17528.027344	-80.468750
17533.410645	-79.137390
17538.793945	-79.104439
17544.177246	-80.105553
17549.560547	-78.732315
17554.943848	-80.008713
17560.327148	-78.540085
17565.710449	-78.209244
17571.093750	-78.176979
17576.477051	-77.840530
17581.860352	-78.661430
17587.243652	-78.249153
17592.626953	-78.694954
17598.010254	-78.578568
17603.393555	-78.497017
17608.776855	-79.056946
17614.160156	-78.212364
17619.543457	-78.484306
17624.926758	-78.039680
17630.310059	-78.070190
17635.693359	-77.646675
17641.076660	-78.108208
17646.459961	-77.555611
17651.843262	-77.835190
17657.226562	-77.204124
17662.609863	-77.547195
17667.993164	-77.221382
17673.376465	-77.179344
17678.759766	-77.031136
17684.143066	-76.839523
17689.526367	-77.181160
17694.909668	-77.178932
17700.292969	-77.264137
17705.676270	-77.367508
17711.059570	-77.301735
17716.442871	-77.878868
17721.826172	-77.842415
17727.209473	-78.645721
17732.592773	-77.854141
17737.976074	-78.322296
17743.359375	-77.294395
17748.742676	-77.683746
17754.125977	-76.853127
17759.509277	-76.632912
17764.892578	-76.209091
17770.275879	-75.887909
17775.659180	-75.806465
17781.042480	-75.406128
17786.425781	-75.510422
17791.809082	-74.949554
17797.192383	-75.401314
17802.575684	-74.850967
17807.958984	-75.192543
17813.342285	-74.430054
17818.725586	-74.912102
17824.108887	-74.506004
17829.492188	-75.004616
17834.875488	-74.710007
17840.258789	-74.492775
17845.642090	-74.122498
17851.025391	-74.738754
17856.408691	-74.729073
17861.791992	-75.277145
17867.175293	-75.080093
17872.558594	-74.819550
17877.941895	-75.018394
17883.325195	-75.046555
17888.708496	-74.880714
17894.091797	-75.028961
17899.475098	-74.906944
17904.858398	-75.389587
17910.241699	-74.895363
17915.625000	-75.254967
17921.008301	-75.028763
17926.391602	-75.125702
17931.774902	-74.855698
17937.158203	-74.675369
17942.541504	-74.495636
17947.924805	-74.821693
17953.308105	-74.626945
17958.691406	-74.998688
17964.074707	-74.801369
17969.458008	-75.076065
17974.841309	-75.075783
17980.224609	-74.902031
17985.607910	-74.829002
17990.991211	-74.951874
17996.374512	-74.944870
18001.757812	-75.333405
18007.141113	-75.637047
18012.524414	-75.840515
18017.907715	-76.268517
18023.291016	-76.164322
18028.674316	-76.543587
18034.057617	-76.553307
18039.440918	-76.525879
18044.824219	-76.586899
18050.207520	-76.496490
18055.590820	-76.850883
18060.974121	-76.776611
18066.357422	-76.636711
18071.740723	-76.699997
18077.124023	-76.476929
18082.507324	-76.524216
18087.890625	-76.488335
18093.273926	-76.585350
18098.657227	-76.206429
18104.040527	-76.159302
18109.423828	-75.827156
18114.807129	-76.225273
18120.190430	-76.010742
18125.573730	-76.142899
18130.957031	-75.789474
18136.340332	-75.536766
18141.723633	-74.884796
18147.106934	-74.412590
18152.490234	-73.818924
18157.873535	-74.201736
18163.256836	-73.728401
18168.640137	-75.003647
18174.023438	-75.501427
18179.406738	-76.462677
18184.790039	-76.495224
18190.173340	-77.089874
18195.556641	-77.110840
18200.939941	-77.347267
18206.323242	-77.208771
18211.706543	-77.273018
18217.089844	-76.441650
18222.473145	-77.016464
18227.856445	-76.703148
18233.239746	-77.022003
18238.623047	-76.941772
18244.006348	-77.061432
18249.389648	-76.675545
18254.772949	-76.657143
18260.156250	-75.785538
18265.539551	-76.135735
18270.922852	-75.589790
18276.306152	-75.597832
18281.689453	-75.497261
18287.072754	-75.627472
18292.456055	-75.589096
18297.839355	-75.929787
18303.222656	-75.625092
18308.605957	-76.192314
18313.989258	-76.049141
18319.372559	-76.087387
18324.755859	-76.340866
18330.139160	-75.693764
18335.522461	-76.085930
18340.905762	-75.761971
18346.289062	-76.433968
18351.672363	-76.926987
18357.055664	-76.093376
18362.438965	-76.460320
18367.822266	-76.628334
18373.205566	-75.986061
18378.588867	-76.864632
18383.972168	-76.270584
18389.355469	-76.816666
18394.738770	-77.300728
18400.122070	-76.810852
18405.505371	-78.343758
18410.888672	-77.385292
18416.271973	-78.308952
18421.655273	-78.701187
18427.038574	-79.196983
18432.421875	-79.443779
18437.805176	-79.690948
18443.188477	-79.921394
18448.571777	-80.268196
18453.955078	-80.503105
18459.338379	-80.875511
18464.721680	-81.625748
18470.104980	-81.094704
18475.488281	-82.470421
18480.871582	-82.282433
18486.254883	-83.255661
18491.638184	-83.721855
18497.021484	-84.376709
18502.404785	-84.539749
18507.788086	-85.987816
18513.171387	-87.302071
18518.554688	-89.293518
18523.937988	-90.131668
18529.321289	-89.974510
18534.704590	-92.152100
18540.087891	-95.188774
18545.471191	-94.282532
18550.854492	-91.860107
18556.237793	-91.484238
18561.621094	-96.886177
18567.004395	-94.212120
18572.387695	-94.453140
18577.770996	-90.811157
18583.154297	-96.490089
18588.537598	-92.371124
18593.920898	-91.196602
18599.304199	-88.532295
18604.687500	-92.662933
18610.070801	-91.100372
18615.454102	-88.415604
18620.837402	-88.555298
18626.220703	-90.770363
18631.604004	-89.659019
18636.987305	-89.093430
18642.370605	-89.791733
18647.753906	-88.061989
18653.137207	-89.848640
18658.520508	-88.459419
18663.903809	-90.701004
18669.287109	-87.305695
18674.670410	-88.787697
18680.053711	-87.438210
18685.437012	-88.027122
18690.820312	-86.702843
18696.203613	-86.373756
18701.586914	-85.983658
18706.970215	-86.016731
18712.353516	-85.493904
18717.736816	-86.149094
18723.120117	-85.396309
18728.503418	-85.123245
18733.886719	-85.644112
18739.270020	-84.684708
18744.653320	-85.990112
18750.036621	-86.086090
18755.419922	-87.132797
18760.803223	-87.363792
18766.186523	-89.421234
18771.569824	-88.629280
18776.953125	-90.159187
18782.336426	-89.184425
18787.719727	-89.090622
18793.103027	-88.347786
18798.486328	-87.682487
18803.869629	-87.308380
18809.252930	-86.873024
18814.636230	-87.695908
18820.019531	-86.134758
18825.402832	-86.981140
18830.786133	-85.548309
18836.169434	-86.139214
18841.552734	-85.654503
18846.936035	-84.771858
18852.319336	-84.991447
18857.702637	-83.826942
18863.085938	-84.207390
18868.469238	-83.566063
18873.852539	-84.054619
18879.235840	-83.842751
18884.619141	-83.960220
18890.002441	-84.657623
18895.385742	-83.116241
18900.769043	-83.445389
18906.152344	-81.986931
18911.535645	-82.021614
18916.918945	-81.352943
18922.302246	-81.993065
18927.685547	-81.544899
18933.068848	-81.580666
18938.452148	-80.656181
18943.835449	-80.829842
18949.218750	-80.401497
18954.602051	-80.044922
18959.985352	-79.999664
18965.368652	-79.644760
18970.751953	-79.385399
18976.135254	-79.688614
18981.518555	-79.301636
18986.901855	-79.355377
18992.285156	-79.633316
18997.668457	-80.028343
19003.051758	-80.094307
19008.435059	-79.443054
19013.818359	-79.418854
19019.201660	-78.852196
19024.584961	-78.845390
19029.968262	-79.136314
19035.351562	-78.522186
19040.734863	-78.325287
19046.118164	-78.139565
19051.501465	-77.590561
19056.884766	-77.734825
19062.268066	-77.399696
19067.651367	-77.193184
19073.034668	-76.950127
19078.417969	-76.622673
19083.801270	-76.415100
19089.184570	-76.582199
19094.567871	-76.343018
19099.951172	-76.339012
19105.334473	-76.223778
19110.717773	-76.088821
19116.101074	-76.400040
19121.484375	-75.749855
19126.867676	-76.106491
19132.250977	-75.566513
19137.634277	-75.184883
19143.017578	-75.298164
19148.400879	-75.079987
19153.784180	-74.872925
19159.167480	-75.127396
19164.550781	-75.094421
19169.934082	-74.995148
19175.317383	-74.818352
19180.700684	-74.431206
19186.083984	-74.525276
19191.467285	-74.211655
19196.850586	-74.157616
19202.233887	-74.313438
19207.617188	-73.849335
19213.000488	-74.356171
19218.383789	-73.923195
19223.767090	-74.281403
19229.150391	-74.554779
19234.533691	-74.335960
19239.916992	-74.736671
19245.300293	-74.580643
19250.683594	-74.518639
19256.066895	-74.522507
19261.450195	-74.333687
19266.833496	-74.069626
19272.216797	-74.143211
19277.600098	-73.977676
19282.983398	-74.166351
19288.366699	-74.177841
19293.750000	-74.235031
19299.133301	-74.455978
19304.516602	-73.918907
19309.899902	-74.227844
19315.283203	-73.775826
19320.666504	-73.902618
19326.049805	-73.586113
19331.433105	-73.790405
19336.816406	-73.463799
19342.199707	-73.637894
19347.583008	-73.325951
19352.966309	-73.665627
19358.349609	-73.442726
19363.732910	-73.776306
19369.116211	-73.680313
19374.499512	-73.766899
19379.882812	-73.799232
19385.266113	-73.895660
19390.649414	-73.892761
19396.032715	-73.980972
19401.416016	-73.910980
19406.799316	-74.014877
19412.182617	-74.061134
19417.565918	-74.427429
19422.949219	-74.200256
19428.332520	-74.721291
19433.715820	-74.868454
19439.099121	-75.135712
19444.482422	-75.450844
19449.865723	-75.637138
19455.249023	-75.929924
19460.632324	-76.557129
19466.015625	-76.362854
19471.398926	-76.780403
19476.782227	-76.076164
19482.165527	-75.786591
19487.548828	-75.355965
19492.932129	-75.213303
19498.315430	-75.082214
19503.698730	-74.955452
19509.082031	-74.830025
19514.465332	-74.984421
19519.848633	-74.886963
19525.231934	-75.194397
19530.615234	-75.171814
19535.998535	-75.339684
19541.381836	-75.589119
19546.765137	-75.267418
19552.148438	-75.421883
19557.531738	-74.736008
19562.915039	-75.209473
19568.298340	-75.049255
19573.681641	-75.389099
19579.064941	-75.934502
19584.448242	-75.683365
19589.831543	-75.728127
19595.214844	-75.613686
19600.598145	-76.098396
19605.981445	-76.768654
19611.364746	-76.452652
19616.748047	-77.463295
19622.131348	-77.085686
19627.514648	-76.703636
19632.897949	-76.863716
19638.281250	-77.426964
19643.664551	-77.681900
19649.047852	-78.519554
19654.431152	-78.934616
19659.814453	-79.193947
19665.197754	-78.428528
19670.581055	-79.031761
19675.964355	-79.840775
19681.347656	-80.195580
19686.730957	-80.873360
19692.114258	-80.117172
19697.497559	-79.474121
19702.880859	-79.489014
19708.264160	-79.785797
19713.647461	-79.434921
19719.030762	-79.760406
19724.414062	-79.587349
19729.797363	-81.307762
19735.180664	-81.366364
19740.563965	-82.033669
19745.947266	-81.085892
19751.330566	-81.578911
19756.713867	-81.123238
19762.097168	-82.043182
19767.480469	-81.585770
19772.863770	-82.534866
19778.247070	-80.354469
19783.630371	-81.197502
19789.013672	-80.138184
19794.396973	-78.631630
19799.780273	-78.707115
19805.163574	-78.043388
19810.546875	-76.870934
19815.930176	-76.945190
19821.313477	-76.520271
19826.696777	-77.495201
19832.080078	-78.294823
19837.463379	-78.513077
19842.846680	-79.437447
19848.229980	-79.396172
19853.613281	-80.337822
19858.996582	-81.828423
19864.379883	-79.918098
19869.763184	-80.719429
19875.146484	-80.310394
19880.529785	-79.479805
19885.913086	-81.822067
19891.296387	-82.141541
19896.679688	-80.913559
19902.062988	-81.617363
19907.446289	-79.969414
19912.829590	-77.852585
19918.212891	-77.056068
19923.596191	-73.913452
19928.979492	-73.009071
19934.362793	-71.465424
19939.746094	-69.958794
19945.129395	-68.095055
19950.512695	-67.361649
19955.895996	-66.818161
19961.279297	-67.569855
19966.662598	-68.785263
19972.045898	-69.985268
19977.429199	-70.646965
19982.812500	-71.256760
19988.195801	-73.031662
19993.579102	-71.953995
19998.962402	-73.812614
20004.345703	-74.777679
20009.729004	-75.425301
20015.112305	-76.176727
20020.495605	-78.675591
20025.878906	-78.426254
20031.262207	-79.012413
20036.645508	-79.099319
20042.028809	-79.206482
20047.412109	-80.294334
20052.795410	-79.119484
20058.178711	-78.308426
20063.562012	-78.057091
20068.945312	-79.959999
20074.328613	-82.823784
20079.711914	-80.775360
20085.095215	-81.267647
20090.478516	-80.556183
20095.861816	-80.306801
20101.245117	-79.550919
20106.628418	-80.343452
20112.011719	-79.755547
20117.395020	-80.154671
20122.778320	-79.204483
20128.161621	-78.185844
20133.544922	-78.423531
20138.928223	-77.979362
20144.311523	-76.989799
20149.694824	-77.363075
20155.078125	-75.916664
20160.461426	-75.668411
20165.844727	-75.185173
20171.228027	-75.534500
20176.611328	-75.356049
20181.994629	-75.031784
20187.377930	-74.784348
20192.761230	-74.250092
20198.144531	-73.917809
20203.527832	-73.643158
20208.911133	-73.606636
20214.294434	-73.359131
20219.677734	-73.121269
20225.061035	-73.182739
20230.444336	-72.638168
20235.827637	-72.700691
20241.210938	-72.750618
20246.594238	-72.097382
20251.977539	-72.231621
20257.360840	-71.492790
20262.744141	-71.935013
20268.127441	-71.555466
20273.510742	-71.120125
20278.894043	-71.123726
20284.277344	-70.842033
20289.660645	-71.190552
20295.043945	-71.405502
20300.427246	-71.189491
20305.810547	-71.431679
20311.193848	-71.495522
20316.577148	-72.069534
20321.960449	-72.673294
20327.343750	-72.866241
20332.727051	-73.540398
20338.110352	-73.504471
20343.493652	-73.838112
20348.876953	-74.583733
20354.260254	-73.947250
20359.643555	-75.726227
20365.026855	-75.644112
20370.410156	-77.313393
20375.793457	-79.572151
20381.176758	-78.676880
20386.560059	-79.246094
20391.943359	-78.086868
20397.326660	-78.824165
20402.709961	-78.600838
20408.093262	-77.339897
20413.476562	-77.626320
20418.859863	-77.180840
20424.243164	-77.932030
20429.626465	-78.486382
20435.009766	-78.137985
20440.393066	-79.000832
20445.776367	-79.013496
20451.159668	-78.718307
20456.542969	-79.883377
20461.926270	-78.809143
20467.309570	-79.059692
20472.692871	-79.607864
20478.076172	-79.367905
20483.459473	-79.997116
20488.842773	-78.918121
20494.226074	-78.338150
20499.609375	-78.525246
20504.992676	-78.151115
20510.375977	-78.363136
20515.759277	-78.139046
20521.142578	-77.877983
20526.525879	-78.498840
20531.909180	-79.154289
20537.292480	-78.889198
20542.675781	-80.170929
20548.059082	-79.032349
20553.442383	-78.578049
20558.825684	-78.514160
20564.208984	-77.448975
20569.592285	-78.231560
20574.975586	-78.385513
20580.358887	-78.707520
20585.742188	-77.798264
20591.125488	-77.542137
20596.508789	-77.779213
20601.892090	-77.231354
20607.275391	-76.596382
20612.658691	-77.067940
20618.041992	-76.611412
20623.425293	-75.776245
20628.808594	-76.739388
20634.191895	-75.129356
20639.575195	-75.662231
20644.958496	-75.720665
20650.341797	-76.218193
20655.725098	-75.594765
20661.108398	-75.865532
20666.491699	-75.623764
20671.875000	-75.635910
20677.258301	-74.892738
20682.641602	-75.427933
20688.024902	-74.998650
20693.408203	-75.534180
20698.791504	-75.613548
20704.174805	-75.945709
20709.558105	-76.200874
20714.941406	-76.674538
20720.324707	-76.457047
20725.708008	-76.599281
20731.091309	-76.704521
20736.474609	-76.794998
20741.857910	-76.853310
20747.241211	-77.193733
20752.624512	-77.147835
20758.007812	-77.770447
20763.391113	-77.757126
20768.774414	-78.339882
20774.157715	-78.074837
20779.541016	-79.708008
20784.924316	-78.523010
20790.307617	-79.537918
20795.690918	-79.840240
20801.074219	-80.301804
20806.457520	-80.510010
20811.840820	-80.397568
20817.224121	-81.272049
20822.607422	-79.988853
20827.990723	-79.317963
20833.374023	-81.548019
20838.757324	-82.524200
20844.140625	-83.066452
20849.523926	-84.881004
20854.907227	-83.933563
20860.290527	-87.395203
20865.673828	-88.102554
20871.057129	-86.012550
20876.440430	-86.494293
20881.823730	-84.282005
20887.207031	-84.248764
20892.590332	-85.789253
20897.973633	-86.245163
20903.356934	-85.600945
20908.740234	-86.261497
20914.123535	-92.168289
20919.506836	-86.688156
20924.890137	-83.797325
20930.273438	-81.484085
20935.656738	-86.522125
20941.040039	-84.011215
20946.423340	-88.941154
20951.806641	-87.602448
20957.189941	-88.170258
20962.573242	-86.363770
20967.956543	-86.865608
20973.339844	-85.647346
20978.723145	-84.756462
20984.106445	-88.227226
20989.489746	-87.599777
20994.873047	-86.369934
21000.256348	-82.095230
21005.639648	-86.575394
21011.022949	-86.261681
21016.406250	-86.402428
21021.789551	-87.058975
21027.172852	-82.757767
21032.556152	-86.414841
21037.939453	-85.910393
21043.322754	-85.565277
21048.706055	-84.930901
21054.089355	-84.260002
21059.472656	-83.722122
21064.855957	-83.882111
21070.239258	-82.328239
21075.622559	-81.926193
21081.005859	-81.748795
21086.389160	-81.008781
21091.772461	-80.794571
21097.155762	-79.527992
21102.539062	-80.020042
21107.922363	-79.408905
21113.305664	-79.214615
21118.688965	-79.689903
21124.072266	-79.445900
21129.455566	-79.132095
21134.838867	-77.904274
21140.222168	-77.566757
21145.605469	-76.648758
21150.988770	-76.203201
21156.372070	-75.620438
21161.755371	-76.722084
21167.138672	-76.749733
21172.521973	-76.973671
21177.905273	-76.864357
21183.288574	-76.066658
21188.671875	-75.815109
21194.055176	-75.765984
21199.438477	-75.632248
21204.821777	-75.015465
21210.205078	-74.888054
21215.588379	-74.647110
21220.971680	-74.362534
21226.354980	-73.962837
21231.738281	-73.608368
21237.121582	-73.010628
21242.504883	-72.976746
21247.888184	-72.887825
21253.271484	-73.023880
21258.654785	-73.002365
21264.038086	-72.800392
21269.421387	-73.146904
21274.804688	-73.155930
21280.187988	-73.291946
21285.571289	-73.360687
21290.954590	-73.338547
21296.337891	-72.945702
21301.721191	-72.916328
21307.104492	-72.967163
21312.487793	-72.848251
21317.871094	-72.681190
21323.254395	-72.720924
21328.637695	-72.766281
21334.020996	-72.661194
21339.404297	-72.965981
21344.787598	-72.717972
21350.170898	-72.383850
21355.554199	-73.198746
21360.937500	-73.061981
21366.320801	-73.493950
21371.704102	-73.366905
21377.087402	-73.688286
21382.470703	-74.262444
21387.854004	-74.189758
21393.237305	-74.321594
21398.620605	-74.078621
21404.003906	-74.171867
21409.387207	-74.217110
21414.770508	-74.209930
21420.153809	-74.548500
21425.537109	-74.528229
21430.920410	-74.964081
21436.303711	-74.818504
21441.687012	-75.037163
21447.070312	-74.751801
21452.453613	-75.100311
21457.836914	-75.410202
21463.220215	-75.841324
21468.603516	-75.974533
21473.986816	-76.562569
21479.370117	-76.567955
21484.753418	-76.916161
21490.136719	-77.133598
21495.520020	-77.270699
21500.903320	-77.808647
21506.286621	-77.579659
21511.669922	-78.226463
21517.053223	-78.268539
21522.436523	-78.329781
21527.819824	-79.123878
21533.203125	-78.839752
21538.586426	-79.190704
21543.969727	-79.261879
21549.353027	-78.530563
21554.736328	-78.786797
21560.119629	-77.628357
21565.502930	-78.215240
21570.886230	-77.689697
21576.269531	-77.565437
21581.652832	-77.266327
21587.036133	-76.862862
21592.419434	-76.580070
21597.802734	-76.159584
21603.186035	-75.702644
21608.569336	-74.458298
21613.952637	-73.590775
21619.335938	-72.798447
21624.719238	-71.738174
21630.102539	-71.135277
21635.485840	-70.055641
21640.869141	-69.376930
21646.252441	-68.804878
21651.635742	-68.299797
21657.019043	-68.346436
21662.402344	-69.175194
21667.785645	-69.600609
21673.168945	-71.693649
21678.552246	-72.784515
21683.935547	-74.381989
21689.318848	-75.261040
21694.702148	-75.154243
21700.085449	-76.247078
21705.468750	-75.790260
21710.852051	-76.389244
21716.235352	-76.758949
21721.618652	-77.079590
21727.001953	-77.883141
21732.385254	-78.860458
21737.768555	-79.018745
21743.151855	-80.295883
21748.535156	-80.578827
21753.918457	-80.563019
21759.301758	-82.656441
21764.685059	-80.981697
21770.068359	-80.384705
21775.451660	-77.685074
21780.834961	-76.898636
21786.218262	-75.900002
21791.601562	-74.566345
21796.984863	-73.572731
21802.368164	-72.100868
21807.751465	-71.167076
21813.134766	-70.023643
21818.518066	-69.009537
21823.901367	-68.575882
21829.284668	-69.750755
21834.667969	-70.881454
21840.051270	-73.190216
21845.434570	-75.170746
21850.817871	-76.270256
21856.201172	-77.749458
21861.584473	-78.693954
21866.967773	-79.371040
21872.351074	-79.308960
21877.734375	-79.420975
21883.117676	-79.767906
21888.500977	-80.372360
21893.884277	-80.171013
21899.267578	-80.950882
21904.650879	-80.727257
21910.034180	-80.487762
21915.417480	-80.107620
21920.800781	-79.894150
21926.184082	-80.042725
21931.567383	-80.616951
21936.950684	-80.854424
21942.333984	-81.417496
21947.717285	-81.992134
21953.100586	-82.314308
21958.483887	-83.180557
21963.867188	-82.609947
21969.250488	-83.266403
21974.633789	-83.350510
21980.017090	-83.488876
21985.400391	-84.391449
21990.783691	-83.838570
21996.166992	-85.051460
22001.550293	-84.684349
22006.933594	-85.378899
22012.316895	-84.890282
22017.700195	-86.190514
22023.083496	-86.422798
22028.466797	-86.700790
22033.850098	-86.750748
22039.233398	-85.889977
22044.616699	-86.436852
