Frequency (Hz)	Level (dB)
5.383301	-33.819557
10.766602	-32.144005
16.149902	-32.262684
21.533203	-32.217865
26.916504	-32.851543
32.299805	-34.588566
37.683105	-34.216049
43.066406	-34.191200
48.449707	-36.303200
53.833008	-36.683537
59.216309	-36.705788
64.599609	-37.240879
69.982910	-37.756123
75.366211	-37.904129
80.749512	-37.379856
86.132812	-37.400585
91.516113	-37.293022
96.899414	-37.035400
102.282715	-37.712337
107.666016	-37.594879
113.049316	-38.691353
118.432617	-39.245140
123.815918	-41.145706
129.199219	-41.237541
134.582520	-41.235603
139.965820	-41.726250
145.349121	-44.487129
150.732422	-43.785038
156.115723	-44.016113
161.499023	-44.057892
166.882324	-42.995930
172.265625	-42.143814
177.648926	-43.262817
183.032227	-42.543358
188.415527	-42.006191
193.798828	-39.755089
199.182129	-42.381939
204.565430	-44.165352
209.948730	-43.073746
215.332031	-45.540058
220.715332	-45.440063
226.098633	-47.318554
231.481934	-48.511806
236.865234	-49.548420
242.248535	-52.399532
247.631836	-51.577633
253.015137	-47.891003
258.398438	-46.257057
263.781738	-47.970428
269.165039	-47.332134
274.548340	-52.368698
279.931641	-40.179775
285.314941	-42.145885
290.698242	-43.320316
296.081543	-44.674400
301.464844	-51.464092
306.848145	-45.980698
312.231445	-52.808407
317.614746	-47.962677
322.998047	-44.033875
328.381348	-44.217850
333.764648	-44.887085
339.147949	-40.093807
344.531250	-40.398979
349.914551	-45.206680
355.297852	-39.348156
360.681152	-34.523220
366.064453	-36.062996
371.447754	-36.259922
376.831055	-36.528385
382.214355	-38.866455
387.597656	-35.440502
392.980957	-37.800850
398.364258	-36.879272
403.747559	-33.260891
409.130859	-33.351776
414.514160	-36.256783
419.897461	-37.073586
425.280762	-34.038204
430.664062	-31.235144
436.047363	-31.360531
441.430664	-28.359184
446.813965	-26.007404
452.197266	-26.876328
457.580566	-26.437416
462.963867	-28.351561
468.347168	-35.955158
473.730469	-30.595596
479.113770	-29.265434
484.497070	-33.033962
489.880371	-33.837254
495.263672	-31.534882
500.646973	-34.544605
506.030273	-39.711555
511.413574	-44.903801
516.796875	-38.056335
522.180176	-33.719379
527.563477	-25.175945
532.946777	-22.678768
538.330078	-23.797565
543.713379	-22.305616
549.096680	-22.850441
554.479980	-25.099319
559.863281	-25.436134
565.246582	-27.654175
570.629883	-28.714512
576.013184	-32.280548
581.396484	-31.310188
586.779785	-30.761328
592.163086	-29.968452
597.546387	-33.534821
602.929688	-30.538595
608.312988	-36.525776
613.696289	-32.598560
619.079590	-32.356529
624.462891	-32.674751
629.846191	-30.324768
635.229492	-30.466822
640.612793	-29.591835
645.996094	-27.915682
651.379395	-28.055092
656.762695	-28.004644
662.145996	-28.124767
667.529297	-29.809204
672.912598	-30.426834
678.295898	-30.269335
683.679199	-31.745403
689.062500	-33.285881
694.445801	-34.106541
699.829102	-34.658295
705.212402	-35.357563
710.595703	-37.935558
715.979004	-37.958092
721.362305	-37.746956
726.745605	-39.765984
732.128906	-38.344219
737.512207	-36.806049
742.895508	-36.965176
748.278809	-39.931988
753.662109	-39.227879
759.045410	-39.301304
764.428711	-42.214878
769.812012	-51.270267
775.195312	-49.153561
780.578613	-47.225910
785.961914	-44.874233
791.345215	-43.611229
796.728516	-42.386551
802.111816	-43.595772
807.495117	-48.052475
812.878418	-43.408138
818.261719	-42.924999
823.645020	-39.300686
829.028320	-38.707310
834.411621	-41.743626
839.794922	-40.494381
845.178223	-41.026058
850.561523	-45.997128
855.944824	-45.931858
861.328125	-47.124992
866.711426	-46.312000
872.094727	-44.316139
877.478027	-47.645496
882.861328	-46.145126
888.244629	-46.781700
893.627930	-50.189781
899.011230	-49.136009
904.394531	-54.196724
909.777832	-52.965302
915.161133	-54.086288
920.544434	-55.260334
925.927734	-58.357849
931.311035	-52.832634
936.694336	-48.838432
942.077637	-45.501945
947.460938	-44.730221
952.844238	-42.975113
958.227539	-43.699276
963.610840	-43.951477
968.994141	-44.222527
974.377441	-45.920826
979.760742	-42.359390
985.144043	-42.823799
990.527344	-43.735428
995.910645	-43.478184
1001.293945	-44.807472
1006.677246	-44.487659
1012.060547	-41.805157
1017.443848	-45.696785
1022.827148	-46.795399
1028.210449	-46.821762
1033.593750	-54.557758
1038.977051	-43.261040
1044.360352	-41.949860
1049.743652	-48.193756
1055.126953	-48.844555
1060.510254	-46.888187
1065.893555	-46.726185
1071.276855	-44.104221
1076.660156	-46.357616
1082.043457	-46.488876
1087.426758	-49.854095
1092.810059	-43.807774
1098.193359	-46.046650
1103.576660	-48.532677
1108.959961	-40.909580
1114.343262	-37.080990
1119.726562	-36.988445
1125.109863	-38.736298
1130.493164	-39.777699
1135.876465	-40.251221
1141.259766	-44.716984
1146.643066	-47.802078
1152.026367	-46.617313
1157.409668	-44.890568
1162.792969	-46.876316
1168.176270	-48.003296
1173.559570	-52.103256
1178.942871	-48.841656
1184.326172	-49.914875
1189.709473	-49.871113
1195.092773	-50.558788
1200.476074	-52.264851
1205.859375	-61.923897
1211.242676	-51.000488
1216.625977	-49.508270
1222.009277	-51.055138
1227.392578	-47.727989
1232.775879	-48.630840
1238.159180	-49.121258
1243.542480	-50.548180
1248.925781	-55.257004
1254.309082	-51.899292
1259.692383	-54.318378
1265.075684	-53.717972
1270.458984	-58.048103
1275.842285	-54.862507
1281.225586	-57.551586
1286.608887	-54.317566
1291.992188	-54.132587
1297.375488	-61.192638
1302.758789	-57.151608
1308.142090	-60.124088
1313.525391	-54.338726
1318.908691	-53.812107
1324.291992	-55.258621
1329.675293	-55.673409
1335.058594	-52.462479
1340.441895	-51.758545
1345.825195	-55.172153
1351.208496	-50.530533
1356.591797	-54.524635
1361.975098	-67.239120
1367.358398	-61.966202
1372.741699	-56.228649
1378.125000	-59.667225
1383.508301	-57.631733
1388.891602	-57.143787
1394.274902	-62.882095
1399.658203	-58.553967
1405.041504	-58.279594
1410.424805	-58.298157
1415.808105	-55.975113
1421.191406	-51.592735
1426.574707	-50.768574
1431.958008	-53.473896
1437.341309	-56.577202
1442.724609	-48.503754
1448.107910	-47.131851
1453.491211	-46.836910
1458.874512	-48.298908
1464.257812	-63.460331
1469.641113	-50.921600
1475.024414	-50.546635
1480.407715	-51.565491
1485.791016	-53.736710
1491.174316	-61.459850
1496.557617	-62.417965
1501.940918	-62.828041
1507.324219	-62.197002
1512.707520	-63.487900
1518.090820	-55.513054
1523.474121	-53.676083
1528.857422	-56.587509
1534.240723	-55.515823
1539.624023	-55.046806
1545.007324	-57.532131
1550.390625	-63.991360
1555.773926	-58.566734
1561.157227	-61.934078
1566.540527	-58.703037
1571.923828	-58.922691
1577.307129	-61.558781
1582.690430	-59.096188
1588.073730	-58.650593
1593.457031	-52.510979
1598.840332	-53.957657
1604.223633	-57.346096
1609.606934	-56.226261
1614.990234	-53.635757
1620.373535	-52.051678
1625.756836	-52.264164
1631.140137	-52.217339
1636.523438	-53.023022
1641.906738	-52.977661
1647.290039	-52.685974
1652.673340	-55.202427
1658.056641	-66.709885
1663.439941	-63.265198
1668.823242	-60.885639
1674.206543	-61.709007
1679.589844	-58.724625
1684.973145	-57.505196
1690.356445	-53.268661
1695.739746	-54.766758
1701.123047	-52.879509
1706.506348	-50.376095
1711.889648	-48.948261
1717.272949	-49.979374
1722.656250	-51.567356
1728.039551	-52.193409
1733.422852	-53.737827
1738.806152	-51.207859
1744.189453	-52.952454
1749.572754	-58.006248
1754.956055	-58.340393
1760.339355	-60.695663
1765.722656	-56.376968
1771.105957	-54.475304
1776.489258	-51.964912
1781.872559	-47.469975
1787.255859	-46.613232
1792.639160	-45.565426
1798.022461	-45.049255
1803.405762	-46.795506
1808.789062	-40.535259
1814.172363	-39.771389
1819.555664	-43.362415
1824.938965	-45.231014
1830.322266	-46.446758
1835.705566	-47.084866
1841.088867	-48.553047
1846.472168	-49.480324
1851.855469	-50.458340
1857.238770	-51.141396
1862.622070	-51.952190
1868.005371	-53.148247
1873.388672	-55.755287
1878.771973	-62.327831
1884.155273	-60.514393
1889.538574	-61.671745
1894.921875	-60.437565
1900.305176	-53.822971
1905.688477	-56.475494
1911.071777	-66.561470
1916.455078	-58.969250
1921.838379	-57.116238
1927.221680	-60.091805
1932.604980	-67.518456
1937.988281	-71.474091
1943.371582	-68.406021
1948.754883	-61.008598
1954.138184	-59.163582
1959.521484	-68.033295
1964.904785	-56.352283
1970.288086	-57.793854
1975.671387	-64.087219
1981.054688	-68.644562
1986.437988	-59.453796
1991.821289	-59.226013
1997.204590	-63.829407
2002.587891	-56.962254
2007.971191	-56.911648
2013.354492	-57.937599
2018.737793	-55.988617
2024.121094	-54.916111
2029.504395	-53.562767
2034.887695	-51.778091
2040.270996	-54.363262
2045.654297	-58.295559
2051.037598	-66.882774
2056.420898	-55.056267
2061.804199	-52.917927
2067.187500	-53.953812
2072.570801	-54.636806
2077.954102	-55.703011
2083.337402	-56.265919
2088.720703	-56.230251
2094.104004	-51.839462
2099.487305	-52.322166
2104.870605	-59.961525
2110.253906	-56.789993
2115.637207	-58.749836
2121.020508	-56.188255
2126.403809	-59.033844
2131.787109	-62.752075
2137.170410	-55.266174
2142.553711	-54.386051
2147.937012	-58.401306
2153.320312	-61.374180
2158.703613	-57.540077
2164.086914	-55.628460
2169.470215	-52.009174
2174.853516	-52.742599
2180.236816	-59.270676
2185.620117	-51.388866
2191.003418	-52.707600
2196.386719	-54.233547
2201.770020	-55.558407
2207.153320	-50.494434
2212.536621	-49.717937
2217.919922	-52.274609
2223.303223	-49.431614
2228.686523	-48.302303
2234.069824	-51.018005
2239.453125	-55.214474
2244.836426	-50.057125
2250.219727	-50.735844
2255.603027	-52.782013
2260.986328	-53.383102
2266.369629	-52.550854
2271.752930	-50.412006
2277.136230	-48.245319
2282.519531	-51.880234
2287.902832	-55.135296
2293.286133	-54.233017
2298.669434	-54.221882
2304.052734	-52.859272
2309.436035	-53.127010
2314.819336	-54.153305
2320.202637	-54.657669
2325.585938	-53.846336
2330.969238	-50.885914
2336.352539	-58.997063
2341.735840	-56.563335
2347.119141	-52.776066
2352.502441	-53.664570
2357.885742	-51.389931
2363.269043	-56.470551
2368.652344	-52.757687
2374.035645	-51.498802
2379.418945	-55.259781
2384.802246	-51.034313
2390.185547	-48.506435
2395.568848	-49.827374
2400.952148	-50.315262
2406.335449	-59.337742
2411.718750	-59.031395
2417.102051	-61.149464
2422.485352	-53.620361
2427.868652	-57.733612
2433.251953	-47.369385
2438.635254	-48.032486
2444.018555	-46.326691
2449.401855	-46.098625
2454.785156	-52.307404
2460.168457	-48.835964
2465.551758	-46.449619
2470.935059	-44.704102
2476.318359	-44.121227
2481.701660	-45.190865
2487.084961	-48.494438
2492.468262	-54.093529
2497.851562	-48.980175
2503.234863	-58.100906
2508.618164	-61.654667
2514.001465	-53.909145
2519.384766	-49.225540
2524.768066	-52.288784
2530.151367	-57.501320
2535.534668	-48.955212
2540.917969	-46.661674
2546.301270	-50.437164
2551.684570	-55.992657
2557.067871	-56.145329
2562.451172	-52.270901
2567.834473	-46.911453
2573.217773	-48.094841
2578.601074	-49.471699
2583.984375	-51.187611
2589.367676	-57.407398
2594.750977	-59.401108
2600.134277	-63.299500
2605.517578	-60.608795
2610.900879	-61.647472
2616.284180	-57.034142
2621.667480	-57.926094
2627.050781	-51.309971
2632.434082	-52.936584
2637.817383	-48.966114
2643.200684	-47.455795
2648.583984	-51.248116
2653.967285	-50.021183
2659.350586	-49.000919
2664.733887	-51.907436
2670.117188	-52.214016
2675.500488	-63.198662
2680.883789	-61.714283
2686.267090	-58.296436
2691.650391	-58.485584
2697.033691	-54.711956
2702.416992	-43.458717
2707.800293	-41.708229
2713.183594	-51.111145
2718.566895	-60.075623
2723.950195	-48.962345
2729.333496	-45.460041
2734.716797	-46.346729
2740.100098	-46.883175
2745.483398	-45.196548
2750.866699	-42.503864
2756.250000	-43.643063
2761.633301	-41.367550
2767.016602	-40.823620
2772.399902	-40.571930
2777.783203	-39.734112
2783.166504	-43.785191
2788.549805	-48.058517
2793.933105	-48.315857
2799.316406	-48.857853
2804.699707	-46.719551
2810.083008	-42.447926
2815.466309	-41.763885
2820.849609	-42.037243
2826.232910	-42.382198
2831.616211	-43.146622
2836.999512	-42.182476
2842.382812	-41.909657
2847.766113	-42.116302
2853.149414	-41.442120
2858.532715	-42.242279
2863.916016	-47.572792
2869.299316	-44.987278
2874.682617	-46.903667
2880.065918	-47.468060
2885.449219	-47.475567
2890.832520	-47.871460
2896.215820	-46.054432
2901.599121	-44.812935
2906.982422	-44.278385
2912.365723	-46.392410
2917.749023	-45.572113
2923.132324	-45.828316
2928.515625	-50.709171
2933.898926	-53.195374
2939.282227	-47.474621
2944.665527	-46.559780
2950.048828	-50.619331
2955.432129	-50.102489
2960.815430	-54.768978
2966.198730	-52.089863
2971.582031	-52.608829
2976.965332	-54.498798
2982.348633	-70.183418
2987.731934	-53.483124
2993.115234	-58.974194
2998.498535	-49.438465
3003.881836	-49.510643
3009.265137	-52.023262
3014.648438	-48.755596
3020.031738	-46.210194
3025.415039	-51.385441
3030.798340	-48.600586
3036.181641	-47.235905
3041.564941	-49.565990
3046.948242	-46.688908
3052.331543	-49.357677
3057.714844	-48.792236
3063.098145	-50.533043
3068.481445	-51.730537
3073.864746	-52.729130
3079.248047	-53.311008
3084.631348	-52.796310
3090.014648	-54.019878
3095.397949	-53.668571
3100.781250	-50.771481
3106.164551	-51.028549
3111.547852	-49.245922
3116.931152	-49.472267
3122.314453	-49.449451
3127.697754	-48.861004
3133.081055	-47.645210
3138.464355	-48.940601
3143.847656	-50.112442
3149.230957	-50.418831
3154.614258	-51.720623
3159.997559	-53.493561
3165.380859	-50.673717
3170.764160	-55.089848
3176.147461	-53.749481
3181.530762	-57.742802
3186.914062	-52.852901
3192.297363	-54.326389
3197.680664	-61.999306
3203.063965	-55.207180
3208.447266	-60.806950
3213.830566	-55.408703
3219.213867	-58.062614
3224.597168	-59.316265
3229.980469	-57.806835
3235.363770	-62.019550
3240.747070	-62.754135
3246.130371	-69.324966
3251.513672	-64.038826
3256.896973	-59.057705
3262.280273	-59.466934
3267.663574	-58.251362
3273.046875	-56.792007
3278.430176	-57.200047
3283.813477	-56.400425
3289.196777	-58.581978
3294.580078	-61.368618
3299.963379	-55.118813
3305.346680	-53.541061
3310.729980	-54.323685
3316.113281	-59.181290
3321.496582	-56.480961
3326.879883	-54.501915
3332.263184	-57.382271
3337.646484	-57.704086
3343.029785	-54.900677
3348.413086	-59.206982
3353.796387	-60.286785
3359.179688	-65.630249
3364.562988	-64.187050
3369.946289	-62.043442
3375.329590	-68.515244
3380.712891	-66.335167
3386.096191	-63.657570
3391.479492	-55.334705
3396.862793	-55.569416
3402.246094	-63.135429
3407.629395	-55.793144
3413.012695	-60.192528
3418.395996	-59.607941
3423.779297	-58.494972
3429.162598	-63.954845
3434.545898	-60.569496
3439.929199	-63.505424
3445.312500	-67.014847
3450.695801	-59.500244
3456.079102	-60.049274
3461.462402	-73.546089
3466.845703	-56.127804
3472.229004	-53.226418
3477.612305	-52.785461
3482.995605	-52.701149
3488.378906	-50.711723
3493.762207	-49.975121
3499.145508	-48.424267
3504.528809	-47.664448
3509.912109	-48.048004
3515.295410	-47.200333
3520.678711	-46.352650
3526.062012	-45.469433
3531.445312	-44.252304
3536.828613	-44.153015
3542.211914	-43.711395
3547.595215	-44.261089
3552.978516	-47.033836
3558.361816	-45.287727
3563.745117	-47.150600
3569.128418	-49.984436
3574.511719	-50.379829
3579.895020	-51.800690
3585.278320	-51.560745
3590.661621	-53.899803
3596.044922	-58.929016
3601.428223	-62.195938
3606.811523	-69.585091
3612.194824	-69.008705
3617.578125	-66.197578
3622.961426	-61.723972
3628.344727	-57.154373
3633.728027	-57.301182
3639.111328	-61.829117
3644.494629	-57.560574
3649.877930	-53.604675
3655.261230	-53.775436
3660.644531	-54.499878
3666.027832	-56.514931
3671.411133	-55.601482
3676.794434	-52.965160
3682.177734	-54.728813
3687.561035	-57.172909
3692.944336	-54.990585
3698.327637	-51.959045
3703.710938	-59.138256
3709.094238	-72.766327
3714.477539	-63.231430
3719.860840	-62.700336
3725.244141	-61.368748
3730.627441	-59.771847
3736.010742	-57.247753
3741.394043	-58.179142
3746.777344	-61.743946
3752.160645	-64.785286
3757.543945	-59.991112
3762.927246	-58.423271
3768.310547	-59.485088
3773.693848	-62.486668
3779.077148	-57.002880
3784.460449	-54.002003
3789.843750	-59.306625
3795.227051	-57.136566
3800.610352	-54.075661
3805.993652	-53.492207
3811.376953	-52.328751
3816.760254	-53.658157
3822.143555	-57.220261
3827.526855	-58.989037
3832.910156	-56.557545
3838.293457	-55.659252
3843.676758	-61.584717
3849.060059	-60.469246
3854.443359	-60.129929
3859.826660	-66.588531
3865.209961	-64.285660
3870.593262	-68.665665
3875.976562	-59.308998
3881.359863	-59.493275
3886.743164	-57.157127
3892.126465	-56.301868
3897.509766	-56.526390
3902.893066	-57.856102
3908.276367	-60.175613
3913.659668	-59.886253
3919.042969	-59.062614
3924.426270	-62.149315
3929.809570	-62.959091
3935.192871	-70.468994
3940.576172	-67.219681
3945.959473	-72.186249
3951.342773	-69.138283
3956.726074	-69.094345
3962.109375	-66.799034
3967.492676	-75.846832
3972.875977	-61.313148
3978.259277	-56.866608
3983.642578	-58.121555
3989.025879	-59.377163
3994.409180	-60.064743
3999.792480	-61.038052
4005.175781	-57.457088
4010.559082	-54.876495
4015.942383	-55.739670
4021.325684	-61.641376
4026.708984	-52.999619
4032.092285	-52.019867
4037.475586	-52.346821
4042.858887	-53.480309
4048.242188	-55.077175
4053.625488	-53.322426
4059.008789	-55.503731
4064.392090	-55.356361
4069.775391	-55.791710
4075.158691	-55.873405
4080.541992	-55.975990
4085.925293	-58.534966
4091.308594	-59.484634
4096.691895	-60.518433
4102.075195	-60.925930
4107.458496	-61.510006
4112.841797	-64.930199
4118.225098	-68.439568
4123.608398	-68.658501
4128.991699	-64.960991
4134.375000	-65.283501
4139.758301	-63.063164
4145.141602	-64.295227
4150.524902	-63.706490
4155.908203	-63.542271
4161.291504	-62.924850
4166.674805	-68.520393
4172.058105	-71.538521
4177.441406	-69.709442
4182.824707	-66.300484
4188.208008	-64.035751
4193.591309	-60.964924
4198.974609	-59.722549
4204.357910	-60.543846
4209.741211	-60.412746
4215.124512	-57.954781
4220.507812	-56.099323
4225.891113	-56.735729
4231.274414	-55.769951
4236.657715	-58.886036
4242.041016	-56.696003
4247.424316	-56.306984
4252.807617	-56.635216
4258.190918	-58.263172
4263.574219	-59.764240
4268.957520	-62.811665
4274.340820	-72.372681
4279.724121	-62.725822
4285.107422	-60.496449
4290.490723	-64.870308
4295.874023	-59.887749
4301.257324	-58.706959
4306.640625	-56.179085
4312.023926	-54.848251
4317.407227	-54.090420
4322.790527	-53.425625
4328.173828	-53.287933
4333.557129	-52.213432
4338.940430	-52.316929
4344.323730	-52.040291
4349.707031	-52.200188
4355.090332	-52.809822
4360.473633	-53.662529
4365.856934	-54.909733
4371.240234	-55.686806
4376.623535	-58.195194
4382.006836	-61.170528
4387.390137	-62.320427
4392.773438	-65.673424
4398.156738	-73.310532
4403.540039	-62.512119
4408.923340	-59.646099
4414.306641	-58.838837
4419.689941	-59.188129
4425.073242	-58.315319
4430.456543	-57.226830
4435.839844	-57.428818
4441.223145	-59.297436
4446.606445	-60.796646
4451.989746	-61.112518
4457.373047	-64.520020
4462.756348	-64.625031
4468.139648	-68.400009
4473.522949	-72.768845
4478.906250	-72.182724
4484.289551	-70.488518
4489.672852	-63.920925
4495.056152	-62.049953
4500.439453	-60.101048
4505.822754	-59.773338
4511.206055	-60.321274
4516.589355	-60.053436
4521.972656	-59.002106
4527.355957	-61.579941
4532.739258	-61.846596
4538.122559	-63.126617
4543.505859	-65.296738
4548.889160	-64.567795
4554.272461	-65.574913
4559.655762	-64.514679
4565.039062	-64.502029
4570.422363	-60.612629
4575.805664	-57.758068
4581.188965	-56.969044
4586.572266	-56.173927
4591.955566	-54.933739
4597.338867	-55.272884
4602.722168	-55.834270
4608.105469	-56.906242
4613.488770	-54.208176
4618.872070	-52.477215
4624.255371	-51.114559
4629.638672	-49.191635
4635.021973	-48.557949
4640.405273	-50.067005
4645.788574	-54.715416
4651.171875	-57.481873
4656.555176	-54.863991
4661.938477	-54.875126
4667.321777	-60.182728
4672.705078	-55.827007
4678.088379	-55.337864
4683.471680	-56.718685
4688.854980	-57.295582
4694.238281	-56.480171
4699.621582	-55.933411
4705.004883	-54.405964
4710.388184	-54.202473
4715.771484	-54.313915
4721.154785	-53.203632
4726.538086	-52.256367
4731.921387	-51.230328
4737.304688	-51.840656
4742.687988	-51.934826
4748.071289	-50.773243
4753.454590	-51.504166
4758.837891	-52.119705
4764.221191	-53.442192
4769.604492	-55.946274
4774.987793	-58.922535
4780.371094	-64.554398
4785.754395	-67.255363
4791.137695	-62.147541
4796.520996	-58.225842
4801.904297	-55.053528
4807.287598	-52.889359
4812.670898	-51.738731
4818.054199	-50.574406
4823.437500	-49.391418
4828.820801	-48.498524
4834.204102	-48.675739
4839.587402	-49.766300
4844.970703	-50.726376
4850.354004	-51.699780
4855.737305	-51.956749
4861.120605	-53.448193
4866.503906	-55.726734
4871.887207	-57.606186
4877.270508	-59.806370
4882.653809	-66.777084
4888.037109	-68.588669
4893.420410	-61.736107
4898.803711	-58.795021
4904.187012	-60.046406
4909.570312	-61.400005
4914.953613	-54.874485
4920.336914	-53.383198
4925.720215	-51.305553
4931.103516	-49.283844
4936.486816	-50.492310
4941.870117	-50.121239
4947.253418	-49.090244
4952.636719	-49.830631
4958.020020	-50.860840
4963.403320	-52.074097
4968.786621	-51.111061
4974.169922	-52.687561
4979.553223	-53.790543
4984.936523	-52.205307
4990.319824	-52.936836
4995.703125	-53.528687
5001.086426	-53.410648
5006.469727	-53.586052
5011.853027	-52.094120
5017.236328	-52.283451
5022.619629	-52.529507
5028.002930	-54.920582
5033.386230	-54.650032
5038.769531	-56.903973
5044.152832	-59.505981
5049.536133	-58.492203
5054.919434	-59.576698
5060.302734	-57.764557
5065.686035	-60.329380
5071.069336	-54.253944
5076.452637	-54.790619
5081.835938	-55.401989
5087.219238	-52.921722
5092.602539	-51.942101
5097.985840	-51.849846
5103.369141	-52.478531
5108.752441	-53.209656
5114.135742	-52.593739
5119.519043	-52.046726
5124.902344	-53.515633
5130.285645	-53.484913
5135.668945	-53.490780
5141.052246	-55.051762
5146.435547	-56.361637
5151.818848	-58.770847
5157.202148	-58.641014
5162.585449	-60.810944
5167.968750	-64.684074
5173.352051	-65.513695
5178.735352	-60.136948
5184.118652	-61.461475
5189.501953	-57.194103
5194.885254	-55.632427
5200.268555	-56.065899
5205.651855	-55.435974
5211.035156	-56.539860
5216.418457	-53.711212
5221.801758	-53.131355
5227.185059	-56.974083
5232.568359	-60.837570
5237.951660	-57.572998
5243.334961	-58.063953
5248.718262	-56.682266
5254.101562	-58.844704
5259.484863	-63.984768
5264.868164	-71.090134
5270.251465	-72.822517
5275.634766	-66.990654
5281.018066	-70.794044
5286.401367	-63.329472
5291.784668	-59.242634
5297.167969	-60.715771
5302.551270	-64.418640
5307.934570	-69.383400
5313.317871	-60.188473
5318.701172	-58.962982
5324.084473	-63.107632
5329.467773	-69.549690
5334.851074	-61.420509
5340.234375	-58.430004
5345.617676	-58.792263
5351.000977	-57.940453
5356.384277	-60.042538
5361.767578	-65.266838
5367.150879	-59.702232
5372.534180	-59.056103
5377.917480	-58.956627
5383.300781	-57.453056
5388.684082	-55.274178
5394.067383	-55.151669
5399.450684	-56.373039
5404.833984	-54.273666
5410.217285	-56.080448
5415.600586	-56.789177
5420.983887	-54.769737
5426.367188	-55.765278
5431.750488	-57.088055
5437.133789	-57.357971
5442.517090	-57.521725
5447.900391	-59.615395
5453.283691	-63.644863
5458.666992	-73.375847
5464.050293	-70.129158
5469.433594	-67.731873
5474.816895	-67.174477
5480.200195	-62.311054
5485.583496	-56.387939
5490.966797	-54.845600
5496.350098	-58.192009
5501.733398	-54.484570
5507.116699	-51.889492
5512.500000	-51.774529
5517.883301	-52.338478
5523.266602	-53.136711
5528.649902	-54.580273
5534.033203	-56.256100
5539.416504	-55.684155
5544.799805	-57.576145
5550.183105	-59.470646
5555.566406	-61.923653
5560.949707	-81.794159
5566.333008	-62.197186
5571.716309	-59.180801
5577.099609	-61.648563
5582.482910	-57.734634
5587.866211	-54.961113
5593.249512	-53.275887
5598.632812	-53.504185
5604.016113	-54.357914
5609.399414	-53.508450
5614.782715	-52.657845
5620.166016	-52.357231
5625.549316	-53.045605
5630.932617	-55.017597
5636.315918	-55.200394
5641.699219	-56.260040
5647.082520	-60.005161
5652.465820	-61.287010
5657.849121	-63.461143
5663.232422	-60.149105
5668.615723	-57.798290
5673.999023	-55.866032
5679.382324	-55.181431
5684.765625	-54.519333
5690.148926	-52.736736
5695.532227	-52.914318
5700.915527	-52.770390
5706.298828	-52.032520
5711.682129	-53.290363
5717.065430	-53.966515
5722.448730	-54.637810
5727.832031	-54.815933
5733.215332	-54.728054
5738.598633	-57.243240
5743.981934	-60.101139
5749.365234	-61.061039
5754.748535	-62.970345
5760.131836	-61.464390
5765.515137	-58.554863
5770.898438	-57.706890
5776.281738	-56.054264
5781.665039	-55.401951
5787.048340	-55.999210
5792.431641	-56.540314
5797.814941	-55.500233
5803.198242	-54.866539
5808.581543	-55.112541
5813.964844	-56.536404
5819.348145	-57.908249
5824.731445	-58.197838
5830.114746	-59.271965
5835.498047	-59.886127
5840.881348	-60.395519
5846.264648	-61.006554
5851.647949	-58.374840
5857.031250	-58.070202
5862.414551	-58.933895
5867.797852	-58.065502
5873.181152	-57.794281
5878.564453	-60.131485
5883.947754	-63.821526
5889.331055	-67.587852
5894.714355	-62.063095
5900.097656	-59.902294
5905.480957	-58.809505
5910.864258	-58.626694
5916.247559	-59.503319
5921.630859	-61.248844
5927.014160	-61.644512
5932.397461	-63.507252
5937.780762	-63.769791
5943.164062	-62.592133
5948.547363	-65.597244
5953.930664	-65.255692
5959.313965	-62.415802
5964.697266	-61.438076
5970.080566	-60.894604
5975.463867	-60.040352
5980.847168	-59.928455
5986.230469	-60.514271
5991.613770	-60.371666
5996.997070	-58.130726
6002.380371	-57.352253
6007.763672	-56.151058
6013.146973	-55.260529
6018.530273	-55.799206
6023.913574	-56.139057
6029.296875	-55.416790
6034.680176	-57.505562
6040.063477	-55.241734
6045.446777	-55.791260
6050.830078	-56.391075
6056.213379	-56.656235
6061.596680	-57.016132
6066.979980	-57.031040
6072.363281	-56.522686
6077.746582	-58.524483
6083.129883	-60.791332
6088.513184	-59.607281
6093.896484	-59.485672
6099.279785	-61.656513
6104.663086	-61.731510
6110.046387	-64.064819
6115.429688	-63.274048
6120.812988	-64.836357
6126.196289	-61.993359
6131.579590	-58.798283
6136.962891	-57.463535
6142.346191	-56.311485
6147.729492	-54.801460
6153.112793	-53.806469
6158.496094	-52.878380
6163.879395	-52.923584
6169.262695	-52.421131
6174.645996	-50.617039
6180.029297	-49.901962
6185.412598	-49.077492
6190.795898	-50.146500
6196.179199	-49.826885
6201.562500	-49.480106
6206.945801	-49.710548
6212.329102	-50.480045
6217.712402	-51.387306
6223.095703	-51.204453
6228.479004	-50.364292
6233.862305	-49.509560
6239.245605	-48.598766
6244.628906	-47.971550
6250.012207	-47.209560
6255.395508	-46.115700
6260.778809	-45.310928
6266.162109	-44.899197
6271.545410	-44.132221
6276.928711	-43.846016
6282.312012	-43.765648
6287.695312	-43.913860
6293.078613	-44.441456
6298.461914	-46.170624
6303.845215	-48.737377
6309.228516	-50.608379
6314.611816	-51.346699
6319.995117	-51.801994
6325.378418	-51.404049
6330.761719	-52.772400
6336.145020	-56.573139
6341.528320	-51.787861
6346.911621	-53.699791
6352.294922	-55.602299
6357.678223	-55.902111
6363.061523	-58.073555
6368.444824	-59.861320
6373.828125	-62.265816
6379.211426	-63.600903
6384.594727	-65.786491
6389.978027	-71.826431
6395.361328	-76.584541
6400.744629	-69.830635
6406.127930	-65.097672
6411.511230	-61.688820
6416.894531	-59.221336
6422.277832	-58.539993
6427.661133	-55.536293
6433.044434	-53.420803
6438.427734	-52.977962
6443.811035	-52.551243
6449.194336	-52.625103
6454.577637	-52.571461
6459.960938	-53.289017
6465.344238	-54.203510
6470.727539	-55.556190
6476.110840	-57.513374
6481.494141	-59.997658
6486.877441	-60.351242
6492.260742	-62.532867
6497.644043	-63.658466
6503.027344	-64.404182
6508.410645	-66.685837
6513.793945	-68.038124
6519.177246	-67.130875
6524.560547	-65.530540
6529.943848	-64.953964
6535.327148	-64.360970
6540.710449	-67.472000
6546.093750	-74.354889
6551.477051	-66.629959
6556.860352	-69.297005
6562.243652	-66.536552
6567.626953	-69.453217
6573.010254	-76.217430
6578.393555	-81.573830
6583.776855	-70.669846
6589.160156	-72.794991
6594.543457	-76.201141
6599.926758	-73.093285
6605.310059	-71.588150
6610.693359	-67.424667
6616.076660	-65.258972
6621.459961	-63.211205
6626.843262	-62.069752
6632.226562	-61.660973
6637.609863	-65.603561
6642.993164	-66.291199
6648.376465	-64.035851
6653.759766	-64.542404
6659.143066	-65.480652
6664.526367	-69.139717
6669.909668	-74.975876
6675.292969	-83.929283
6680.676270	-74.362480
6686.059570	-67.006241
6691.442871	-62.281464
6696.826172	-63.613110
6702.209473	-75.607254
6707.592773	-63.177425
6712.976074	-60.824726
6718.359375	-59.033653
6723.742676	-58.314503
6729.125977	-57.723507
6734.509277	-57.403301
6739.892578	-59.356766
6745.275879	-60.194054
6750.659180	-61.350636
6756.042480	-62.874504
6761.425781	-65.565895
6766.809082	-67.011322
6772.192383	-68.334435
6777.575684	-69.866867
6782.958984	-66.176758
6788.342285	-62.764687
6793.725586	-60.902927
6799.108887	-59.843056
6804.492188	-57.530735
6809.875488	-56.737499
6815.258789	-56.768982
6820.642090	-57.086185
6826.025391	-57.046242
6831.408691	-57.562534
6836.791992	-58.242939
6842.175293	-59.108513
6847.558594	-59.590359
6852.941895	-60.683918
6858.325195	-61.582497
6863.708496	-64.492905
6869.091797	-70.450394
6874.475098	-70.588768
6879.858398	-71.647858
6885.241699	-68.360222
6890.625000	-65.459190
6896.008301	-62.955799
6901.391602	-61.483719
6906.774902	-60.222790
6912.158203	-59.982685
6917.541504	-60.462902
6922.924805	-60.737797
6928.308105	-64.455200
6933.691406	-62.542686
6939.074707	-63.029224
6944.458008	-64.766922
6949.841309	-65.492943
6955.224609	-65.100357
6960.607910	-63.607498
6965.991211	-64.329163
6971.374512	-64.496651
6976.757812	-66.383858
6982.141113	-68.797112
6987.524414	-70.685524
6992.907715	-80.661957
6998.291016	-74.641556
7003.674316	-73.113884
7009.057617	-74.916229
7014.440918	-73.024742
7019.824219	-69.262970
7025.207520	-69.208755
7030.590820	-66.806877
7035.974121	-66.086571
7041.357422	-65.230865
7046.740723	-64.356079
7052.124023	-64.546043
7057.507324	-63.657070
7062.890625	-63.683037
7068.273926	-63.956684
7073.657227	-64.138710
7079.040527	-64.185043
7084.423828	-64.785355
7089.807129	-65.235840
7095.190430	-63.998379
7100.573730	-63.892998
7105.957031	-62.698887
7111.340332	-62.120712
7116.723633	-61.810974
7122.106934	-60.642113
7127.490234	-60.636360
7132.873535	-60.619453
7138.256836	-61.192253
7143.640137	-62.125629
7149.023438	-62.382504
7154.406738	-62.680408
7159.790039	-62.891563
7165.173340	-63.122456
7170.556641	-63.311176
7175.939941	-63.167793
7181.323242	-63.376354
7186.706543	-64.156624
7192.089844	-64.791008
7197.473145	-64.611725
7202.856445	-63.549686
7208.239746	-63.438488
7213.623047	-62.471027
7219.006348	-61.769829
7224.389648	-61.654469
7229.772949	-61.610420
7235.156250	-61.364250
7240.539551	-61.400959
7245.922852	-61.590496
7251.306152	-61.995304
7256.689453	-62.852180
7262.072754	-64.010628
7267.456055	-65.286362
7272.839355	-65.486694
7278.222656	-64.995422
7283.605957	-65.234123
7288.989258	-66.374992
7294.372559	-66.658157
7299.755859	-66.313103
7305.139160	-65.958679
7310.522461	-66.306351
7315.905762	-66.116760
7321.289062	-67.054146
7326.672363	-67.211311
7332.055664	-67.020691
7337.438965	-66.853905
7342.822266	-66.756546
7348.205566	-66.479797
7353.588867	-66.919121
7358.972168	-68.874710
7364.355469	-73.146751
7369.738770	-78.766991
7375.122070	-76.726814
7380.505371	-73.099716
7385.888672	-69.933723
7391.271973	-67.285812
7396.655273	-65.635033
7402.038574	-64.068802
7407.421875	-62.923458
7412.805176	-62.335873
7418.188477	-61.976166
7423.571777	-61.888432
7428.955078	-61.969658
7434.338379	-62.128208
7439.721680	-62.505756
7445.104980	-63.214420
7450.488281	-63.935677
7455.871582	-64.977005
7461.254883	-66.459679
7466.638184	-68.626785
7472.021484	-71.434921
7477.404785	-73.135063
7482.788086	-73.415077
7488.171387	-71.940552
7493.554688	-70.386345
7498.937988	-68.888206
7504.321289	-67.485672
7509.704590	-66.300545
7515.087891	-65.835350
7520.471191	-65.484589
7525.854492	-65.543892
7531.237793	-65.769554
7536.621094	-65.981728
7542.004395	-66.186974
7547.387695	-66.764648
7552.770996	-68.056534
7558.154297	-69.817917
7563.537598	-71.890137
7568.920898	-71.240952
7574.304199	-72.116043
7579.687500	-74.182701
7585.070801	-79.154594
7590.454102	-93.835426
7595.837402	-85.716400
7601.220703	-80.166679
7606.604004	-77.686546
7611.987305	-76.569870
7617.370605	-75.463158
7622.753906	-74.780304
7628.137207	-74.178520
7633.520508	-74.080666
7638.903809	-74.475716
7644.287109	-74.660454
7649.670410	-74.923462
7655.053711	-75.082298
7660.437012	-74.787163
7665.820312	-74.686722
7671.203613	-76.687523
7676.586914	-80.567444
7681.970215	-81.501640
7687.353516	-79.924484
7692.736816	-80.125191
7698.120117	-83.219215
7703.503418	-86.631676
7708.886719	-83.285095
7714.270020	-85.615730
7719.653320	-84.343437
7725.036621	-82.321251
7730.419922	-81.280632
7735.803223	-79.562775
7741.186523	-78.652901
7746.569824	-78.250320
7751.953125	-77.375397
7757.336426	-76.045753
7762.719727	-75.588882
7768.103027	-75.539024
7773.486328	-74.870102
7778.869629	-74.702209
7784.252930	-73.935753
7789.636230	-73.434624
7795.019531	-73.275887
7800.402832	-73.260750
7805.786133	-72.976318
7811.169434	-73.345474
7816.552734	-73.916664
7821.936035	-74.556221
7827.319336	-75.261826
7832.702637	-76.386719
7838.085938	-76.332260
7843.469238	-76.445900
7848.852539	-75.560196
7854.235840	-75.426445
7859.619141	-74.643311
7865.002441	-73.320892
7870.385742	-71.817810
7875.769043	-70.771500
7881.152344	-69.940933
7886.535645	-69.733429
7891.918945	-69.632118
7897.302246	-69.861580
7902.685547	-70.303337
7908.068848	-71.142334
7913.452148	-72.676186
7918.835449	-74.578072
7924.218750	-77.801323
7929.602051	-83.601624
7934.985352	-89.592735
7940.368652	-81.728027
7945.751953	-76.905769
7951.135254	-73.500038
7956.518555	-70.788765
7961.901855	-69.248421
7967.285156	-68.110146
7972.668457	-67.211670
7978.051758	-66.893875
7983.435059	-66.607399
7988.818359	-66.674950
7994.201660	-66.991234
7999.584961	-67.718506
8004.968262	-68.471069
8010.351562	-69.799767
8015.734863	-71.847916
8021.118164	-74.986115
8026.501465	-79.847656
8031.884766	-93.663223
8037.268066	-84.469322
8042.651367	-78.644684
8048.034668	-74.428719
8053.417969	-72.124229
8058.801270	-70.786743
8064.184570	-69.797325
8069.567871	-69.123482
8074.951172	-68.897408
8080.334473	-69.032372
8085.717773	-69.410545
8091.101074	-69.816895
8096.484375	-70.638016
8101.867676	-71.662292
8107.250977	-72.526939
8112.634277	-73.108978
8118.017578	-73.231476
8123.400879	-72.504951
8128.784180	-71.232933
8134.167480	-70.219200
8139.550781	-69.348312
8144.934082	-68.479118
8150.317383	-68.071556
8155.700684	-67.889198
8161.083984	-67.885796
8166.467285	-68.142876
8171.850586	-68.443787
8177.233887	-69.077675
8182.617188	-70.294609
8188.000488	-71.564445
8193.383789	-73.245605
8198.767090	-75.624519
8204.150391	-78.273209
8209.533691	-80.014290
8214.916992	-80.417007
8220.300293	-76.508987
8225.683594	-73.499969
8231.066895	-71.448967
8236.450195	-69.972908
8241.833496	-68.712219
8247.216797	-67.769844
8252.600098	-66.982330
8257.983398	-66.595222
8263.366699	-66.330162
8268.750000	-66.224991
8274.133301	-66.235023
8279.516602	-66.461311
8284.899902	-66.998619
8290.283203	-67.670822
8295.666504	-68.508850
8301.049805	-69.656708
8306.433105	-71.350365
8311.816406	-73.246841
8317.199707	-75.547722
8322.583008	-78.244591
8327.966309	-77.767975
8333.349609	-75.014420
8338.732910	-72.394104
8344.116211	-70.485832
8349.499512	-68.698242
8354.882812	-67.260017
8360.266113	-66.143311
8365.649414	-65.379196
8371.032715	-64.773384
8376.416016	-64.328697
8381.799316	-63.997440
8387.182617	-63.952538
8392.565918	-64.069443
8397.949219	-64.314117
8403.332520	-64.728813
8408.715820	-65.414650
8414.099121	-66.318008
8419.482422	-67.405243
8424.865723	-68.728798
8430.249023	-70.514900
8435.632324	-72.528091
8441.015625	-74.117821
8446.398926	-73.702019
8451.782227	-72.357857
8457.165527	-70.511337
8462.548828	-68.638992
8467.932129	-67.190193
8473.315430	-66.207001
8478.698730	-65.395576
8484.082031	-64.858795
8489.465332	-64.516869
8494.848633	-64.518509
8500.231934	-64.653290
8505.615234	-65.007759
8510.998535	-65.488815
8516.381836	-66.062798
8521.765137	-67.226234
8527.148438	-68.866310
8532.531738	-70.511726
8537.915039	-72.024300
8543.298340	-73.765053
8548.681641	-75.319038
8554.064941	-74.782990
8559.448242	-74.744286
8564.831543	-73.467140
8570.214844	-70.357742
8575.598145	-69.416519
8580.981445	-68.945374
8586.364746	-68.770950
8591.748047	-68.590622
8597.131348	-68.552094
8602.514648	-68.688614
8607.897949	-68.955017
8613.281250	-69.603783
8618.664551	-70.342270
8624.047852	-71.294296
8629.431152	-71.977615
8634.814453	-72.898087
8640.197754	-74.481163
8645.581055	-76.718880
8650.964355	-79.427361
8656.347656	-83.574142
8661.730957	-84.571548
8667.114258	-80.405144
8672.497559	-77.245583
8677.880859	-75.364510
8683.264160	-73.455338
8688.647461	-72.142754
8694.030762	-71.081680
8699.414062	-70.377327
8704.797363	-70.022614
8710.180664	-69.898956
8715.563965	-70.133949
8720.947266	-70.467857
8726.330566	-71.055138
8731.713867	-72.192543
8737.097168	-73.773003
8742.480469	-75.532829
8747.863770	-77.094246
8753.247070	-76.605049
8758.630371	-74.820465
8764.013672	-72.543465
8769.396973	-70.615303
8774.780273	-68.917526
8780.163574	-67.600159
8785.546875	-66.707901
8790.930176	-66.061058
8796.313477	-65.591019
8801.696777	-65.372185
8807.080078	-65.389038
8812.463379	-65.681442
8817.846680	-66.173714
8823.229980	-66.857727
8828.613281	-67.665466
8833.996582	-68.793961
8839.379883	-70.219986
8844.763184	-71.903923
8850.146484	-73.443260
8855.529785	-74.181267
8860.913086	-74.295265
8866.296387	-73.693008
8871.679688	-72.640205
8877.062988	-71.445770
8882.446289	-70.591629
8887.829590	-69.851822
8893.212891	-69.360687
8898.596191	-69.041824
8903.979492	-68.964195
8909.362793	-69.080429
8914.746094	-69.342178
8920.129395	-69.812904
8925.512695	-70.540253
8930.895996	-71.590240
8936.279297	-73.041779
8941.662598	-74.500420
8947.045898	-76.032219
8952.429199	-77.195717
8957.812500	-76.706284
8963.195801	-75.284416
8968.579102	-73.859383
8973.962402	-72.839775
8979.345703	-72.095413
8984.729004	-71.814468
8990.112305	-71.860237
8995.495605	-72.321213
9000.878906	-73.297676
9006.262207	-74.466881
9011.645508	-75.328484
9017.028809	-77.049927
9022.412109	-79.465134
9027.795410	-80.195839
9033.178711	-79.923805
9038.562012	-78.369438
9043.945312	-75.555771
9049.328613	-72.890686
9054.711914	-70.699150
9060.095215	-68.875572
9065.478516	-67.467720
9070.861816	-66.384544
9076.245117	-65.487526
9081.628418	-64.957153
9087.011719	-64.600067
9092.395020	-64.466003
9097.778320	-64.575516
9103.161621	-64.867363
9108.544922	-65.484993
9113.928223	-66.445503
9119.311523	-67.668671
9124.694824	-69.020004
9130.078125	-70.541451
9135.461426	-71.845604
9140.844727	-72.081413
9146.228027	-71.258926
9151.611328	-69.762024
9156.994629	-68.294884
9162.377930	-67.150688
9167.761230	-66.416946
9173.144531	-65.860725
9178.527832	-65.390503
9183.911133	-65.142632
9189.294434	-65.049194
9194.677734	-65.003227
9200.061035	-65.187515
9205.444336	-65.405075
9210.827637	-65.794685
9216.210938	-66.361794
9221.594238	-66.953888
9226.977539	-67.777542
9232.360840	-68.706009
9237.744141	-69.320503
9243.127441	-69.967712
9248.510742	-70.470444
9253.894043	-70.630905
9259.277344	-70.296463
9264.660645	-69.696083
9270.043945	-69.354195
9275.427246	-69.523560
9280.810547	-69.874725
9286.193848	-69.967545
9291.577148	-69.975121
9296.960449	-69.816368
9302.343750	-69.705643
9307.727051	-69.522888
9313.110352	-69.362541
9318.493652	-69.551392
9323.876953	-70.095688
9329.260254	-70.445297
9334.643555	-71.079102
9340.026855	-72.124771
9345.410156	-73.404129
9350.793457	-75.428123
9356.176758	-77.865707
9361.560059	-80.460922
9366.943359	-81.363831
9372.326660	-81.406479
9377.709961	-83.187042
9383.093262	-82.375359
9388.476562	-79.973282
9393.859863	-78.534988
9399.243164	-76.770996
9404.626465	-75.569855
9410.009766	-74.915176
9415.393066	-74.179733
9420.776367	-73.597908
9426.159668	-73.520683
9431.542969	-73.346626
9436.926270	-73.293114
9442.309570	-73.634705
9447.692871	-74.176826
9453.076172	-74.823845
9458.459473	-75.106796
9463.842773	-74.973526
9469.226074	-75.029800
9474.609375	-74.884262
9479.992676	-74.124374
9485.375977	-73.252159
9490.759277	-72.550499
9496.142578	-71.783966
9501.525879	-71.193764
9506.909180	-70.989967
9512.292480	-70.915161
9517.675781	-71.001701
9523.059082	-71.357208
9528.442383	-71.884819
9533.825684	-72.433784
9539.208984	-73.268982
9544.592285	-74.893555
9549.975586	-76.997047
9555.358887	-79.680504
9560.742188	-82.538620
9566.125488	-82.302193
9571.508789	-80.823219
9576.892090	-78.523140
9582.275391	-76.397400
9587.658691	-74.728462
9593.041992	-73.021912
9598.425293	-71.964104
9603.808594	-71.296577
9609.191895	-70.465996
9614.575195	-69.955284
9619.958496	-69.410095
9625.341797	-69.008728
9630.725098	-68.826248
9636.108398	-68.727188
9641.491699	-68.455635
9646.875000	-68.313538
9652.258301	-69.510086
9657.641602	-71.846718
9663.024902	-72.491501
9668.408203	-72.912041
9673.791504	-73.765450
9679.174805	-75.844810
9684.558105	-78.092575
9689.941406	-78.577827
9695.324707	-77.146156
9700.708008	-75.068123
9706.091309	-72.946320
9711.474609	-71.380821
9716.857910	-69.700493
9722.241211	-68.304436
9727.624512	-67.258583
9733.007812	-66.752136
9738.391113	-66.406075
9743.774414	-66.197479
9749.157715	-66.209114
9754.541016	-66.449745
9759.924316	-66.814270
9765.307617	-67.618484
9770.690918	-68.742157
9776.074219	-69.737305
9781.457520	-70.676201
9786.840820	-71.711426
9792.224121	-72.911552
9797.607422	-75.211365
9802.990723	-78.892128
9808.374023	-82.775047
9813.757324	-83.103966
9819.140625	-80.102943
9824.523926	-77.789162
9829.907227	-76.558540
9835.290527	-75.379723
9840.673828	-74.412392
9846.057129	-73.672394
9851.440430	-73.064209
9856.823730	-72.670547
9862.207031	-72.599953
9867.590332	-72.668304
9872.973633	-72.576302
9878.356934	-72.150696
9883.740234	-71.724571
9889.123535	-71.886452
9894.506836	-72.150131
9899.890137	-72.583107
9905.273438	-73.388771
9910.656738	-74.154800
9916.040039	-74.940895
9921.423340	-76.173500
9926.806641	-77.715240
9932.189941	-79.556732
9937.573242	-81.844597
9942.956543	-83.218399
9948.339844	-81.904297
9953.723145	-79.566467
9959.106445	-77.573715
9964.489746	-75.582710
9969.873047	-74.213097
9975.256348	-72.963448
9980.639648	-72.151604
9986.022949	-71.456841
9991.406250	-70.952721
9996.789551	-70.658073
10002.172852	-70.457245
10007.556152	-70.359367
10012.939453	-70.529144
10018.322754	-70.942596
10023.706055	-71.458588
10029.089355	-72.153641
10034.472656	-72.774208
10039.855957	-73.776085
10045.239258	-74.986565
10050.622559	-76.722214
10056.005859	-78.366653
10061.389160	-80.163002
10066.772461	-82.013306
10072.155762	-83.171486
10077.539062	-83.062172
10082.922363	-81.292526
10088.305664	-79.581367
10093.688965	-77.854218
10099.072266	-76.454239
10104.455566	-75.401787
10109.838867	-74.644608
10115.222168	-74.053307
10120.605469	-73.506393
10125.988770	-73.283722
10131.372070	-73.330162
10136.755371	-73.516357
10142.138672	-73.835243
10147.521973	-74.348824
10152.905273	-75.131126
10158.288574	-76.191338
10163.671875	-77.574005
10169.055176	-79.314529
10174.438477	-81.795708
10179.821777	-84.987160
10185.205078	-88.215775
10190.588379	-88.570648
10195.971680	-85.321045
10201.354980	-82.308235
10206.738281	-80.132469
10212.121582	-78.602776
10217.504883	-77.596840
10222.888184	-76.653214
10228.271484	-76.066452
10233.654785	-75.834412
10239.038086	-75.872292
10244.421387	-76.133888
10249.804688	-76.678429
10255.187988	-77.470879
10260.571289	-78.670464
10265.954590	-80.265213
10271.337891	-82.353966
10276.721191	-84.517204
10282.104492	-88.226112
10287.487793	-92.078941
10292.871094	-93.709610
10298.254395	-90.771584
10303.637695	-84.871117
10309.020996	-82.700821
10314.404297	-81.906204
10319.787598	-81.702438
10325.170898	-82.527878
10330.554199	-83.911156
10335.937500	-85.851837
10341.320801	-89.261162
10346.704102	-94.771584
10352.087402	-95.540596
10357.470703	-89.667923
10362.854004	-85.138100
10368.237305	-82.287766
10373.620605	-80.508133
10379.003906	-79.603249
10384.387207	-78.533897
10389.770508	-77.991707
10395.153809	-77.791481
10400.537109	-77.445496
10405.920410	-77.236954
10411.303711	-76.813293
10416.687012	-76.434471
10422.070312	-75.815201
10427.453613	-75.095161
10432.836914	-74.060028
10438.220215	-72.993736
10443.603516	-72.266556
10448.986816	-71.505569
10454.370117	-70.732231
10459.753418	-70.184654
10465.136719	-69.804558
10470.520020	-69.616997
10475.903320	-69.662971
10481.286621	-69.648262
10486.669922	-69.802094
10492.053223	-70.263779
10497.436523	-70.878014
10502.819824	-71.641708
10508.203125	-72.011810
10513.586426	-71.696014
10518.969727	-71.043167
10524.353027	-70.525566
10529.736328	-70.062706
10535.119629	-69.397430
10540.502930	-68.759827
10545.886230	-68.274773
10551.269531	-67.847282
10556.652832	-67.560745
10562.036133	-67.424408
10567.419434	-67.434052
10572.802734	-67.602249
10578.186035	-67.912987
10583.569336	-68.274849
10588.952637	-68.770782
10594.335938	-69.146584
10599.719238	-69.507401
10605.102539	-69.708321
10610.485840	-69.869133
10615.869141	-70.070908
10621.252441	-70.122063
10626.635742	-70.240387
10632.019043	-70.250298
10637.402344	-70.218742
10642.785645	-70.087524
10648.168945	-70.077858
10653.552246	-70.124985
10658.935547	-70.263214
10664.318848	-70.414230
10669.702148	-70.580841
10675.085449	-70.750420
10680.468750	-70.979347
10685.852051	-71.242142
10691.235352	-71.547867
10696.618652	-71.869774
10702.001953	-72.375992
10707.385254	-72.940887
10712.768555	-73.885368
10718.151855	-74.749245
10723.535156	-76.108627
10728.918457	-77.146988
10734.301758	-78.135582
10739.685059	-78.948486
10745.068359	-78.894600
10750.451660	-79.091019
10755.834961	-78.379433
10761.218262	-77.565056
10766.601562	-76.697365
10771.984863	-76.057449
10777.368164	-75.588707
10782.751465	-75.491234
10788.134766	-75.981300
10793.518066	-76.974739
10798.901367	-78.585968
10804.284668	-80.683510
10809.667969	-82.834206
10815.051270	-84.648270
10820.434570	-83.993240
10825.817871	-81.993591
10831.201172	-79.357292
10836.584473	-77.008278
10841.967773	-75.232674
10847.351074	-73.883026
10852.734375	-72.875122
10858.117676	-72.196220
10863.500977	-71.827309
10868.884277	-71.696098
10874.267578	-72.063675
10879.650879	-72.672859
10885.034180	-73.440216
10890.417480	-74.251236
10895.800781	-75.452660
10901.184082	-76.734161
10906.567383	-77.686508
10911.950684	-78.193626
10917.333984	-78.430084
10922.717285	-78.636497
10928.100586	-78.637375
10933.483887	-78.249229
10938.867188	-78.320412
10944.250488	-78.628105
10949.633789	-79.070786
10955.017090	-79.418015
10960.400391	-79.719406
10965.783691	-79.632675
10971.166992	-79.687828
10976.550293	-79.603104
10981.933594	-79.924591
10987.316895	-80.651443
10992.700195	-81.080704
10998.083496	-80.910408
11003.466797	-79.982018
11008.850098	-79.007698
11014.233398	-78.598450
11019.616699	-78.678459
11025.000000	-78.518036
11030.383301	-78.339378
11035.766602	-78.328438
11041.149902	-78.733246
11046.533203	-78.318405
11051.916504	-77.380638
11057.299805	-76.340469
11062.683105	-75.659714
11068.066406	-75.291420
11073.449707	-74.902412
11078.833008	-74.947487
11084.216309	-75.183624
11089.599609	-75.937042
11094.982910	-77.069092
11100.366211	-78.962090
11105.749512	-81.590034
11111.132812	-85.922493
11116.516113	-96.752800
11121.899414	-88.974289
11127.282715	-82.624329
11132.666016	-78.925652
11138.049316	-76.564430
11143.432617	-74.956863
11148.815918	-73.838593
11154.199219	-73.016945
11159.582520	-72.679779
11164.965820	-72.494247
11170.349121	-72.602097
11175.732422	-73.008728
11181.115723	-73.413712
11186.499023	-74.400711
11191.882324	-75.568802
11197.265625	-76.939423
11202.648926	-78.592979
11208.032227	-80.018143
11213.415527	-80.270752
11218.798828	-79.726860
11224.182129	-78.917030
11229.565430	-78.144485
11234.948730	-77.760773
11240.332031	-77.615692
11245.715332	-77.740936
11251.098633	-77.254944
11256.481934	-76.799217
11261.865234	-76.533752
11267.248535	-76.406677
11272.631836	-76.705444
11278.015137	-77.025299
11283.398438	-77.234642
11288.781738	-77.634827
11294.165039	-78.405136
11299.548340	-79.103874
11304.931641	-79.950790
11310.314941	-81.094299
11315.698242	-81.867500
11321.081543	-82.523346
11326.464844	-82.369049
11331.848145	-81.863953
11337.231445	-81.370781
11342.614746	-80.173981
11347.998047	-79.232819
11353.381348	-78.122971
11358.764648	-77.063751
11364.147949	-76.405701
11369.531250	-75.653099
11374.914551	-74.845726
11380.297852	-74.442093
11385.681152	-74.229065
11391.064453	-73.789871
11396.447754	-73.480545
11401.831055	-73.633720
11407.214355	-73.915611
11412.597656	-74.223900
11417.980957	-74.924881
11423.364258	-75.936943
11428.747559	-76.986908
11434.130859	-78.419518
11439.514160	-80.361900
11444.897461	-83.010445
11450.280762	-86.972038
11455.664062	-93.847427
11461.047363	-105.502411
11466.430664	-92.369911
11471.813965	-87.347504
11477.197266	-84.422501
11482.580566	-83.008987
11487.963867	-82.116638
11493.347168	-81.646576
11498.730469	-81.527336
11504.113770	-81.776619
11509.497070	-83.097099
11514.880371	-85.186478
11520.263672	-88.385170
11525.646973	-93.832085
11531.030273	-100.314232
11536.413574	-91.084206
11541.796875	-85.873550
11547.180176	-82.485504
11552.563477	-80.417099
11557.946777	-78.586220
11563.330078	-77.143166
11568.713379	-76.167603
11574.096680	-75.828621
11579.479980	-75.762314
11584.863281	-75.887337
11590.246582	-76.052826
11595.629883	-76.538422
11601.013184	-77.289574
11606.396484	-78.323250
11611.779785	-79.670372
11617.163086	-81.342964
11622.546387	-82.995888
11627.929688	-85.368378
11633.312988	-86.576805
11638.696289	-85.921883
11644.079590	-85.326355
11649.462891	-85.580292
11654.846191	-85.821907
11660.229492	-85.391441
11665.612793	-85.776093
11670.996094	-85.434204
11676.379395	-84.743057
11681.762695	-83.245583
11687.145996	-81.913170
11692.529297	-81.917862
11697.912598	-82.148033
11703.295898	-81.187134
11708.679199	-80.158676
11714.062500	-79.103157
11719.445801	-78.156761
11724.829102	-77.376305
11730.212402	-77.018501
11735.595703	-76.654411
11740.979004	-76.418762
11746.362305	-76.325226
11751.745605	-76.680382
11757.128906	-77.032486
11762.512207	-77.564888
11767.895508	-78.251602
11773.278809	-79.289635
11778.662109	-80.347931
11784.045410	-81.271698
11789.428711	-81.529366
11794.812012	-81.813950
11800.195312	-81.106010
11805.578613	-80.387695
11810.961914	-79.581062
11816.345215	-78.517319
11821.728516	-77.747566
11827.111816	-77.016418
11832.495117	-76.482933
11837.878418	-76.130798
11843.261719	-75.827309
11848.645020	-75.639954
11854.028320	-75.628067
11859.411621	-75.597031
11864.794922	-75.520638
11870.178223	-75.606430
11875.561523	-75.680206
11880.944824	-75.873116
11886.328125	-76.401062
11891.711426	-77.305946
11897.094727	-78.227676
11902.478027	-79.302994
11907.861328	-80.289551
11913.244629	-81.173149
11918.627930	-81.828400
11924.011230	-82.584282
11929.394531	-82.743111
11934.777832	-82.577888
11940.161133	-82.190750
11945.544434	-81.074631
11950.927734	-80.010155
11956.311035	-79.164803
11961.694336	-78.539574
11967.077637	-77.724419
11972.460938	-76.945854
11977.844238	-76.061539
11983.227539	-75.437241
11988.610840	-74.976654
11993.994141	-74.623070
11999.377441	-74.717682
12004.760742	-74.861687
12010.144043	-75.301674
12015.527344	-76.100182
12020.910645	-76.818947
12026.293945	-77.837486
12031.677246	-78.792885
12037.060547	-79.849403
12042.443848	-80.790154
12047.827148	-80.951759
12053.210449	-80.073639
12058.593750	-78.898056
12063.977051	-77.692520
12069.360352	-76.743645
12074.743652	-75.799683
12080.126953	-75.352890
12085.510254	-75.063660
12090.893555	-74.867035
12096.276855	-75.094566
12101.660156	-75.585327
12107.043457	-76.267067
12112.426758	-76.881981
12117.810059	-77.618416
12123.193359	-78.496765
12128.576660	-79.370262
12133.959961	-80.655731
12139.343262	-81.858421
12144.726562	-82.662415
12150.109863	-83.043648
12155.493164	-82.882362
12160.876465	-82.720459
12166.259766	-82.517906
12171.643066	-82.612816
12177.026367	-82.886391
12182.409668	-83.599182
12187.792969	-84.638840
12193.176270	-85.562035
12198.559570	-87.034019
12203.942871	-87.522247
12209.326172	-86.302460
12214.709473	-84.707298
12220.092773	-82.423180
12225.476074	-79.838165
12230.859375	-77.311501
12236.242676	-75.990707
12241.625977	-75.721016
12247.009277	-75.939636
12252.392578	-76.477753
12257.775879	-76.721855
12263.159180	-77.439568
12268.542480	-78.335846
12273.925781	-79.293556
12279.309082	-80.529358
12284.692383	-82.962135
12290.075684	-86.655167
12295.458984	-90.168823
12300.842285	-86.617317
12306.225586	-85.441933
12311.608887	-84.589897
12316.992188	-84.624283
12322.375488	-86.605415
12327.758789	-85.427956
12333.142090	-83.284630
12338.525391	-81.644989
12343.908691	-81.681618
12349.291992	-82.039734
12354.675293	-82.932976
12360.058594	-83.666725
12365.441895	-83.815918
12370.825195	-85.069656
12376.208496	-85.724686
12381.591797	-86.505287
12386.975098	-87.639763
12392.358398	-89.006165
12397.741699	-89.219345
12403.125000	-89.246513
12408.508301	-88.560539
12413.891602	-88.459953
12419.274902	-87.895348
12424.658203	-86.815491
12430.041504	-86.066132
12435.424805	-85.193817
12440.808105	-85.146507
12446.191406	-84.532776
12451.574707	-84.500420
12456.958008	-84.348335
12462.341309	-84.841454
12467.724609	-84.541847
12473.107910	-85.038818
12478.491211	-85.390182
12483.874512	-85.143974
12489.257812	-84.691978
12494.641113	-83.678177
12500.024414	-82.194283
12505.407715	-80.735062
12510.791016	-79.225906
12516.174316	-77.449249
12521.557617	-76.303818
12526.940918	-75.671867
12532.324219	-75.620262
12537.707520	-76.012276
12543.090820	-76.673843
12548.474121	-77.638176
12553.857422	-79.017937
12559.240723	-80.438492
12564.624023	-82.287270
12570.007324	-84.343117
12575.390625	-84.681046
12580.773926	-84.529610
12586.157227	-84.087219
12591.540527	-82.295219
12596.923828	-80.911705
12602.307129	-80.032707
12607.690430	-79.490036
12613.073730	-79.298355
12618.457031	-79.099815
12623.840332	-79.322479
12629.223633	-79.528564
12634.606934	-80.226532
12639.990234	-81.375626
12645.373535	-83.196571
12650.756836	-85.512947
12656.140137	-86.433655
12661.523438	-86.627754
12666.906738	-85.593315
12672.290039	-84.465904
12677.673340	-83.109070
12683.056641	-81.952858
12688.439941	-80.855339
12693.823242	-80.040253
12699.206543	-79.263420
12704.589844	-78.859100
12709.973145	-79.017921
12715.356445	-79.342880
12720.739746	-79.701492
12726.123047	-80.472084
12731.506348	-81.259575
12736.889648	-82.576988
12742.272949	-83.349922
12747.656250	-83.157501
12753.039551	-84.108963
12758.422852	-85.147560
12763.806152	-85.798607
12769.189453	-85.385033
12774.572754	-85.062683
12779.956055	-84.540443
12785.339355	-83.490005
12790.722656	-83.098961
12796.105957	-82.552948
12801.489258	-82.084625
12806.872559	-81.886528
12812.255859	-81.796059
12817.639160	-81.940018
12823.022461	-82.147758
12828.405762	-82.661224
12833.789062	-82.781303
12839.172363	-83.161461
12844.555664	-83.644356
12849.938965	-83.748596
12855.322266	-84.491310
12860.705566	-84.991379
12866.088867	-85.448715
12871.472168	-86.658813
12876.855469	-87.386391
12882.238770	-88.101051
12887.622070	-88.497101
12893.005371	-90.037956
12898.388672	-93.181694
12903.771973	-95.536034
12909.155273	-94.029861
12914.538574	-89.763489
12919.921875	-86.636543
12925.305176	-84.047569
12930.688477	-82.475555
12936.071777	-81.476875
12941.455078	-80.517189
12946.838379	-80.129051
12952.221680	-80.034126
12957.604980	-80.376587
12962.988281	-82.036232
12968.371582	-83.751434
12973.754883	-82.003372
12979.138184	-79.734047
12984.521484	-78.690392
12989.904785	-77.841019
12995.288086	-76.777664
13000.671387	-75.708969
13006.054688	-75.135925
13011.437988	-74.987740
13016.821289	-75.440414
13022.204590	-75.735146
13027.587891	-75.317978
13032.971191	-74.938110
13038.354492	-74.457893
13043.737793	-74.070305
13049.121094	-73.997772
13054.504395	-74.860710
13059.887695	-76.562981
13065.270996	-78.716942
13070.654297	-81.655807
13076.037598	-83.481171
13081.420898	-79.356133
13086.804199	-76.664436
13092.187500	-75.631805
13097.570801	-75.218079
13102.954102	-75.117348
13108.337402	-74.797035
13113.720703	-74.291199
13119.104004	-73.884850
13124.487305	-73.465080
13129.870605	-73.177689
13135.253906	-73.166397
13140.637207	-73.564575
13146.020508	-74.045929
13151.403809	-74.497345
13156.787109	-74.882988
13162.170410	-75.159904
13167.553711	-75.393944
13172.937012	-75.430573
13178.320312	-75.522934
13183.703613	-75.383934
13189.086914	-75.211472
13194.470215	-75.004860
13199.853516	-74.830399
13205.236816	-74.980064
13210.620117	-75.376358
13216.003418	-76.075432
13221.386719	-76.984245
13226.770020	-77.833466
13232.153320	-78.112595
13237.536621	-78.038734
13242.919922	-77.760956
13248.303223	-77.537003
13253.686523	-77.219872
13259.069824	-77.194908
13264.453125	-77.402504
13269.836426	-77.889595
13275.219727	-78.273689
13280.603027	-78.635338
13285.986328	-79.825111
13291.369629	-81.605431
13296.752930	-84.207794
13302.136230	-88.499985
13307.519531	-96.585281
13312.902832	-93.507736
13318.286133	-87.384392
13323.669434	-83.605370
13329.052734	-81.264977
13334.436035	-79.753014
13339.819336	-78.999741
13345.202637	-78.375183
13350.585938	-77.982002
13355.969238	-78.264183
13361.352539	-79.339325
13366.735840	-81.004196
13372.119141	-83.382935
13377.502441	-86.712318
13382.885742	-90.128769
13388.269043	-90.487274
13393.652344	-87.595734
13399.035645	-84.572319
13404.418945	-81.848846
13409.802246	-79.857658
13415.185547	-78.118996
13420.568848	-77.032173
13425.952148	-76.383102
13431.335449	-76.316383
13436.718750	-76.505470
13442.102051	-77.201508
13447.485352	-77.930145
13452.868652	-78.054893
13458.251953	-77.028709
13463.635254	-75.796104
13469.018555	-75.383484
13474.401855	-75.093185
13479.785156	-75.217125
13485.168457	-75.473557
13490.551758	-75.830414
13495.935059	-76.056503
13501.318359	-75.843582
13506.701660	-74.745468
13512.084961	-73.286194
13517.468262	-71.819153
13522.851562	-70.488472
13528.234863	-69.030228
13533.618164	-67.834518
13539.001465	-67.320503
13544.384766	-67.139648
13549.768066	-67.415222
13555.151367	-68.162659
13560.534668	-69.304153
13565.917969	-71.269463
13571.301270	-73.756592
13576.684570	-77.034859
13582.067871	-80.692383
13587.451172	-84.519859
13592.834473	-90.385208
13598.217773	-96.755165
13603.601074	-90.950890
13608.984375	-87.996666
13614.367676	-86.620644
13619.750977	-85.306824
13625.134277	-83.865097
13630.517578	-83.063431
13635.900879	-82.186333
13641.284180	-81.369110
13646.667480	-80.857689
13652.050781	-80.742096
13657.434082	-80.704224
13662.817383	-80.365334
13668.200684	-80.693810
13673.583984	-81.133568
13678.967285	-81.448349
13684.350586	-82.024422
13689.733887	-82.217155
13695.117188	-81.858879
13700.500488	-82.151337
13705.883789	-81.979836
13711.267090	-81.338074
13716.650391	-80.288322
13722.033691	-79.718643
13727.416992	-79.582909
13732.800293	-79.572922
13738.183594	-80.254990
13743.566895	-81.624382
13748.950195	-82.386513
13754.333496	-82.744667
13759.716797	-82.924995
13765.100098	-82.584389
13770.483398	-82.159714
13775.866699	-81.677429
13781.250000	-81.099037
13786.633301	-81.236336
13792.016602	-81.479393
13797.399902	-81.546432
13802.783203	-81.576729
13808.166504	-80.876755
13813.549805	-79.974579
13818.933105	-78.782570
13824.316406	-78.100571
13829.699707	-77.300507
13835.083008	-76.667641
13840.466309	-76.116882
13845.849609	-75.508667
13851.232910	-74.915314
13856.616211	-74.665657
13861.999512	-74.493240
13867.382812	-74.510246
13872.766113	-74.544952
13878.149414	-74.852837
13883.532715	-75.404388
13888.916016	-76.333374
13894.299316	-77.474052
13899.682617	-79.077995
13905.065918	-81.246170
13910.449219	-83.209831
13915.832520	-84.050285
13921.215820	-82.935356
13926.599121	-80.840569
13931.982422	-78.541077
13937.365723	-76.789001
13942.749023	-75.373337
13948.132324	-74.476151
13953.515625	-73.746429
13958.898926	-73.429161
13964.282227	-73.203621
13969.665527	-73.355644
13975.048828	-73.748466
13980.432129	-74.357063
13985.815430	-75.271866
13991.198730	-76.697746
13996.582031	-78.312988
14001.965332	-80.638397
14007.348633	-84.059883
14012.731934	-87.553841
14018.115234	-85.518997
14023.498535	-81.885193
14028.881836	-79.137787
14034.265137	-76.980270
14039.648438	-75.545837
14045.031738	-74.557945
14050.415039	-73.827271
14055.798340	-73.394348
14061.181641	-73.060837
14066.564941	-72.811844
14071.948242	-72.883110
14077.331543	-73.222054
14082.714844	-73.628975
14088.098145	-74.293785
14093.481445	-75.072243
14098.864746	-75.810272
14104.248047	-76.800980
14109.631348	-77.700226
14115.014648	-78.871040
14120.397949	-80.023376
14125.781250	-80.809280
14131.164551	-82.098892
14136.547852	-83.354759
14141.931152	-83.865868
14147.314453	-85.010292
14152.697754	-86.255585
14158.081055	-85.942734
14163.464355	-87.047653
14168.847656	-88.306816
14174.230957	-90.275894
14179.614258	-93.353058
14184.997559	-102.787743
14190.380859	-96.982536
14195.764160	-91.003807
14201.147461	-87.377678
14206.530762	-85.358948
14211.914062	-83.878075
14217.297363	-82.162003
14222.680664	-80.874268
14228.063965	-79.551056
14233.447266	-78.508499
14238.830566	-77.570511
14244.213867	-76.512932
14249.597168	-76.050201
14254.980469	-75.832748
14260.363770	-75.930626
14265.747070	-76.033516
14271.130371	-76.206161
14276.513672	-76.622398
14281.896973	-77.357353
14287.280273	-78.560280
14292.663574	-79.787926
14298.046875	-81.686195
14303.430176	-84.070038
14308.813477	-86.965874
14314.196777	-90.236092
14319.580078	-93.252670
14324.963379	-89.943237
14330.346680	-86.394409
14335.729980	-83.473648
14341.113281	-81.937622
14346.496582	-80.814369
14351.879883	-80.152817
14357.263184	-79.660980
14362.646484	-79.788933
14368.029785	-79.967537
14373.413086	-80.711586
14378.796387	-81.863953
14384.179688	-83.147942
14389.562988	-84.833755
14394.946289	-86.110519
14400.329590	-86.177567
14405.712891	-84.765556
14411.096191	-82.976555
14416.479492	-81.809616
14421.862793	-80.565948
14427.246094	-79.547791
14432.629395	-78.945686
14438.012695	-78.558891
14443.395996	-78.369370
14448.779297	-78.706680
14454.162598	-79.267021
14459.545898	-80.163696
14464.929199	-81.649651
14470.312500	-84.263153
14475.695801	-87.639305
14481.079102	-93.372826
14486.462402	-100.295532
14491.845703	-89.360146
14497.229004	-84.085625
14502.612305	-80.642380
14507.995605	-78.124138
14513.378906	-75.840141
14518.762207	-73.878738
14524.145508	-72.522781
14529.528809	-71.639374
14534.912109	-71.382217
14540.295410	-71.735985
14545.678711	-72.848183
14551.062012	-74.341820
14556.445312	-75.378922
14561.828613	-76.118607
14567.211914	-76.666573
14572.595215	-77.186226
14577.978516	-77.796318
14583.361816	-78.203476
14588.745117	-78.471016
14594.128418	-78.931580
14599.511719	-79.594833
14604.895020	-79.849121
14610.278320	-80.224464
14615.661621	-80.574120
14621.044922	-80.739273
14626.428223	-81.092247
14631.811523	-81.191666
14637.194824	-81.515221
14642.578125	-81.928917
14647.961426	-82.891090
14653.344727	-83.765274
14658.728027	-84.814262
14664.111328	-85.567680
14669.494629	-86.169357
14674.877930	-87.956749
14680.261230	-88.521454
14685.644531	-87.910072
14691.027832	-87.445671
14696.411133	-86.390984
14701.794434	-85.222862
14707.177734	-83.824074
14712.561035	-82.727226
14717.944336	-81.846069
14723.327637	-81.162788
14728.710938	-81.174103
14734.094238	-80.957062
14739.477539	-80.929489
14744.860840	-81.277832
14750.244141	-81.566017
14755.627441	-81.675110
14761.010742	-82.274620
14766.394043	-83.244392
14771.777344	-84.285522
14777.160645	-84.892807
14782.543945	-85.561638
14787.927246	-86.111740
14793.310547	-87.242744
14798.693848	-89.050713
14804.077148	-90.659706
14809.460449	-92.570694
14814.843750	-96.432358
14820.227051	-98.664742
14825.610352	-99.321541
14830.993652	-94.147919
14836.376953	-90.690987
14841.760254	-88.780487
14847.143555	-86.844193
14852.526855	-85.675629
14857.910156	-84.314186
14863.293457	-83.608521
14868.676758	-83.056252
14874.060059	-82.527496
14879.443359	-81.947395
14884.826660	-81.512039
14890.209961	-81.040245
14895.593262	-80.851326
14900.976562	-80.980804
14906.359863	-81.144501
14911.743164	-81.593437
14917.126465	-81.917656
14922.509766	-82.938950
14927.893066	-84.536797
14933.276367	-86.639854
14938.659668	-90.066940
14944.042969	-97.042015
14949.426270	-97.907677
14954.809570	-90.504784
14960.192871	-86.289505
14965.576172	-84.269707
14970.959473	-82.477211
14976.342773	-81.505577
14981.726074	-80.490303
14987.109375	-78.943977
14992.492676	-77.602119
14997.875977	-76.883690
15003.259277	-76.746239
15008.642578	-76.462395
15014.025879	-76.774986
15019.409180	-77.314926
15024.792480	-77.789345
15030.175781	-78.452820
15035.559082	-79.095459
15040.942383	-79.783058
15046.325684	-80.251915
15051.708984	-79.558777
15057.092285	-78.807259
15062.475586	-77.549767
15067.858887	-76.722305
15073.242188	-76.003403
15078.625488	-74.927254
15084.008789	-74.403206
15089.392090	-74.784950
15094.775391	-75.656219
15100.158691	-76.365761
15105.541992	-77.062187
15110.925293	-77.707436
15116.308594	-78.388451
15121.691895	-78.966255
15127.075195	-80.477676
15132.458496	-80.794060
15137.841797	-79.026474
15143.225098	-78.653656
15148.608398	-78.918549
15153.991699	-79.826897
15159.375000	-80.381920
15164.758301	-80.714729
15170.141602	-80.043716
15175.524902	-78.875443
15180.908203	-77.663170
15186.291504	-77.359062
15191.674805	-77.698059
15197.058105	-77.934731
15202.441406	-78.585922
15207.824707	-79.370010
15213.208008	-80.483307
15218.591309	-81.643768
15223.974609	-83.778336
15229.357910	-86.131828
15234.741211	-88.003654
15240.124512	-90.326965
15245.507812	-92.182518
15250.891113	-92.127190
15256.274414	-86.475708
15261.657715	-81.257774
15267.041016	-77.957169
15272.424316	-76.063660
15277.807617	-75.350243
15283.190918	-75.565994
15288.574219	-76.160965
15293.957520	-77.117874
15299.340820	-77.815338
15304.724121	-78.697174
15310.107422	-79.509872
15315.490723	-80.676147
15320.874023	-82.402145
15326.257324	-84.180824
15331.640625	-85.162750
15337.023926	-85.283157
15342.407227	-86.152847
15347.790527	-87.759369
15353.173828	-89.010406
15358.557129	-89.258415
15363.940430	-85.450691
15369.323730	-81.739365
15374.707031	-79.067940
15380.090332	-77.418335
15385.473633	-76.649315
15390.856934	-76.852890
15396.240234	-77.567085
15401.623535	-78.546806
15407.006836	-80.496140
15412.390137	-81.712639
15417.773438	-82.256042
15423.156738	-83.071564
15428.540039	-83.969193
15433.923340	-84.581650
15439.306641	-84.267700
15444.689941	-84.181198
15450.073242	-83.465065
15455.456543	-82.478859
15460.839844	-81.677711
15466.223145	-80.672119
15471.606445	-80.642761
15476.989746	-81.025269
15482.373047	-81.545052
15487.756348	-82.151634
15493.139648	-82.417458
15498.522949	-82.192963
15503.906250	-81.990211
15509.289551	-81.629311
15514.672852	-81.158531
15520.056152	-81.170815
15525.439453	-81.173347
15530.822754	-81.555435
15536.206055	-81.668221
15541.589355	-82.327431
15546.972656	-82.608101
15552.355957	-83.014786
15557.739258	-84.022400
15563.122559	-85.139687
15568.505859	-86.756294
15573.889160	-90.100899
15579.272461	-94.642815
15584.655762	-89.514542
15590.039062	-85.714111
15595.422363	-83.648064
15600.805664	-82.460098
15606.188965	-81.599091
15611.572266	-81.477646
15616.955566	-80.904419
15622.338867	-80.248650
15627.722168	-79.383568
15633.105469	-78.502953
15638.488770	-77.584122
15643.872070	-77.090294
15649.255371	-76.633781
15654.638672	-76.317032
15660.021973	-76.792610
15665.405273	-77.538498
15670.788574	-78.446396
15676.171875	-79.257553
15681.555176	-80.605614
15686.938477	-81.858284
15692.321777	-82.904625
15697.705078	-83.937767
15703.088379	-84.953262
15708.471680	-86.711754
15713.854980	-87.666153
15719.238281	-89.026070
15724.621582	-91.470711
15730.004883	-92.979942
15735.388184	-96.077690
15740.771484	-96.690994
15746.154785	-95.609550
15751.538086	-98.367653
15756.921387	-109.886940
15762.304688	-101.685974
15767.687988	-99.071930
15773.071289	-98.233597
15778.454590	-97.066925
15783.837891	-93.878731
15789.221191	-92.742958
15794.604492	-92.334496
15799.987793	-90.362411
15805.371094	-89.796280
15810.754395	-88.857819
15816.137695	-88.567024
15821.520996	-88.102699
15826.904297	-88.403000
15832.287598	-87.867104
15837.670898	-87.564682
15843.054199	-88.072227
15848.437500	-86.485222
15853.820801	-85.146126
15859.204102	-84.995438
15864.587402	-85.062164
15869.970703	-84.434097
15875.354004	-84.597893
15880.737305	-84.289459
15886.120605	-84.576233
15891.503906	-84.247948
15896.887207	-84.186707
15902.270508	-84.251488
15907.653809	-83.415367
15913.037109	-82.845551
15918.420410	-82.810555
15923.803711	-82.627769
15929.187012	-82.708191
15934.570312	-82.901611
15939.953613	-83.684120
15945.336914	-83.973053
15950.720215	-83.981903
15956.103516	-84.540634
15961.486816	-85.214188
15966.870117	-85.466179
15972.253418	-84.737419
15977.636719	-84.554855
15983.020020	-83.923065
15988.403320	-83.005379
15993.786621	-82.152145
15999.169922	-81.174179
16004.553223	-81.616142
16009.936523	-81.534851
16015.319824	-80.285942
16020.703125	-79.768555
16026.086426	-80.147995
16031.469727	-80.389603
16036.853027	-80.782196
16042.236328	-81.810402
16047.619629	-83.409912
16053.002930	-86.024986
16058.386230	-89.657578
16063.769531	-96.303940
16069.152832	-98.691574
16074.536133	-92.990593
16079.919434	-89.113609
16085.302734	-86.507317
16090.686035	-84.962029
16096.069336	-83.835457
16101.452637	-83.334183
16106.835938	-81.960617
16112.219238	-80.666847
16117.602539	-79.897606
16122.985840	-79.010506
16128.369141	-77.960510
16133.752441	-77.152550
16139.135742	-77.020294
16144.519043	-77.036888
16149.902344	-77.183220
16155.285645	-77.628586
16160.668945	-78.176399
16166.052246	-78.821465
16171.435547	-78.859589
16176.818848	-79.219490
16182.202148	-79.093941
16187.585449	-79.061768
16192.968750	-79.257942
16198.352051	-79.719948
16203.735352	-79.860359
16209.118652	-80.612381
16214.501953	-81.651176
16219.885254	-82.099838
16225.268555	-83.081535
16230.651855	-83.593193
16236.035156	-82.786377
16241.418457	-82.296089
16246.801758	-82.027458
16252.185059	-81.222733
16257.568359	-80.435104
16262.951660	-79.784897
16268.334961	-79.957603
16273.718262	-80.430855
16279.101562	-81.069420
16284.484863	-81.103622
16289.868164	-81.347427
16295.251465	-81.491287
16300.634766	-81.170540
16306.018066	-81.373550
16311.401367	-81.607269
16316.784668	-81.534546
16322.167969	-81.215523
16327.551270	-80.641602
16332.934570	-80.075249
16338.317871	-79.795868
16343.701172	-79.441460
16349.084473	-79.174210
16354.467773	-79.065025
16359.851074	-79.063080
16365.234375	-79.005486
16370.617676	-78.875046
16376.000977	-78.705055
16381.384277	-78.405968
16386.767578	-78.292770
16392.150879	-77.871208
16397.534180	-78.497749
16402.917480	-80.909920
16408.300781	-85.071144
16413.684082	-86.383606
16419.067383	-84.247704
16424.450684	-83.694977
16429.833984	-82.607483
16435.217285	-83.271896
16440.600586	-84.527367
16445.983887	-85.013611
16451.367188	-84.660545
16456.750488	-84.477249
16462.133789	-84.010872
16467.517090	-82.359932
16472.900391	-80.162025
16478.283691	-77.776062
16483.666992	-76.159950
16489.050293	-74.669212
16494.433594	-73.391197
16499.816895	-72.312042
16505.200195	-71.657036
16510.583496	-71.791222
16515.966797	-72.438728
16521.350098	-73.780884
16526.733398	-75.880173
16532.116699	-78.339928
16537.500000	-81.245705
16542.883301	-85.206635
16548.266602	-88.346596
16553.649902	-89.005188
16559.033203	-85.570007
16564.416504	-82.834450
16569.799805	-80.565636
16575.183105	-78.838921
16580.566406	-77.561615
16585.949707	-76.643730
16591.333008	-76.186836
16596.716309	-76.006180
16602.099609	-75.921181
16607.482910	-76.240044
16612.866211	-77.028778
16618.249512	-77.769051
16623.632812	-78.602783
16629.016113	-79.857597
16634.399414	-81.295174
16639.782715	-82.254906
16645.166016	-83.559227
16650.549316	-85.079811
16655.932617	-88.416420
16661.315918	-93.095955
16666.699219	-96.738472
16672.082520	-93.795059
16677.465820	-89.058853
16682.849121	-86.754242
16688.232422	-85.098816
16693.615723	-84.181091
16698.999023	-83.724953
16704.382324	-83.012985
16709.765625	-83.608391
16715.148926	-84.746017
16720.532227	-86.271919
16725.915527	-88.486687
16731.298828	-90.684166
16736.682129	-92.408394
16742.065430	-94.157738
16747.448730	-97.667671
16752.832031	-102.027870
16758.215332	-107.500618
16763.598633	-101.436447
16768.981934	-98.822365
16774.365234	-95.772232
16779.748535	-94.810661
16785.131836	-93.788673
16790.515137	-93.048843
16795.898438	-92.367188
16801.281738	-91.879166
16806.665039	-91.303062
16812.048340	-90.620476
16817.431641	-90.045731
16822.814941	-88.995819
16828.198242	-87.346680
16833.581543	-85.642838
16838.964844	-84.192337
16844.348145	-83.035416
16849.731445	-82.085434
16855.114746	-81.468300
16860.498047	-80.627777
16865.881348	-80.081467
16871.264648	-79.544487
16876.647949	-79.276360
16882.031250	-78.947906
16887.414551	-78.854630
16892.797852	-78.893921
16898.181152	-79.303398
16903.564453	-80.182610
16908.947754	-80.738029
16914.331055	-82.138763
16919.714355	-83.760345
16925.097656	-84.992149
16930.480957	-85.872108
16935.864258	-87.389122
16941.247559	-87.492348
16946.630859	-86.166908
16952.014160	-85.349442
16957.397461	-84.222076
16962.780762	-83.654449
16968.164062	-83.055786
16973.547363	-82.879776
16978.930664	-83.015594
16984.313965	-83.149513
16989.697266	-84.041695
16995.080566	-84.623161
17000.463867	-85.539139
17005.847168	-87.497551
17011.230469	-90.115463
17016.613770	-93.305328
17021.997070	-97.466438
17027.380371	-98.694443
17032.763672	-97.050430
17038.146973	-93.264412
17043.530273	-90.724594
17048.913574	-89.062988
17054.296875	-87.072685
17059.680176	-85.637955
17065.063477	-84.789223
17070.446777	-84.350380
17075.830078	-83.983047
17081.213379	-83.313965
17086.596680	-83.638885
17091.979980	-84.068520
17097.363281	-83.884987
17102.746582	-84.510483
17108.129883	-84.911789
17113.513184	-85.889763
17118.896484	-87.144417
17124.279785	-88.642952
17129.663086	-89.341545
17135.046387	-90.352791
17140.429688	-90.766563
17145.812988	-91.479065
17151.196289	-90.177803
17156.579590	-90.158562
17161.962891	-90.570351
17167.346191	-89.856514
17172.729492	-90.181168
17178.112793	-90.667870
17183.496094	-92.134872
17188.879395	-93.435303
17194.262695	-94.520271
17199.645996	-95.939468
17205.029297	-96.483170
17210.412598	-95.650749
17215.795898	-94.112114
17221.179199	-92.048813
17226.562500	-91.821968
17231.945801	-92.033844
17237.329102	-91.194305
17242.712402	-90.702057
17248.095703	-90.189957
17253.479004	-90.274551
17258.862305	-90.019264
17264.245605	-90.720062
17269.628906	-90.888916
17275.012207	-91.011070
17280.395508	-90.161743
17285.778809	-89.930893
17291.162109	-88.324562
17296.545410	-87.059464
17301.928711	-86.403183
17307.312012	-85.778915
17312.695312	-85.388901
17318.078613	-85.466621
17323.461914	-85.133385
17328.845215	-84.963882
17334.228516	-85.214043
17339.611816	-85.634666
17344.995117	-86.251457
17350.378418	-86.750511
17355.761719	-87.288269
17361.145020	-88.586243
17366.528320	-90.463776
17371.911621	-91.435120
17377.294922	-93.033981
17382.678223	-93.838425
17388.061523	-94.713028
17393.444824	-94.020981
17398.828125	-94.739082
17404.211426	-95.386322
17409.594727	-95.820816
17414.978027	-95.421600
17420.361328	-94.803223
17425.744629	-95.194206
17431.127930	-92.767876
17436.511230	-91.043549
17441.894531	-88.974403
17447.277832	-88.445541
17452.661133	-86.859131
17458.044434	-84.923302
17463.427734	-83.936813
17468.811035	-83.175308
17474.194336	-82.402428
17479.577637	-82.035164
17484.960938	-81.304428
17490.344238	-80.897766
17495.727539	-80.587570
17501.110840	-80.668709
17506.494141	-80.878502
17511.877441	-80.451660
17517.260742	-80.422684
17522.644043	-80.817963
17528.027344	-80.716866
17533.410645	-81.156837
17538.793945	-81.570854
17544.177246	-81.278824
17549.560547	-81.567070
17554.943848	-81.753265
17560.327148	-80.932961
17565.710449	-80.688080
17571.093750	-80.189369
17576.477051	-79.663048
17581.860352	-79.304100
17587.243652	-79.416473
17592.626953	-79.388748
17598.010254	-79.132927
17603.393555	-79.383865
17608.776855	-79.412277
17614.160156	-79.593796
17619.543457	-80.032944
17624.926758	-80.338173
17630.310059	-79.998314
17635.693359	-80.074745
17641.076660	-79.771828
17646.459961	-79.300804
17651.843262	-78.934631
17657.226562	-78.175514
17662.609863	-77.492104
17667.993164	-77.147186
17673.376465	-76.710945
17678.759766	-76.422157
17684.143066	-76.240173
17689.526367	-76.268097
17694.909668	-76.503418
17700.292969	-76.518669
17705.676270	-76.540245
17711.059570	-76.257294
17716.442871	-76.033188
17721.826172	-75.745270
17727.209473	-75.354797
17732.592773	-75.232857
17737.976074	-75.349800
17743.359375	-75.795303
17748.742676	-76.380051
17754.125977	-77.043617
17759.509277	-77.868851
17764.892578	-78.753304
17770.275879	-79.931961
17775.659180	-81.402618
17781.042480	-83.059486
17786.425781	-84.576065
17791.809082	-87.025162
17797.192383	-88.409286
17802.575684	-90.644936
17807.958984	-91.348686
17813.342285	-92.274605
17818.725586	-92.205688
17824.108887	-90.863060
17829.492188	-89.392639
17834.875488	-88.036743
17840.258789	-87.239113
17845.642090	-86.460144
17851.025391	-85.585526
17856.408691	-84.997963
17861.791992	-84.750031
17867.175293	-84.847893
17872.558594	-85.433617
17877.941895	-85.424591
17883.325195	-85.502632
17888.708496	-85.563332
17894.091797	-85.275101
17899.475098	-85.469276
17904.858398	-85.714775
17910.241699	-85.434837
17915.625000	-85.394539
17921.008301	-86.035072
17926.391602	-86.425781
17931.774902	-87.129013
17937.158203	-87.941750
17942.541504	-87.971230
17947.924805	-89.157974
17953.308105	-89.691254
17958.691406	-90.622765
17964.074707	-91.175156
17969.458008	-91.807640
17974.841309	-90.913368
17980.224609	-90.727242
17985.607910	-89.247627
17990.991211	-88.572792
17996.374512	-87.288330
18001.757812	-86.394951
18007.141113	-86.120300
18012.524414	-85.491325
18017.907715	-84.981499
18023.291016	-84.930252
18028.674316	-84.753853
18034.057617	-84.674835
18039.440918	-85.270271
18044.824219	-85.552338
18050.207520	-86.023811
18055.590820	-86.565292
18060.974121	-87.492203
18066.357422	-88.571915
18071.740723	-89.688568
18077.124023	-91.261856
18082.507324	-91.938034
18087.890625	-91.978600
18093.273926	-92.697792
18098.657227	-92.637367
18104.040527	-92.580040
18109.423828	-91.953804
18114.807129	-92.408440
18120.190430	-91.259323
18125.573730	-90.641876
18130.957031	-89.798737
18136.340332	-90.798119
18141.723633	-91.297844
18147.106934	-90.648087
18152.490234	-89.108620
18157.873535	-87.677338
18163.256836	-86.192375
18168.640137	-85.244720
18174.023438	-83.674133
18179.406738	-82.527222
18184.790039	-81.846886
18190.173340	-81.168701
18195.556641	-80.872917
18200.939941	-80.553108
18206.323242	-80.493309
18211.706543	-80.657784
18217.089844	-80.944168
18222.473145	-81.680099
18227.856445	-82.430672
18233.239746	-83.984062
18238.623047	-85.520493
18244.006348	-87.135185
18249.389648	-88.345695
18254.772949	-89.392151
18260.156250	-89.064774
18265.539551	-88.965302
18270.922852	-87.323608
18276.306152	-86.605186
18281.689453	-85.470100
18287.072754	-84.142136
18292.456055	-83.523422
18297.839355	-82.807220
18303.222656	-81.942627
18308.605957	-81.773285
18313.989258	-81.798012
18319.372559	-82.494835
18324.755859	-83.314072
18330.139160	-84.228165
18335.522461	-84.927971
18340.905762	-85.524605
18346.289062	-85.882919
18351.672363	-85.420410
18357.055664	-84.917969
18362.438965	-83.910591
18367.822266	-82.310356
18373.205566	-81.642410
18378.588867	-81.293961
18383.972168	-80.766975
18389.355469	-80.648033
18394.738770	-80.720520
18400.122070	-81.106697
18405.505371	-80.919739
18410.888672	-80.773659
18416.271973	-80.776627
18421.655273	-80.407623
18427.038574	-80.570534
18432.421875	-80.808571
18437.805176	-81.450272
18443.188477	-81.960838
18448.571777	-82.579575
18453.955078	-83.112991
18459.338379	-84.125824
18464.721680	-84.739334
18470.104980	-85.417770
18475.488281	-86.408730
18480.871582	-87.298073
18486.254883	-88.390251
18491.638184	-89.277626
18497.021484	-90.520523
18502.404785	-93.665909
18507.788086	-94.090538
18513.171387	-91.295799
18518.554688	-88.612030
18523.937988	-86.085526
18529.321289	-84.572647
18534.704590	-84.057510
18540.087891	-84.171234
18545.471191	-84.485085
18550.854492	-85.200020
18556.237793	-85.846268
18561.621094	-86.500153
18567.004395	-86.390785
18572.387695	-84.968300
18577.770996	-83.396873
18583.154297	-82.388557
18588.537598	-81.502701
18593.920898	-80.947830
18599.304199	-80.832451
18604.687500	-80.780960
18610.070801	-80.837906
18615.454102	-81.369202
18620.837402	-82.045227
18626.220703	-82.854698
18631.604004	-84.431923
18636.987305	-86.303368
18642.370605	-88.723457
18647.753906	-90.782265
18653.137207	-97.097122
18658.520508	-105.434311
18663.903809	-95.749382
18669.287109	-92.244835
18674.670410	-88.735130
18680.053711	-86.626724
18685.437012	-85.183746
18690.820312	-83.620461
18696.203613	-83.056717
18701.586914	-82.731346
18706.970215	-82.818596
18712.353516	-82.725060
18717.736816	-82.724052
18723.120117	-83.500046
18728.503418	-84.349388
18733.886719	-85.349022
18739.270020	-86.012718
18744.653320	-86.458572
18750.036621	-86.233780
18755.419922	-85.480637
18760.803223	-84.651619
18766.186523	-84.017387
18771.569824	-83.291962
18776.953125	-82.900299
18782.336426	-82.181862
18787.719727	-81.517670
18793.103027	-81.670212
18798.486328	-81.609550
18803.869629	-81.689079
18809.252930	-82.044685
18814.636230	-82.595726
18820.019531	-83.377625
18825.402832	-84.458595
18830.786133	-85.800400
18836.169434	-87.246712
18841.552734	-89.021248
18846.936035	-91.890556
18852.319336	-94.350395
18857.702637	-97.192192
18863.085938	-98.348610
18868.469238	-98.997581
18873.852539	-97.281799
18879.235840	-96.747169
18884.619141	-95.323685
18890.002441	-94.740303
18895.385742	-94.736588
18900.769043	-95.183670
18906.152344	-94.114075
18911.535645	-93.265480
18916.918945	-92.175682
18922.302246	-89.933022
18927.685547	-88.463806
18933.068848	-87.048904
18938.452148	-85.735077
18943.835449	-84.844208
18949.218750	-84.597977
18954.602051	-84.311401
18959.985352	-83.999794
18965.368652	-84.001198
18970.751953	-84.090996
18976.135254	-84.293747
18981.518555	-84.152466
18986.901855	-83.870224
18992.285156	-83.290451
18997.668457	-82.684319
19003.051758	-81.846230
19008.435059	-80.859741
19013.818359	-80.013206
19019.201660	-79.648636
19024.584961	-79.039558
19029.968262	-78.550720
19035.351562	-78.263069
19040.734863	-77.911682
19046.118164	-77.436981
19051.501465	-76.823143
19056.884766	-76.296028
19062.268066	-76.094345
19067.651367	-75.942490
19073.034668	-76.059357
19078.417969	-76.335434
19083.801270	-76.444908
19089.184570	-76.463737
19094.567871	-76.312256
19099.951172	-76.145538
19105.334473	-76.174873
19110.717773	-76.332993
19116.101074	-76.691383
19121.484375	-77.017937
19126.867676	-77.493355
19132.250977	-77.624756
19137.634277	-77.814438
19143.017578	-77.858559
19148.400879	-78.073631
19153.784180	-78.174690
19159.167480	-78.348518
19164.550781	-78.746460
19169.934082	-78.987175
19175.317383	-79.382835
19180.700684	-80.035484
19186.083984	-80.705368
19191.467285	-81.713440
19196.850586	-83.115623
19202.233887	-84.744698
19207.617188	-86.634224
19213.000488	-89.109901
19218.383789	-92.999298
19223.767090	-99.376785
19229.150391	-103.646713
19234.533691	-95.674210
19239.916992	-92.309326
19245.300293	-89.907997
19250.683594	-88.050018
19256.066895	-86.722946
19261.450195	-86.534554
19266.833496	-86.205193
19272.216797	-85.789391
19277.600098	-86.147057
19282.983398	-87.974991
19288.366699	-90.240120
19293.750000	-93.178864
19299.133301	-96.328232
19304.516602	-92.909027
19309.899902	-89.712730
19315.283203	-87.114380
19320.666504	-85.347321
19326.049805	-84.572823
19331.433105	-83.815636
19336.816406	-83.379700
19342.199707	-83.614822
19347.583008	-83.754341
19352.966309	-84.408508
19358.349609	-85.244308
19363.732910	-85.877510
19369.116211	-86.388130
19374.499512	-85.322083
19379.882812	-84.314491
19385.266113	-83.428352
19390.649414	-82.477654
19396.032715	-82.215698
19401.416016	-82.125542
19406.799316	-82.674049
19412.182617	-83.621651
19417.565918	-85.277939
19422.949219	-86.305855
19428.332520	-86.729362
19433.715820	-86.005852
19439.099121	-84.650154
19444.482422	-82.918312
19449.865723	-82.052498
19455.249023	-81.037209
19460.632324	-80.572975
19466.015625	-80.582359
19471.398926	-81.069954
19476.782227	-81.539238
19482.165527	-82.867615
19487.548828	-84.062195
19492.932129	-84.847305
19498.315430	-86.702629
19503.698730	-87.948288
19509.082031	-87.971832
19514.465332	-87.142654
19519.848633	-85.922661
19525.231934	-85.140732
19530.615234	-83.709747
19535.998535	-82.841278
19541.381836	-82.203896
19546.765137	-81.548317
19552.148438	-81.398048
19557.531738	-81.277374
19562.915039	-81.801514
19568.298340	-82.177574
19573.681641	-82.786530
19579.064941	-83.418152
19584.448242	-84.519638
19589.831543	-84.994652
19595.214844	-84.818848
19600.598145	-84.140083
19605.981445	-83.241432
19611.364746	-82.598289
19616.748047	-81.658104
19622.131348	-81.436356
19627.514648	-81.484146
19632.897949	-82.122704
19638.281250	-83.067917
19643.664551	-84.415047
19649.047852	-85.428574
19654.431152	-86.385429
19659.814453	-86.596466
19665.197754	-86.311905
19670.581055	-85.682343
19675.964355	-83.897240
19681.347656	-82.811424
19686.730957	-81.813927
19692.114258	-81.109932
19697.497559	-80.378799
19702.880859	-80.140770
19708.264160	-80.118233
19713.647461	-79.944839
19719.030762	-79.729652
19724.414062	-79.687904
19729.797363	-79.788177
19735.180664	-79.443024
19740.563965	-79.234177
19745.947266	-78.774857
19751.330566	-78.327202
19756.713867	-77.832939
19762.097168	-77.381706
19767.480469	-77.154259
19772.863770	-77.000496
19778.247070	-77.029541
19783.630371	-76.999130
19789.013672	-77.193512
19794.396973	-77.401390
19799.780273	-77.698120
19805.163574	-78.232994
19810.546875	-78.726112
19815.930176	-79.187103
19821.313477	-79.679947
19826.696777	-80.011948
19832.080078	-80.366699
19837.463379	-80.803871
19842.846680	-80.941528
19848.229980	-80.819450
19853.613281	-80.860832
19858.996582	-80.626244
19864.379883	-80.639816
19869.763184	-80.625092
19875.146484	-80.763542
19880.529785	-81.132477
19885.913086	-81.532326
19891.296387	-82.107758
19896.679688	-82.503326
19902.062988	-82.761429
19907.446289	-83.051971
19912.829590	-83.144470
19918.212891	-82.937454
19923.596191	-82.670570
19928.979492	-82.432274
19934.362793	-82.238426
19939.746094	-81.941887
19945.129395	-81.812584
19950.512695	-81.990913
19955.895996	-81.954079
19961.279297	-82.191467
19966.662598	-82.523148
19972.045898	-82.724754
19977.429199	-83.326431
19982.812500	-84.038834
19988.195801	-84.410934
19993.579102	-84.695953
19998.962402	-84.848717
20004.345703	-85.152878
20009.729004	-85.373199
20015.112305	-86.652802
20020.495605	-86.301003
20025.878906	-86.748474
20031.262207	-87.527290
20036.645508	-88.201515
20042.028809	-89.176506
20047.412109	-91.124481
20052.795410	-91.988297
20058.178711	-92.192993
20063.562012	-91.154610
20068.945312	-89.982780
20074.328613	-87.609352
20079.711914	-85.910553
20085.095215	-84.864944
20090.478516	-84.001495
20095.861816	-83.456993
20101.245117	-83.518440
20106.628418	-82.810371
20112.011719	-82.693726
20117.395020	-82.148346
20122.778320	-82.715103
20128.161621	-83.453041
20133.544922	-83.345322
20138.928223	-83.468369
20144.311523	-83.871422
20149.694824	-83.344688
20155.078125	-83.405174
20160.461426	-83.482285
20165.844727	-83.364380
20171.228027	-83.149384
20176.611328	-83.431412
20181.994629	-83.940628
20187.377930	-84.384277
20192.761230	-84.610687
20198.144531	-85.423622
20203.527832	-86.664467
20208.911133	-88.244392
20214.294434	-90.233292
20219.677734	-92.423058
20225.061035	-93.423981
20230.444336	-93.117020
20235.827637	-92.838379
20241.210938	-91.488281
20246.594238	-91.740273
20251.977539	-93.631706
20257.360840	-94.931900
20262.744141	-95.087204
20268.127441	-95.978714
20273.510742	-98.674751
20278.894043	-97.901100
20284.277344	-94.554337
20289.660645	-91.541466
20295.043945	-89.760727
20300.427246	-88.094635
20305.810547	-86.928986
20311.193848	-86.600365
20316.577148	-85.927155
20321.960449	-86.132881
20327.343750	-86.503006
20332.727051	-87.135536
20338.110352	-88.525429
20343.493652	-90.534386
20348.876953	-93.572456
20354.260254	-95.263153
20359.643555	-95.286591
20365.026855	-92.102081
20370.410156	-89.066872
20375.793457	-86.441109
20381.176758	-84.724014
20386.560059	-83.264473
20391.943359	-82.602859
20397.326660	-81.850525
20402.709961	-81.647919
20408.093262	-81.665207
20413.476562	-81.889977
20418.859863	-82.209007
20424.243164	-83.061523
20429.626465	-83.761475
20435.009766	-83.939125
20440.393066	-83.781601
20445.776367	-83.758148
20451.159668	-83.295509
20456.542969	-83.149826
20461.926270	-82.632065
20467.309570	-82.532959
20472.692871	-82.447929
20478.076172	-81.995354
20483.459473	-81.342216
20488.842773	-80.384377
20494.226074	-80.052635
20499.609375	-79.801964
20504.992676	-79.606956
20510.375977	-79.532555
20515.759277	-79.780968
20521.142578	-80.371155
20526.525879	-81.177216
20531.909180	-81.454002
20537.292480	-81.871460
20542.675781	-82.364510
20548.059082	-82.662308
20553.442383	-83.047073
20558.825684	-83.168243
20564.208984	-83.286224
20569.592285	-83.400429
20574.975586	-83.938362
20580.358887	-84.403030
20585.742188	-84.349998
20591.125488	-84.532288
20596.508789	-84.277260
20601.892090	-83.911812
20607.275391	-83.378258
20612.658691	-83.027756
20618.041992	-82.702538
20623.425293	-82.500916
20628.808594	-82.268677
20634.191895	-82.531601
20639.575195	-82.973221
20644.958496	-83.967949
20650.341797	-85.196342
20655.725098	-87.458733
20661.108398	-90.653297
20666.491699	-96.516754
20671.875000	-106.348991
20677.258301	-99.413132
20682.641602	-93.379028
20688.024902	-90.219246
20693.408203	-88.168251
20698.791504	-86.632072
20704.174805	-86.028885
20709.558105	-85.493683
20714.941406	-85.478142
20720.324707	-85.853806
20725.708008	-85.886185
20731.091309	-86.708549
20736.474609	-88.014435
20741.857910	-89.106720
20747.241211	-90.309853
20752.624512	-91.020409
20758.007812	-90.128029
20763.391113	-88.550446
20768.774414	-87.645378
20774.157715	-86.476440
20779.541016	-85.563232
20784.924316	-85.344810
20790.307617	-84.958603
20795.690918	-84.867950
20801.074219	-85.161469
20806.457520	-85.421059
20811.840820	-85.051559
20817.224121	-85.751839
20822.607422	-86.242935
20827.990723	-85.660751
20833.374023	-85.041115
20838.757324	-85.728485
20844.140625	-85.985962
20849.523926	-85.666054
20854.907227	-85.693314
20860.290527	-87.431923
20865.673828	-88.326904
20871.057129	-88.345726
20876.440430	-92.906120
20881.823730	-94.201988
20887.207031	-92.164925
20892.590332	-94.861710
20897.973633	-99.705605
20903.356934	-100.253151
20908.740234	-90.846390
20914.123535	-88.052826
20919.506836	-86.546593
20924.890137	-85.648491
20930.273438	-84.699631
20935.656738	-84.120316
20941.040039	-84.092941
20946.423340	-83.763481
20951.806641	-83.373444
20957.189941	-83.430199
20962.573242	-83.667404
20967.956543	-83.928314
20973.339844	-84.629929
20978.723145	-84.997734
20984.106445	-85.756187
20989.489746	-86.597916
20994.873047	-87.594955
21000.256348	-88.441902
21005.639648	-89.510590
21011.022949	-89.882652
21016.406250	-89.124207
21021.789551	-87.976013
21027.172852	-86.553154
21032.556152	-85.473267
21037.939453	-84.296471
21043.322754	-83.275711
21048.706055	-82.689430
21054.089355	-82.374741
21059.472656	-82.139816
21064.855957	-82.385796
21070.239258	-82.749069
21075.622559	-83.222000
21081.005859	-84.106537
21086.389160	-85.363487
21091.772461	-87.064575
21097.155762	-88.225662
21102.539062	-88.722603
21107.922363	-87.731155
21113.305664	-85.898933
21118.688965	-84.153763
21124.072266	-82.817131
21129.455566	-81.435127
21134.838867	-80.606918
21140.222168	-79.977142
21145.605469	-79.587357
21150.988770	-79.388077
21156.372070	-79.446289
21161.755371	-79.899338
21167.138672	-80.417908
21172.521973	-81.109024
21177.905273	-82.259087
21183.288574	-83.474014
21188.671875	-85.438774
21194.055176	-87.355331
21199.438477	-89.645592
21204.821777	-93.080864
21210.205078	-94.728065
21215.588379	-96.138748
21220.971680	-94.128410
21226.354980	-92.202019
21231.738281	-90.584160
21237.121582	-89.496536
21242.504883	-88.983772
21247.888184	-88.463486
21253.271484	-88.459747
21258.654785	-88.098198
21264.038086	-88.143639
21269.421387	-88.646530
21274.804688	-88.818428
21280.187988	-89.637833
21285.571289	-89.518433
21290.954590	-90.282494
21296.337891	-90.120926
21301.721191	-90.276833
21307.104492	-89.425552
21312.487793	-88.191010
21317.871094	-87.392647
21323.254395	-86.433228
21328.637695	-84.821381
21334.020996	-84.056999
21339.404297	-83.243950
21344.787598	-82.789078
21350.170898	-82.605019
21355.554199	-82.805916
21360.937500	-82.904625
21366.320801	-83.280365
21371.704102	-83.994293
21377.087402	-84.506020
21382.470703	-86.022125
21387.854004	-87.444016
21393.237305	-89.109543
21398.620605	-91.830795
21404.003906	-93.026093
21409.387207	-92.234825
21414.770508	-90.393913
21420.153809	-88.976707
21425.537109	-86.722557
21430.920410	-85.363968
21436.303711	-84.010780
21441.687012	-82.700134
21447.070312	-82.164444
21452.453613	-81.691589
21457.836914	-81.386787
21463.220215	-81.260162
21468.603516	-81.486771
21473.986816	-81.801407
21479.370117	-82.242577
21484.753418	-82.823372
21490.136719	-83.877220
21495.520020	-85.143127
21500.903320	-86.536293
21506.286621	-88.600632
21511.669922	-90.404366
21517.053223	-93.044365
21522.436523	-92.530205
21527.819824	-92.161697
21533.203125	-91.022972
21538.586426	-88.709366
21543.969727	-87.438202
21549.353027	-86.426178
21554.736328	-85.710625
21560.119629	-85.236267
21565.502930	-84.749557
21570.886230	-84.624214
21576.269531	-84.486023
21581.652832	-84.710632
21587.036133	-85.124687
21592.419434	-85.750061
21597.802734	-86.228462
21603.186035	-87.315247
21608.569336	-87.864075
21613.952637	-89.538376
21619.335938	-90.540573
21624.719238	-91.003334
21630.102539	-91.013222
21635.485840	-90.603668
21640.869141	-90.190811
21646.252441	-89.191551
21651.635742	-88.840767
21657.019043	-88.013535
21662.402344	-87.584099
21667.785645	-87.682938
21673.168945	-87.646332
21678.552246	-88.027893
21683.935547	-87.981468
21689.318848	-88.687607
21694.702148	-89.918655
21700.085449	-90.354988
21705.468750	-90.890541
21710.852051	-91.522232
21716.235352	-91.311569
21721.618652	-91.321587
21727.001953	-90.312477
21732.385254	-88.809868
21737.768555	-87.616783
21743.151855	-86.224442
21748.535156	-85.106682
21753.918457	-84.371811
21759.301758	-83.954140
21764.685059	-83.473549
21770.068359	-83.697861
21775.451660	-83.799652
21780.834961	-84.154861
21786.218262	-84.339027
21791.601562	-84.972527
21796.984863	-85.048454
21802.368164	-84.884819
21807.751465	-85.016281
21813.134766	-84.000435
21818.518066	-82.950836
21823.901367	-82.166512
21829.284668	-81.743538
21834.667969	-81.101410
21840.051270	-80.490929
21845.434570	-80.008430
21850.817871	-79.854645
21856.201172	-79.734001
21861.584473	-79.802452
21866.967773	-80.159439
21872.351074	-80.857056
21877.734375	-81.271042
21883.117676	-81.646202
21888.500977	-82.022163
21893.884277	-82.335648
21899.267578	-82.322769
21904.650879	-82.368660
21910.034180	-82.398270
21915.417480	-82.074425
21920.800781	-81.653877
21926.184082	-81.646866
21931.567383	-81.408913
21936.950684	-81.664886
21942.333984	-81.890526
21947.717285	-82.206062
21953.100586	-82.940460
21958.483887	-83.622559
21963.867188	-83.732391
21969.250488	-84.128571
21974.633789	-84.552124
21980.017090	-83.807869
21985.400391	-83.494484
21990.783691	-83.042198
21996.166992	-82.450089
22001.550293	-82.169167
22006.933594	-81.714775
22012.316895	-81.620392
22017.700195	-81.926025
22023.083496	-81.979073
22028.466797	-82.090294
22033.850098	-82.511589
22039.233398	-82.346596
22044.616699	-82.715019
