Frequency (Hz)	Level (dB)
5.383301	-31.704599
10.766602	-28.633692
16.149902	-26.353554
21.533203	-25.979700
26.916504	-25.997816
32.299805	-26.574984
37.683105	-26.459373
43.066406	-26.711426
48.449707	-26.025518
53.833008	-26.120089
59.216309	-26.921528
64.599609	-28.322821
69.982910	-30.226048
75.366211	-32.112068
80.749512	-34.889626
86.132812	-35.379959
91.516113	-33.638733
96.899414	-31.345098
102.282715	-28.808081
107.666016	-27.226564
113.049316	-26.935791
118.432617	-26.609537
123.815918	-26.699070
129.199219	-27.036066
134.582520	-26.940334
139.965820	-28.601089
145.349121	-28.843922
150.732422	-29.343815
156.115723	-30.249573
161.499023	-30.132311
166.882324	-30.844650
172.265625	-30.418030
177.648926	-30.147907
183.032227	-34.683182
188.415527	-40.763687
193.798828	-41.149612
199.182129	-43.166107
204.565430	-44.879677
209.948730	-47.812767
215.332031	-44.419998
220.715332	-40.607616
226.098633	-39.645882
231.481934	-33.942184
236.865234	-32.721569
242.248535	-35.679588
247.631836	-32.453785
253.015137	-31.740414
258.398438	-32.751022
263.781738	-33.079910
269.165039	-32.826515
274.548340	-34.491638
279.931641	-34.982426
285.314941	-36.701309
290.698242	-35.201847
296.081543	-33.769817
301.464844	-36.264866
306.848145	-34.237877
312.231445	-35.505653
317.614746	-36.096748
322.998047	-37.556091
328.381348	-37.252106
333.764648	-37.570282
339.147949	-39.863647
344.531250	-38.460369
349.914551	-38.888580
355.297852	-42.009884
360.681152	-38.018349
366.064453	-39.336521
371.447754	-41.887230
376.831055	-45.711922
382.214355	-41.801575
387.597656	-35.692532
392.980957	-35.217644
398.364258	-43.118080
403.747559	-40.686623
409.130859	-36.180588
414.514160	-36.591198
419.897461	-30.320332
425.280762	-24.292719
430.664062	-27.005777
436.047363	-35.192089
441.430664	-35.941994
446.813965	-37.012371
452.197266	-38.159771
457.580566	-39.010235
462.963867	-38.374100
468.347168	-39.069763
473.730469	-40.588676
479.113770	-46.206223
484.497070	-47.082424
489.880371	-39.961246
495.263672	-38.299900
500.646973	-36.639462
506.030273	-38.973759
511.413574	-42.965893
516.796875	-38.768238
522.180176	-34.717258
527.563477	-34.495979
532.946777	-33.159466
538.330078	-34.825092
543.713379	-33.745975
549.096680	-34.568699
554.479980	-36.617485
559.863281	-42.030479
565.246582	-39.789589
570.629883	-36.430786
576.013184	-35.116581
581.396484	-37.380985
586.779785	-40.775925
592.163086	-38.281586
597.546387	-39.759068
602.929688	-40.462914
608.312988	-40.692673
613.696289	-41.168537
619.079590	-44.774944
624.462891	-43.868759
629.846191	-41.554642
635.229492	-42.098034
640.612793	-41.352596
645.996094	-43.081043
651.379395	-44.578953
656.762695	-42.914349
662.145996	-43.480087
667.529297	-48.114296
672.912598	-47.135944
678.295898	-47.906300
683.679199	-45.203571
689.062500	-47.206947
694.445801	-50.491337
699.829102	-49.852135
705.212402	-46.851536
710.595703	-43.453087
715.979004	-45.943890
721.362305	-47.244911
726.745605	-44.458614
732.128906	-46.436340
737.512207	-45.014244
742.895508	-42.596069
748.278809	-37.427769
753.662109	-39.536140
759.045410	-46.529255
764.428711	-44.806629
769.812012	-42.429703
775.195312	-46.935364
780.578613	-46.424484
785.961914	-42.385544
791.345215	-41.237640
796.728516	-44.445213
802.111816	-46.860607
807.495117	-43.716015
812.878418	-43.377316
818.261719	-42.485168
823.645020	-42.778217
829.028320	-49.555782
834.411621	-51.363262
839.794922	-50.319817
845.178223	-45.217060
850.561523	-45.684994
855.944824	-42.600239
861.328125	-42.882633
866.711426	-43.482105
872.094727	-45.241962
877.478027	-44.098572
882.861328	-43.432060
888.244629	-40.930416
893.627930	-38.226116
899.011230	-38.902283
904.394531	-42.178654
909.777832	-45.386574
915.161133	-44.676052
920.544434	-47.048332
925.927734	-44.407963
931.311035	-41.617401
936.694336	-41.561855
942.077637	-29.511974
947.460938	-22.865320
952.844238	-26.481506
958.227539	-40.201385
963.610840	-49.109882
968.994141	-51.648232
974.377441	-51.358765
979.760742	-50.094524
985.144043	-49.430195
990.527344	-47.981655
995.910645	-50.340786
1001.293945	-53.045494
1006.677246	-52.356232
1012.060547	-48.585609
1017.443848	-51.965801
1022.827148	-54.647709
1028.210449	-53.985733
1033.593750	-54.083069
1038.977051	-51.843307
1044.360352	-46.892250
1049.743652	-50.217213
1055.126953	-51.062443
1060.510254	-48.643173
1065.893555	-49.607098
1071.276855	-47.207890
1076.660156	-43.128086
1082.043457	-44.806690
1087.426758	-41.555080
1092.810059	-40.141800
1098.193359	-42.827030
1103.576660	-46.877533
1108.959961	-48.911232
1114.343262	-48.944389
1119.726562	-47.419155
1125.109863	-44.728100
1130.493164	-42.632805
1135.876465	-40.753128
1141.259766	-37.738693
1146.643066	-41.035385
1152.026367	-46.285271
1157.409668	-49.201794
1162.792969	-48.320473
1168.176270	-46.847713
1173.559570	-45.370205
1178.942871	-46.297653
1184.326172	-45.170937
1189.709473	-42.156345
1195.092773	-41.847744
1200.476074	-40.473816
1205.859375	-39.184322
1211.242676	-37.534447
1216.625977	-28.866337
1222.009277	-20.468956
1227.392578	-21.858641
1232.775879	-35.230667
1238.159180	-40.135220
1243.542480	-42.363846
1248.925781	-41.206741
1254.309082	-29.189598
1259.692383	-24.332314
1265.075684	-29.180948
1270.458984	-42.189342
1275.842285	-47.009941
1281.225586	-45.657124
1286.608887	-45.937660
1291.992188	-53.826817
1297.375488	-58.867100
1302.758789	-59.972786
1308.142090	-57.776878
1313.525391	-49.058392
1318.908691	-43.085262
1324.291992	-43.172733
1329.675293	-47.686611
1335.058594	-46.636913
1340.441895	-48.305393
1345.825195	-52.613998
1351.208496	-57.331032
1356.591797	-60.806217
1361.975098	-52.517117
1367.358398	-46.639568
1372.741699	-43.529881
1378.125000	-44.931694
1383.508301	-50.749569
1388.891602	-54.156326
1394.274902	-58.383705
1399.658203	-54.240688
1405.041504	-51.835785
1410.424805	-52.737213
1415.808105	-52.284512
1421.191406	-48.080837
1426.574707	-46.106026
1431.958008	-45.071243
1437.341309	-47.671654
1442.724609	-49.302433
1448.107910	-46.744583
1453.491211	-45.848122
1458.874512	-49.014061
1464.257812	-47.963905
1469.641113	-42.011600
1475.024414	-40.526897
1480.407715	-44.026394
1485.791016	-41.520340
1491.174316	-41.421005
1496.557617	-42.254620
1501.940918	-40.798443
1507.324219	-38.749805
1512.707520	-31.486141
1518.090820	-23.584005
1523.474121	-27.104752
1528.857422	-43.189713
1534.240723	-45.514488
1539.624023	-48.552311
1545.007324	-52.625992
1550.390625	-55.025703
1555.773926	-58.716736
1561.157227	-53.193501
1566.540527	-50.409195
1571.923828	-52.282059
1577.307129	-51.577545
1582.690430	-50.110764
1588.073730	-53.557217
1593.457031	-54.152088
1598.840332	-50.718277
1604.223633	-46.848038
1609.606934	-46.017090
1614.990234	-50.589813
1620.373535	-48.278458
1625.756836	-46.273262
1631.140137	-48.000366
1636.523438	-46.246960
1641.906738	-41.715740
1647.290039	-29.015120
1652.673340	-25.406698
1658.056641	-34.181232
1663.439941	-45.800797
1668.823242	-48.512707
1674.206543	-49.862747
1679.589844	-52.327583
1684.973145	-53.500965
1690.356445	-50.718685
1695.739746	-55.930584
1701.123047	-59.879433
1706.506348	-59.350677
1711.889648	-56.423897
1717.272949	-52.889568
1722.656250	-53.403633
1728.039551	-51.903721
1733.422852	-51.769241
1738.806152	-54.778362
1744.189453	-56.250347
1749.572754	-52.606945
1754.956055	-51.532372
1760.339355	-52.000629
1765.722656	-53.957714
1771.105957	-54.169838
1776.489258	-58.434383
1781.872559	-55.077526
1787.255859	-51.487324
1792.639160	-54.783882
1798.022461	-50.768608
1803.405762	-49.368664
1808.789062	-41.979141
1814.172363	-44.661728
1819.555664	-47.119091
1824.938965	-50.157200
1830.322266	-49.535912
1835.705566	-48.922142
1841.088867	-52.043026
1846.472168	-54.784012
1851.855469	-56.322765
1857.238770	-58.312672
1862.622070	-56.164284
1868.005371	-50.340580
1873.388672	-46.971291
1878.771973	-44.911446
1884.155273	-46.500481
1889.538574	-46.043079
1894.921875	-41.344376
1900.305176	-45.373604
1905.688477	-55.577377
1911.071777	-59.883659
1916.455078	-56.911659
1921.838379	-54.329739
1927.221680	-58.891884
1932.604980	-58.493511
1937.988281	-58.741821
1943.371582	-60.816032
1948.754883	-62.731541
1954.138184	-58.463459
1959.521484	-55.238636
1964.904785	-54.066013
1970.288086	-56.822540
1975.671387	-58.182884
1981.054688	-54.854984
1986.437988	-51.776169
1991.821289	-51.831429
1997.204590	-55.096546
2002.587891	-57.899334
2007.971191	-56.153885
2013.354492	-51.929131
2018.737793	-48.601677
2024.121094	-47.745167
2029.504395	-49.049713
2034.887695	-48.019909
2040.270996	-45.600960
2045.654297	-49.160099
2051.037598	-54.243755
2056.420898	-54.474541
2061.804199	-45.285137
2067.187500	-35.451874
2072.570801	-35.992676
2077.954102	-49.477848
2083.337402	-51.709801
2088.720703	-56.371830
2094.104004	-55.817421
2099.487305	-53.824337
2104.870605	-56.470398
2110.253906	-57.135735
2115.637207	-58.415344
2121.020508	-56.560074
2126.403809	-59.669937
2131.787109	-58.122936
2137.170410	-54.767162
2142.553711	-54.723190
2147.937012	-54.736340
2153.320312	-55.463642
2158.703613	-51.933010
2164.086914	-49.804066
2169.470215	-46.286053
2174.853516	-46.729733
2180.236816	-47.980774
2185.620117	-50.515938
2191.003418	-51.293617
2196.386719	-51.815540
2201.770020	-47.768368
2207.153320	-43.958435
2212.536621	-44.142262
2217.919922	-42.278744
2223.303223	-42.870945
2228.686523	-32.900696
2234.069824	-27.509756
2239.453125	-33.537247
2244.836426	-42.630795
2250.219727	-46.088406
2255.603027	-45.532578
2260.986328	-44.367363
2266.369629	-45.382927
2271.752930	-46.434238
2277.136230	-46.904781
2282.519531	-46.391163
2287.902832	-45.302334
2293.286133	-43.874447
2298.669434	-43.926788
2304.052734	-43.678997
2309.436035	-44.161869
2314.819336	-44.207806
2320.202637	-44.861443
2325.585938	-45.294518
2330.969238	-43.505203
2336.352539	-45.627953
2341.735840	-45.678165
2347.119141	-46.506290
2352.502441	-47.267349
2357.885742	-46.506142
2363.269043	-44.438927
2368.652344	-47.086613
2374.035645	-47.753387
2379.418945	-43.441090
2384.802246	-39.383331
2390.185547	-34.904644
2395.568848	-32.282719
2400.952148	-29.472176
2406.335449	-19.543919
2411.718750	-16.211201
2417.102051	-21.941902
2422.485352	-29.978451
2427.868652	-37.014103
2433.251953	-43.623543
2438.635254	-47.229759
2444.018555	-51.182907
2449.401855	-52.984055
2454.785156	-54.718231
2460.168457	-54.537609
2465.551758	-50.695290
2470.935059	-48.940155
2476.318359	-49.532749
2481.701660	-49.340412
2487.084961	-49.082764
2492.468262	-49.129929
2497.851562	-48.110287
2503.234863	-47.291309
2508.618164	-49.116631
2514.001465	-52.084469
2519.384766	-48.227417
2524.768066	-49.113506
2530.151367	-49.884129
2535.534668	-48.683708
2540.917969	-49.002018
2546.301270	-48.752338
2551.684570	-49.957096
2557.067871	-51.454464
2562.451172	-51.969242
2567.834473	-51.447124
2573.217773	-50.316246
2578.601074	-50.395443
2583.984375	-48.738949
2589.367676	-48.950218
2594.750977	-49.730103
2600.134277	-46.892811
2605.517578	-47.867664
2610.900879	-49.881748
2616.284180	-53.080242
2621.667480	-56.593506
2627.050781	-59.100140
2632.434082	-57.976433
2637.817383	-62.655636
2643.200684	-60.713371
2648.583984	-53.199184
2653.967285	-49.419010
2659.350586	-48.234451
2664.733887	-47.417027
2670.117188	-45.936024
2675.500488	-44.400719
2680.883789	-43.874290
2686.267090	-45.540016
2691.650391	-43.687992
2697.033691	-39.371620
2702.416992	-33.556393
2707.800293	-32.017914
2713.183594	-36.780441
2718.566895	-46.920773
2723.950195	-53.287666
2729.333496	-52.112968
2734.716797	-53.246368
2740.100098	-50.431389
2745.483398	-49.169605
2750.866699	-50.504097
2756.250000	-47.828110
2761.633301	-46.746258
2767.016602	-42.456215
2772.399902	-38.494572
2777.783203	-39.372311
2783.166504	-43.607342
2788.549805	-46.671326
2793.933105	-38.881824
2799.316406	-31.627520
2804.699707	-32.152828
2810.083008	-38.728844
2815.466309	-45.428566
2820.849609	-48.836758
2826.232910	-49.256107
2831.616211	-51.186787
2836.999512	-51.762867
2842.382812	-52.791054
2847.766113	-54.610634
2853.149414	-60.055763
2858.532715	-60.208683
2863.916016	-60.243748
2869.299316	-57.283257
2874.682617	-52.815845
2880.065918	-50.228500
2885.449219	-50.826622
2890.832520	-53.063065
2896.215820	-53.598354
2901.599121	-52.557907
2906.982422	-52.068359
2912.365723	-51.594070
2917.749023	-55.969692
2923.132324	-56.316658
2928.515625	-56.173199
2933.898926	-56.112438
2939.282227	-56.699844
2944.665527	-49.628490
2950.048828	-49.698486
2955.432129	-43.924389
2960.815430	-32.691952
2966.198730	-30.437733
2971.582031	-36.780621
2976.965332	-41.502850
2982.348633	-45.761211
2987.731934	-46.665825
2993.115234	-47.070057
2998.498535	-47.721149
3003.881836	-53.176361
3009.265137	-55.038837
3014.648438	-55.678059
3020.031738	-52.397205
3025.415039	-51.233707
3030.798340	-53.229145
3036.181641	-57.691345
3041.564941	-57.957314
3046.948242	-57.493019
3052.331543	-58.265411
3057.714844	-57.214382
3063.098145	-56.532818
3068.481445	-57.274689
3073.864746	-58.509987
3079.248047	-55.472858
3084.631348	-53.989441
3090.014648	-51.305386
3095.397949	-50.417858
3100.781250	-49.662445
3106.164551	-48.453777
3111.547852	-50.349247
3116.931152	-55.206295
3122.314453	-51.456867
3127.697754	-52.138405
3133.081055	-54.573734
3138.464355	-51.545395
3143.847656	-47.105888
3149.230957	-46.915779
3154.614258	-50.834377
3159.997559	-49.945877
3165.380859	-50.800198
3170.764160	-55.399178
3176.147461	-58.093117
3181.530762	-64.696121
3186.914062	-62.650555
3192.297363	-55.683022
3197.680664	-52.165386
3203.063965	-49.164978
3208.447266	-47.211926
3213.830566	-47.864708
3219.213867	-47.619923
3224.597168	-47.707783
3229.980469	-46.289730
3235.363770	-47.602516
3240.747070	-50.418701
3246.130371	-48.936188
3251.513672	-48.768955
3256.896973	-51.368176
3262.280273	-49.981300
3267.663574	-50.993404
3273.046875	-46.322899
3278.430176	-43.985580
3283.813477	-42.711918
3289.196777	-37.754032
3294.580078	-37.452618
3299.963379	-28.694000
3305.346680	-20.281712
3310.729980	-21.114235
3316.113281	-26.425447
3321.496582	-22.631275
3326.879883	-25.800249
3332.263184	-32.648495
3337.646484	-38.842701
3343.029785	-41.896954
3348.413086	-43.266716
3353.796387	-46.092770
3359.179688	-46.755180
3364.562988	-46.424862
3369.946289	-46.975513
3375.329590	-47.095657
3380.712891	-48.902184
3386.096191	-50.562927
3391.479492	-47.626308
3396.862793	-47.333679
3402.246094	-48.647686
3407.629395	-48.802448
3413.012695	-48.300705
3418.395996	-46.740868
3423.779297	-45.892101
3429.162598	-47.138245
3434.545898	-47.290417
3439.929199	-45.551430
3445.312500	-44.334431
3450.695801	-45.866154
3456.079102	-46.711281
3461.462402	-46.848015
3466.845703	-50.322254
3472.229004	-50.190380
3477.612305	-51.878189
3482.995605	-56.834045
3488.378906	-55.110630
3493.762207	-53.189983
3499.145508	-57.406540
3504.528809	-54.574585
3509.912109	-52.528004
3515.295410	-50.616501
3520.678711	-52.137028
3526.062012	-45.617420
3531.445312	-42.248016
3536.828613	-36.875019
3542.211914	-38.745136
3547.595215	-30.532095
3552.978516	-21.426859
3558.361816	-22.552078
3563.745117	-32.590187
3569.128418	-36.857300
3574.511719	-44.824524
3579.895020	-47.836147
3585.278320	-47.835323
3590.661621	-49.405655
3596.044922	-50.580719
3601.428223	-52.121292
3606.811523	-52.542690
3612.194824	-55.350395
3617.578125	-54.069496
3622.961426	-56.645855
3628.344727	-59.727501
3633.728027	-59.052479
3639.111328	-53.823807
3644.494629	-52.666367
3649.877930	-54.982666
3655.261230	-56.407574
3660.644531	-52.492268
3666.027832	-49.797604
3671.411133	-54.001152
3676.794434	-50.597584
3682.177734	-52.340767
3687.561035	-42.794678
3692.944336	-31.998463
3698.327637	-29.045244
3703.710938	-34.560249
3709.094238	-39.327545
3714.477539	-43.224041
3719.860840	-44.844482
3725.244141	-40.290257
3730.627441	-29.503523
3736.010742	-27.441841
3741.394043	-32.162247
3746.777344	-39.346581
3752.160645	-44.502796
3757.543945	-43.914070
3762.927246	-43.935844
3768.310547	-45.608322
3773.693848	-45.460018
3779.077148	-46.300953
3784.460449	-48.526997
3789.843750	-44.150196
3795.227051	-41.542278
3800.610352	-45.639957
3805.993652	-49.742878
3811.376953	-52.465771
3816.760254	-52.704582
3822.143555	-51.809338
3827.526855	-50.263725
3832.910156	-51.122814
3838.293457	-49.437672
3843.676758	-49.375679
3849.060059	-50.667938
3854.443359	-56.980061
3859.826660	-55.352627
3865.209961	-52.560974
3870.593262	-52.748161
3875.976562	-53.668629
3881.359863	-53.042141
3886.743164	-53.608627
3892.126465	-51.536060
3897.509766	-52.040318
3902.893066	-51.061981
3908.276367	-50.575142
3913.659668	-46.092758
3919.042969	-39.045692
3924.426270	-42.687981
3929.809570	-48.029160
3935.192871	-49.227409
3940.576172	-48.401093
3945.959473	-47.975632
3951.342773	-46.585598
3956.726074	-48.565796
3962.109375	-46.914299
3967.492676	-44.786037
3972.875977	-46.276447
3978.259277	-41.896297
3983.642578	-33.743500
3989.025879	-34.871532
3994.409180	-44.213352
3999.792480	-43.338963
4005.175781	-44.982788
4010.559082	-40.174053
4015.942383	-32.761669
4021.325684	-33.037392
4026.708984	-40.534512
4032.092285	-46.412933
4037.475586	-53.852810
4042.858887	-51.594097
4048.242188	-52.409000
4053.625488	-50.556133
4059.008789	-51.095146
4064.392090	-51.348118
4069.775391	-49.049648
4075.158691	-49.332157
4080.541992	-48.446030
4085.925293	-49.576328
4091.308594	-50.986145
4096.691895	-50.212509
4102.075195	-48.980167
4107.458496	-47.448563
4112.841797	-47.794754
4118.225098	-46.371365
4123.608398	-47.301426
4128.991699	-53.404564
4134.375000	-53.943981
4139.758301	-50.575233
4145.141602	-49.715115
4150.524902	-50.310707
4155.908203	-48.580627
4161.291504	-49.150730
4166.674805	-52.287170
4172.058105	-54.448460
4177.441406	-55.823639
4182.824707	-57.149414
4188.208008	-56.539288
4193.591309	-53.495117
4198.974609	-52.866638
4204.357910	-51.268990
4209.741211	-50.338207
4215.124512	-51.406685
4220.507812	-55.717873
4225.891113	-55.308949
4231.274414	-54.353539
4236.657715	-42.344036
4242.041016	-39.276264
4247.424316	-46.852333
4252.807617	-49.778320
4258.190918	-49.215286
4263.574219	-50.259468
4268.957520	-47.891876
4274.340820	-48.992702
4279.724121	-50.945457
4285.107422	-51.206112
4290.490723	-52.426685
4295.874023	-52.206123
4301.257324	-51.075314
4306.640625	-51.829342
4312.023926	-52.253590
4317.407227	-52.380264
4322.790527	-51.492504
4328.173828	-49.656044
4333.557129	-49.457184
4338.940430	-49.150322
4344.323730	-49.523983
4349.707031	-49.102154
4355.090332	-49.030651
4360.473633	-54.600178
4365.856934	-57.436539
4371.240234	-58.531021
4376.623535	-62.554382
4382.006836	-60.076328
4387.390137	-56.571079
4392.773438	-56.044052
4398.156738	-54.287605
4403.540039	-53.673229
4408.923340	-51.055378
4414.306641	-50.598717
4419.689941	-51.844017
4425.073242	-42.018673
4430.456543	-39.447224
4435.839844	-40.591267
4441.223145	-42.165237
4446.606445	-36.448071
4451.989746	-34.246071
4457.373047	-38.451435
4462.756348	-43.014446
4468.139648	-45.638245
4473.522949	-44.811779
4478.906250	-45.747753
4484.289551	-45.173260
4489.672852	-46.113354
4495.056152	-47.029827
4500.439453	-44.566387
4505.822754	-48.465256
4511.206055	-52.242897
4516.589355	-53.817749
4521.972656	-55.463409
4527.355957	-57.021725
4532.739258	-57.661903
4538.122559	-58.566772
4543.505859	-57.787296
4548.889160	-56.180534
4554.272461	-56.465988
4559.655762	-55.672089
4565.039062	-49.032425
4570.422363	-46.987232
4575.805664	-41.944839
4581.188965	-39.614361
4586.572266	-44.496162
4591.955566	-46.846928
4597.338867	-44.868805
4602.722168	-44.069016
4608.105469	-42.219715
4613.488770	-40.361053
4618.872070	-42.926369
4624.255371	-43.172688
4629.638672	-42.587097
4635.021973	-41.628922
4640.405273	-36.575485
4645.788574	-35.899357
4651.171875	-40.172268
4656.555176	-41.222725
4661.938477	-40.171295
4667.321777	-33.325470
4672.705078	-31.177242
4678.088379	-31.350748
4683.471680	-34.663074
4688.854980	-40.979893
4694.238281	-39.859009
4699.621582	-40.814903
4705.004883	-44.375553
4710.388184	-48.574215
4715.771484	-50.085316
4721.154785	-51.709686
4726.538086	-56.065468
4731.921387	-56.334946
4737.304688	-50.233654
4742.687988	-44.002300
4748.071289	-44.660931
4753.454590	-44.291084
4758.837891	-40.742645
4764.221191	-43.111923
4769.604492	-35.229851
4774.987793	-27.126926
4780.371094	-28.691460
4785.754395	-38.542942
4791.137695	-40.874527
4796.520996	-49.363789
4801.904297	-51.756977
4807.287598	-49.220955
4812.670898	-42.986076
4818.054199	-36.338428
4823.437500	-33.270393
4828.820801	-33.146423
4834.204102	-36.508316
4839.587402	-37.866325
4844.970703	-40.402683
4850.354004	-39.976250
4855.737305	-40.403835
4861.120605	-43.594902
4866.503906	-46.985737
4871.887207	-47.612183
4877.270508	-52.837574
4882.653809	-53.143391
4888.037109	-53.205879
4893.420410	-53.159798
4898.803711	-53.866001
4904.187012	-50.769413
4909.570312	-52.535343
4914.953613	-52.979118
4920.336914	-52.869446
4925.720215	-56.438454
4931.103516	-54.663879
4936.486816	-56.115009
4941.870117	-48.944569
4947.253418	-47.423920
4952.636719	-47.524227
4958.020020	-40.440289
4963.403320	-43.803711
4968.786621	-49.607105
4974.169922	-49.882023
4979.553223	-53.179420
4984.936523	-50.832199
4990.319824	-48.247574
4995.703125	-49.355339
5001.086426	-48.767933
5006.469727	-45.313026
5011.853027	-44.538101
5017.236328	-46.892719
5022.619629	-49.883926
5028.002930	-50.773029
5033.386230	-51.604359
5038.769531	-54.518394
5044.152832	-55.130249
5049.536133	-51.266216
5054.919434	-46.882256
5060.302734	-48.021717
5065.686035	-50.274914
5071.069336	-52.528145
5076.452637	-51.735008
5081.835938	-53.697811
5087.219238	-54.042213
5092.602539	-52.753178
5097.985840	-54.309578
5103.369141	-53.990353
5108.752441	-55.791836
5114.135742	-50.418648
5119.519043	-52.571125
5124.902344	-58.117096
5130.285645	-55.900200
5135.668945	-54.501572
5141.052246	-53.666183
5146.435547	-54.929077
5151.818848	-56.638542
5157.202148	-61.082905
5162.585449	-58.709335
5167.968750	-55.595989
5173.352051	-52.908314
5178.735352	-52.206306
5184.118652	-53.442104
5189.501953	-51.402802
5194.885254	-51.762081
5200.268555	-54.057419
5205.651855	-52.191738
5211.035156	-51.193737
5216.418457	-51.655434
5221.801758	-53.880272
5227.185059	-53.749329
5232.568359	-52.245403
5237.951660	-55.461555
5243.334961	-55.262592
5248.718262	-53.123940
5254.101562	-51.186188
5259.484863	-53.121368
5264.868164	-56.266251
5270.251465	-58.165783
5275.634766	-60.228233
5281.018066	-59.048767
5286.401367	-57.041275
5291.784668	-57.226112
5297.167969	-59.214745
5302.551270	-60.025696
5307.934570	-61.438305
5313.317871	-58.727058
5318.701172	-57.264362
5324.084473	-55.822723
5329.467773	-56.993435
5334.851074	-60.658974
5340.234375	-63.148518
5345.617676	-58.260754
5351.000977	-56.120037
5356.384277	-61.147362
5361.767578	-64.530853
5367.150879	-62.799114
5372.534180	-54.736042
5377.917480	-47.749599
5383.300781	-47.353264
5388.684082	-46.926041
5394.067383	-51.009029
5399.450684	-59.585098
5404.833984	-60.805012
5410.217285	-63.628349
5415.600586	-64.158150
5420.983887	-63.526222
5426.367188	-66.341904
5431.750488	-66.165718
5437.133789	-68.068665
5442.517090	-68.578598
5447.900391	-65.877014
5453.283691	-62.678257
5458.666992	-63.336823
5464.050293	-65.589584
5469.433594	-62.660408
5474.816895	-63.602726
5480.200195	-64.354156
5485.583496	-56.553616
5490.966797	-55.440292
5496.350098	-55.954395
5501.733398	-52.717022
5507.116699	-51.457035
5512.500000	-51.605209
5517.883301	-52.908455
5523.266602	-57.404137
5528.649902	-59.884182
5534.033203	-58.118114
5539.416504	-53.912354
5544.799805	-55.238201
5550.183105	-53.799973
5555.566406	-51.637474
5560.949707	-53.450394
5566.333008	-53.944847
5571.716309	-54.383240
5577.099609	-54.469139
5582.482910	-56.570618
5587.866211	-57.623226
5593.249512	-53.818211
5598.632812	-60.439407
5604.016113	-54.923962
5609.399414	-59.204445
5614.782715	-62.127769
5620.166016	-59.441284
5625.549316	-57.902172
5630.932617	-57.741993
5636.315918	-54.612640
5641.699219	-54.754601
5647.082520	-55.807762
5652.465820	-59.893097
5657.849121	-54.917336
5663.232422	-52.737968
5668.615723	-54.414082
5673.999023	-52.607456
5679.382324	-44.755169
5684.765625	-44.705643
5690.148926	-49.661076
5695.532227	-54.228191
5700.915527	-54.344387
5706.298828	-52.896351
5711.682129	-55.406502
5717.065430	-42.860909
5722.448730	-38.152905
5727.832031	-39.341373
5733.215332	-40.883942
5738.598633	-46.913532
5743.981934	-50.382744
5749.365234	-51.299637
5754.748535	-50.139179
5760.131836	-51.357868
5765.515137	-51.738548
5770.898438	-49.859253
5776.281738	-49.542110
5781.665039	-49.397137
5787.048340	-48.206566
5792.431641	-49.466740
5797.814941	-45.278603
5803.198242	-42.989716
5808.581543	-47.639713
5813.964844	-53.767673
5819.348145	-51.799198
5824.731445	-46.518627
5830.114746	-47.065895
5835.498047	-50.926151
5840.881348	-55.700642
5846.264648	-51.878948
5851.647949	-55.971909
5857.031250	-56.152393
5862.414551	-53.687149
5867.797852	-52.548294
5873.181152	-51.877529
5878.564453	-55.277084
5883.947754	-52.656414
5889.331055	-45.756805
5894.714355	-43.257683
5900.097656	-46.677940
5905.480957	-49.710094
5910.864258	-53.587990
5916.247559	-55.950611
5921.630859	-53.551991
5927.014160	-51.795532
5932.397461	-50.836361
5937.780762	-51.264332
5943.164062	-50.382614
5948.547363	-50.199909
5953.930664	-51.608749
5959.313965	-52.767071
5964.697266	-50.167686
5970.080566	-53.896805
5975.463867	-59.179474
5980.847168	-56.564461
5986.230469	-55.944153
5991.613770	-56.570408
5996.997070	-57.204430
6002.380371	-55.439949
6007.763672	-52.273346
6013.146973	-54.164436
6018.530273	-51.986580
6023.913574	-49.913258
6029.296875	-50.847549
6034.680176	-49.273655
6040.063477	-50.265888
6045.446777	-51.971558
6050.830078	-53.850708
6056.213379	-53.265625
6061.596680	-54.166851
6066.979980	-56.657543
6072.363281	-60.252495
6077.746582	-67.040604
6083.129883	-62.759140
6088.513184	-59.381458
6093.896484	-58.728714
6099.279785	-54.708019
6104.663086	-55.260021
6110.046387	-53.799152
6115.429688	-53.443333
6120.812988	-52.087105
6126.196289	-50.955574
6131.579590	-54.378624
6136.962891	-58.857437
6142.346191	-53.413746
6147.729492	-48.563892
6153.112793	-47.189526
6158.496094	-49.642162
6163.879395	-52.180092
6169.262695	-54.432938
6174.645996	-55.358070
6180.029297	-53.090824
6185.412598	-52.783707
6190.795898	-56.684208
6196.179199	-48.977715
6201.562500	-43.689617
6206.945801	-47.418659
6212.329102	-55.625851
6217.712402	-55.939419
6223.095703	-53.765808
6228.479004	-51.897282
6233.862305	-50.243893
6239.245605	-47.512280
6244.628906	-46.795132
6250.012207	-47.084122
6255.395508	-40.092159
6260.778809	-38.984055
6266.162109	-43.422367
6271.545410	-39.717800
6276.928711	-36.882816
6282.312012	-34.694202
6287.695312	-37.413723
6293.078613	-38.896389
6298.461914	-38.706326
6303.845215	-39.035847
6309.228516	-41.324772
6314.611816	-42.761578
6319.995117	-45.165966
6325.378418	-49.699837
6330.761719	-56.399429
6336.145020	-45.262630
6341.528320	-38.036407
6346.911621	-37.632309
6352.294922	-39.079060
6357.678223	-41.012245
6363.061523	-43.927094
6368.444824	-48.219986
6373.828125	-54.244518
6379.211426	-52.098846
6384.594727	-52.362610
6389.978027	-50.903164
6395.361328	-46.959396
6400.744629	-46.573841
6406.127930	-45.326740
6411.511230	-44.161652
6416.894531	-42.801868
6422.277832	-41.607521
6427.661133	-34.688400
6433.044434	-33.437172
6438.427734	-36.033031
6443.811035	-39.739956
6449.194336	-45.964901
6454.577637	-48.131607
6459.960938	-54.072895
6465.344238	-47.387951
6470.727539	-44.787479
6476.110840	-46.469139
6481.494141	-49.408272
6486.877441	-51.905201
6492.260742	-55.439102
6497.644043	-61.373077
6503.027344	-65.632286
6508.410645	-64.088394
6513.793945	-55.546875
6519.177246	-51.063313
6524.560547	-52.003323
6529.943848	-49.673801
6535.327148	-46.366508
6540.710449	-50.460773
6546.093750	-42.057922
6551.477051	-35.860172
6556.860352	-38.898739
6562.243652	-45.198086
6567.626953	-49.682148
6573.010254	-53.596626
6578.393555	-48.088062
6583.776855	-45.034653
6589.160156	-49.347492
6594.543457	-52.199780
6599.926758	-55.538639
6605.310059	-55.247353
6610.693359	-54.208939
6616.076660	-53.779331
6621.459961	-57.083107
6626.843262	-53.570259
6632.226562	-53.930290
6637.609863	-55.179676
6642.993164	-51.092144
6648.376465	-52.560215
6653.759766	-53.346333
6659.143066	-56.653927
6664.526367	-58.639763
6669.909668	-54.857986
6675.292969	-53.708130
6680.676270	-45.765938
6686.059570	-43.981953
6691.442871	-42.977825
6696.826172	-33.054977
6702.209473	-30.621929
6707.592773	-34.887589
6712.976074	-39.395672
6718.359375	-46.671955
6723.742676	-48.748222
6729.125977	-49.171009
6734.509277	-51.349899
6739.892578	-52.505894
6745.275879	-55.197742
6750.659180	-59.813831
6756.042480	-60.308533
6761.425781	-59.411629
6766.809082	-59.732979
6772.192383	-59.722614
6777.575684	-63.981709
6782.958984	-61.335018
6788.342285	-60.704666
6793.725586	-59.464211
6799.108887	-59.393822
6804.492188	-57.033703
6809.875488	-56.232670
6815.258789	-55.274170
6820.642090	-55.043896
6826.025391	-56.346378
6831.408691	-56.962486
6836.791992	-56.601627
6842.175293	-54.614555
6847.558594	-57.359619
6852.941895	-55.712704
6858.325195	-55.374287
6863.708496	-62.191208
6869.091797	-63.807796
6874.475098	-59.569756
6879.858398	-57.688789
6885.241699	-61.217712
6890.625000	-65.723396
6896.008301	-68.580383
6901.391602	-64.212555
6906.774902	-61.216961
6912.158203	-63.136566
6917.541504	-62.408974
6922.924805	-61.692070
6928.308105	-64.881905
6933.691406	-62.928303
6939.074707	-61.316055
6944.458008	-58.081375
6949.841309	-57.980633
6955.224609	-56.376396
6960.607910	-55.331146
6965.991211	-54.457165
6971.374512	-54.721409
6976.757812	-57.199612
6982.141113	-58.513298
6987.524414	-62.374001
6992.907715	-64.196869
6998.291016	-62.884045
7003.674316	-66.439713
7009.057617	-63.422821
7014.440918	-57.813622
7019.824219	-56.886570
7025.207520	-58.683987
7030.590820	-60.397980
7035.974121	-56.922092
7041.357422	-53.454082
7046.740723	-55.591328
7052.124023	-54.343948
7057.507324	-53.400787
7062.890625	-55.025578
7068.273926	-55.675121
7073.657227	-56.341026
7079.040527	-55.375832
7084.423828	-56.058052
7089.807129	-58.458828
7095.190430	-55.641823
7100.573730	-53.945969
7105.957031	-54.185398
7111.340332	-50.535530
7116.723633	-49.762295
7122.106934	-45.779659
7127.490234	-38.888554
7132.873535	-37.294498
7138.256836	-40.112495
7143.640137	-43.761227
7149.023438	-49.432537
7154.406738	-50.593124
7159.790039	-49.822670
7165.173340	-49.510311
7170.556641	-49.589058
7175.939941	-50.825054
7181.323242	-49.892410
7186.706543	-48.293167
7192.089844	-52.256927
7197.473145	-55.255981
7202.856445	-55.820724
7208.239746	-55.603539
7213.623047	-54.646069
7219.006348	-53.786015
7224.389648	-54.855949
7229.772949	-55.486904
7235.156250	-53.646362
7240.539551	-53.789654
7245.922852	-54.682980
7251.306152	-53.428646
7256.689453	-56.525597
7262.072754	-56.116718
7267.456055	-52.924557
7272.839355	-52.801895
7278.222656	-53.633278
7283.605957	-56.634506
7288.989258	-58.285431
7294.372559	-59.884281
7299.755859	-61.903606
7305.139160	-61.818279
7310.522461	-60.997883
7315.905762	-55.806763
7321.289062	-55.025597
7326.672363	-60.819073
7332.055664	-61.264259
7337.438965	-65.134003
7342.822266	-62.331024
7348.205566	-59.369682
7353.588867	-62.044392
7358.972168	-68.750633
7364.355469	-67.559372
7369.738770	-59.812038
7375.122070	-55.369762
7380.505371	-57.218945
7385.888672	-64.507927
7391.271973	-67.374329
7396.655273	-65.613907
7402.038574	-63.070671
7407.421875	-62.476543
7412.805176	-63.104996
7418.188477	-65.525009
7423.571777	-66.941910
7428.955078	-60.480701
7434.338379	-59.111977
7439.721680	-63.356930
7445.104980	-64.523338
7450.488281	-60.528629
7455.871582	-58.724236
7461.254883	-59.141060
7466.638184	-58.406605
7472.021484	-56.975735
7477.404785	-58.329002
7482.788086	-57.757938
7488.171387	-58.387642
7493.554688	-58.327431
7498.937988	-57.800949
7504.321289	-58.516251
7509.704590	-60.746449
7515.087891	-62.868721
7520.471191	-61.563908
7525.854492	-62.537525
7531.237793	-59.062229
7536.621094	-57.358761
7542.004395	-56.786888
7547.387695	-59.575386
7552.770996	-61.325390
7558.154297	-58.014500
7563.537598	-57.277664
7568.920898	-57.377319
7574.304199	-56.901051
7579.687500	-61.024612
7585.070801	-65.819916
7590.454102	-65.995758
7595.837402	-66.351280
7601.220703	-65.724571
7606.604004	-64.517143
7611.987305	-60.951202
7617.370605	-59.591022
7622.753906	-61.102249
7628.137207	-59.083225
7633.520508	-59.590683
7638.903809	-61.017334
7644.287109	-57.733662
7649.670410	-56.767666
7655.053711	-56.114330
7660.437012	-56.071602
7665.820312	-58.880135
7671.203613	-59.216984
7676.586914	-58.617565
7681.970215	-54.906910
7687.353516	-54.321411
7692.736816	-57.369076
7698.120117	-57.115486
7703.503418	-58.073818
7708.886719	-56.972111
7714.270020	-57.352928
7719.653320	-59.363663
7725.036621	-63.483746
7730.419922	-63.846924
7735.803223	-62.509590
7741.186523	-68.171257
7746.569824	-70.500778
7751.953125	-71.315971
7757.336426	-71.099403
7762.719727	-67.916565
7768.103027	-64.094025
7773.486328	-63.242874
7778.869629	-66.800362
7784.252930	-68.003593
7789.636230	-67.828773
7795.019531	-64.248962
7800.402832	-62.114403
7805.786133	-62.557137
7811.169434	-59.908165
7816.552734	-60.788620
7821.936035	-60.474159
7827.319336	-59.030430
7832.702637	-60.300068
7838.085938	-58.304276
7843.469238	-56.586849
7848.852539	-55.450855
7854.235840	-54.030750
7859.619141	-53.819897
7865.002441	-54.420097
7870.385742	-53.166908
7875.769043	-53.162621
7881.152344	-55.100586
7886.535645	-56.807045
7891.918945	-57.533588
7897.302246	-58.310738
7902.685547	-59.360619
7908.068848	-57.143044
7913.452148	-57.612190
7918.835449	-59.517040
7924.218750	-58.052582
7929.602051	-58.476051
7934.985352	-59.830437
7940.368652	-64.409752
7945.751953	-65.439262
7951.135254	-61.231873
7956.518555	-60.957561
7961.901855	-63.722134
7967.285156	-60.479778
7972.668457	-59.051537
7978.051758	-62.521526
7983.435059	-61.239666
7988.818359	-59.232868
7994.201660	-59.654861
7999.584961	-64.116859
8004.968262	-66.054428
8010.351562	-61.690258
8015.734863	-58.604507
8021.118164	-56.383583
8026.501465	-56.012501
8031.884766	-56.765602
8037.268066	-56.092949
8042.651367	-56.101456
8048.034668	-56.815529
8053.417969	-59.303276
8058.801270	-61.373878
8064.184570	-61.264652
8069.567871	-63.200905
8074.951172	-62.975792
8080.334473	-58.092682
8085.717773	-54.212524
8091.101074	-57.528656
8096.484375	-59.789642
8101.867676	-62.228653
8107.250977	-65.719696
8112.634277	-65.827896
8118.017578	-66.175827
8123.400879	-65.271812
8128.784180	-58.758068
8134.167480	-56.937481
8139.550781	-60.866886
8144.934082	-58.162071
8150.317383	-54.783020
8155.700684	-53.158447
8161.083984	-53.260059
8166.467285	-56.245613
8171.850586	-58.437054
8177.233887	-57.188896
8182.617188	-56.997845
8188.000488	-58.498619
8193.383789	-59.125427
8198.767090	-59.503559
8204.150391	-59.166248
8209.533691	-60.242393
8214.916992	-61.258205
8220.300293	-58.243217
8225.683594	-56.437851
8231.066895	-56.019432
8236.450195	-56.153900
8241.833496	-58.542168
8247.216797	-58.277908
8252.600098	-56.235779
8257.983398	-57.781284
8263.366699	-60.019623
8268.750000	-61.201683
8274.133301	-62.009750
8279.516602	-63.323185
8284.899902	-65.264145
8290.283203	-63.072487
8295.666504	-58.898300
8301.049805	-54.900471
8306.433105	-53.171474
8311.816406	-52.615986
8317.199707	-53.016640
8322.583008	-53.684505
8327.966309	-52.497692
8333.349609	-56.321030
8338.732910	-56.906120
8344.116211	-56.676960
8349.499512	-55.389240
8354.882812	-53.733658
8360.266113	-52.394405
8365.649414	-51.425476
8371.032715	-51.021378
8376.416016	-49.617744
8381.799316	-49.478424
8387.182617	-51.603046
8392.565918	-53.739319
8397.949219	-55.547569
8403.332520	-56.263489
8408.715820	-55.720673
8414.099121	-55.371670
8419.482422	-55.667179
8424.865723	-57.871677
8430.249023	-61.921043
8435.632324	-63.944153
8441.015625	-68.629807
8446.398926	-68.731232
8451.782227	-68.747047
8457.165527	-69.601974
8462.548828	-66.489960
8467.932129	-65.802818
8473.315430	-59.804070
8478.698730	-61.307049
8484.082031	-68.765236
8489.465332	-67.190910
8494.848633	-71.182137
8500.231934	-66.197113
8505.615234	-58.024605
8510.998535	-56.619228
8516.381836	-58.339565
8521.765137	-54.453896
8527.148438	-53.594326
8532.531738	-55.767647
8537.915039	-59.133274
8543.298340	-62.695122
8548.681641	-62.480022
8554.064941	-65.649643
8559.448242	-64.303307
8564.831543	-62.092640
8570.214844	-62.324493
8575.598145	-62.029282
8580.981445	-65.637199
8586.364746	-71.023384
8591.748047	-67.351418
8597.131348	-67.850471
8602.514648	-67.587967
8607.897949	-63.363594
8613.281250	-63.494488
8618.664551	-63.030979
8624.047852	-63.149132
8629.431152	-62.925610
8634.814453	-64.769341
8640.197754	-63.069675
8645.581055	-61.816071
8650.964355	-56.416035
8656.347656	-55.984161
8661.730957	-56.797638
8667.114258	-58.024387
8672.497559	-61.375751
8677.880859	-64.687538
8683.264160	-62.171066
8688.647461	-63.895985
8694.030762	-67.159241
8699.414062	-72.574242
8704.797363	-74.155693
8710.180664	-69.783554
8715.563965	-67.972214
8720.947266	-67.007812
8726.330566	-62.546402
8731.713867	-60.932442
8737.097168	-61.776806
8742.480469	-61.090652
8747.863770	-60.777256
8753.247070	-59.231979
8758.630371	-55.505253
8764.013672	-55.068924
8769.396973	-57.888546
8774.780273	-62.246796
8780.163574	-63.852196
8785.546875	-64.279762
8790.930176	-63.529427
8796.313477	-61.651279
8801.696777	-57.933754
8807.080078	-56.031509
8812.463379	-55.685143
8817.846680	-55.650288
8823.229980	-55.833546
8828.613281	-56.320839
8833.996582	-56.608006
8839.379883	-54.600750
8844.763184	-54.140041
8850.146484	-54.797852
8855.529785	-56.188663
8860.913086	-57.076797
8866.296387	-57.815166
8871.679688	-60.447395
8877.062988	-61.682404
8882.446289	-63.762749
8887.829590	-67.500244
8893.212891	-67.580933
8898.596191	-64.813911
8903.979492	-64.547012
8909.362793	-67.342590
8914.746094	-69.001396
8920.129395	-70.337677
8925.512695	-66.923592
8930.895996	-60.542309
8936.279297	-57.004467
8941.662598	-56.415691
8947.045898	-54.945801
8952.429199	-54.011238
8957.812500	-53.453068
8963.195801	-51.973717
8968.579102	-53.435040
8973.962402	-55.850746
8979.345703	-58.102642
8984.729004	-59.219116
8990.112305	-58.059326
8995.495605	-59.821800
9000.878906	-63.293018
9006.262207	-65.388268
9011.645508	-63.754295
9017.028809	-63.783215
9022.412109	-65.749886
9027.795410	-63.154957
9033.178711	-64.764221
9038.562012	-60.326416
9043.945312	-59.189083
9049.328613	-60.375507
9054.711914	-59.019157
9060.095215	-60.277763
9065.478516	-60.927845
9070.861816	-60.118786
9076.245117	-62.561783
9081.628418	-66.997681
9087.011719	-67.891129
9092.395020	-64.665298
9097.778320	-61.456039
9103.161621	-59.051834
9108.544922	-54.360909
9113.928223	-53.906677
9119.311523	-57.452991
9124.694824	-61.612251
9130.078125	-67.761879
9135.461426	-70.565460
9140.844727	-68.367691
9146.228027	-62.520481
9151.611328	-61.940994
9156.994629	-62.035419
9162.377930	-60.576134
9167.761230	-59.342411
9173.144531	-58.305130
9178.527832	-57.262337
9183.911133	-55.346046
9189.294434	-54.654892
9194.677734	-54.206116
9200.061035	-53.982147
9205.444336	-54.842850
9210.827637	-56.184147
9216.210938	-57.405319
9221.594238	-57.006981
9226.977539	-57.306625
9232.360840	-57.891216
9237.744141	-56.906200
9243.127441	-56.310894
9248.510742	-57.350643
9253.894043	-61.245369
9259.277344	-61.007858
9264.660645	-60.875313
9270.043945	-59.868126
9275.427246	-61.654209
9280.810547	-61.527237
9286.193848	-61.137341
9291.577148	-61.696075
9296.960449	-62.338974
9302.343750	-63.196049
9307.727051	-64.236404
9313.110352	-66.648605
9318.493652	-68.355125
9323.876953	-69.119133
9329.260254	-75.044556
9334.643555	-73.235664
9340.026855	-67.190994
9345.410156	-65.098785
9350.793457	-61.674957
9356.176758	-59.856464
9361.560059	-61.084255
9366.943359	-61.239922
9372.326660	-61.438461
9377.709961	-59.542904
9383.093262	-58.619347
9388.476562	-59.217274
9393.859863	-58.803551
9399.243164	-61.038773
9404.626465	-63.071362
9410.009766	-63.812737
9415.393066	-62.707764
9420.776367	-62.964233
9426.159668	-65.197433
9431.542969	-62.637497
9436.926270	-61.780209
9442.309570	-59.954296
9447.692871	-58.933247
9453.076172	-60.965588
9458.459473	-62.638069
9463.842773	-59.854603
9469.226074	-57.715092
9474.609375	-57.525608
9479.992676	-56.958504
9485.375977	-57.900883
9490.759277	-58.474941
9496.142578	-58.028732
9501.525879	-60.422527
9506.909180	-63.543335
9512.292480	-65.898582
9517.675781	-69.090652
9523.059082	-72.633995
9528.442383	-74.430023
9533.825684	-70.871368
9539.208984	-68.925461
9544.592285	-61.096478
9549.975586	-56.887760
9555.358887	-57.939449
9560.742188	-58.478909
9566.125488	-58.318901
9571.508789	-61.606979
9576.892090	-60.727306
9582.275391	-62.582481
9587.658691	-64.035187
9593.041992	-61.801041
9598.425293	-59.133625
9603.808594	-61.169285
9609.191895	-63.855602
9614.575195	-62.118607
9619.958496	-58.952576
9625.341797	-57.285782
9630.725098	-56.455696
9636.108398	-55.137482
9641.491699	-55.370838
9646.875000	-57.138187
9652.258301	-55.092846
9657.641602	-54.419369
9663.024902	-56.237629
9668.408203	-56.796059
9673.791504	-55.980370
9679.174805	-56.490784
9684.558105	-56.791119
9689.941406	-56.007580
9695.324707	-55.104126
9700.708008	-54.025410
9706.091309	-54.354729
9711.474609	-54.125393
9716.857910	-53.843681
9722.241211	-53.689449
9727.624512	-54.394760
9733.007812	-54.764183
9738.391113	-55.172745
9743.774414	-59.551987
9749.157715	-61.589935
9754.541016	-60.947781
9759.924316	-59.618916
9765.307617	-57.118855
9770.690918	-55.708454
9776.074219	-54.438236
9781.457520	-55.134426
9786.840820	-55.920116
9792.224121	-56.268982
9797.607422	-56.888424
9802.990723	-57.742809
9808.374023	-58.803444
9813.757324	-57.464470
9819.140625	-59.253094
9824.523926	-61.953953
9829.907227	-63.711319
9835.290527	-63.752319
9840.673828	-62.399666
9846.057129	-63.955395
9851.440430	-66.474648
9856.823730	-59.623528
9862.207031	-56.895187
9867.590332	-58.385643
9872.973633	-60.187660
9878.356934	-61.619747
9883.740234	-62.188614
9889.123535	-61.394520
9894.506836	-64.012703
9899.890137	-65.776802
9905.273438	-64.646843
9910.656738	-65.779564
9916.040039	-69.502495
9921.423340	-71.337387
9926.806641	-70.507935
9932.189941	-70.505234
9937.573242	-73.020218
9942.956543	-70.013039
9948.339844	-69.091354
9953.723145	-73.274124
9959.106445	-67.669228
9964.489746	-66.965393
9969.873047	-63.966702
9975.256348	-61.517475
9980.639648	-58.371357
9986.022949	-55.366077
9991.406250	-55.421432
9996.789551	-59.083847
10002.172852	-59.269005
10007.556152	-59.016632
10012.939453	-66.811691
10018.322754	-67.615051
10023.706055	-63.943771
10029.089355	-63.670311
10034.472656	-64.444016
10039.855957	-64.302429
10045.239258	-63.135910
10050.622559	-63.390919
10056.005859	-66.766563
10061.389160	-72.267166
10066.772461	-70.377052
10072.155762	-66.458565
10077.539062	-63.857891
10082.922363	-61.897255
10088.305664	-61.916344
10093.688965	-66.648102
10099.072266	-80.512604
10104.455566	-67.938187
10109.838867	-63.591885
10115.222168	-62.285831
10120.605469	-61.445553
10125.988770	-64.154442
10131.372070	-65.410179
10136.755371	-65.016586
10142.138672	-65.575539
10147.521973	-63.650669
10152.905273	-62.853825
10158.288574	-63.495159
10163.671875	-59.631943
10169.055176	-58.778240
10174.438477	-59.720226
10179.821777	-59.987137
10185.205078	-60.633213
10190.588379	-60.675392
10195.971680	-60.897270
10201.354980	-61.660019
10206.738281	-62.483589
10212.121582	-64.658485
10217.504883	-66.652061
10222.888184	-68.655762
10228.271484	-66.193703
10233.654785	-66.048370
10239.038086	-63.132313
10244.421387	-61.776405
10249.804688	-62.730042
10255.187988	-58.605141
10260.571289	-60.397144
10265.954590	-63.641300
10271.337891	-64.910767
10276.721191	-64.516464
10282.104492	-63.675129
10287.487793	-62.036674
10292.871094	-60.916916
10298.254395	-62.294750
10303.637695	-61.556816
10309.020996	-59.246063
10314.404297	-59.292198
10319.787598	-60.302883
10325.170898	-61.382133
10330.554199	-60.737495
10335.937500	-60.219761
10341.320801	-61.752838
10346.704102	-61.721878
10352.087402	-61.727943
10357.470703	-61.572941
10362.854004	-63.647678
10368.237305	-68.293663
10373.620605	-67.939461
10379.003906	-65.977295
10384.387207	-65.451515
10389.770508	-69.396866
10395.153809	-67.314178
10400.537109	-66.320374
10405.920410	-67.301750
10411.303711	-62.665283
10416.687012	-60.208084
10422.070312	-60.187977
10427.453613	-60.805809
10432.836914	-59.628731
10438.220215	-58.578041
10443.603516	-60.227192
10448.986816	-65.289246
10454.370117	-68.167809
10459.753418	-70.349419
10465.136719	-74.809586
10470.520020	-75.643867
10475.903320	-72.431412
10481.286621	-67.697075
10486.669922	-68.369736
10492.053223	-67.991074
10497.436523	-64.997292
10502.819824	-66.895477
10508.203125	-65.364769
10513.586426	-64.592155
10518.969727	-62.009266
10524.353027	-60.452259
10529.736328	-59.444603
10535.119629	-59.454536
10540.502930	-62.605148
10545.886230	-64.606216
10551.269531	-67.081390
10556.652832	-68.010864
10562.036133	-64.556076
10567.419434	-59.654388
10572.802734	-58.339687
10578.186035	-59.454338
10583.569336	-61.781570
10588.952637	-64.373207
10594.335938	-64.915260
10599.719238	-66.149162
10605.102539	-63.471451
10610.485840	-61.690845
10615.869141	-60.304291
10621.252441	-59.614124
10626.635742	-61.277477
10632.019043	-63.594372
10637.402344	-66.900139
10642.785645	-72.226715
10648.168945	-69.990257
10653.552246	-66.011971
10658.935547	-66.151939
10664.318848	-68.143990
10669.702148	-68.052338
10675.085449	-64.429909
10680.468750	-63.203350
10685.852051	-58.181702
10691.235352	-56.638123
10696.618652	-58.163471
10702.001953	-60.915348
10707.385254	-61.547798
10712.768555	-59.483803
10718.151855	-59.501469
10723.535156	-58.744724
10728.918457	-56.915764
10734.301758	-56.777824
10739.685059	-57.826191
10745.068359	-60.024986
10750.451660	-62.897209
10755.834961	-66.213470
10761.218262	-69.414047
10766.601562	-67.026245
10771.984863	-63.837971
10777.368164	-62.752083
10782.751465	-63.343185
10788.134766	-62.754074
10793.518066	-63.225719
10798.901367	-63.847427
10804.284668	-62.939579
10809.667969	-61.510719
10815.051270	-60.492424
10820.434570	-59.688892
10825.817871	-58.870186
10831.201172	-60.911102
10836.584473	-64.254349
10841.967773	-64.057426
10847.351074	-62.789146
10852.734375	-62.286724
10858.117676	-62.246338
10863.500977	-59.226048
10868.884277	-59.823055
10874.267578	-63.656002
10879.650879	-66.530281
10885.034180	-64.175041
10890.417480	-62.247253
10895.800781	-60.185001
10901.184082	-57.878803
10906.567383	-57.823692
10911.950684	-58.179783
10917.333984	-60.168110
10922.717285	-64.664391
10928.100586	-65.838387
10933.483887	-63.763935
10938.867188	-60.219788
10944.250488	-57.556816
10949.633789	-56.562397
10955.017090	-57.917622
10960.400391	-58.857620
10965.783691	-58.977123
10971.166992	-59.934498
10976.550293	-60.488144
10981.933594	-59.154697
10987.316895	-58.529804
10992.700195	-57.867237
10998.083496	-57.340271
11003.466797	-57.868698
11008.850098	-58.017200
11014.233398	-59.063038
11019.616699	-59.491947
11025.000000	-59.346424
11030.383301	-60.655392
11035.766602	-59.474033
11041.149902	-59.745785
11046.533203	-59.097897
11051.916504	-58.393139
11057.299805	-58.220806
11062.683105	-60.296719
11068.066406	-61.521145
11073.449707	-61.871922
11078.833008	-65.654808
11084.216309	-64.625862
11089.599609	-63.341770
11094.982910	-63.158405
11100.366211	-65.696327
11105.749512	-66.179077
11111.132812	-62.673592
11116.516113	-61.843777
11121.899414	-65.655342
11127.282715	-65.184883
11132.666016	-64.364502
11138.049316	-66.293854
11143.432617	-69.958748
11148.815918	-70.341232
11154.199219	-71.518562
11159.582520	-74.577698
11164.965820	-71.741974
11170.349121	-67.125885
11175.732422	-63.112339
11181.115723	-61.555836
11186.499023	-62.394615
11191.882324	-63.676380
11197.265625	-66.730835
11202.648926	-67.394348
11208.032227	-65.084183
11213.415527	-66.437248
11218.798828	-66.584511
11224.182129	-64.163681
11229.565430	-62.160164
11234.948730	-61.607510
11240.332031	-59.494446
11245.715332	-58.021381
11251.098633	-57.605896
11256.481934	-57.549133
11261.865234	-59.058041
11267.248535	-61.887852
11272.631836	-63.652977
11278.015137	-62.517708
11283.398438	-62.274048
11288.781738	-62.857231
11294.165039	-62.168327
11299.548340	-61.791225
11304.931641	-62.335354
11310.314941	-64.424751
11315.698242	-65.890755
11321.081543	-64.580444
11326.464844	-61.277035
11331.848145	-57.790058
11337.231445	-56.296280
11342.614746	-55.218998
11347.998047	-56.542488
11353.381348	-58.602139
11358.764648	-59.674461
11364.147949	-60.899933
11369.531250	-62.804939
11374.914551	-66.039627
11380.297852	-67.119987
11385.681152	-69.296799
11391.064453	-73.230255
11396.447754	-75.537407
11401.831055	-70.330620
11407.214355	-65.794891
11412.597656	-64.328529
11417.980957	-64.875381
11423.364258	-63.661720
11428.747559	-63.328724
11434.130859	-63.285675
11439.514160	-62.155708
11444.897461	-62.421257
11450.280762	-62.316624
11455.664062	-64.119591
11461.047363	-69.873802
11466.430664	-70.636497
11471.813965	-66.389343
11477.197266	-66.880424
11482.580566	-72.224648
11487.963867	-72.642181
11493.347168	-71.880959
11498.730469	-71.290985
11504.113770	-71.644341
11509.497070	-68.349869
11514.880371	-65.310875
11520.263672	-62.355991
11525.646973	-62.580975
11531.030273	-63.778736
11536.413574	-65.042374
11541.796875	-64.833717
11547.180176	-65.077339
11552.563477	-66.827072
11557.946777	-67.374718
11563.330078	-70.374146
11568.713379	-68.651413
11574.096680	-64.684578
11579.479980	-62.403259
11584.863281	-60.904934
11590.246582	-58.992466
11595.629883	-58.793716
11601.013184	-58.799213
11606.396484	-58.891434
11611.779785	-59.884579
11617.163086	-60.632240
11622.546387	-62.272400
11627.929688	-63.059250
11633.312988	-63.590321
11638.696289	-67.402771
11644.079590	-72.101791
11649.462891	-76.540947
11654.846191	-75.774651
11660.229492	-69.529991
11665.612793	-66.809357
11670.996094	-66.603020
11676.379395	-65.188164
11681.762695	-65.065094
11687.145996	-63.509998
11692.529297	-63.062084
11697.912598	-63.656822
11703.295898	-62.151447
11708.679199	-61.887569
11714.062500	-62.017376
11719.445801	-62.887043
11724.829102	-62.582275
11730.212402	-62.090164
11735.595703	-64.361443
11740.979004	-66.181114
11746.362305	-66.251404
11751.745605	-66.562790
11757.128906	-68.776901
11762.512207	-67.599785
11767.895508	-64.355934
11773.278809	-63.460522
11778.662109	-62.826244
11784.045410	-64.190872
11789.428711	-66.332863
11794.812012	-67.290131
11800.195312	-69.945610
11805.578613	-68.073860
11810.961914	-65.003532
11816.345215	-63.607403
11821.728516	-64.975616
11827.111816	-66.133476
11832.495117	-65.854057
11837.878418	-65.418594
11843.261719	-65.194908
11848.645020	-67.439468
11854.028320	-69.836494
11859.411621	-70.293846
11864.794922	-69.299911
11870.178223	-66.861526
11875.561523	-67.771515
11880.944824	-67.387024
11886.328125	-66.210777
11891.711426	-64.792084
11897.094727	-63.985165
11902.478027	-63.882023
11907.861328	-61.291611
11913.244629	-61.528648
11918.627930	-61.910500
11924.011230	-61.194637
11929.394531	-59.999062
11934.777832	-59.763634
11940.161133	-60.053047
11945.544434	-59.347271
11950.927734	-60.359684
11956.311035	-59.988693
11961.694336	-58.852093
11967.077637	-58.075001
11972.460938	-58.004276
11977.844238	-60.527065
11983.227539	-62.711681
11988.610840	-63.636112
11993.994141	-64.575935
11999.377441	-65.401291
12004.760742	-63.149811
12010.144043	-61.905254
12015.527344	-61.832699
12020.910645	-61.893936
12026.293945	-62.495090
12031.677246	-62.393669
12037.060547	-63.045662
12042.443848	-63.249557
12047.827148	-64.729248
12053.210449	-65.698494
12058.593750	-66.155479
12063.977051	-66.346169
12069.360352	-64.846367
12074.743652	-66.082695
12080.126953	-70.456024
12085.510254	-76.106117
12090.893555	-74.818596
12096.276855	-75.472168
12101.660156	-78.050903
12107.043457	-78.476234
12112.426758	-73.829727
12117.810059	-73.946831
12123.193359	-72.310555
12128.576660	-71.730049
12133.959961	-71.938995
12139.343262	-71.343040
12144.726562	-71.922348
12150.109863	-68.824768
12155.493164	-68.594643
12160.876465	-70.899467
12166.259766	-72.906120
12171.643066	-74.990227
12177.026367	-74.587563
12182.409668	-70.701920
12187.792969	-72.547508
12193.176270	-74.193802
12198.559570	-70.857689
12203.942871	-65.877518
12209.326172	-64.760124
12214.709473	-64.769775
12220.092773	-63.021267
12225.476074	-62.572182
12230.859375	-63.300369
12236.242676	-64.390244
12241.625977	-66.614456
12247.009277	-67.745621
12252.392578	-69.308533
12257.775879	-71.906197
12263.159180	-71.983925
12268.542480	-72.638405
12273.925781	-72.085915
12279.309082	-68.742966
12284.692383	-66.259125
12290.075684	-67.863792
12295.458984	-71.112816
12300.842285	-69.657951
12306.225586	-67.381493
12311.608887	-65.970978
12316.992188	-64.263512
12322.375488	-61.832947
12327.758789	-62.173996
12333.142090	-60.296871
12338.525391	-58.787762
12343.908691	-58.369106
12349.291992	-58.497711
12354.675293	-58.704937
12360.058594	-57.840027
12365.441895	-58.245178
12370.825195	-59.764957
12376.208496	-60.865967
12381.591797	-60.764408
12386.975098	-60.737617
12392.358398	-61.758614
12397.741699	-60.786598
12403.125000	-60.474926
12408.508301	-61.788116
12413.891602	-64.572098
12419.274902	-67.115974
12424.658203	-65.977936
12430.041504	-63.360027
12435.424805	-63.006008
12440.808105	-62.868988
12446.191406	-62.697262
12451.574707	-64.293892
12456.958008	-66.806046
12462.341309	-71.702324
12467.724609	-73.933113
12473.107910	-71.146797
12478.491211	-67.488945
12483.874512	-66.546730
12489.257812	-67.194847
12494.641113	-69.463425
12500.024414	-66.668663
12505.407715	-64.190308
12510.791016	-64.445808
12516.174316	-63.103508
12521.557617	-62.007992
12526.940918	-61.478104
12532.324219	-61.536884
12537.707520	-60.542816
12543.090820	-60.084278
12548.474121	-61.047882
12553.857422	-61.982437
12559.240723	-64.538010
12564.624023	-67.079880
12570.007324	-70.036629
12575.390625	-75.312920
12580.773926	-77.106537
12586.157227	-73.988007
12591.540527	-73.405182
12596.923828	-74.918259
12602.307129	-74.293800
12607.690430	-75.457718
12613.073730	-74.898544
12618.457031	-76.890549
12623.840332	-80.402260
12629.223633	-79.812912
12634.606934	-78.274597
12639.990234	-77.845345
12645.373535	-73.873802
12650.756836	-71.963135
12656.140137	-72.364510
12661.523438	-68.831100
12666.906738	-66.538605
12672.290039	-63.950478
12677.673340	-62.819080
12683.056641	-63.419106
12688.439941	-61.375397
12693.823242	-60.562801
12699.206543	-60.877621
12704.589844	-61.388569
12709.973145	-61.060928
12715.356445	-60.298958
12720.739746	-61.473873
12726.123047	-64.303123
12731.506348	-66.696671
12736.889648	-65.829887
12742.272949	-66.205307
12747.656250	-67.552750
12753.039551	-67.353172
12758.422852	-67.726128
12763.806152	-69.271904
12769.189453	-71.613525
12774.572754	-69.246414
12779.956055	-66.218956
12785.339355	-64.323029
12790.722656	-63.919281
12796.105957	-65.014442
12801.489258	-66.009804
12806.872559	-68.487778
12812.255859	-71.980118
12817.639160	-69.365486
12823.022461	-66.971245
12828.405762	-66.519485
12833.789062	-66.414101
12839.172363	-68.365959
12844.555664	-71.226540
12849.938965	-73.246574
12855.322266	-75.796623
12860.705566	-71.257713
12866.088867	-66.829903
12871.472168	-65.367905
12876.855469	-65.239937
12882.238770	-65.369652
12887.622070	-67.889000
12893.005371	-65.259644
12898.388672	-66.622528
12903.771973	-70.246964
12909.155273	-69.962944
12914.538574	-68.593315
12919.921875	-68.164612
12925.305176	-66.970230
12930.688477	-63.677223
12936.071777	-62.583183
12941.455078	-63.424206
12946.838379	-66.157059
12952.221680	-65.853058
12957.604980	-63.048336
12962.988281	-62.157276
12968.371582	-60.541595
12973.754883	-58.474476
12979.138184	-56.930923
12984.521484	-57.293217
12989.904785	-59.472816
12995.288086	-61.773705
13000.671387	-64.813103
13006.054688	-67.313545
13011.437988	-71.126884
13016.821289	-72.280113
13022.204590	-71.839760
13027.587891	-69.184464
13032.971191	-66.078476
13038.354492	-63.813118
13043.737793	-61.231903
13049.121094	-61.702190
13054.504395	-62.933014
13059.887695	-61.891373
13065.270996	-60.982399
13070.654297	-60.209084
13076.037598	-59.823227
13081.420898	-59.145729
13086.804199	-58.775177
13092.187500	-58.604534
13097.570801	-58.709385
13102.954102	-60.445980
13108.337402	-61.762337
13113.720703	-62.510372
13119.104004	-64.037941
13124.487305	-64.553535
13129.870605	-66.535095
13135.253906	-73.191124
13140.637207	-78.068329
13146.020508	-75.345345
13151.403809	-75.467438
13156.787109	-77.031288
13162.170410	-69.703102
13167.553711	-68.235725
13172.937012	-68.602654
13178.320312	-68.295143
13183.703613	-70.674301
13189.086914	-77.486633
13194.470215	-77.191719
13199.853516	-71.580505
13205.236816	-70.575401
13210.620117	-70.103317
13216.003418	-70.298843
13221.386719	-69.932632
13226.770020	-68.828522
13232.153320	-69.264114
13237.536621	-69.104996
13242.919922	-70.098244
13248.303223	-69.463570
13253.686523	-67.498222
13259.069824	-67.828529
13264.453125	-70.258224
13269.836426	-72.987968
13275.219727	-75.340942
13280.603027	-74.663490
13285.986328	-72.222595
13291.369629	-67.213120
13296.752930	-63.747021
13302.136230	-61.965153
13307.519531	-60.751530
13312.902832	-60.630726
13318.286133	-60.795166
13323.669434	-61.370522
13329.052734	-62.561264
13334.436035	-63.558762
13339.819336	-66.867096
13345.202637	-71.134239
13350.585938	-70.991875
13355.969238	-70.596413
13361.352539	-71.695892
13366.735840	-72.738480
13372.119141	-67.389343
13377.502441	-63.532444
13382.885742	-61.691254
13388.269043	-60.812653
13393.652344	-60.214855
13399.035645	-59.871574
13404.418945	-61.272507
13409.802246	-63.895458
13415.185547	-64.568710
13420.568848	-64.671066
13425.952148	-66.115868
13431.335449	-66.831299
13436.718750	-67.767693
13442.102051	-68.033958
13447.485352	-68.967430
13452.868652	-67.844872
13458.251953	-67.320755
13463.635254	-67.673470
13469.018555	-66.429237
13474.401855	-65.796898
13479.785156	-65.151596
13485.168457	-63.921890
13490.551758	-64.136375
13495.935059	-64.213058
13501.318359	-63.889164
13506.701660	-63.058277
13512.084961	-62.036831
13517.468262	-62.796364
13522.851562	-63.497353
13528.234863	-64.529633
13533.618164	-65.497795
13539.001465	-66.594887
13544.384766	-65.550949
13549.768066	-64.508652
13555.151367	-65.166473
13560.534668	-65.481377
13565.917969	-66.117790
13571.301270	-64.649857
13576.684570	-63.856068
13582.067871	-62.128300
13587.451172	-60.501007
13592.834473	-61.264275
13598.217773	-63.396900
13603.601074	-65.255539
13608.984375	-64.546753
13614.367676	-64.335831
13619.750977	-67.111679
13625.134277	-69.340462
13630.517578	-69.392677
13635.900879	-66.805969
13641.284180	-65.713402
13646.667480	-65.689117
13652.050781	-64.547890
13657.434082	-64.091904
13662.817383	-63.615440
13668.200684	-63.962795
13673.583984	-65.278633
13678.967285	-67.080849
13684.350586	-69.044930
13689.733887	-69.051018
13695.117188	-67.975220
13700.500488	-67.287193
13705.883789	-66.668861
13711.267090	-66.269394
13716.650391	-63.839436
13722.033691	-63.573624
13727.416992	-64.210609
13732.800293	-63.060226
13738.183594	-61.731564
13743.566895	-60.764629
13748.950195	-60.631817
13754.333496	-61.037495
13759.716797	-61.094822
13765.100098	-62.509445
13770.483398	-65.614464
13775.866699	-69.761475
13781.250000	-76.241386
13786.633301	-77.378510
13792.016602	-73.095802
13797.399902	-70.610245
13802.783203	-71.014557
13808.166504	-70.969246
13813.549805	-72.150764
13818.933105	-72.612495
13824.316406	-71.830040
13829.699707	-71.787338
13835.083008	-69.952820
13840.466309	-69.324554
13845.849609	-71.321724
13851.232910	-74.016930
13856.616211	-72.964111
13861.999512	-74.725739
13867.382812	-80.315315
13872.766113	-80.040199
13878.149414	-75.636131
13883.532715	-74.091011
13888.916016	-73.120438
13894.299316	-73.163094
13899.682617	-73.986191
13905.065918	-74.014969
13910.449219	-76.424400
13915.832520	-78.577278
13921.215820	-76.671959
13926.599121	-74.941200
13931.982422	-76.193192
13937.365723	-71.735825
13942.749023	-71.226807
13948.132324	-73.644508
13953.515625	-75.113091
13958.898926	-71.677696
13964.282227	-70.763107
13969.665527	-72.246269
13975.048828	-70.983849
13980.432129	-71.413437
13985.815430	-73.593185
13991.198730	-75.828110
13996.582031	-74.317795
14001.965332	-74.263222
14007.348633	-72.972229
14012.731934	-71.051140
14018.115234	-70.909241
14023.498535	-72.625046
14028.881836	-73.050697
14034.265137	-69.802490
14039.648438	-70.337280
14045.031738	-72.812172
14050.415039	-71.985657
14055.798340	-69.061203
14061.181641	-69.461830
14066.564941	-71.721909
14071.948242	-71.719933
14077.331543	-71.476929
14082.714844	-70.251816
14088.098145	-69.421875
14093.481445	-68.573418
14098.864746	-66.513939
14104.248047	-65.081741
14109.631348	-64.604897
14115.014648	-64.215645
14120.397949	-64.685860
14125.781250	-66.535583
14131.164551	-69.450462
14136.547852	-70.093178
14141.931152	-68.200684
14147.314453	-68.188110
14152.697754	-67.525223
14158.081055	-67.463844
14163.464355	-68.500702
14168.847656	-71.715462
14174.230957	-73.795853
14179.614258	-71.309380
14184.997559	-69.723015
14190.380859	-69.319313
14195.764160	-68.370140
14201.147461	-67.180557
14206.530762	-68.257835
14211.914062	-70.141762
14217.297363	-69.707130
14222.680664	-70.151207
14228.063965	-70.394981
14233.447266	-67.996750
14238.830566	-65.593452
14244.213867	-65.421165
14249.597168	-65.127434
14254.980469	-63.895847
14260.363770	-63.049603
14265.747070	-63.303265
14271.130371	-65.379662
14276.513672	-66.243324
14281.896973	-66.171417
14287.280273	-66.423889
14292.663574	-66.236092
14298.046875	-67.559868
14303.430176	-69.020203
14308.813477	-70.869354
14314.196777	-71.013618
14319.580078	-70.968491
14324.963379	-69.437904
14330.346680	-68.049744
14335.729980	-68.913559
14341.113281	-70.462433
14346.496582	-68.513000
14351.879883	-64.914200
14357.263184	-63.257710
14362.646484	-62.875404
14368.029785	-63.487682
14373.413086	-63.979336
14378.796387	-65.873985
14384.179688	-68.951508
14389.562988	-67.863846
14394.946289	-66.602272
14400.329590	-66.540672
14405.712891	-68.031845
14411.096191	-68.697357
14416.479492	-69.006264
14421.862793	-72.542946
14427.246094	-74.039207
14432.629395	-71.843208
14438.012695	-68.868546
14443.395996	-65.895782
14448.779297	-65.348236
14454.162598	-64.833069
14459.545898	-63.530731
14464.929199	-63.907562
14470.312500	-65.860023
14475.695801	-69.253357
14481.079102	-70.845192
14486.462402	-68.904037
14491.845703	-67.645943
14497.229004	-67.081955
14502.612305	-66.219116
14507.995605	-65.041946
14513.378906	-65.239395
14518.762207	-66.496445
14524.145508	-67.824615
14529.528809	-67.455368
14534.912109	-66.869377
14540.295410	-66.687225
14545.678711	-66.548050
14551.062012	-65.486961
14556.445312	-64.857193
14561.828613	-67.002075
14567.211914	-72.568527
14572.595215	-77.049095
14577.978516	-75.496704
14583.361816	-76.482445
14588.745117	-78.451797
14594.128418	-74.003120
14599.511719	-73.471581
14604.895020	-76.730202
14610.278320	-79.478554
14615.661621	-81.535851
14621.044922	-79.388748
14626.428223	-79.384323
14631.811523	-82.110168
14637.194824	-83.648895
14642.578125	-85.466187
14647.961426	-81.644890
14653.344727	-74.922379
14658.728027	-72.646431
14664.111328	-74.908600
14669.494629	-77.353790
14674.877930	-77.251373
14680.261230	-76.127403
14685.644531	-76.507317
14691.027832	-75.553436
14696.411133	-74.327538
14701.794434	-76.087868
14707.177734	-78.251190
14712.561035	-74.981346
14717.944336	-73.212990
14723.327637	-75.290154
14728.710938	-77.602333
14734.094238	-76.623123
14739.477539	-72.609573
14744.860840	-69.151726
14750.244141	-67.574997
14755.627441	-67.261292
14761.010742	-68.870041
14766.394043	-70.651619
14771.777344	-71.377884
14777.160645	-70.918205
14782.543945	-71.515663
14787.927246	-72.119476
14793.310547	-73.921211
14798.693848	-75.032455
14804.077148	-72.479851
14809.460449	-73.586220
14814.843750	-73.796257
14820.227051	-72.479126
14825.610352	-72.954994
14830.993652	-73.909348
14836.376953	-72.883194
14841.760254	-72.018158
14847.143555	-74.341728
14852.526855	-77.892929
14857.910156	-77.614136
14863.293457	-72.909172
14868.676758	-69.370636
14874.060059	-67.949799
14879.443359	-67.328377
14884.826660	-67.310921
14890.209961	-68.195480
14895.593262	-68.142380
14900.976562	-68.500099
14906.359863	-69.668579
14911.743164	-68.378990
14917.126465	-66.822937
14922.509766	-65.975784
14927.893066	-65.641098
14933.276367	-65.510468
14938.659668	-66.521378
14944.042969	-67.316216
14949.426270	-68.652016
14954.809570	-72.502266
14960.192871	-76.887779
14965.576172	-75.052986
14970.959473	-73.160126
14976.342773	-69.876404
14981.726074	-66.985901
14987.109375	-66.899193
14992.492676	-68.900047
14997.875977	-70.648132
15003.259277	-67.927391
15008.642578	-66.044273
15014.025879	-66.781227
15019.409180	-67.416389
15024.792480	-66.933495
15030.175781	-66.535446
15035.559082	-66.531593
15040.942383	-68.007362
15046.325684	-69.162285
15051.708984	-68.480553
15057.092285	-67.971977
15062.475586	-68.429131
15067.858887	-70.784790
15073.242188	-71.452393
15078.625488	-72.969444
15084.008789	-75.250000
15089.392090	-73.229988
15094.775391	-71.901596
15100.158691	-71.356590
15105.541992	-70.969566
15110.925293	-68.113701
15116.308594	-66.471626
15121.691895	-67.048981
15127.075195	-66.626160
15132.458496	-65.555176
15137.841797	-66.402130
15143.225098	-68.834587
15148.608398	-73.545227
15153.991699	-80.368790
15159.375000	-81.185394
15164.758301	-77.797195
15170.141602	-74.246773
15175.524902	-71.246155
15180.908203	-71.332207
15186.291504	-72.754036
15191.674805	-74.165161
15197.058105	-75.117966
15202.441406	-74.429893
15207.824707	-71.267876
15213.208008	-69.431015
15218.591309	-70.257736
15223.974609	-70.605881
15229.357910	-68.444275
15234.741211	-68.010597
15240.124512	-68.990005
15245.507812	-72.153114
15250.891113	-76.375908
15256.274414	-74.251724
15261.657715	-73.226227
15267.041016	-72.632011
15272.424316	-71.596817
15277.807617	-71.208542
15283.190918	-73.055260
15288.574219	-75.052727
15293.957520	-76.111572
15299.340820	-77.438194
15304.724121	-81.362823
15310.107422	-86.182129
15315.490723	-86.087624
15320.874023	-80.015907
15326.257324	-74.302383
15331.640625	-72.765846
15337.023926	-71.354988
15342.407227	-69.059280
15347.790527	-67.304115
15353.173828	-65.977570
15358.557129	-66.093056
15363.940430	-65.713593
15369.323730	-65.529854
15374.707031	-66.709816
15380.090332	-67.979095
15385.473633	-67.626427
15390.856934	-67.023468
15396.240234	-68.631630
15401.623535	-69.400063
15407.006836	-69.056160
15412.390137	-70.079323
15417.773438	-71.629585
15423.156738	-72.110252
15428.540039	-70.694382
15433.923340	-71.221031
15439.306641	-74.848038
15444.689941	-76.598938
15450.073242	-72.281227
15455.456543	-70.868568
15460.839844	-71.385040
15466.223145	-73.218971
15471.606445	-72.454033
15476.989746	-70.165871
15482.373047	-69.200493
15487.756348	-70.002884
15493.139648	-72.805893
15498.522949	-73.597504
15503.906250	-73.275352
15509.289551	-72.371094
15514.672852	-71.417488
15520.056152	-71.818359
15525.439453	-71.215340
15530.822754	-69.925385
15536.206055	-67.956818
15541.589355	-67.266914
15546.972656	-68.036415
15552.355957	-68.804497
15557.739258	-69.374924
15563.122559	-69.436592
15568.505859	-69.242744
15573.889160	-67.525398
15579.272461	-66.655487
15584.655762	-66.988235
15590.039062	-67.835976
15595.422363	-69.761620
15600.805664	-72.300629
15606.188965	-75.414658
15611.572266	-75.430603
15616.955566	-73.173347
15622.338867	-73.140755
15627.722168	-74.911499
15633.105469	-73.456047
15638.488770	-72.376518
15643.872070	-74.000381
15649.255371	-74.204491
15654.638672	-71.518417
15660.021973	-71.633980
15665.405273	-76.005379
15670.788574	-77.585159
15676.171875	-75.454124
15681.555176	-74.164993
15686.938477	-72.437500
15692.321777	-69.873299
15697.705078	-68.863930
15703.088379	-69.866760
15708.471680	-70.303497
15713.854980	-71.343735
15719.238281	-69.536331
15724.621582	-67.481102
15730.004883	-65.951736
15735.388184	-65.252388
15740.771484	-64.754097
15746.154785	-64.943565
15751.538086	-66.474426
15756.921387	-68.723282
15762.304688	-70.839111
15767.687988	-72.000023
15773.071289	-72.990105
15778.454590	-72.642357
15783.837891	-71.007614
15789.221191	-70.935394
15794.604492	-74.471695
15799.987793	-78.159279
15805.371094	-77.726921
15810.754395	-75.803619
15816.137695	-72.861412
15821.520996	-70.993889
15826.904297	-72.249123
15832.287598	-72.655487
15837.670898	-70.877228
15843.054199	-70.296875
15848.437500	-72.794411
15853.820801	-80.047722
15859.204102	-88.361221
15864.587402	-79.867897
15869.970703	-73.855721
15875.354004	-71.975189
15880.737305	-74.296371
15886.120605	-71.004486
15891.503906	-67.239914
15896.887207	-66.465599
15902.270508	-68.360542
15907.653809	-70.792809
15913.037109	-70.404091
15918.420410	-69.268494
15923.803711	-69.549324
15929.187012	-70.139801
15934.570312	-69.741600
15939.953613	-68.900414
15945.336914	-69.823021
15950.720215	-70.461479
15956.103516	-72.375618
15961.486816	-72.397705
15966.870117	-70.808937
15972.253418	-69.732811
15977.636719	-68.897385
15983.020020	-69.850739
15988.403320	-68.641663
15993.786621	-68.468704
15999.169922	-68.967926
16004.553223	-68.997704
16009.936523	-68.173965
16015.319824	-67.539192
16020.703125	-68.044846
16026.086426	-70.315765
16031.469727	-70.079521
16036.853027	-69.531059
16042.236328	-70.005257
16047.619629	-70.232590
16053.002930	-69.768257
16058.386230	-72.265167
16063.769531	-76.717972
16069.152832	-77.791862
16074.536133	-76.069366
16079.919434	-72.499023
16085.302734	-68.963005
16090.686035	-68.094872
16096.069336	-68.325523
16101.452637	-67.910652
16106.835938	-66.986969
16112.219238	-66.571663
16117.602539	-67.876823
16122.985840	-69.840622
16128.369141	-69.268028
16133.752441	-67.799355
16139.135742	-67.055801
16144.519043	-67.478706
16149.902344	-67.971596
16155.285645	-68.724670
16160.668945	-69.237579
16166.052246	-70.175652
16171.435547	-72.861832
16176.818848	-76.028046
16182.202148	-75.628067
16187.585449	-72.690384
16192.968750	-72.767700
16198.352051	-75.670525
16203.735352	-80.553345
16209.118652	-78.877632
16214.501953	-78.550430
16219.885254	-78.809792
16225.268555	-73.092186
16230.651855	-70.498611
16236.035156	-71.813675
16241.418457	-73.495796
16246.801758	-72.427101
16252.185059	-72.021454
16257.568359	-73.052452
16262.951660	-71.627785
16268.334961	-69.820763
16273.718262	-70.356003
16279.101562	-73.492241
16284.484863	-78.525841
16289.868164	-80.805267
16295.251465	-78.470940
16300.634766	-73.170456
16306.018066	-70.651894
16311.401367	-70.390404
16316.784668	-70.783623
16322.167969	-69.663582
16327.551270	-68.566536
16332.934570	-69.665855
16338.317871	-71.191917
16343.701172	-70.480698
16349.084473	-69.618202
16354.467773	-70.266586
16359.851074	-70.910645
16365.234375	-71.865211
16370.617676	-72.987457
16376.000977	-73.953819
16381.384277	-75.191849
16386.767578	-78.224243
16392.150879	-79.351349
16397.534180	-75.975525
16402.917480	-73.355179
16408.300781	-72.467155
16413.684082	-74.176147
16419.067383	-76.597633
16424.450684	-74.151619
16429.833984	-73.414604
16435.217285	-72.987396
16440.600586	-70.286018
16445.983887	-67.971031
16451.367188	-68.008507
16456.750488	-69.108948
16462.133789	-70.504288
16467.517090	-71.768456
16472.900391	-73.790825
16478.283691	-72.923698
16483.666992	-70.598358
16489.050293	-70.208382
16494.433594	-70.643951
16499.816895	-70.457527
16505.200195	-69.774719
16510.583496	-70.907120
16515.966797	-73.884918
16521.350098	-75.588226
16526.733398	-73.541466
16532.116699	-72.440796
16537.500000	-71.988373
16542.883301	-70.221420
16548.266602	-68.263412
16553.649902	-67.635880
16559.033203	-68.094147
16564.416504	-68.506203
16569.799805	-70.021782
16575.183105	-73.013916
16580.566406	-75.272827
16585.949707	-73.845474
16591.333008	-73.517059
16596.716309	-73.625343
16602.099609	-72.165283
16607.482910	-70.814697
16612.866211	-72.467834
16618.249512	-76.359787
16623.632812	-75.952560
16629.016113	-75.353828
16634.399414	-78.237198
16639.782715	-82.835815
16645.166016	-83.266014
16650.549316	-84.377579
16655.932617	-81.920090
16661.315918	-79.834862
16666.699219	-80.192635
16672.082520	-80.201637
16677.465820	-75.696236
16682.849121	-74.007957
16688.232422	-74.022575
16693.615723	-75.078773
16698.999023	-74.914383
16704.382324	-75.112762
16709.765625	-76.322510
16715.148926	-77.605270
16720.532227	-76.436470
16725.915527	-72.186081
16731.298828	-69.527908
16736.682129	-68.842216
16742.065430	-68.382553
16747.448730	-67.474632
16752.832031	-66.542213
16758.215332	-66.269478
16763.598633	-66.024345
16768.981934	-65.044174
16774.365234	-64.113464
16779.748535	-63.683868
16785.131836	-63.798283
16790.515137	-64.686798
16795.898438	-65.876564
16801.281738	-66.327499
16806.665039	-67.029510
16812.048340	-69.442764
16817.431641	-72.530518
16822.814941	-74.204697
16828.198242	-75.634102
16833.581543	-78.476990
16838.964844	-78.651405
16844.348145	-79.383316
16849.731445	-77.090630
16855.114746	-72.044861
16860.498047	-69.837898
16865.881348	-68.966202
16871.264648	-67.536896
16876.647949	-66.101120
16882.031250	-65.845139
16887.414551	-66.967163
16892.797852	-69.479469
16898.181152	-71.040855
16903.564453	-72.588234
16908.947754	-75.637909
16914.331055	-75.055786
16919.714355	-74.801956
16925.097656	-77.379982
16930.480957	-76.986404
16935.864258	-75.836540
16941.247559	-76.632515
16946.630859	-75.122269
16952.014160	-72.105736
16957.397461	-71.990997
16962.780762	-72.219925
16968.164062	-71.042892
16973.547363	-70.397377
16978.930664	-70.839966
16984.313965	-72.545372
16989.697266	-73.806465
16995.080566	-74.047165
17000.463867	-73.030396
17005.847168	-70.599289
17011.230469	-68.836121
17016.613770	-68.352974
17021.997070	-68.968575
17027.380371	-70.370811
17032.763672	-70.864403
17038.146973	-70.519150
17043.530273	-70.933357
17048.913574	-72.602859
17054.296875	-73.311760
17059.680176	-70.774864
17065.063477	-67.972374
17070.446777	-66.637604
17075.830078	-67.106659
17081.213379	-68.147682
17086.596680	-67.636322
17091.979980	-67.110085
17097.363281	-67.921806
17102.746582	-68.200584
17108.129883	-67.056435
17113.513184	-67.070091
17118.896484	-68.608681
17124.279785	-70.527596
17129.663086	-71.894791
17135.046387	-72.626976
17140.429688	-71.540054
17145.812988	-69.651375
17151.196289	-67.933189
17156.579590	-66.205299
17161.962891	-64.658730
17167.346191	-64.155518
17172.729492	-63.975117
17178.112793	-64.457489
17183.496094	-64.782150
17188.879395	-64.386871
17194.262695	-63.630154
17199.645996	-63.585300
17205.029297	-64.303802
17210.412598	-65.152664
17215.795898	-66.492203
17221.179199	-68.616165
17226.562500	-70.416451
17231.945801	-70.418900
17237.329102	-70.716446
17242.712402	-72.848282
17248.095703	-75.561180
17253.479004	-75.553734
17258.862305	-75.413109
17264.245605	-73.892670
17269.628906	-70.534805
17275.012207	-69.774544
17280.395508	-71.088692
17285.778809	-71.179352
17291.162109	-69.574760
17296.545410	-69.898804
17301.928711	-72.150459
17307.312012	-72.650497
17312.695312	-72.351036
17318.078613	-74.177505
17323.461914	-76.976723
17328.845215	-77.551796
17334.228516	-78.907280
17339.611816	-81.370117
17344.995117	-81.053291
17350.378418	-78.827126
17355.761719	-77.974403
17361.145020	-78.068596
17366.528320	-77.619942
17371.911621	-77.611305
17377.294922	-78.080048
17382.678223	-75.981003
17388.061523	-73.113815
17393.444824	-70.368286
17398.828125	-69.041962
17404.211426	-68.628922
17409.594727	-68.707146
17414.978027	-68.758102
17420.361328	-69.216972
17425.744629	-69.765121
17431.127930	-70.601883
17436.511230	-70.785530
17441.894531	-70.134575
17447.277832	-71.057709
17452.661133	-72.497284
17458.044434	-72.221733
17463.427734	-70.794487
17468.811035	-70.557526
17474.194336	-71.624100
17479.577637	-70.882011
17484.960938	-70.459053
17490.344238	-72.172966
17495.727539	-73.732597
17501.110840	-72.202141
17506.494141	-71.862892
17511.877441	-74.402832
17517.260742	-74.842651
17522.644043	-71.999832
17528.027344	-70.210426
17533.410645	-70.158768
17538.793945	-70.385109
17544.177246	-71.463493
17549.560547	-73.985664
17554.943848	-76.485229
17560.327148	-73.102249
17565.710449	-69.955139
17571.093750	-68.276367
17576.477051	-67.374001
17581.860352	-66.969086
17587.243652	-66.658730
17592.626953	-67.097878
17598.010254	-67.497078
17603.393555	-67.106201
17608.776855	-66.103958
17614.160156	-65.327240
17619.543457	-65.148430
17624.926758	-64.778427
17630.310059	-65.102844
17635.693359	-66.917618
17641.076660	-70.021965
17646.459961	-72.083427
17651.843262	-73.222351
17657.226562	-72.937523
17662.609863	-70.913765
17667.993164	-70.590210
17673.376465	-72.838493
17678.759766	-74.865051
17684.143066	-73.100212
17689.526367	-74.514183
17694.909668	-77.947952
17700.292969	-76.101700
17705.676270	-74.424553
17711.059570	-73.250908
17716.442871	-69.529572
17721.826172	-67.591751
17727.209473	-67.675011
17732.592773	-68.704300
17737.976074	-69.143501
17743.359375	-68.574196
17748.742676	-69.275299
17754.125977	-70.531952
17759.509277	-70.794167
17764.892578	-70.888611
17770.275879	-71.631233
17775.659180	-73.553680
17781.042480	-74.971428
17786.425781	-75.674843
17791.809082	-76.990219
17797.192383	-75.773323
17802.575684	-74.277924
17807.958984	-74.008957
17813.342285	-75.866295
17818.725586	-78.154770
17824.108887	-75.405556
17829.492188	-73.840210
17834.875488	-72.658722
17840.258789	-71.247566
17845.642090	-70.744286
17851.025391	-71.877838
17856.408691	-73.865273
17861.791992	-73.200958
17867.175293	-72.648193
17872.558594	-72.691711
17877.941895	-72.479729
17883.325195	-72.277252
17888.708496	-73.608047
17894.091797	-76.755722
17899.475098	-76.832489
17904.858398	-76.165619
17910.241699	-76.183144
17915.625000	-76.834671
17921.008301	-75.788437
17926.391602	-72.374832
17931.774902	-71.421097
17937.158203	-71.280365
17942.541504	-70.613342
17947.924805	-68.652031
17953.308105	-66.899704
17958.691406	-66.828430
17964.074707	-67.306770
17969.458008	-68.024086
17974.841309	-68.736191
17980.224609	-69.304405
17985.607910	-70.445335
17990.991211	-71.450577
17996.374512	-72.948936
18001.757812	-73.821655
18007.141113	-75.281937
18012.524414	-74.257141
18017.907715	-71.230469
18023.291016	-70.151817
18028.674316	-70.490417
18034.057617	-68.989449
18039.440918	-66.845337
18044.824219	-66.663818
18050.207520	-66.999832
18055.590820	-66.597420
18060.974121	-66.164871
18066.357422	-67.144653
18071.740723	-69.317078
18077.124023	-69.742973
18082.507324	-70.346809
18087.890625	-71.192940
18093.273926	-72.470581
18098.657227	-72.340874
18104.040527	-72.710968
18109.423828	-75.456238
18114.807129	-75.166214
18120.190430	-72.499092
18125.573730	-70.316986
18130.957031	-70.734406
18136.340332	-70.992935
18141.723633	-69.591820
18147.106934	-68.270226
18152.490234	-68.158096
18157.873535	-68.501068
18163.256836	-67.225067
18168.640137	-65.643867
18174.023438	-65.640091
18179.406738	-66.194275
18184.790039	-66.756302
18190.173340	-67.034561
18195.556641	-67.714554
18200.939941	-69.584244
18206.323242	-72.116356
18211.706543	-75.776627
18217.089844	-78.266663
18222.473145	-79.406006
18227.856445	-81.822243
18233.239746	-80.980095
18238.623047	-80.297050
18244.006348	-81.847565
18249.389648	-78.601181
18254.772949	-75.050125
18260.156250	-73.570633
18265.539551	-73.354279
18270.922852	-73.538094
18276.306152	-73.043457
18281.689453	-73.891655
18287.072754	-75.883102
18292.456055	-75.733139
18297.839355	-74.005867
18303.222656	-73.964943
18308.605957	-76.714005
18313.989258	-77.613007
18319.372559	-79.497566
18324.755859	-81.562477
18330.139160	-80.171646
18335.522461	-77.604012
18340.905762	-78.235321
18346.289062	-80.549942
18351.672363	-78.048294
18357.055664	-77.470268
18362.438965	-77.745071
18367.822266	-77.592560
18373.205566	-74.738518
18378.588867	-72.520828
18383.972168	-71.396065
18389.355469	-69.935692
18394.738770	-69.337891
18400.122070	-68.632149
18405.505371	-67.799423
18410.888672	-67.642815
18416.271973	-67.986961
18421.655273	-68.875366
18427.038574	-67.792557
18432.421875	-66.801506
18437.805176	-66.396515
18443.188477	-65.669960
18448.571777	-64.838364
18453.955078	-64.382523
18459.338379	-65.530228
18464.721680	-67.953758
18470.104980	-69.609886
18475.488281	-69.805992
18480.871582	-70.291725
18486.254883	-71.612579
18491.638184	-70.634071
18497.021484	-69.952858
18502.404785	-70.985542
18507.788086	-73.126350
18513.171387	-72.174675
18518.554688	-70.480766
18523.937988	-71.837982
18529.321289	-73.504204
18534.704590	-73.171204
18540.087891	-72.200859
18545.471191	-72.778976
18550.854492	-73.906868
18556.237793	-71.992050
18561.621094	-71.230522
18567.004395	-71.590805
18572.387695	-71.895477
18577.770996	-71.364319
18583.154297	-70.726639
18588.537598	-71.793411
18593.920898	-72.951668
18599.304199	-74.196732
18604.687500	-75.762070
18610.070801	-78.122795
18615.454102	-80.567139
18620.837402	-77.589333
18626.220703	-75.232864
18631.604004	-74.730461
18636.987305	-77.082909
18642.370605	-82.087685
18647.753906	-87.507446
18653.137207	-86.840294
18658.520508	-80.678322
18663.903809	-77.166809
18669.287109	-77.326363
18674.670410	-79.306107
18680.053711	-78.726349
18685.437012	-75.230560
18690.820312	-74.004196
18696.203613	-75.517982
18701.586914	-74.266174
18706.970215	-73.233879
18712.353516	-73.935509
18717.736816	-76.229187
18723.120117	-80.398621
18728.503418	-81.762581
18733.886719	-83.328308
18739.270020	-82.104614
18744.653320	-79.438110
18750.036621	-77.313583
18755.419922	-75.458786
18760.803223	-74.276581
18766.186523	-74.393501
18771.569824	-72.575005
18776.953125	-70.876755
18782.336426	-70.101067
18787.719727	-69.908630
18793.103027	-70.172264
18798.486328	-70.380470
18803.869629	-71.092415
18809.252930	-71.216728
18814.636230	-71.435333
18820.019531	-72.283501
18825.402832	-72.787148
18830.786133	-73.897369
18836.169434	-74.087311
18841.552734	-74.570663
18846.936035	-73.097832
18852.319336	-71.929192
18857.702637	-71.445892
18863.085938	-72.278137
18868.469238	-74.005470
18873.852539	-72.958359
18879.235840	-73.428940
18884.619141	-76.920952
18890.002441	-81.451309
18895.385742	-78.643051
18900.769043	-75.939217
18906.152344	-77.677315
18911.535645	-83.795845
18916.918945	-88.835472
18922.302246	-84.252472
18927.685547	-81.005043
18933.068848	-81.672104
18938.452148	-86.153732
18943.835449	-80.633598
18949.218750	-77.631279
18954.602051	-76.234901
18959.985352	-77.213577
18965.368652	-80.515152
18970.751953	-79.099350
18976.135254	-78.357849
18981.518555	-77.153587
18986.901855	-76.167046
18992.285156	-74.818161
18997.668457	-73.767975
19003.051758	-74.406525
19008.435059	-73.543556
19013.818359	-73.057121
19019.201660	-72.962639
19024.584961	-73.929306
19029.968262	-75.588730
19035.351562	-75.473816
19040.734863	-74.859062
19046.118164	-73.255630
19051.501465	-72.177292
19056.884766	-70.333839
19062.268066	-70.108292
19067.651367	-71.296173
19073.034668	-72.927856
19078.417969	-76.428398
19083.801270	-76.952255
19089.184570	-79.525475
19094.567871	-83.934341
19099.951172	-81.621567
19105.334473	-80.272156
19110.717773	-81.363594
19116.101074	-76.794579
19121.484375	-76.081871
19126.867676	-78.319527
19132.250977	-79.957352
19137.634277	-77.556503
19143.017578	-76.401054
19148.400879	-76.837860
19153.784180	-75.343552
19159.167480	-74.856331
19164.550781	-74.835495
19169.934082	-75.584846
19175.317383	-77.452942
19180.700684	-77.262169
19186.083984	-80.245796
19191.467285	-84.841782
19196.850586	-84.092255
19202.233887	-80.258186
19207.617188	-78.333427
19213.000488	-76.222099
19218.383789	-76.902580
19223.767090	-78.585869
19229.150391	-79.033974
19234.533691	-82.994324
19239.916992	-86.788475
19245.300293	-82.429619
19250.683594	-80.119926
19256.066895	-84.145905
19261.450195	-85.365326
19266.833496	-84.128120
19272.216797	-87.156929
19277.600098	-89.167023
19282.983398	-88.023613
19288.366699	-89.738342
19293.750000	-82.530464
19299.133301	-79.972580
19304.516602	-81.260323
19309.899902	-80.335594
19315.283203	-78.670372
19320.666504	-78.866722
19326.049805	-74.510757
19331.433105	-71.134644
19336.816406	-70.344223
19342.199707	-70.539604
19347.583008	-72.737740
19352.966309	-72.932472
19358.349609	-72.067589
19363.732910	-73.891434
19369.116211	-75.855087
19374.499512	-74.974007
19379.882812	-73.544250
19385.266113	-74.547203
19390.649414	-72.390152
19396.032715	-70.854088
19401.416016	-70.214760
19406.799316	-70.459808
19412.182617	-71.013123
19417.565918	-70.550911
19422.949219	-70.820953
19428.332520	-70.493736
19433.715820	-71.442947
19439.099121	-71.887642
19444.482422	-72.746895
19449.865723	-75.896103
19455.249023	-77.615700
19460.632324	-81.612617
19466.015625	-82.365440
19471.398926	-79.965111
19476.782227	-81.215706
19482.165527	-82.215935
19487.548828	-83.385704
19492.932129	-84.428841
19498.315430	-83.553513
19503.698730	-84.275307
19509.082031	-80.115456
19514.465332	-78.830650
19519.848633	-79.353622
19525.231934	-79.416481
19530.615234	-76.318573
19535.998535	-75.660812
19541.381836	-75.775719
19546.765137	-74.061630
19552.148438	-73.315491
19557.531738	-73.049744
19562.915039	-75.883247
19568.298340	-77.135323
19573.681641	-75.507233
19579.064941	-75.123772
19584.448242	-77.120712
19589.831543	-78.482903
19595.214844	-77.949829
19600.598145	-78.898277
19605.981445	-76.287170
19611.364746	-77.252052
19616.748047	-78.995857
19622.131348	-80.612953
19627.514648	-84.891457
19632.897949	-82.657516
19638.281250	-78.266090
19643.664551	-78.706810
19649.047852	-78.920723
19654.431152	-76.487747
19659.814453	-75.501549
19665.197754	-75.766792
19670.581055	-77.709213
19675.964355	-76.760338
19681.347656	-78.175362
19686.730957	-79.197411
19692.114258	-79.721931
19697.497559	-81.652367
19702.880859	-78.863739
19708.264160	-77.889908
19713.647461	-78.555359
19719.030762	-77.175720
19724.414062	-76.211884
19729.797363	-75.709618
19735.180664	-75.844009
19740.563965	-75.822899
19745.947266	-71.780128
19751.330566	-69.411026
19756.713867	-68.090782
19762.097168	-67.833725
19767.480469	-66.827568
19772.863770	-66.680016
19778.247070	-68.522400
19783.630371	-69.708733
19789.013672	-69.605789
19794.396973	-69.124031
19799.780273	-70.080154
19805.163574	-71.766151
19810.546875	-72.731506
19815.930176	-75.953590
19821.313477	-78.415688
19826.696777	-76.863571
19832.080078	-73.536774
19837.463379	-72.063889
19842.846680	-71.225403
19848.229980	-71.296669
19853.613281	-70.162788
19858.996582	-71.390732
19864.379883	-75.257324
19869.763184	-76.941444
19875.146484	-77.634697
19880.529785	-78.042999
19885.913086	-76.869064
19891.296387	-75.197342
19896.679688	-76.771263
19902.062988	-77.234665
19907.446289	-74.826462
19912.829590	-72.134377
19918.212891	-73.284439
19923.596191	-75.049515
19928.979492	-74.423157
19934.362793	-72.974510
19939.746094	-71.823677
19945.129395	-71.307037
19950.512695	-70.202087
19955.895996	-70.848251
19961.279297	-74.520630
19966.662598	-77.809540
19972.045898	-77.328972
19977.429199	-73.762642
19982.812500	-70.784203
19988.195801	-71.277153
19993.579102	-73.283585
19998.962402	-74.227249
20004.345703	-73.934303
20009.729004	-72.789459
20015.112305	-71.409904
20020.495605	-69.201035
20025.878906	-68.831017
20031.262207	-68.631332
20036.645508	-69.104660
20042.028809	-71.108398
20047.412109	-73.109055
20052.795410	-77.085464
20058.178711	-83.378769
20063.562012	-79.692360
20068.945312	-76.840363
20074.328613	-77.851944
20079.711914	-78.735146
20085.095215	-81.322876
20090.478516	-81.302208
20095.861816	-80.430420
20101.245117	-84.128456
20106.628418	-90.644493
20112.011719	-86.433975
20117.395020	-85.725060
20122.778320	-79.862892
20128.161621	-75.972366
20133.544922	-76.910812
20138.928223	-79.509949
20144.311523	-83.409966
20149.694824	-84.753334
20155.078125	-79.453094
20160.461426	-79.787010
20165.844727	-78.979179
20171.228027	-74.976143
20176.611328	-72.620010
20181.994629	-70.216888
20187.377930	-69.081520
20192.761230	-67.168884
20198.144531	-65.922485
20203.527832	-65.646645
20208.911133	-65.454880
20214.294434	-65.997910
20219.677734	-66.161949
20225.061035	-66.369637
20230.444336	-67.494492
20235.827637	-68.435104
20241.210938	-68.641243
20246.594238	-68.095993
20251.977539	-68.834656
20257.360840	-68.900970
20262.744141	-68.655769
20268.127441	-68.580086
20273.510742	-69.235649
20278.894043	-69.891632
20284.277344	-69.900803
20289.660645	-70.713806
20295.043945	-72.378067
20300.427246	-73.356308
20305.810547	-71.430710
20311.193848	-72.576340
20316.577148	-74.804916
20321.960449	-75.001122
20327.343750	-73.829590
20332.727051	-75.490578
20338.110352	-76.365944
20343.493652	-74.167084
20348.876953	-74.007027
20354.260254	-73.062492
20359.643555	-71.388657
20365.026855	-70.533493
20370.410156	-71.556595
20375.793457	-70.749413
20381.176758	-70.453873
20386.560059	-71.039902
20391.943359	-71.858513
20397.326660	-72.466499
20402.709961	-70.960701
20408.093262	-71.787697
20413.476562	-72.844231
20418.859863	-74.146034
20424.243164	-76.027290
20429.626465	-75.156036
20435.009766	-75.324448
20440.393066	-75.823029
20445.776367	-74.004326
20451.159668	-73.055649
20456.542969	-71.497002
20461.926270	-71.703331
20467.309570	-73.185158
20472.692871	-73.761520
20478.076172	-75.491028
20483.459473	-75.323250
20488.842773	-75.251411
20494.226074	-76.909622
20499.609375	-78.002869
20504.992676	-80.702881
20510.375977	-79.873833
20515.759277	-81.359077
20521.142578	-79.445946
20526.525879	-75.499214
20531.909180	-72.785553
20537.292480	-72.243042
20542.675781	-71.855461
20548.059082	-69.823067
20553.442383	-69.685516
20558.825684	-69.604195
20564.208984	-69.011856
20569.592285	-68.106339
20574.975586	-67.023911
20580.358887	-67.214722
20585.742188	-67.043198
20591.125488	-67.284050
20596.508789	-67.298233
20601.892090	-67.636459
20607.275391	-68.953117
20612.658691	-69.575287
20618.041992	-70.940842
20623.425293	-71.706657
20628.808594	-71.737328
20634.191895	-69.945190
20639.575195	-69.358025
20644.958496	-69.514633
20650.341797	-69.601364
20655.725098	-70.111656
20661.108398	-70.177368
20666.491699	-71.702782
20671.875000	-73.077507
20677.258301	-73.744843
20682.641602	-73.626480
20688.024902	-74.722725
20693.408203	-73.388130
20698.791504	-71.149612
20704.174805	-70.542038
20709.558105	-70.833908
20714.941406	-71.871735
20720.324707	-71.261322
20725.708008	-72.520073
20731.091309	-78.207520
20736.474609	-85.520302
20741.857910	-86.110115
20747.241211	-88.018967
20752.624512	-85.273140
20758.007812	-80.435669
20763.391113	-79.459389
20768.774414	-78.740517
20774.157715	-77.224388
20779.541016	-78.394226
20784.924316	-77.801407
20790.307617	-75.534531
20795.690918	-76.989685
20801.074219	-79.754280
20806.457520	-79.188232
20811.840820	-75.186157
20817.224121	-74.565826
20822.607422	-73.483650
20827.990723	-72.153992
20833.374023	-72.256393
20838.757324	-72.311562
20844.140625	-73.231094
20849.523926	-72.506363
20854.907227	-72.537933
20860.290527	-73.120438
20865.673828	-73.139267
20871.057129	-75.383446
20876.440430	-77.506798
20881.823730	-76.886032
20887.207031	-77.098930
20892.590332	-75.443153
20897.973633	-73.150581
20903.356934	-73.674850
20908.740234	-75.295761
20914.123535	-74.909157
20919.506836	-75.684326
20924.890137	-75.735802
20930.273438	-76.728424
20935.656738	-82.022591
20941.040039	-85.595184
20946.423340	-84.087700
20951.806641	-80.095169
20957.189941	-78.545151
20962.573242	-75.784019
20967.956543	-75.571320
20973.339844	-79.247604
20978.723145	-83.732986
20984.106445	-81.227310
20989.489746	-78.430717
20994.873047	-76.832397
21000.256348	-73.887436
21005.639648	-73.207069
21011.022949	-72.474709
21016.406250	-72.685905
21021.789551	-71.752205
21027.172852	-70.203583
21032.556152	-70.040878
21037.939453	-69.515007
21043.322754	-70.819359
21048.706055	-72.320206
21054.089355	-73.040611
21059.472656	-74.346947
21064.855957	-74.548172
21070.239258	-74.484558
21075.622559	-71.934250
21081.005859	-71.916451
21086.389160	-73.023521
21091.772461	-72.531311
21097.155762	-72.028816
21102.539062	-70.316650
21107.922363	-70.248276
21113.305664	-71.719849
21118.688965	-70.952660
21124.072266	-70.840385
21129.455566	-71.016335
21134.838867	-71.671204
21140.222168	-70.337021
21145.605469	-69.223518
21150.988770	-70.067101
21156.372070	-70.973663
21161.755371	-72.151978
21167.138672	-71.966995
21172.521973	-73.369858
21177.905273	-72.496040
21183.288574	-69.904648
21188.671875	-68.777000
21194.055176	-68.887299
21199.438477	-69.546165
21204.821777	-68.718964
21210.205078	-69.519196
21215.588379	-71.152519
21220.971680	-71.853729
21226.354980	-72.128960
21231.738281	-72.229080
21237.121582	-74.145111
21242.504883	-73.928444
21247.888184	-73.751411
21253.271484	-73.049004
21258.654785	-73.742889
21264.038086	-75.818054
21269.421387	-76.457428
21274.804688	-79.005806
21280.187988	-79.935425
21285.571289	-81.349663
21290.954590	-77.907478
21296.337891	-75.683395
21301.721191	-75.776741
21307.104492	-74.596832
21312.487793	-74.887878
21317.871094	-73.590919
21323.254395	-73.558266
21328.637695	-75.860550
21334.020996	-76.522812
21339.404297	-77.572189
21344.787598	-76.909866
21350.170898	-77.663765
21355.554199	-76.123108
21360.937500	-74.824409
21366.320801	-74.430275
21371.704102	-74.089943
21377.087402	-76.203667
21382.470703	-76.363640
21387.854004	-76.422691
21393.237305	-79.392715
21398.620605	-80.316315
21404.003906	-80.768585
21409.387207	-80.394119
21414.770508	-76.661247
21420.153809	-76.871071
21425.537109	-77.243484
21430.920410	-77.295708
21436.303711	-81.855164
21441.687012	-85.108528
21447.070312	-86.238632
21452.453613	-85.127556
21457.836914	-84.083008
21463.220215	-79.499771
21468.603516	-80.835022
21473.986816	-85.614166
21479.370117	-84.475815
21484.753418	-81.532143
21490.136719	-81.039101
21495.520020	-79.417801
21500.903320	-75.327774
21506.286621	-75.139404
21511.669922	-75.118988
21517.053223	-75.858482
21522.436523	-76.672119
21527.819824	-73.337860
21533.203125	-72.585854
21538.586426	-73.085350
21543.969727	-72.927231
21549.353027	-73.219620
21554.736328	-71.432045
21560.119629	-71.081543
21565.502930	-73.373726
21570.886230	-73.873871
21576.269531	-73.648293
21581.652832	-73.145782
21587.036133	-75.199570
21592.419434	-79.906097
21597.802734	-79.416893
21603.186035	-80.114548
21608.569336	-80.016876
21613.952637	-82.325867
21619.335938	-79.866394
21624.719238	-77.121994
21630.102539	-77.258209
21635.485840	-76.168060
21640.869141	-75.331421
21646.252441	-76.800453
21651.635742	-75.591682
21657.019043	-75.605827
21662.402344	-78.610458
21667.785645	-82.006416
21673.168945	-85.239326
21678.552246	-86.219696
21683.935547	-84.902252
21689.318848	-80.246269
21694.702148	-79.044060
21700.085449	-78.359398
21705.468750	-80.211357
21710.852051	-77.973419
21716.235352	-76.373703
21721.618652	-73.841293
21727.001953	-72.176727
21732.385254	-70.669151
21737.768555	-69.512871
21743.151855	-70.677200
21748.535156	-71.853630
21753.918457	-72.576233
21759.301758	-72.836319
21764.685059	-74.027969
21770.068359	-77.333557
21775.451660	-77.191368
21780.834961	-77.141983
21786.218262	-74.282417
21791.601562	-71.340523
21796.984863	-68.930573
21802.368164	-68.418373
21807.751465	-67.782402
21813.134766	-67.285789
21818.518066	-67.714073
21823.901367	-67.596008
21829.284668	-67.739342
21834.667969	-67.129753
21840.051270	-66.684555
21845.434570	-66.406311
21850.817871	-65.939270
21856.201172	-66.828316
21861.584473	-67.304657
21866.967773	-68.209656
21872.351074	-69.580307
21877.734375	-70.634178
21883.117676	-74.061050
21888.500977	-77.076576
21893.884277	-79.728027
21899.267578	-81.639366
21904.650879	-81.209869
21910.034180	-80.445503
21915.417480	-76.271530
21920.800781	-75.705681
21926.184082	-76.449257
21931.567383	-76.342789
21936.950684	-77.825928
21942.333984	-75.581734
21947.717285	-74.518372
21953.100586	-76.589981
21958.483887	-76.117813
21963.867188	-74.783775
21969.250488	-72.987755
21974.633789	-74.016304
21980.017090	-76.495834
21985.400391	-75.836021
21990.783691	-77.169472
21996.166992	-78.195747
22001.550293	-81.538498
22006.933594	-82.379578
22012.316895	-81.068726
22017.700195	-83.589172
22023.083496	-81.390121
22028.466797	-77.308235
22033.850098	-77.210381
22039.233398	-75.724518
22044.616699	-73.714111
