Frequency (Hz)	Level (dB)
5.383301	-28.615959
10.766602	-23.647692
16.149902	-23.105516
21.533203	-22.917706
26.916504	-20.740637
32.299805	-22.038164
37.683105	-20.693453
43.066406	-20.091928
48.449707	-22.209082
53.833008	-20.889641
59.216309	-22.904036
64.599609	-24.189508
69.982910	-23.556658
75.366211	-26.937328
80.749512	-24.826597
86.132812	-25.790691
91.516113	-26.606319
96.899414	-24.635471
102.282715	-27.690573
107.666016	-26.068468
113.049316	-27.640324
118.432617	-30.552544
123.815918	-28.407644
129.199219	-30.772005
134.582520	-31.835575
139.965820	-30.243126
145.349121	-35.213478
150.732422	-35.056999
156.115723	-32.895409
161.499023	-37.326103
166.882324	-32.943966
172.265625	-31.700550
177.648926	-35.050690
183.032227	-31.311119
188.415527	-32.648861
193.798828	-34.700329
199.182129	-31.473732
204.565430	-35.167480
209.948730	-33.220551
215.332031	-32.891430
220.715332	-38.197411
226.098633	-32.862766
231.481934	-36.885773
236.865234	-36.296989
242.248535	-34.780571
247.631836	-41.226406
253.015137	-36.033115
258.398438	-40.989120
263.781738	-38.416420
269.165039	-38.868507
274.548340	-41.033802
279.931641	-38.572483
285.314941	-42.278679
290.698242	-39.329746
296.081543	-40.810287
301.464844	-41.766663
306.848145	-38.591507
312.231445	-42.291637
317.614746	-42.109497
322.998047	-40.946297
328.381348	-45.875267
333.764648	-40.764927
339.147949	-44.282860
344.531250	-43.188763
349.914551	-46.138260
355.297852	-39.841557
360.681152	-38.108852
366.064453	-43.239201
371.447754	-38.929516
376.831055	-41.875496
382.214355	-39.812172
387.597656	-39.997017
392.980957	-46.282688
398.364258	-43.138271
403.747559	-43.587978
409.130859	-39.976498
414.514160	-39.812988
419.897461	-43.834351
425.280762	-41.044670
430.664062	-42.593773
436.047363	-46.994835
441.430664	-44.143837
446.813965	-41.950050
452.197266	-44.776245
457.580566	-45.085300
462.963867	-41.803257
468.347168	-44.652550
473.730469	-45.277893
479.113770	-43.085854
484.497070	-49.162464
489.880371	-45.088539
495.263672	-48.059799
500.646973	-48.747921
506.030273	-48.338615
511.413574	-54.509872
516.796875	-46.528297
522.180176	-45.066521
527.563477	-46.617901
532.946777	-46.746964
538.330078	-44.032803
543.713379	-41.757462
549.096680	-42.715977
554.479980	-47.349247
559.863281	-47.572811
565.246582	-48.948986
570.629883	-46.231468
576.013184	-46.721233
581.396484	-41.696835
586.779785	-43.147762
592.163086	-44.358044
597.546387	-46.065331
602.929688	-42.049786
608.312988	-43.830669
613.696289	-44.267456
619.079590	-42.421986
624.462891	-43.466484
629.846191	-44.799885
635.229492	-46.032955
640.612793	-42.502506
645.996094	-42.111130
651.379395	-41.372826
656.762695	-44.883381
662.145996	-44.422104
667.529297	-45.789509
672.912598	-49.775902
678.295898	-46.903728
683.679199	-46.492104
689.062500	-48.951717
694.445801	-47.013264
699.829102	-49.287594
705.212402	-46.329380
710.595703	-48.441273
715.979004	-46.734852
721.362305	-47.025375
726.745605	-49.457188
732.128906	-46.433853
737.512207	-49.147205
742.895508	-48.719059
748.278809	-51.821667
753.662109	-43.897789
759.045410	-41.357712
764.428711	-47.116531
769.812012	-49.080402
775.195312	-52.240032
780.578613	-50.148819
785.961914	-51.068012
791.345215	-52.229153
796.728516	-50.196049
802.111816	-50.790440
807.495117	-52.595615
812.878418	-49.598667
818.261719	-50.491577
823.645020	-50.463940
829.028320	-50.588547
834.411621	-51.550617
839.794922	-47.720818
845.178223	-52.981209
850.561523	-47.384758
855.944824	-51.080341
861.328125	-49.415318
866.711426	-49.296394
872.094727	-53.912872
877.478027	-49.090008
882.861328	-53.408520
888.244629	-53.047031
893.627930	-50.997372
899.011230	-54.868153
904.394531	-51.333607
909.777832	-53.134602
915.161133	-53.073437
920.544434	-53.577549
925.927734	-54.238029
931.311035	-54.939445
936.694336	-57.640804
942.077637	-54.272842
947.460938	-51.072800
952.844238	-50.014553
958.227539	-52.676983
963.610840	-55.619556
968.994141	-54.097546
974.377441	-54.318390
979.760742	-52.731113
985.144043	-51.367695
990.527344	-51.946701
995.910645	-53.999435
1001.293945	-55.813614
1006.677246	-54.776188
1012.060547	-55.285988
1017.443848	-53.862148
1022.827148	-54.409485
1028.210449	-51.000828
1033.593750	-51.579018
1038.977051	-53.506767
1044.360352	-51.241680
1049.743652	-55.224686
1055.126953	-54.482502
1060.510254	-55.185768
1065.893555	-58.497704
1071.276855	-55.657631
1076.660156	-55.489197
1082.043457	-56.238350
1087.426758	-54.025864
1092.810059	-56.079693
1098.193359	-53.193863
1103.576660	-52.461864
1108.959961	-49.981510
1114.343262	-49.141479
1119.726562	-51.067196
1125.109863	-50.967453
1130.493164	-48.451160
1135.876465	-48.281464
1141.259766	-47.475559
1146.643066	-46.960224
1152.026367	-48.238956
1157.409668	-47.668148
1162.792969	-51.057629
1168.176270	-53.816025
1173.559570	-52.624470
1178.942871	-56.549469
1184.326172	-57.861580
1189.709473	-58.443497
1195.092773	-56.612774
1200.476074	-55.645393
1205.859375	-53.445034
1211.242676	-51.754200
1216.625977	-61.828159
1222.009277	-57.005505
1227.392578	-55.540653
1232.775879	-54.946972
1238.159180	-50.209408
1243.542480	-50.439430
1248.925781	-50.749039
1254.309082	-49.531166
1259.692383	-54.539551
1265.075684	-57.754566
1270.458984	-53.281582
1275.842285	-50.584255
1281.225586	-50.116199
1286.608887	-50.721645
1291.992188	-51.541485
1297.375488	-51.254330
1302.758789	-49.913113
1308.142090	-49.355675
1313.525391	-48.560631
1318.908691	-48.187119
1324.291992	-48.242760
1329.675293	-47.363865
1335.058594	-46.585651
1340.441895	-45.310490
1345.825195	-45.600315
1351.208496	-46.462162
1356.591797	-46.745968
1361.975098	-46.861599
1367.358398	-46.570858
1372.741699	-45.825367
1378.125000	-46.314926
1383.508301	-47.918682
1388.891602	-49.691349
1394.274902	-51.212772
1399.658203	-50.676136
1405.041504	-48.862125
1410.424805	-48.283035
1415.808105	-49.562649
1421.191406	-50.576866
1426.574707	-53.991264
1431.958008	-59.249435
1437.341309	-59.021336
1442.724609	-54.681595
1448.107910	-56.023178
1453.491211	-52.403027
1458.874512	-50.501919
1464.257812	-47.961388
1469.641113	-45.195736
1475.024414	-42.875580
1480.407715	-43.030880
1485.791016	-45.042778
1491.174316	-46.607613
1496.557617	-48.007263
1501.940918	-49.554272
1507.324219	-48.135376
1512.707520	-52.873379
1518.090820	-48.119350
1523.474121	-48.130936
1528.857422	-52.522106
1534.240723	-51.958923
1539.624023	-46.951366
1545.007324	-47.537586
1550.390625	-47.814884
1555.773926	-47.366695
1561.157227	-50.376900
1566.540527	-47.646336
1571.923828	-46.164406
1577.307129	-46.499058
1582.690430	-44.465916
1588.073730	-46.535999
1593.457031	-48.256607
1598.840332	-50.158043
1604.223633	-54.046268
1609.606934	-52.343964
1614.990234	-55.750858
1620.373535	-53.180786
1625.756836	-52.051365
1631.140137	-51.987297
1636.523438	-50.876858
1641.906738	-53.875557
1647.290039	-43.944832
1652.673340	-38.272514
1658.056641	-44.233253
1663.439941	-54.354233
1668.823242	-54.651257
1674.206543	-55.241840
1679.589844	-52.911766
1684.973145	-56.612720
1690.356445	-53.945675
1695.739746	-56.742687
1701.123047	-52.009247
1706.506348	-55.374146
1711.889648	-54.018639
1717.272949	-56.841274
1722.656250	-51.128296
1728.039551	-52.520920
1733.422852	-52.589928
1738.806152	-48.160271
1744.189453	-49.830143
1749.572754	-47.231194
1754.956055	-46.149178
1760.339355	-47.801022
1765.722656	-44.990395
1771.105957	-46.155354
1776.489258	-44.886436
1781.872559	-44.930763
1787.255859	-48.606659
1792.639160	-49.331966
1798.022461	-47.209213
1803.405762	-31.370546
1808.789062	-24.093878
1814.172363	-28.968376
1819.555664	-42.446964
1824.938965	-48.463562
1830.322266	-46.734608
1835.705566	-44.984123
1841.088867	-44.732269
1846.472168	-46.978367
1851.855469	-47.043991
1857.238770	-54.901619
1862.622070	-57.054707
1868.005371	-51.566277
1873.388672	-49.450150
1878.771973	-50.501362
1884.155273	-49.287628
1889.538574	-54.400360
1894.921875	-44.919678
1900.305176	-35.889454
1905.688477	-37.881336
1911.071777	-46.983368
1916.455078	-49.427242
1921.838379	-52.536472
1927.221680	-48.874702
1932.604980	-50.882591
1937.988281	-53.941357
1943.371582	-52.363922
1948.754883	-56.990616
1954.138184	-57.409340
1959.521484	-52.730022
1964.904785	-57.054565
1970.288086	-53.730896
1975.671387	-53.899944
1981.054688	-59.681053
1986.437988	-56.316547
1991.821289	-54.235981
1997.204590	-57.340630
2002.587891	-53.806080
2007.971191	-55.175564
2013.354492	-59.672031
2018.737793	-57.659401
2024.121094	-59.553581
2029.504395	-62.437519
2034.887695	-56.776508
2040.270996	-61.959614
2045.654297	-56.049633
2051.037598	-59.620476
2056.420898	-57.444794
2061.804199	-58.104610
2067.187500	-62.827675
2072.570801	-60.281757
2077.954102	-59.030869
2083.337402	-61.892628
2088.720703	-57.850399
2094.104004	-61.373161
2099.487305	-61.063545
2104.870605	-63.206245
2110.253906	-59.740955
2115.637207	-62.979973
2121.020508	-58.541733
2126.403809	-65.041191
2131.787109	-61.200172
2137.170410	-61.241482
2142.553711	-60.475315
2147.937012	-66.233620
2153.320312	-64.141434
2158.703613	-59.009510
2164.086914	-60.724667
2169.470215	-55.351322
2174.853516	-54.426022
2180.236816	-58.538540
2185.620117	-56.087612
2191.003418	-56.963985
2196.386719	-54.663181
2201.770020	-50.876705
2207.153320	-53.369171
2212.536621	-52.173054
2217.919922	-54.810612
2223.303223	-56.431103
2228.686523	-43.599518
2234.069824	-36.089397
2239.453125	-40.324394
2244.836426	-54.436283
2250.219727	-57.908295
2255.603027	-54.479702
2260.986328	-54.008724
2266.369629	-54.738731
2271.752930	-56.552628
2277.136230	-59.595596
2282.519531	-62.406185
2287.902832	-61.235626
2293.286133	-59.664974
2298.669434	-62.086163
2304.052734	-61.720509
2309.436035	-62.921009
2314.819336	-61.599575
2320.202637	-60.317036
2325.585938	-56.588211
2330.969238	-56.874832
2336.352539	-60.281437
2341.735840	-60.727913
2347.119141	-60.145180
2352.502441	-57.170795
2357.885742	-56.815483
2363.269043	-55.706959
2368.652344	-56.435173
2374.035645	-60.853661
2379.418945	-60.306988
2384.802246	-62.954498
2390.185547	-60.445820
2395.568848	-57.663376
2400.952148	-57.893616
2406.335449	-52.406170
2411.718750	-51.771458
2417.102051	-54.291351
2422.485352	-58.899113
2427.868652	-56.315411
2433.251953	-60.177826
2438.635254	-59.623135
2444.018555	-57.786484
2449.401855	-55.568588
2454.785156	-57.339306
2460.168457	-55.544807
2465.551758	-61.850975
2470.935059	-58.266624
2476.318359	-60.851002
2481.701660	-55.050369
2487.084961	-57.570732
2492.468262	-58.307674
2497.851562	-59.068108
2503.234863	-62.347080
2508.618164	-56.214779
2514.001465	-55.405682
2519.384766	-54.375172
2524.768066	-53.848557
2530.151367	-59.419022
2535.534668	-57.074734
2540.917969	-60.750546
2546.301270	-58.678463
2551.684570	-56.177513
2557.067871	-55.705013
2562.451172	-56.695835
2567.834473	-58.971287
2573.217773	-61.868168
2578.601074	-63.291290
2583.984375	-59.846241
2589.367676	-59.975716
2594.750977	-58.290604
2600.134277	-58.133549
2605.517578	-62.613758
2610.900879	-60.123436
2616.284180	-57.767258
2621.667480	-57.604134
2627.050781	-54.526627
2632.434082	-56.799339
2637.817383	-53.713200
2643.200684	-58.582642
2648.583984	-54.630421
2653.967285	-53.501858
2659.350586	-53.835262
2664.733887	-49.675472
2670.117188	-51.507420
2675.500488	-49.015045
2680.883789	-50.546669
2686.267090	-55.798943
2691.650391	-52.451733
2697.033691	-43.670071
2702.416992	-36.764500
2707.800293	-36.006824
2713.183594	-43.491936
2718.566895	-47.683060
2723.950195	-44.864239
2729.333496	-44.455746
2734.716797	-42.943138
2740.100098	-43.742065
2745.483398	-44.855141
2750.866699	-46.039482
2756.250000	-45.824215
2761.633301	-45.119785
2767.016602	-42.458118
2772.399902	-42.224300
2777.783203	-46.514210
2783.166504	-43.783966
2788.549805	-39.871155
2793.933105	-38.674839
2799.316406	-34.408390
2804.699707	-33.433376
2810.083008	-38.853210
2815.466309	-41.996632
2820.849609	-44.615601
2826.232910	-42.474014
2831.616211	-44.101887
2836.999512	-42.721203
2842.382812	-48.802162
2847.766113	-47.102520
2853.149414	-52.067913
2858.532715	-51.350845
2863.916016	-49.297794
2869.299316	-48.519028
2874.682617	-46.335880
2880.065918	-46.507050
2885.449219	-46.586746
2890.832520	-48.152485
2896.215820	-49.146866
2901.599121	-49.981995
2906.982422	-45.096210
2912.365723	-46.858299
2917.749023	-49.835072
2923.132324	-55.694756
2928.515625	-53.089535
2933.898926	-53.849312
2939.282227	-49.510429
2944.665527	-52.245369
2950.048828	-52.545769
2955.432129	-53.698280
2960.815430	-53.330791
2966.198730	-50.220840
2971.582031	-52.493977
2976.965332	-57.212303
2982.348633	-53.199368
2987.731934	-55.717472
2993.115234	-56.410973
2998.498535	-58.884064
3003.881836	-58.578438
3009.265137	-58.125435
3014.648438	-58.441036
3020.031738	-58.743774
3025.415039	-59.376305
3030.798340	-59.276176
3036.181641	-57.765957
3041.564941	-55.955341
3046.948242	-55.777328
3052.331543	-53.894085
3057.714844	-56.079708
3063.098145	-55.222912
3068.481445	-53.913261
3073.864746	-56.478149
3079.248047	-55.405186
3084.631348	-57.103195
3090.014648	-59.217861
3095.397949	-56.043182
3100.781250	-58.059212
3106.164551	-57.433292
3111.547852	-56.201935
3116.931152	-62.879456
3122.314453	-60.805740
3127.697754	-61.179714
3133.081055	-59.248245
3138.464355	-60.761761
3143.847656	-59.474827
3149.230957	-57.002922
3154.614258	-60.363873
3159.997559	-56.700607
3165.380859	-59.236919
3170.764160	-60.951252
3176.147461	-57.817417
3181.530762	-59.245476
3186.914062	-56.263931
3192.297363	-55.892498
3197.680664	-56.960014
3203.063965	-55.563095
3208.447266	-57.439579
3213.830566	-59.421467
3219.213867	-60.530159
3224.597168	-63.260086
3229.980469	-61.585567
3235.363770	-59.203934
3240.747070	-57.833965
3246.130371	-55.094578
3251.513672	-54.274246
3256.896973	-53.814812
3262.280273	-53.270374
3267.663574	-54.026428
3273.046875	-53.483051
3278.430176	-51.804321
3283.813477	-52.605629
3289.196777	-52.448872
3294.580078	-54.009674
3299.963379	-47.460072
3305.346680	-35.961166
3310.729980	-34.232338
3316.113281	-43.531017
3321.496582	-46.525089
3326.879883	-50.695156
3332.263184	-52.675434
3337.646484	-50.958309
3343.029785	-54.285915
3348.413086	-54.910961
3353.796387	-57.260849
3359.179688	-58.943432
3364.562988	-58.939808
3369.946289	-63.625576
3375.329590	-60.688148
3380.712891	-57.960484
3386.096191	-60.326900
3391.479492	-58.405087
3396.862793	-60.721107
3402.246094	-60.395195
3407.629395	-60.809250
3413.012695	-60.577076
3418.395996	-61.907413
3423.779297	-63.073475
3429.162598	-60.923336
3434.545898	-59.395535
3439.929199	-63.249279
3445.312500	-60.118614
3450.695801	-60.107761
3456.079102	-59.524166
3461.462402	-59.418480
3466.845703	-57.898632
3472.229004	-57.992226
3477.612305	-56.754173
3482.995605	-59.263588
3488.378906	-59.319553
3493.762207	-56.638737
3499.145508	-53.080589
3504.528809	-55.135094
3509.912109	-54.652916
3515.295410	-53.770874
3520.678711	-58.781193
3526.062012	-61.444454
3531.445312	-49.166580
3536.828613	-45.767262
3542.211914	-50.649647
3547.595215	-53.921337
3552.978516	-43.570377
3558.361816	-45.401443
3563.745117	-55.221386
3569.128418	-52.468704
3574.511719	-53.568848
3579.895020	-52.316715
3585.278320	-56.752438
3590.661621	-55.314190
3596.044922	-51.826401
3601.428223	-51.837078
3606.811523	-49.649639
3612.194824	-51.249218
3617.578125	-51.021942
3622.961426	-52.076420
3628.344727	-57.576401
3633.728027	-55.781368
3639.111328	-59.354366
3644.494629	-56.802246
3649.877930	-52.953033
3655.261230	-56.705254
3660.644531	-53.374260
3666.027832	-58.111530
3671.411133	-56.024380
3676.794434	-59.854115
3682.177734	-62.182823
3687.561035	-60.933315
3692.944336	-58.780983
3698.327637	-56.282280
3703.710938	-58.207756
3709.094238	-60.234871
3714.477539	-54.728619
3719.860840	-54.095669
3725.244141	-59.787209
3730.627441	-51.548817
3736.010742	-45.731956
3741.394043	-48.067631
3746.777344	-58.142067
3752.160645	-56.283298
3757.543945	-57.996410
3762.927246	-54.963261
3768.310547	-58.413208
3773.693848	-55.565525
3779.077148	-56.949844
3784.460449	-60.577145
3789.843750	-54.845119
3795.227051	-49.579884
3800.610352	-54.528984
3805.993652	-52.303070
3811.376953	-55.452774
3816.760254	-53.533875
3822.143555	-55.966656
3827.526855	-57.966114
3832.910156	-56.732250
3838.293457	-56.984936
3843.676758	-56.544445
3849.060059	-52.278706
3854.443359	-55.418636
3859.826660	-58.059486
3865.209961	-60.533356
3870.593262	-60.701027
3875.976562	-58.065594
3881.359863	-53.972443
3886.743164	-55.371716
3892.126465	-59.137371
3897.509766	-58.670071
3902.893066	-58.096291
3908.276367	-53.813892
3913.659668	-47.350716
3919.042969	-43.798279
3924.426270	-46.577831
3929.809570	-49.191658
3935.192871	-50.314774
3940.576172	-52.259163
3945.959473	-52.753666
3951.342773	-55.950298
3956.726074	-56.528038
3962.109375	-57.777100
3967.492676	-59.679893
3972.875977	-54.169479
3978.259277	-52.025265
3983.642578	-53.847481
3989.025879	-54.919357
3994.409180	-51.152611
3999.792480	-49.179054
4005.175781	-57.337112
4010.559082	-54.890045
4015.942383	-46.757206
4021.325684	-43.864098
4026.708984	-48.733528
4032.092285	-56.156647
4037.475586	-57.095310
4042.858887	-55.335903
4048.242188	-54.892937
4053.625488	-55.198650
4059.008789	-53.853554
4064.392090	-56.668747
4069.775391	-57.117516
4075.158691	-59.114056
4080.541992	-58.663101
4085.925293	-57.500797
4091.308594	-58.412430
4096.691895	-56.073708
4102.075195	-56.629616
4107.458496	-58.815334
4112.841797	-56.915825
4118.225098	-58.841480
4123.608398	-56.483341
4128.991699	-57.322834
4134.375000	-53.753304
4139.758301	-51.960899
4145.141602	-56.604908
4150.524902	-56.956371
4155.908203	-53.967361
4161.291504	-58.569229
4166.674805	-53.925892
4172.058105	-56.003445
4177.441406	-58.501045
4182.824707	-55.132534
4188.208008	-56.311974
4193.591309	-54.193642
4198.974609	-52.073734
4204.357910	-51.557720
4209.741211	-47.593189
4215.124512	-49.756302
4220.507812	-47.323917
4225.891113	-49.656528
4231.274414	-51.247219
4236.657715	-49.457741
4242.041016	-44.108223
4247.424316	-49.302971
4252.807617	-58.688343
4258.190918	-56.442745
4263.574219	-52.349556
4268.957520	-55.564861
4274.340820	-53.105782
4279.724121	-58.418980
4285.107422	-57.767570
4290.490723	-60.274822
4295.874023	-54.837521
4301.257324	-57.385586
4306.640625	-57.771751
4312.023926	-59.120518
4317.407227	-60.870621
4322.790527	-54.371357
4328.173828	-55.239574
4333.557129	-54.995422
4338.940430	-53.095268
4344.323730	-56.121281
4349.707031	-53.230484
4355.090332	-53.942883
4360.473633	-58.869743
4365.856934	-52.695045
4371.240234	-56.717228
4376.623535	-53.252281
4382.006836	-56.135708
4387.390137	-50.059940
4392.773438	-51.307320
4398.156738	-51.629128
4403.540039	-50.935040
4408.923340	-55.632862
4414.306641	-51.879654
4419.689941	-52.735607
4425.073242	-50.615986
4430.456543	-44.967407
4435.839844	-45.172340
4441.223145	-49.855923
4446.606445	-52.812431
4451.989746	-49.266037
4457.373047	-46.166313
4462.756348	-45.894222
4468.139648	-48.447498
4473.522949	-46.516331
4478.906250	-47.313942
4484.289551	-48.787766
4489.672852	-51.033566
4495.056152	-49.052227
4500.439453	-47.728745
4505.822754	-48.714062
4511.206055	-47.640099
4516.589355	-48.617905
4521.972656	-47.042137
4527.355957	-51.058212
4532.739258	-47.592159
4538.122559	-50.399143
4543.505859	-47.156143
4548.889160	-49.576248
4554.272461	-50.049557
4559.655762	-47.690304
4565.039062	-49.445446
4570.422363	-45.068901
4575.805664	-45.309273
4581.188965	-47.463047
4586.572266	-47.685814
4591.955566	-44.419445
4597.338867	-41.641815
4602.722168	-41.692680
4608.105469	-42.765854
4613.488770	-40.198078
4618.872070	-42.640934
4624.255371	-41.961880
4629.638672	-41.595497
4635.021973	-39.638332
4640.405273	-39.559219
4645.788574	-42.968903
4651.171875	-42.086655
4656.555176	-39.617867
4661.938477	-37.332584
4667.321777	-37.374435
4672.705078	-37.267300
4678.088379	-35.040024
4683.471680	-36.825905
4688.854980	-38.698753
4694.238281	-39.803417
4699.621582	-40.865932
4705.004883	-39.196728
4710.388184	-39.264839
4715.771484	-39.315487
4721.154785	-37.690311
4726.538086	-44.868210
4731.921387	-40.497124
4737.304688	-38.626522
4742.687988	-38.975231
4748.071289	-38.810585
4753.454590	-39.195919
4758.837891	-40.556141
4764.221191	-38.197453
4769.604492	-37.394547
4774.987793	-35.489471
4780.371094	-35.596516
4785.754395	-37.874454
4791.137695	-36.858326
4796.520996	-36.866344
4801.904297	-38.182568
4807.287598	-37.689270
4812.670898	-34.858646
4818.054199	-35.217571
4823.437500	-38.485870
4828.820801	-35.019695
4834.204102	-39.015114
4839.587402	-40.876167
4844.970703	-40.599800
4850.354004	-41.254604
4855.737305	-42.924000
4861.120605	-42.962944
4866.503906	-44.184040
4871.887207	-42.373478
4877.270508	-39.926350
4882.653809	-39.804768
4888.037109	-42.140316
4893.420410	-44.776035
4898.803711	-45.304470
4904.187012	-45.810577
4909.570312	-42.233692
4914.953613	-39.014359
4920.336914	-39.120945
4925.720215	-41.082508
4931.103516	-42.450840
4936.486816	-39.990871
4941.870117	-40.668655
4947.253418	-39.814613
4952.636719	-40.806084
4958.020020	-45.072273
4963.403320	-45.392586
4968.786621	-43.579815
4974.169922	-44.436108
4979.553223	-47.294163
4984.936523	-47.142456
4990.319824	-47.834332
4995.703125	-50.485897
5001.086426	-51.378296
5006.469727	-49.833557
5011.853027	-44.580956
5017.236328	-45.709618
5022.619629	-47.382977
5028.002930	-46.638214
5033.386230	-51.239410
5038.769531	-47.920315
5044.152832	-47.527699
5049.536133	-48.905533
5054.919434	-47.799992
5060.302734	-47.547722
5065.686035	-51.623901
5071.069336	-48.343487
5076.452637	-46.850681
5081.835938	-45.274841
5087.219238	-49.639072
5092.602539	-47.379913
5097.985840	-50.847202
5103.369141	-49.259979
5108.752441	-49.428177
5114.135742	-48.311691
5119.519043	-46.354149
5124.902344	-48.506916
5130.285645	-51.063282
5135.668945	-49.038399
5141.052246	-50.098530
5146.435547	-49.440495
5151.818848	-49.363686
5157.202148	-49.276836
5162.585449	-48.512699
5167.968750	-50.651909
5173.352051	-50.851604
5178.735352	-47.745300
5184.118652	-52.178890
5189.501953	-47.153133
5194.885254	-49.531292
5200.268555	-52.034561
5205.651855	-52.856487
5211.035156	-51.098701
5216.418457	-47.648693
5221.801758	-48.319611
5227.185059	-51.916176
5232.568359	-52.839886
5237.951660	-51.010025
5243.334961	-52.139938
5248.718262	-49.503365
5254.101562	-49.685322
5259.484863	-48.500404
5264.868164	-52.100655
5270.251465	-54.286579
5275.634766	-51.271992
5281.018066	-49.990429
5286.401367	-50.399731
5291.784668	-51.606441
5297.167969	-50.674179
5302.551270	-52.545464
5307.934570	-54.894180
5313.317871	-53.550362
5318.701172	-48.964310
5324.084473	-48.997982
5329.467773	-53.545078
5334.851074	-49.612141
5340.234375	-52.395683
5345.617676	-51.377533
5351.000977	-49.470520
5356.384277	-49.862183
5361.767578	-48.876495
5367.150879	-50.117470
5372.534180	-51.540939
5377.917480	-47.678509
5383.300781	-49.873207
5388.684082	-50.100967
5394.067383	-49.537430
5399.450684	-50.936890
5404.833984	-50.377876
5410.217285	-51.052685
5415.600586	-49.332943
5420.983887	-48.677372
5426.367188	-50.888447
5431.750488	-50.804852
5437.133789	-51.057869
5442.517090	-49.346649
5447.900391	-52.489723
5453.283691	-49.290939
5458.666992	-49.194778
5464.050293	-49.681908
5469.433594	-51.668316
5474.816895	-52.310394
5480.200195	-50.628883
5485.583496	-52.127132
5490.966797	-50.630875
5496.350098	-49.709751
5501.733398	-50.298851
5507.116699	-53.734329
5512.500000	-49.145905
5517.883301	-49.293282
5523.266602	-52.420567
5528.649902	-51.297081
5534.033203	-49.742599
5539.416504	-50.468643
5544.799805	-50.824223
5550.183105	-50.055786
5555.566406	-50.437408
5560.949707	-50.806412
5566.333008	-53.787426
5571.716309	-54.869263
5577.099609	-57.763611
5582.482910	-52.609974
5587.866211	-51.735321
5593.249512	-47.838760
5598.632812	-47.694878
5604.016113	-51.124763
5609.399414	-50.018486
5614.782715	-52.780720
5620.166016	-48.941692
5625.549316	-48.776253
5630.932617	-52.082706
5636.315918	-48.392448
5641.699219	-48.079010
5647.082520	-51.018082
5652.465820	-47.376869
5657.849121	-48.116158
5663.232422	-47.793510
5668.615723	-48.553848
5673.999023	-51.554527
5679.382324	-52.434383
5684.765625	-53.359734
5690.148926	-53.040993
5695.532227	-47.312084
5700.915527	-51.121868
5706.298828	-49.423164
5711.682129	-50.539043
5717.065430	-54.052040
5722.448730	-50.379288
5727.832031	-51.227001
5733.215332	-47.903652
5738.598633	-49.356380
5743.981934	-52.080608
5749.365234	-51.324074
5754.748535	-51.536133
5760.131836	-53.997688
5765.515137	-49.457684
5770.898438	-49.167553
5776.281738	-50.209728
5781.665039	-48.316406
5787.048340	-53.553493
5792.431641	-53.213989
5797.814941	-53.208664
5803.198242	-50.092297
5808.581543	-55.734940
5813.964844	-51.270290
5819.348145	-49.629955
5824.731445	-46.449753
5830.114746	-45.682308
5835.498047	-46.676735
5840.881348	-46.833389
5846.264648	-49.574371
5851.647949	-50.149590
5857.031250	-49.680897
5862.414551	-49.998867
5867.797852	-48.834770
5873.181152	-48.560520
5878.564453	-48.726471
5883.947754	-46.733593
5889.331055	-45.636227
5894.714355	-46.468327
5900.097656	-48.720432
5905.480957	-51.121780
5910.864258	-46.518967
5916.247559	-46.188797
5921.630859	-47.003059
5927.014160	-45.151093
5932.397461	-47.378258
5937.780762	-47.818913
5943.164062	-45.639591
5948.547363	-47.758865
5953.930664	-45.869450
5959.313965	-44.540760
5964.697266	-47.617229
5970.080566	-44.774055
5975.463867	-46.053440
5980.847168	-48.217464
5986.230469	-45.946571
5991.613770	-48.852901
5996.997070	-47.268147
6002.380371	-45.813595
6007.763672	-48.668217
6013.146973	-45.836273
6018.530273	-46.395660
6023.913574	-49.121120
6029.296875	-44.453396
6034.680176	-46.121071
6040.063477	-38.357574
6045.446777	-35.977505
6050.830078	-42.273598
6056.213379	-44.310322
6061.596680	-45.169086
6066.979980	-45.133186
6072.363281	-44.405792
6077.746582	-46.972374
6083.129883	-45.005993
6088.513184	-42.999168
6093.896484	-42.940899
6099.279785	-40.971825
6104.663086	-40.923260
6110.046387	-39.900345
6115.429688	-38.443054
6120.812988	-38.330418
6126.196289	-37.095982
6131.579590	-36.806095
6136.962891	-36.741570
6142.346191	-37.256378
6147.729492	-38.646194
6153.112793	-36.208485
6158.496094	-33.109150
6163.879395	-32.288826
6169.262695	-31.926672
6174.645996	-34.575535
6180.029297	-39.101543
6185.412598	-41.067795
6190.795898	-39.165272
6196.179199	-39.057087
6201.562500	-38.914001
6206.945801	-43.831512
6212.329102	-46.731892
6217.712402	-42.775486
6223.095703	-41.360214
6228.479004	-41.637169
6233.862305	-41.197620
6239.245605	-46.564011
6244.628906	-48.294044
6250.012207	-43.762054
6255.395508	-39.595592
6260.778809	-35.237167
6266.162109	-34.742119
6271.545410	-35.199253
6276.928711	-34.891434
6282.312012	-36.246864
6287.695312	-33.768585
6293.078613	-31.350981
6298.461914	-32.010803
6303.845215	-32.903866
6309.228516	-36.355968
6314.611816	-44.598881
6319.995117	-44.437305
6325.378418	-39.195023
6330.761719	-38.548077
6336.145020	-39.636955
6341.528320	-36.361271
6346.911621	-35.480118
6352.294922	-37.604172
6357.678223	-42.037067
6363.061523	-44.879765
6368.444824	-48.416534
6373.828125	-51.628746
6379.211426	-49.952927
6384.594727	-52.657547
6389.978027	-55.687641
6395.361328	-54.521717
6400.744629	-51.143021
6406.127930	-48.018394
6411.511230	-46.056355
6416.894531	-45.111134
6422.277832	-45.157356
6427.661133	-46.802937
6433.044434	-46.805073
6438.427734	-42.735374
6443.811035	-41.758167
6449.194336	-44.189491
6454.577637	-46.047939
6459.960938	-50.871246
6465.344238	-47.761116
6470.727539	-46.161652
6476.110840	-44.780830
6481.494141	-47.590000
6486.877441	-47.831238
6492.260742	-43.688049
6497.644043	-44.318085
6503.027344	-44.166569
6508.410645	-44.387238
6513.793945	-46.952976
6519.177246	-46.534874
6524.560547	-45.475441
6529.943848	-48.670563
6535.327148	-49.607441
6540.710449	-47.310780
6546.093750	-52.707878
6551.477051	-58.091057
6556.860352	-51.691032
6562.243652	-50.812946
6567.626953	-50.255466
6573.010254	-47.512112
6578.393555	-47.649052
6583.776855	-48.038742
6589.160156	-48.748745
6594.543457	-49.921757
6599.926758	-47.904118
6605.310059	-48.337093
6610.693359	-48.525249
6616.076660	-48.263748
6621.459961	-51.055447
6626.843262	-50.998070
6632.226562	-49.656788
6637.609863	-51.262955
6642.993164	-51.774586
6648.376465	-51.956829
6653.759766	-54.187855
6659.143066	-54.626976
6664.526367	-56.630806
6669.909668	-59.600582
6675.292969	-55.820496
6680.676270	-56.826469
6686.059570	-55.741310
6691.442871	-56.153152
6696.826172	-64.654457
6702.209473	-57.939445
6707.592773	-59.928085
6712.976074	-63.306587
6718.359375	-62.298092
6723.742676	-64.207726
6729.125977	-63.311214
6734.509277	-60.941341
6739.892578	-59.176018
6745.275879	-61.374706
6750.659180	-66.858856
6756.042480	-61.774509
6761.425781	-61.622959
6766.809082	-56.874477
6772.192383	-58.062946
6777.575684	-59.419567
6782.958984	-55.607876
6788.342285	-60.393574
6793.725586	-58.809616
6799.108887	-58.507908
6804.492188	-58.728527
6809.875488	-54.819862
6815.258789	-57.829483
6820.642090	-55.169678
6826.025391	-56.166748
6831.408691	-56.407948
6836.791992	-60.325424
6842.175293	-57.402958
6847.558594	-57.215847
6852.941895	-55.950977
6858.325195	-54.573090
6863.708496	-52.715778
6869.091797	-53.948627
6874.475098	-55.641056
6879.858398	-54.906937
6885.241699	-56.443634
6890.625000	-53.687778
6896.008301	-54.814571
6901.391602	-54.034836
6906.774902	-52.663494
6912.158203	-56.752602
6917.541504	-56.187180
6922.924805	-56.514763
6928.308105	-55.248833
6933.691406	-57.724991
6939.074707	-58.888447
6944.458008	-61.682888
6949.841309	-62.711601
6955.224609	-58.837029
6960.607910	-56.022259
6965.991211	-55.625374
6971.374512	-57.951683
6976.757812	-57.946983
6982.141113	-57.482296
6987.524414	-56.110706
6992.907715	-54.488861
6998.291016	-55.441021
7003.674316	-52.374664
7009.057617	-54.904839
7014.440918	-56.235912
7019.824219	-54.140640
7025.207520	-54.608307
7030.590820	-53.960556
7035.974121	-54.767796
7041.357422	-56.493538
7046.740723	-55.468655
7052.124023	-58.690258
7057.507324	-58.033405
7062.890625	-55.299179
7068.273926	-56.785408
7073.657227	-57.327225
7079.040527	-57.838909
7084.423828	-60.714340
7089.807129	-59.883236
7095.190430	-63.933884
7100.573730	-62.278095
7105.957031	-59.991596
7111.340332	-63.633049
7116.723633	-63.177013
7122.106934	-65.039215
7127.490234	-60.817863
7132.873535	-59.338406
7138.256836	-59.584522
7143.640137	-64.771027
7149.023438	-60.895279
7154.406738	-59.908443
7159.790039	-57.480247
7165.173340	-58.361252
7170.556641	-57.755680
7175.939941	-62.591370
7181.323242	-62.235554
7186.706543	-63.649712
7192.089844	-60.177204
7197.473145	-57.340458
7202.856445	-57.328209
7208.239746	-59.917942
7213.623047	-61.160774
7219.006348	-58.493565
7224.389648	-56.897514
7229.772949	-54.878689
7235.156250	-55.999683
7240.539551	-59.426266
7245.922852	-60.966625
7251.306152	-58.802334
7256.689453	-54.714703
7262.072754	-51.126564
7267.456055	-50.089157
7272.839355	-50.144493
7278.222656	-50.855316
7283.605957	-52.873665
7288.989258	-54.908184
7294.372559	-58.459587
7299.755859	-58.422092
7305.139160	-54.685989
7310.522461	-52.009914
7315.905762	-53.102333
7321.289062	-55.532001
7326.672363	-58.223091
7332.055664	-62.322231
7337.438965	-62.616516
7342.822266	-58.741936
7348.205566	-63.785255
7353.588867	-58.032520
7358.972168	-53.008808
7364.355469	-50.835331
7369.738770	-51.706711
7375.122070	-53.008537
7380.505371	-53.907265
7385.888672	-57.451004
7391.271973	-58.492954
7396.655273	-57.515644
7402.038574	-60.375755
7407.421875	-62.162823
7412.805176	-63.780281
7418.188477	-63.550743
7423.571777	-62.529724
7428.955078	-60.373482
7434.338379	-65.287666
7439.721680	-64.519081
7445.104980	-67.728394
7450.488281	-68.430954
7455.871582	-66.115601
7461.254883	-65.223701
7466.638184	-66.389709
7472.021484	-65.920120
7477.404785	-67.765442
7482.788086	-66.832619
7488.171387	-69.246132
7493.554688	-69.615013
7498.937988	-64.818840
7504.321289	-68.182510
7509.704590	-64.472824
7515.087891	-66.794334
7520.471191	-64.875237
7525.854492	-62.262650
7531.237793	-64.324463
7536.621094	-59.233448
7542.004395	-57.672970
7547.387695	-58.752369
7552.770996	-56.926109
7558.154297	-63.051426
7563.537598	-56.603165
7568.920898	-53.068169
7574.304199	-54.411400
7579.687500	-54.464317
7585.070801	-55.060024
7590.454102	-61.053299
7595.837402	-65.076447
7601.220703	-66.624008
7606.604004	-61.202324
7611.987305	-59.096531
7617.370605	-62.599087
7622.753906	-58.276867
7628.137207	-61.567421
7633.520508	-60.860256
7638.903809	-59.730259
7644.287109	-65.176414
7649.670410	-62.195930
7655.053711	-64.066925
7660.437012	-60.040398
7665.820312	-58.249996
7671.203613	-57.878368
7676.586914	-56.311844
7681.970215	-58.425064
7687.353516	-64.883392
7692.736816	-63.627975
7698.120117	-61.573318
7703.503418	-56.211380
7708.886719	-59.060989
7714.270020	-58.568577
7719.653320	-57.729992
7725.036621	-57.790306
7730.419922	-58.403965
7735.803223	-64.421562
7741.186523	-65.332870
7746.569824	-68.690216
7751.953125	-73.245728
7757.336426	-68.562721
7762.719727	-67.982323
7768.103027	-69.234001
7773.486328	-69.765648
7778.869629	-67.440109
7784.252930	-65.489677
7789.636230	-68.253456
7795.019531	-67.036827
7800.402832	-67.490486
7805.786133	-67.595955
7811.169434	-65.573601
7816.552734	-64.979706
7821.936035	-63.705032
7827.319336	-65.654030
7832.702637	-65.766449
7838.085938	-70.491081
7843.469238	-66.470833
7848.852539	-61.289322
7854.235840	-55.798489
7859.619141	-54.440632
7865.002441	-59.577103
7870.385742	-62.720787
7875.769043	-57.873768
7881.152344	-58.199856
7886.535645	-57.724243
7891.918945	-59.539833
7897.302246	-60.932274
7902.685547	-59.223537
7908.068848	-59.691097
7913.452148	-59.500828
7918.835449	-59.219704
7924.218750	-60.744213
7929.602051	-59.874783
7934.985352	-60.236805
7940.368652	-60.400223
7945.751953	-60.267151
7951.135254	-62.413876
7956.518555	-63.136608
7961.901855	-63.199379
7967.285156	-64.937866
7972.668457	-64.022812
7978.051758	-65.395103
7983.435059	-68.846397
7988.818359	-70.098427
7994.201660	-76.909966
7999.584961	-73.833740
8004.968262	-71.396996
8010.351562	-68.725266
8015.734863	-75.922272
8021.118164	-77.693871
8026.501465	-72.635597
8031.884766	-73.322357
8037.268066	-69.740135
8042.651367	-70.195244
8048.034668	-73.974174
8053.417969	-72.963951
8058.801270	-76.535004
8064.184570	-79.823021
8069.567871	-73.383156
8074.951172	-73.489456
8080.334473	-73.150238
8085.717773	-68.546761
8091.101074	-69.968292
8096.484375	-66.480972
8101.867676	-65.426910
8107.250977	-64.932007
8112.634277	-63.150028
8118.017578	-59.896130
8123.400879	-60.656693
8128.784180	-59.407829
8134.167480	-59.553143
8139.550781	-62.150139
8144.934082	-62.856590
8150.317383	-64.939964
8155.700684	-63.960846
8161.083984	-61.548466
8166.467285	-62.658226
8171.850586	-62.918495
8177.233887	-65.151993
8182.617188	-71.472488
8188.000488	-70.519760
8193.383789	-68.004150
8198.767090	-69.880157
8204.150391	-69.083443
8209.533691	-71.213364
8214.916992	-75.690170
8220.300293	-70.884933
8225.683594	-66.512886
8231.066895	-67.499756
8236.450195	-65.432655
8241.833496	-67.266563
8247.216797	-68.647400
8252.600098	-64.178391
8257.983398	-64.390289
8263.366699	-63.689499
8268.750000	-62.944759
8274.133301	-66.629189
8279.516602	-67.418579
8284.899902	-68.761292
8290.283203	-75.085358
8295.666504	-72.569046
8301.049805	-73.351776
8306.433105	-78.967422
8311.816406	-78.667931
8317.199707	-72.816376
8322.583008	-72.716499
8327.966309	-76.421867
8333.349609	-69.379402
8338.732910	-67.609138
8344.116211	-69.353508
8349.499512	-65.995506
8354.882812	-67.852913
8360.266113	-68.978325
8365.649414	-66.889412
8371.032715	-68.480980
8376.416016	-67.031654
8381.799316	-65.774467
8387.182617	-68.976730
8392.565918	-67.631302
8397.949219	-67.612427
8403.332520	-70.718979
8408.715820	-67.251907
8414.099121	-68.593391
8419.482422	-67.986893
8424.865723	-69.258949
8430.249023	-73.535698
8435.632324	-74.465439
8441.015625	-69.339233
8446.398926	-71.473732
8451.782227	-72.377266
8457.165527	-73.791107
8462.548828	-76.697990
8467.932129	-75.712791
8473.315430	-75.134018
8478.698730	-74.366844
8484.082031	-67.881310
8489.465332	-70.576111
8494.848633	-68.427032
8500.231934	-70.497185
8505.615234	-75.214363
8510.998535	-68.374290
8516.381836	-66.270615
8521.765137	-68.654610
8527.148438	-65.955902
8532.531738	-71.604561
8537.915039	-72.110680
8543.298340	-67.506172
8548.681641	-64.739998
8554.064941	-62.983376
8559.448242	-60.594463
8564.831543	-63.255890
8570.214844	-64.868217
8575.598145	-69.293930
8580.981445	-66.288620
8586.364746	-68.960724
8591.748047	-65.354057
8597.131348	-65.655403
8602.514648	-62.610180
8607.897949	-62.050167
8613.281250	-58.974915
8618.664551	-62.596581
8624.047852	-61.766113
8629.431152	-66.292648
8634.814453	-64.236420
8640.197754	-69.736610
8645.581055	-69.036980
8650.964355	-72.502068
8656.347656	-68.470390
8661.730957	-72.170502
8667.114258	-68.466064
8672.497559	-72.726860
8677.880859	-69.649872
8683.264160	-67.525040
8688.647461	-71.575279
8694.030762	-65.022057
8699.414062	-66.584084
8704.797363	-70.831375
8710.180664	-70.440338
8715.563965	-71.707153
8720.947266	-70.713188
8726.330566	-69.414803
8731.713867	-71.220383
8737.097168	-68.209625
8742.480469	-71.205101
8747.863770	-66.347511
8753.247070	-70.673515
8758.630371	-67.150620
8764.013672	-68.177086
8769.396973	-71.229179
8774.780273	-66.612144
8780.163574	-67.715576
8785.546875	-67.201630
8790.930176	-64.238304
8796.313477	-68.951859
8801.696777	-64.692329
8807.080078	-66.439484
8812.463379	-67.111992
8817.846680	-70.245155
8823.229980	-66.417824
8828.613281	-68.097542
8833.996582	-71.270187
8839.379883	-66.701088
8844.763184	-66.361824
8850.146484	-67.570274
8855.529785	-63.534683
8860.913086	-69.024109
8866.296387	-65.125381
8871.679688	-66.011841
8877.062988	-69.953087
8882.446289	-65.449295
8887.829590	-67.615921
8893.212891	-67.065094
8898.596191	-65.239357
8903.979492	-68.997314
8909.362793	-64.369728
8914.746094	-67.888031
8920.129395	-65.031357
8925.512695	-66.488136
8930.895996	-69.216682
8936.279297	-64.436371
8941.662598	-64.699448
8947.045898	-62.880611
8952.429199	-60.427086
8957.812500	-62.321251
8963.195801	-60.804798
8968.579102	-61.624729
8973.962402	-64.612366
8979.345703	-62.905998
8984.729004	-62.698486
8990.112305	-64.368362
8995.495605	-62.322277
9000.878906	-65.442551
9006.262207	-67.625046
9011.645508	-65.873070
9017.028809	-67.575417
9022.412109	-67.695786
9027.795410	-66.613892
9033.178711	-71.696358
9038.562012	-70.431091
9043.945312	-72.971153
9049.328613	-74.936371
9054.711914	-72.844391
9060.095215	-68.465363
9065.478516	-70.402420
9070.861816	-73.519363
9076.245117	-73.230362
9081.628418	-76.552490
9087.011719	-71.411453
9092.395020	-73.663383
9097.778320	-73.509453
9103.161621	-70.998940
9108.544922	-62.835400
9113.928223	-61.457611
9119.311523	-60.708492
9124.694824	-60.211445
9130.078125	-61.119427
9135.461426	-59.745003
9140.844727	-60.356541
9146.228027	-59.637657
9151.611328	-58.662117
9156.994629	-60.699684
9162.377930	-60.280079
9167.761230	-60.844433
9173.144531	-63.477222
9178.527832	-61.112610
9183.911133	-62.863663
9189.294434	-63.894722
9194.677734	-62.421532
9200.061035	-68.095718
9205.444336	-65.485382
9210.827637	-66.804604
9216.210938	-70.737396
9221.594238	-65.928215
9226.977539	-69.953537
9232.360840	-68.465408
9237.744141	-68.929817
9243.127441	-69.217636
9248.510742	-71.198647
9253.894043	-65.482391
9259.277344	-67.248505
9264.660645	-63.796009
9270.043945	-62.518208
9275.427246	-69.446289
9280.810547	-67.181244
9286.193848	-69.418655
9291.577148	-68.589516
9296.960449	-67.167068
9302.343750	-69.573593
9307.727051	-64.727631
9313.110352	-65.796066
9318.493652	-65.355576
9323.876953	-62.578930
9329.260254	-67.920258
9334.643555	-62.019402
9340.026855	-62.941082
9345.410156	-64.724739
9350.793457	-59.914711
9356.176758	-63.735718
9361.560059	-61.147629
9366.943359	-60.786232
9372.326660	-64.701958
9377.709961	-60.375732
9383.093262	-62.446106
9388.476562	-63.692879
9393.859863	-59.852734
9399.243164	-63.683331
9404.626465	-61.869385
9410.009766	-60.449062
9415.393066	-66.901619
9420.776367	-61.256569
9426.159668	-57.047306
9431.542969	-57.450089
9436.926270	-57.204250
9442.309570	-56.024010
9447.692871	-61.931660
9453.076172	-64.906532
9458.459473	-62.223923
9463.842773	-62.962070
9469.226074	-66.467407
9474.609375	-64.017151
9479.992676	-64.641983
9485.375977	-66.281525
9490.759277	-65.312630
9496.142578	-66.018906
9501.525879	-66.534691
9506.909180	-65.916847
9512.292480	-68.209106
9517.675781	-64.879692
9523.059082	-67.801743
9528.442383	-67.794861
9533.825684	-66.096581
9539.208984	-66.687279
9544.592285	-68.260468
9549.975586	-66.461456
9555.358887	-65.675766
9560.742188	-67.466805
9566.125488	-63.338936
9571.508789	-68.208160
9576.892090	-63.627155
9582.275391	-62.936161
9587.658691	-66.383934
9593.041992	-62.395035
9598.425293	-62.652985
9603.808594	-66.144714
9609.191895	-62.702301
9614.575195	-64.965385
9619.958496	-68.923653
9625.341797	-64.849983
9630.725098	-65.765808
9636.108398	-66.299858
9641.491699	-65.614883
9646.875000	-63.169411
9652.258301	-65.006134
9657.641602	-63.557240
9663.024902	-62.417034
9668.408203	-67.520203
9673.791504	-61.302845
9679.174805	-63.388233
9684.558105	-64.558746
9689.941406	-60.215675
9695.324707	-64.386436
9700.708008	-62.261852
9706.091309	-61.761959
9711.474609	-68.416977
9716.857910	-64.198135
9722.241211	-66.808792
9727.624512	-67.874512
9733.007812	-66.751640
9738.391113	-67.589142
9743.774414	-66.229912
9749.157715	-71.131973
9754.541016	-66.756058
9759.924316	-67.282768
9765.307617	-70.616455
9770.690918	-70.470329
9776.074219	-68.826103
9781.457520	-65.783249
9786.840820	-69.910538
9792.224121	-67.376900
9797.607422	-67.829285
9802.990723	-68.351730
9808.374023	-64.527069
9813.757324	-67.632591
9819.140625	-63.332508
9824.523926	-62.207390
9829.907227	-65.665009
9835.290527	-63.580486
9840.673828	-67.212029
9846.057129	-64.331192
9851.440430	-63.899700
9856.823730	-67.288353
9862.207031	-63.318092
9867.590332	-68.150223
9872.973633	-65.795776
9878.356934	-64.280884
9883.740234	-69.114311
9889.123535	-65.145844
9894.506836	-67.223503
9899.890137	-67.410690
9905.273438	-66.385666
9910.656738	-70.744987
9916.040039	-70.217522
9921.423340	-67.286140
9926.806641	-71.353737
9932.189941	-69.260063
9937.573242	-68.360992
9942.956543	-72.794708
9948.339844	-70.013695
9953.723145	-67.775566
9959.106445	-69.786308
9964.489746	-66.901756
9969.873047	-67.374664
9975.256348	-70.121048
9980.639648	-67.151100
9986.022949	-70.320824
9991.406250	-69.387718
9996.789551	-68.624886
10002.172852	-72.674431
10007.556152	-71.454483
10012.939453	-76.487854
10018.322754	-75.241653
10023.706055	-74.284866
10029.089355	-73.130249
10034.472656	-71.508804
10039.855957	-73.868530
10045.239258	-74.131386
10050.622559	-77.251755
10056.005859	-78.344894
10061.389160	-75.287933
10066.772461	-75.591522
10072.155762	-74.166466
10077.539062	-69.455452
10082.922363	-72.840508
10088.305664	-69.567627
10093.688965	-69.360268
10099.072266	-71.797691
10104.455566	-68.016464
10109.838867	-68.803047
10115.222168	-67.959480
10120.605469	-65.282410
10125.988770	-67.981438
10131.372070	-64.949554
10136.755371	-66.871185
10142.138672	-67.866783
10147.521973	-66.066925
10152.905273	-69.093765
10158.288574	-66.216927
10163.671875	-66.709236
10169.055176	-68.531464
10174.438477	-68.619148
10179.821777	-73.733032
10185.205078	-72.813072
10190.588379	-75.412773
10195.971680	-73.545273
10201.354980	-74.569580
10206.738281	-71.564438
10212.121582	-73.051682
10217.504883	-70.436989
10222.888184	-65.300522
10228.271484	-66.276764
10233.654785	-62.976162
10239.038086	-61.826351
10244.421387	-67.211731
10249.804688	-63.731876
10255.187988	-66.587311
10260.571289	-69.090782
10265.954590	-66.562263
10271.337891	-70.652115
10276.721191	-67.969955
10282.104492	-69.322800
10287.487793	-68.445740
10292.871094	-68.876007
10298.254395	-67.159561
10303.637695	-64.094269
10309.020996	-67.941811
10314.404297	-65.213959
10319.787598	-66.190010
10325.170898	-68.184021
10330.554199	-64.899101
10335.937500	-67.445511
10341.320801	-66.087379
10346.704102	-64.815491
10352.087402	-70.299530
10357.470703	-65.073090
10362.854004	-69.659515
10368.237305	-66.169968
10373.620605	-68.583519
10379.003906	-67.414932
10384.387207	-67.373116
10389.770508	-73.117805
10395.153809	-67.411232
10400.537109	-67.932610
10405.920410	-67.471031
10411.303711	-63.599644
10416.687012	-68.023544
10422.070312	-64.643402
10427.453613	-67.675278
10432.836914	-66.372604
10438.220215	-67.688187
10443.603516	-65.665039
10448.986816	-68.376335
10454.370117	-66.079048
10459.753418	-65.236488
10465.136719	-67.770798
10470.520020	-63.812252
10475.903320	-65.803230
10481.286621	-68.739655
10486.669922	-65.728203
10492.053223	-64.347542
10497.436523	-65.176392
10502.819824	-67.774063
10508.203125	-66.093613
10513.586426	-64.501930
10518.969727	-68.192192
10524.353027	-61.145836
10529.736328	-61.824329
10535.119629	-63.513031
10540.502930	-60.047649
10545.886230	-65.367699
10551.269531	-62.381718
10556.652832	-62.338753
10562.036133	-67.036430
10567.419434	-61.979053
10572.802734	-64.753067
10578.186035	-65.215225
10583.569336	-63.136330
10588.952637	-69.339638
10594.335938	-65.949135
10599.719238	-67.928696
10605.102539	-68.226151
10610.485840	-66.792778
10615.869141	-69.105392
10621.252441	-65.389145
10626.635742	-70.487953
10632.019043	-64.104332
10637.402344	-66.197258
10642.785645	-66.649818
10648.168945	-63.968769
10653.552246	-69.960297
10658.935547	-64.854065
10664.318848	-65.725357
10669.702148	-68.581001
10675.085449	-64.302116
10680.468750	-68.233704
10685.852051	-68.180016
10691.235352	-67.759193
10696.618652	-70.851768
10702.001953	-68.453857
10707.385254	-70.693878
10712.768555	-66.329300
10718.151855	-69.809761
10723.535156	-66.213448
10728.918457	-65.209915
10734.301758	-69.053284
10739.685059	-63.176395
10745.068359	-66.367142
10750.451660	-65.672279
10755.834961	-62.902981
10761.218262	-68.483360
10766.601562	-63.965294
10771.984863	-63.832661
10777.368164	-68.263641
10782.751465	-63.197151
10788.134766	-64.173241
10793.518066	-67.605049
10798.901367	-63.289295
10804.284668	-67.440315
10809.667969	-68.943283
10815.051270	-65.512871
10820.434570	-68.936661
10825.817871	-66.698486
10831.201172	-65.437874
10836.584473	-70.647385
10841.967773	-66.439018
10847.351074	-70.959045
10852.734375	-66.631844
10858.117676	-68.437538
10863.500977	-72.112038
10868.884277	-66.706985
10874.267578	-69.046257
10879.650879	-67.637993
10885.034180	-65.412613
10890.417480	-68.126686
10895.800781	-64.573822
10901.184082	-67.352539
10906.567383	-66.288315
10911.950684	-65.955772
10917.333984	-67.896111
10922.717285	-65.274651
10928.100586	-64.561058
10933.483887	-64.418762
10938.867188	-62.231316
10944.250488	-63.314560
10949.633789	-62.674908
10955.017090	-62.518166
10960.400391	-64.270844
10965.783691	-62.950420
10971.166992	-63.820557
10976.550293	-65.064529
10981.933594	-63.848648
10987.316895	-67.950142
10992.700195	-68.674599
10998.083496	-73.939301
11003.466797	-71.332634
11008.850098	-69.136024
11014.233398	-64.233635
11019.616699	-62.406677
11025.000000	-62.685173
11030.383301	-59.976925
11035.766602	-59.966240
11041.149902	-59.385983
11046.533203	-58.183819
11051.916504	-59.870277
11057.299805	-59.220997
11062.683105	-59.621010
11068.066406	-62.038025
11073.449707	-60.958977
11078.833008	-63.650707
11084.216309	-64.842323
11089.599609	-63.827747
11094.982910	-69.155151
11100.366211	-65.976364
11105.749512	-70.179344
11111.132812	-63.930428
11116.516113	-62.832527
11121.899414	-62.498001
11127.282715	-59.212261
11132.666016	-61.052864
11138.049316	-59.643551
11143.432617	-58.498791
11148.815918	-60.642437
11154.199219	-58.681446
11159.582520	-59.362907
11164.965820	-61.660835
11170.349121	-60.025898
11175.732422	-62.596989
11181.115723	-63.630478
11186.499023	-61.304550
11191.882324	-64.061119
11197.265625	-63.272503
11202.648926	-61.959942
11208.032227	-65.615959
11213.415527	-63.841385
11218.798828	-63.110352
11224.182129	-66.525917
11229.565430	-64.737381
11234.948730	-65.592415
11240.332031	-71.287582
11245.715332	-67.727692
11251.098633	-69.423775
11256.481934	-71.845169
11261.865234	-67.395111
11267.248535	-71.536758
11272.631836	-71.379745
11278.015137	-66.852539
11283.398438	-67.876762
11288.781738	-66.709877
11294.165039	-63.792282
11299.548340	-67.662117
11304.931641	-65.641258
11310.314941	-64.945862
11315.698242	-69.108055
11321.081543	-63.362495
11326.464844	-64.847900
11331.848145	-63.586391
11337.231445	-61.751469
11342.614746	-65.927467
11347.998047	-62.524300
11353.381348	-64.897820
11358.764648	-65.625839
11364.147949	-62.401962
11369.531250	-65.869148
11374.914551	-61.787251
11380.297852	-62.556496
11385.681152	-63.581673
11391.064453	-61.494877
11396.447754	-66.950432
11401.831055	-63.211128
11407.214355	-63.380299
11412.597656	-64.913750
11417.980957	-60.349949
11423.364258	-62.908245
11428.747559	-60.204506
11434.130859	-60.437710
11439.514160	-63.685753
11444.897461	-60.642246
11450.280762	-64.268173
11455.664062	-63.723217
11461.047363	-61.938282
11466.430664	-66.513588
11471.813965	-62.040474
11477.197266	-66.184479
11482.580566	-62.877365
11487.963867	-64.267319
11493.347168	-65.270622
11498.730469	-62.859905
11504.113770	-67.723892
11509.497070	-62.802547
11514.880371	-62.162788
11520.263672	-63.521057
11525.646973	-59.410641
11531.030273	-61.899494
11536.413574	-60.780468
11541.796875	-59.824051
11547.180176	-63.865627
11552.563477	-60.631462
11557.946777	-62.639503
11563.330078	-65.539337
11568.713379	-63.626965
11574.096680	-69.981911
11579.479980	-66.416473
11584.863281	-65.140198
11590.246582	-69.504433
11595.629883	-65.595009
11601.013184	-64.796791
11606.396484	-70.883560
11611.779785	-65.160019
11617.163086	-65.664368
11622.546387	-68.393524
11627.929688	-63.021336
11633.312988	-67.002968
11638.696289	-65.046661
11644.079590	-63.778202
11649.462891	-68.703712
11654.846191	-64.420364
11660.229492	-62.513058
11665.612793	-66.701653
11670.996094	-62.362904
11676.379395	-65.721077
11681.762695	-69.510780
11687.145996	-65.886116
11692.529297	-66.713379
11697.912598	-68.194946
11703.295898	-62.877003
11708.679199	-65.572067
11714.062500	-66.749352
11719.445801	-63.797508
11724.829102	-67.780258
11730.212402	-65.822746
11735.595703	-63.712440
11740.979004	-69.919563
11746.362305	-65.405151
11751.745605	-69.507874
11757.128906	-70.149254
11762.512207	-68.814346
11767.895508	-71.814636
11773.278809	-65.180618
11778.662109	-68.090675
11784.045410	-63.546917
11789.428711	-62.189720
11794.812012	-62.990707
11800.195312	-59.682407
11805.578613	-60.933258
11810.961914	-59.967522
11816.345215	-58.349377
11821.728516	-59.839985
11827.111816	-58.087631
11832.495117	-58.886028
11837.878418	-60.140049
11843.261719	-59.087349
11848.645020	-61.623497
11854.028320	-60.531815
11859.411621	-60.171795
11864.794922	-61.774063
11870.178223	-59.676926
11875.561523	-61.751846
11880.944824	-61.719379
11886.328125	-61.740089
11891.711426	-64.935364
11897.094727	-62.301044
11902.478027	-63.531437
11907.861328	-63.791653
11913.244629	-61.941402
11918.627930	-65.309586
11924.011230	-63.589653
11929.394531	-64.460129
11934.777832	-67.854660
11940.161133	-63.767395
11945.544434	-64.995522
11950.927734	-64.382835
11956.311035	-62.043961
11961.694336	-64.725121
11967.077637	-62.955135
11972.460938	-61.617367
11977.844238	-62.493736
11983.227539	-59.455765
11988.610840	-58.741863
11993.994141	-59.240578
11999.377441	-57.485390
12004.760742	-58.011024
12010.144043	-57.881119
12015.527344	-56.295074
12020.910645	-56.916077
12026.293945	-56.265774
12031.677246	-55.927917
12037.060547	-57.262234
12042.443848	-56.570225
12047.827148	-56.647789
12053.210449	-57.223446
12058.593750	-55.922180
12063.977051	-56.359299
12069.360352	-56.676235
12074.743652	-56.005043
12080.126953	-56.928974
12085.510254	-56.253250
12090.893555	-55.545254
12096.276855	-55.939590
12101.660156	-54.846840
12107.043457	-54.762455
12112.426758	-54.920139
12117.810059	-54.056690
12123.193359	-54.444672
12128.576660	-54.020447
12133.959961	-53.482086
12139.343262	-53.926998
12144.726562	-53.472073
12150.109863	-53.823139
12155.493164	-54.169388
12160.876465	-53.549515
12166.259766	-53.946251
12171.643066	-53.598148
12177.026367	-53.317287
12182.409668	-54.152000
12187.792969	-53.959137
12193.176270	-54.826717
12198.559570	-55.491653
12203.942871	-54.987675
12209.326172	-55.827240
12214.709473	-55.569695
12220.092773	-55.612534
12225.476074	-56.911720
12230.859375	-56.893871
12236.242676	-58.656460
12241.625977	-60.413277
12247.009277	-60.160347
12252.392578	-61.084686
12257.775879	-60.790031
12263.159180	-58.724091
12268.542480	-59.556423
12273.925781	-59.533421
12279.309082	-58.633144
12284.692383	-59.962116
12290.075684	-58.921841
12295.458984	-58.239716
12300.842285	-59.452412
12306.225586	-58.179600
12311.608887	-59.173611
12316.992188	-60.116272
12322.375488	-59.065521
12327.758789	-60.750027
12333.142090	-59.026234
12338.525391	-58.600067
12343.908691	-58.917839
12349.291992	-56.942265
12354.675293	-57.700836
12360.058594	-56.716183
12365.441895	-56.322098
12370.825195	-57.137302
12376.208496	-55.735867
12381.591797	-55.600689
12386.975098	-55.480652
12392.358398	-54.564854
12397.741699	-55.780190
12403.125000	-56.387203
12408.508301	-57.067638
12413.891602	-59.217033
12419.274902	-58.558571
12424.658203	-58.163723
12430.041504	-59.213257
12435.424805	-59.011997
12440.808105	-61.323963
12446.191406	-65.236237
12451.574707	-64.507782
12456.958008	-61.960052
12462.341309	-61.147507
12467.724609	-59.710079
12473.107910	-59.082973
12478.491211	-59.264824
12483.874512	-57.332577
12489.257812	-55.351006
12494.641113	-55.065079
12500.024414	-54.572937
12505.407715	-55.114395
12510.791016	-56.586037
12516.174316	-56.512680
12521.557617	-56.815536
12526.940918	-57.095982
12532.324219	-56.572948
12537.707520	-57.564777
12543.090820	-58.864437
12548.474121	-60.210026
12553.857422	-63.606506
12559.240723	-64.012085
12564.624023	-64.660088
12570.007324	-68.421051
12575.390625	-68.598854
12580.773926	-75.772697
12586.157227	-73.972977
12591.540527	-69.176628
12596.923828	-64.115318
12602.307129	-64.830215
12607.690430	-66.364410
12613.073730	-66.270592
12618.457031	-69.929466
12623.840332	-69.106651
12629.223633	-68.413521
12634.606934	-70.810608
12639.990234	-68.782692
12645.373535	-72.384590
12650.756836	-74.476082
12656.140137	-73.104561
12661.523438	-67.267540
12666.906738	-64.363274
12672.290039	-63.053043
12677.673340	-60.576546
12683.056641	-60.712070
12688.439941	-60.046249
12693.823242	-58.889229
12699.206543	-58.648338
12704.589844	-56.825649
12709.973145	-55.529232
12715.356445	-54.976383
12720.739746	-54.157608
12726.123047	-54.748142
12731.506348	-55.373981
12736.889648	-55.706272
12742.272949	-57.322964
12747.656250	-57.314964
12753.039551	-57.498684
12758.422852	-58.344810
12763.806152	-57.300690
12769.189453	-58.179165
12774.572754	-59.635010
12779.956055	-60.284271
12785.339355	-63.463516
12790.722656	-64.039276
12796.105957	-63.612537
12801.489258	-66.817848
12806.872559	-66.052444
12812.255859	-67.677597
12817.639160	-74.540062
12823.022461	-71.248505
12828.405762	-71.105263
12833.789062	-76.465027
12839.172363	-71.866409
12844.555664	-76.163841
12849.938965	-71.475494
12855.322266	-72.129478
12860.705566	-73.844017
12866.088867	-74.819183
12871.472168	-72.123344
12876.855469	-71.847191
12882.238770	-72.773026
12887.622070	-67.262001
12893.005371	-68.847481
12898.388672	-70.222565
12903.771973	-68.529953
12909.155273	-73.550529
12914.538574	-70.834381
12919.921875	-70.408257
12925.305176	-74.492516
12930.688477	-71.366966
12936.071777	-73.564743
12941.455078	-75.982880
12946.838379	-75.252670
12952.221680	-72.895668
12957.604980	-72.351219
12962.988281	-68.920509
12968.371582	-64.127258
12973.754883	-65.423492
12979.138184	-64.649612
12984.521484	-65.209457
12989.904785	-69.250870
12995.288086	-67.683792
13000.671387	-69.467506
13006.054688	-71.777725
13011.437988	-69.792305
13016.821289	-73.441856
13022.204590	-68.016098
13027.587891	-67.592499
13032.971191	-65.738785
13038.354492	-66.275948
13043.737793	-68.386375
13049.121094	-67.570282
13054.504395	-69.795059
13059.887695	-68.223915
13065.270996	-65.306664
13070.654297	-66.252586
13076.037598	-65.244408
13081.420898	-68.754654
13086.804199	-69.298180
13092.187500	-67.946762
13097.570801	-67.868843
13102.954102	-65.802856
13108.337402	-68.371986
13113.720703	-67.356689
13119.104004	-66.720688
13124.487305	-68.320229
13129.870605	-66.544067
13135.253906	-67.878342
13140.637207	-68.160240
13146.020508	-65.424034
13151.403809	-65.331444
13156.787109	-63.457714
13162.170410	-63.926910
13167.553711	-66.164162
13172.937012	-67.578392
13178.320312	-71.641457
13183.703613	-73.117287
13189.086914	-69.936432
13194.470215	-72.062424
13199.853516	-75.068665
13205.236816	-75.628487
13210.620117	-75.337616
13216.003418	-76.567879
13221.386719	-71.571075
13226.770020	-74.823372
13232.153320	-73.280060
13237.536621	-75.016098
13242.919922	-72.281204
13248.303223	-69.646576
13253.686523	-67.291069
13259.069824	-69.668900
13264.453125	-69.508934
13269.836426	-69.943466
13275.219727	-69.430008
13280.603027	-64.497261
13285.986328	-63.146084
13291.369629	-63.099426
13296.752930	-62.956413
13302.136230	-65.960854
13307.519531	-65.909882
13312.902832	-66.802589
13318.286133	-66.527527
13323.669434	-63.130951
13329.052734	-63.019779
13334.436035	-62.388145
13339.819336	-63.041302
13345.202637	-66.715843
13350.585938	-68.114388
13355.969238	-74.028763
13361.352539	-75.135048
13366.735840	-72.265480
13372.119141	-76.125832
13377.502441	-74.953896
13382.885742	-75.643173
13388.269043	-78.289284
13393.652344	-77.210487
13399.035645	-72.367912
13404.418945	-74.332977
13409.802246	-71.755226
13415.185547	-69.591980
13420.568848	-71.027122
13425.952148	-67.518829
13431.335449	-67.968513
13436.718750	-67.388283
13442.102051	-66.587311
13447.485352	-68.029724
13452.868652	-65.875443
13458.251953	-68.028625
13463.635254	-66.865227
13469.018555	-65.561760
13474.401855	-65.728821
13479.785156	-62.347595
13485.168457	-62.230309
13490.551758	-61.339954
13495.935059	-60.348640
13501.318359	-61.557457
13506.701660	-60.488918
13512.084961	-61.268345
13517.468262	-62.043365
13522.851562	-61.063107
13528.234863	-62.782597
13533.618164	-62.606812
13539.001465	-62.768963
13544.384766	-65.680511
13549.768066	-64.677383
13555.151367	-67.239449
13560.534668	-69.329300
13565.917969	-68.470573
13571.301270	-74.291901
13576.684570	-70.744591
13582.067871	-73.792801
13587.451172	-75.811386
13592.834473	-73.606033
13598.217773	-76.274971
13603.601074	-76.747894
13608.984375	-75.484398
13614.367676	-77.230667
13619.750977	-78.536476
13625.134277	-74.621231
13630.517578	-77.493530
13635.900879	-75.933594
13641.284180	-73.859680
13646.667480	-79.554893
13652.050781	-74.637360
13657.434082	-73.958977
13662.817383	-77.492722
13668.200684	-71.149979
13673.583984	-70.756783
13678.967285	-71.192818
13684.350586	-68.178078
13689.733887	-71.269608
13695.117188	-69.341934
13700.500488	-66.906761
13705.883789	-69.830650
13711.267090	-68.512909
13716.650391	-71.234818
13722.033691	-71.761696
13727.416992	-71.186157
13732.800293	-71.948219
13738.183594	-69.106094
13743.566895	-72.767838
13748.950195	-69.873085
13754.333496	-67.999619
13759.716797	-69.311523
13765.100098	-66.195137
13770.483398	-67.417992
13775.866699	-68.225143
13781.250000	-67.888062
13786.633301	-73.230469
13792.016602	-71.009148
13797.399902	-72.383499
13802.783203	-73.970581
13808.166504	-73.165627
13813.549805	-73.943665
13818.933105	-67.418770
13824.316406	-66.898247
13829.699707	-64.428711
13835.083008	-65.822845
13840.466309	-65.573792
13845.849609	-64.992805
13851.232910	-67.213280
13856.616211	-64.477150
13861.999512	-64.085281
13867.382812	-63.656342
13872.766113	-61.951725
13878.149414	-63.542828
13883.532715	-63.007004
13888.916016	-64.626091
13894.299316	-67.400764
13899.682617	-66.484299
13905.065918	-69.646950
13910.449219	-68.998985
13915.832520	-68.927704
13921.215820	-68.575226
13926.599121	-66.166397
13931.982422	-67.566826
13937.365723	-65.957008
13942.749023	-68.130630
13948.132324	-68.801117
13953.515625	-66.346924
13958.898926	-65.881485
13964.282227	-64.292526
13969.665527	-62.959988
13975.048828	-64.615288
13980.432129	-64.469566
13985.815430	-67.209641
13991.198730	-72.424316
13996.582031	-71.057716
14001.965332	-70.522430
14007.348633	-72.027939
14012.731934	-69.459480
14018.115234	-71.995827
14023.498535	-74.454254
14028.881836	-69.330971
14034.265137	-68.404022
14039.648438	-67.338089
14045.031738	-65.310989
14050.415039	-69.090630
14055.798340	-69.236267
14061.181641	-71.810173
14066.564941	-76.630463
14071.948242	-71.896317
14077.331543	-70.928360
14082.714844	-72.662643
14088.098145	-69.797592
14093.481445	-74.196480
14098.864746	-71.988724
14104.248047	-75.841476
14109.631348	-76.405846
14115.014648	-77.519653
14120.397949	-75.909996
14125.781250	-74.979210
14131.164551	-76.088135
14136.547852	-78.281761
14141.931152	-75.895493
14147.314453	-76.665230
14152.697754	-69.926628
14158.081055	-68.202187
14163.464355	-68.090309
14168.847656	-66.080345
14174.230957	-68.870041
14179.614258	-68.427917
14184.997559	-66.986649
14190.380859	-68.169617
14195.764160	-64.245811
14201.147461	-63.532528
14206.530762	-64.358513
14211.914062	-63.314537
14217.297363	-68.273514
14222.680664	-69.475647
14228.063965	-71.317345
14233.447266	-74.554276
14238.830566	-74.309875
14244.213867	-74.152748
14249.597168	-74.038452
14254.980469	-71.841789
14260.363770	-75.727425
14265.747070	-73.356758
14271.130371	-77.288719
14276.513672	-75.523865
14281.896973	-73.545959
14287.280273	-74.143196
14292.663574	-69.586433
14298.046875	-71.472908
14303.430176	-70.999222
14308.813477	-73.105293
14314.196777	-80.142189
14319.580078	-81.348259
14324.963379	-76.492287
14330.346680	-76.747093
14335.729980	-72.627815
14341.113281	-73.064423
14346.496582	-76.329994
14351.879883	-75.963158
14357.263184	-78.754478
14362.646484	-79.877029
14368.029785	-73.487900
14373.413086	-73.987610
14378.796387	-72.197090
14384.179688	-71.599442
14389.562988	-73.849335
14394.946289	-71.904045
14400.329590	-72.841400
14405.712891	-72.384514
14411.096191	-69.664688
14416.479492	-70.057678
14421.862793	-69.443222
14427.246094	-68.784233
14432.629395	-70.287514
14438.012695	-70.641068
14443.395996	-72.936646
14448.779297	-76.279015
14454.162598	-75.951340
14459.545898	-77.455833
14464.929199	-78.244576
14470.312500	-76.994598
14475.695801	-77.865074
14481.079102	-74.529915
14486.462402	-74.799110
14491.845703	-73.879402
14497.229004	-72.194519
14502.612305	-73.811722
14507.995605	-72.451675
14513.378906	-71.334564
14518.762207	-73.309235
14524.145508	-71.466866
14529.528809	-71.542908
14534.912109	-73.109810
14540.295410	-70.344543
14545.678711	-70.284630
14551.062012	-71.173973
14556.445312	-69.312256
14561.828613	-70.699280
14567.211914	-71.256775
14572.595215	-69.351379
14577.978516	-70.944672
14583.361816	-70.285538
14588.745117	-70.724861
14594.128418	-74.723511
14599.511719	-73.781654
14604.895020	-78.474274
14610.278320	-78.637199
14615.661621	-76.198952
14621.044922	-77.769897
14626.428223	-72.116066
14631.811523	-72.437675
14637.194824	-71.345573
14642.578125	-70.608780
14647.961426	-73.967697
14653.344727	-73.027023
14658.728027	-73.434898
14664.111328	-74.848091
14669.494629	-72.053238
14674.877930	-74.064560
14680.261230	-77.567886
14685.644531	-78.346527
14691.027832	-78.790184
14696.411133	-79.690483
14701.794434	-74.576118
14707.177734	-74.974373
14712.561035	-76.243736
14717.944336	-73.541275
14723.327637	-75.942688
14728.710938	-74.382416
14734.094238	-73.556358
14739.477539	-77.555450
14744.860840	-77.024986
14750.244141	-80.503227
14755.627441	-84.622284
14761.010742	-80.299553
14766.394043	-79.743805
14771.777344	-77.639694
14777.160645	-73.821854
14782.543945	-72.935738
14787.927246	-70.236259
14793.310547	-71.451263
14798.693848	-72.399017
14804.077148	-73.825340
14809.460449	-78.721855
14814.843750	-76.167862
14820.227051	-72.695984
14825.610352	-72.781563
14830.993652	-70.477097
14836.376953	-72.726074
14841.760254	-74.168259
14847.143555	-74.646851
14852.526855	-73.684402
14857.910156	-73.857681
14863.293457	-71.346275
14868.676758	-72.348282
14874.060059	-71.667618
14879.443359	-73.988411
14884.826660	-72.837952
14890.209961	-74.237617
14895.593262	-70.670540
14900.976562	-73.689964
14906.359863	-73.851830
14911.743164	-75.802795
14917.126465	-76.935745
14922.509766	-74.205605
14927.893066	-71.501785
14933.276367	-71.835785
14938.659668	-70.145233
14944.042969	-72.113754
14949.426270	-73.949631
14954.809570	-73.985947
14960.192871	-77.667885
14965.576172	-78.277481
14970.959473	-76.363968
14976.342773	-74.364456
14981.726074	-73.330948
14987.109375	-79.482750
14992.492676	-81.790306
14997.875977	-79.402054
15003.259277	-79.573753
15008.642578	-82.976418
15014.025879	-80.159615
15019.409180	-74.568268
15024.792480	-72.544014
15030.175781	-69.310333
15035.559082	-69.374336
15040.942383	-70.067322
15046.325684	-72.122437
15051.708984	-75.806747
15057.092285	-79.143806
15062.475586	-79.850426
15067.858887	-77.913773
15073.242188	-78.001160
15078.625488	-77.109497
15084.008789	-74.425354
15089.392090	-72.653305
15094.775391	-71.607674
15100.158691	-71.226997
15105.541992	-70.136574
15110.925293	-70.550400
15116.308594	-69.961754
15121.691895	-67.957062
15127.075195	-67.570854
15132.458496	-66.951637
15137.841797	-66.953156
15143.225098	-68.610947
15148.608398	-70.055893
15153.991699	-73.392723
15159.375000	-77.236893
15164.758301	-75.303764
15170.141602	-76.346634
15175.524902	-77.332062
15180.908203	-76.809532
15186.291504	-80.944405
15191.674805	-78.681374
15197.058105	-82.024590
15202.441406	-75.040016
15207.824707	-74.272087
15213.208008	-70.115044
15218.591309	-70.776123
15223.974609	-72.325417
15229.357910	-73.880653
15234.741211	-75.560135
15240.124512	-75.283264
15245.507812	-75.054794
15250.891113	-74.866974
15256.274414	-73.746468
15261.657715	-72.175117
15267.041016	-71.664452
15272.424316	-71.128792
15277.807617	-73.759789
15283.190918	-71.098526
15288.574219	-70.581497
15293.957520	-66.549820
15299.340820	-69.216934
15304.724121	-67.322151
15310.107422	-65.176468
15315.490723	-67.560738
15320.874023	-64.783440
15326.257324	-65.491608
15331.640625	-68.914467
15337.023926	-66.960770
15342.407227	-73.879646
15347.790527	-71.349258
15353.173828	-74.232773
15358.557129	-73.270638
15363.940430	-74.306801
15369.323730	-74.759247
15374.707031	-72.668022
15380.090332	-75.746284
15385.473633	-72.623764
15390.856934	-70.331306
15396.240234	-72.188927
15401.623535	-68.092834
15407.006836	-71.864639
15412.390137	-69.234451
15417.773438	-72.862663
15423.156738	-76.668602
15428.540039	-72.585411
15433.923340	-69.181282
15439.306641	-68.843620
15444.689941	-66.122551
15450.073242	-68.034218
15455.456543	-68.185532
15460.839844	-71.293884
15466.223145	-73.031792
15471.606445	-74.727005
15476.989746	-74.609314
15482.373047	-75.039474
15487.756348	-77.321014
15493.139648	-74.261154
15498.522949	-73.584099
15503.906250	-73.177734
15509.289551	-70.161118
15514.672852	-74.558968
15520.056152	-72.880745
15525.439453	-72.250572
15530.822754	-74.513214
15536.206055	-70.377304
15541.589355	-71.246056
15546.972656	-73.782097
15552.355957	-74.277184
15557.739258	-75.731087
15563.122559	-76.129570
15568.505859	-70.672714
15573.889160	-71.669502
15579.272461	-72.570702
15584.655762	-74.219063
15590.039062	-73.374237
15595.422363	-72.746864
15600.805664	-69.898170
15606.188965	-69.526329
15611.572266	-71.597397
15616.955566	-71.332375
15622.338867	-79.404846
15627.722168	-78.025002
15633.105469	-74.659538
15638.488770	-77.273010
15643.872070	-72.718155
15649.255371	-73.960060
15654.638672	-75.943451
15660.021973	-71.089195
15665.405273	-69.407524
15670.788574	-68.058006
15676.171875	-66.547714
15681.555176	-71.526863
15686.938477	-72.297890
15692.321777	-76.823036
15697.705078	-73.257217
15703.088379	-78.796692
15708.471680	-77.504036
15713.854980	-76.824585
15719.238281	-73.408798
15724.621582	-73.524513
15730.004883	-71.509125
15735.388184	-74.798691
15740.771484	-72.639488
15746.154785	-75.495659
15751.538086	-73.289223
15756.921387	-78.263145
15762.304688	-79.961433
15767.687988	-76.011368
15773.071289	-75.921768
15778.454590	-74.005989
15783.837891	-73.878654
15789.221191	-77.766731
15794.604492	-77.709953
15799.987793	-85.945465
15805.371094	-85.694427
15810.754395	-89.705330
15816.137695	-85.714104
15821.520996	-81.904358
15826.904297	-80.513397
15832.287598	-76.789864
15837.670898	-78.131775
15843.054199	-80.609589
15848.437500	-79.021523
15853.820801	-77.736450
15859.204102	-77.749771
15864.587402	-77.163895
15869.970703	-78.479279
15875.354004	-74.631310
15880.737305	-73.982033
15886.120605	-72.509933
15891.503906	-72.256714
15896.887207	-73.433517
15902.270508	-73.985741
15907.653809	-76.808746
15913.037109	-77.494003
15918.420410	-80.527184
15923.803711	-81.247765
15929.187012	-82.095222
15934.570312	-79.874748
15939.953613	-76.375984
15945.336914	-74.810387
15950.720215	-73.926399
15956.103516	-74.181572
15961.486816	-75.007584
15966.870117	-77.939644
15972.253418	-81.065903
15977.636719	-82.610573
15983.020020	-83.790764
15988.403320	-79.234795
15993.786621	-78.726425
15999.169922	-79.201942
16004.553223	-77.460274
16009.936523	-79.193298
16015.319824	-76.288414
16020.703125	-78.160400
16026.086426	-75.300728
16031.469727	-78.509979
16036.853027	-75.534637
16042.236328	-73.747276
16047.619629	-76.703079
16053.002930	-71.928513
16058.386230	-75.109116
16063.769531	-76.381508
16069.152832	-74.744720
16074.536133	-78.963287
16079.919434	-73.857697
16085.302734	-73.915337
16090.686035	-75.530487
16096.069336	-74.308617
16101.452637	-76.912109
16106.835938	-74.008575
16112.219238	-77.699150
16117.602539	-75.182419
16122.985840	-80.444420
16128.369141	-81.688599
16133.752441	-73.921150
16139.135742	-72.435455
16144.519043	-71.669067
16149.902344	-70.587715
16155.285645	-74.971901
16160.668945	-75.559525
16166.052246	-75.750771
16171.435547	-74.786285
16176.818848	-70.424515
16182.202148	-69.866867
16187.585449	-72.958572
16192.968750	-73.226250
16198.352051	-76.097298
16203.735352	-74.028694
16209.118652	-70.842781
16214.501953	-69.727348
16219.885254	-72.459732
16225.268555	-72.159233
16230.651855	-77.842667
16236.035156	-77.531097
16241.418457	-74.845444
16246.801758	-76.282364
16252.185059	-74.371284
16257.568359	-74.083656
16262.951660	-79.601143
16268.334961	-75.612946
16273.718262	-76.021729
16279.101562	-78.423111
16284.484863	-74.313644
16289.868164	-78.251587
16295.251465	-76.038528
16300.634766	-75.008324
16306.018066	-77.735977
16311.401367	-73.907158
16316.784668	-75.131111
16322.167969	-74.646294
16327.551270	-74.294289
16332.934570	-76.226768
16338.317871	-76.530807
16343.701172	-74.161751
16349.084473	-77.067833
16354.467773	-70.132530
16359.851074	-72.145203
16365.234375	-67.564247
16370.617676	-68.691597
16376.000977	-68.342354
16381.384277	-69.150093
16386.767578	-74.999939
16392.150879	-74.750702
16397.534180	-68.642265
16402.917480	-68.740784
16408.300781	-65.449486
16413.684082	-67.022423
16419.067383	-67.697685
16424.450684	-67.481049
16429.833984	-69.778419
16435.217285	-69.218323
16440.600586	-75.771103
16445.983887	-74.974968
16451.367188	-70.634521
16456.750488	-73.441826
16462.133789	-70.880928
16467.517090	-74.148415
16472.900391	-72.450302
16478.283691	-74.539192
16483.666992	-72.027473
16489.050293	-72.712288
16494.433594	-76.184357
16499.816895	-72.988045
16505.200195	-78.093742
16510.583496	-73.904152
16515.966797	-71.012489
16521.350098	-73.443451
16526.733398	-69.666046
16532.116699	-72.311180
16537.500000	-73.131477
16542.883301	-71.336708
16548.266602	-75.503967
16553.649902	-70.988876
16559.033203	-73.162437
16564.416504	-71.314407
16569.799805	-70.499733
16575.183105	-74.011169
16580.566406	-70.667557
16585.949707	-73.616005
16591.333008	-72.890472
16596.716309	-68.618279
16602.099609	-69.420387
16607.482910	-66.617912
16612.866211	-67.092705
16618.249512	-69.160110
16623.632812	-69.135376
16629.016113	-75.500854
16634.399414	-77.419029
16639.782715	-71.907913
16645.166016	-73.055252
16650.549316	-73.577599
16655.932617	-73.039841
16661.315918	-79.582237
16666.699219	-79.906662
16672.082520	-72.703278
16677.465820	-72.714134
16682.849121	-73.256165
16688.232422	-72.409637
16693.615723	-78.942253
16698.999023	-79.006073
16704.382324	-75.674889
16709.765625	-77.679543
16715.148926	-75.071449
16720.532227	-76.743912
16725.915527	-73.759331
16731.298828	-73.687416
16736.682129	-72.872444
16742.065430	-71.132027
16747.448730	-76.049339
16752.832031	-72.541817
16758.215332	-73.480049
16763.598633	-75.977325
16768.981934	-70.756729
16774.365234	-72.718437
16779.748535	-72.864899
16785.131836	-71.442451
16790.515137	-77.693161
16795.898438	-73.552208
16801.281738	-73.962128
16806.665039	-77.847450
16812.048340	-72.473717
16817.431641	-77.366890
16822.814941	-75.398102
16828.198242	-75.075302
16833.581543	-80.628578
16838.964844	-75.031509
16844.348145	-73.741379
16849.731445	-77.372223
16855.114746	-73.047478
16860.498047	-75.860802
16865.881348	-77.190651
16871.264648	-73.826904
16876.647949	-76.029457
16882.031250	-74.753647
16887.414551	-71.932999
16892.797852	-77.126045
16898.181152	-73.348549
16903.564453	-76.376495
16908.947754	-77.150230
16914.331055	-76.187386
16919.714355	-79.805405
16925.097656	-76.242905
16930.480957	-77.646690
16935.864258	-75.836105
16941.247559	-73.042923
16946.630859	-77.830688
16952.014160	-72.010162
16957.397461	-75.797173
16962.780762	-75.375053
16968.164062	-74.126305
16973.547363	-79.464378
16978.930664	-76.802063
16984.313965	-77.911217
16989.697266	-76.006744
16995.080566	-79.408272
17000.463867	-75.692368
17005.847168	-74.011696
17011.230469	-77.962059
17016.613770	-71.001839
17021.997070	-71.605476
17027.380371	-71.607521
17032.763672	-69.053795
17038.146973	-73.676392
17043.530273	-70.769806
17048.913574	-74.813728
17054.296875	-75.943771
17059.680176	-74.172096
17065.063477	-79.025291
17070.446777	-72.476425
17075.830078	-72.826813
17081.213379	-71.327980
17086.596680	-68.218224
17091.979980	-70.370079
17097.363281	-66.573570
17102.746582	-67.592537
17108.129883	-67.609383
17113.513184	-65.644905
17118.896484	-68.177002
17124.279785	-66.386581
17129.663086	-66.873451
17135.046387	-69.253647
17140.429688	-67.142212
17145.812988	-70.462601
17151.196289	-70.294067
17156.579590	-70.157410
17161.962891	-74.964684
17167.346191	-70.870544
17172.729492	-75.135895
17178.112793	-70.873230
17183.496094	-72.671761
17188.879395	-73.001457
17194.262695	-69.889015
17199.645996	-73.067856
17205.029297	-69.239555
17210.412598	-68.220726
17215.795898	-70.966408
17221.179199	-68.772987
17226.562500	-73.885124
17231.945801	-77.967064
17237.329102	-74.881355
17242.712402	-71.278633
17248.095703	-73.376205
17253.479004	-70.179665
17258.862305	-72.397339
17264.245605	-76.915062
17269.628906	-69.719490
17275.012207	-66.271797
17280.395508	-66.318512
17285.778809	-63.727119
17291.162109	-65.156670
17296.545410	-67.164322
17301.928711	-66.438660
17307.312012	-69.456055
17312.695312	-69.133301
17318.078613	-66.687302
17323.461914	-69.969109
17328.845215	-69.045715
17334.228516	-70.441757
17339.611816	-78.073906
17344.995117	-74.852982
17350.378418	-73.119522
17355.761719	-78.834038
17361.145020	-75.111610
17366.528320	-77.347412
17371.911621	-72.152756
17377.294922	-74.747971
17382.678223	-69.263275
17388.061523	-70.085236
17393.444824	-72.505455
17398.828125	-69.297745
17404.211426	-71.838921
17409.594727	-71.382156
17414.978027	-66.414948
17420.361328	-68.186813
17425.744629	-66.113495
17431.127930	-65.448875
17436.511230	-68.935257
17441.894531	-66.385254
17447.277832	-69.453171
17452.661133	-70.733658
17458.044434	-69.214279
17463.427734	-74.522026
17468.811035	-71.836555
17474.194336	-72.932495
17479.577637	-75.734512
17484.960938	-72.490997
17490.344238	-77.535774
17495.727539	-72.823135
17501.110840	-75.265236
17506.494141	-72.595184
17511.877441	-72.009331
17517.260742	-75.090431
17522.644043	-71.531090
17528.027344	-76.341049
17533.410645	-74.586136
17538.793945	-72.817589
17544.177246	-77.342537
17549.560547	-71.646904
17554.943848	-74.138000
17560.327148	-74.118576
17565.710449	-73.424904
17571.093750	-79.337578
17576.477051	-75.560081
17581.860352	-79.833504
17587.243652	-76.982300
17592.626953	-78.138947
17598.010254	-75.626190
17603.393555	-71.039650
17608.776855	-72.538887
17614.160156	-67.762505
17619.543457	-68.535294
17624.926758	-68.673698
17630.310059	-67.148102
17635.693359	-69.943695
17641.076660	-67.649681
17646.459961	-66.413399
17651.843262	-67.711845
17657.226562	-65.307426
17662.609863	-67.060677
17667.993164	-68.206169
17673.376465	-67.984894
17678.759766	-72.394012
17684.143066	-69.524117
17689.526367	-69.991219
17694.909668	-70.718956
17700.292969	-67.543640
17705.676270	-69.866783
17711.059570	-69.028023
17716.442871	-69.050674
17721.826172	-72.893089
17727.209473	-70.063553
17732.592773	-69.854942
17737.976074	-71.615860
17743.359375	-68.785934
17748.742676	-70.909050
17754.125977	-71.889160
17759.509277	-69.990982
17764.892578	-72.539207
17770.275879	-70.785561
17775.659180	-69.227135
17781.042480	-71.565575
17786.425781	-69.143730
17791.809082	-70.096169
17797.192383	-70.867950
17802.575684	-68.471489
17807.958984	-70.253304
17813.342285	-68.430710
17818.725586	-67.760277
17824.108887	-69.203354
17829.492188	-66.814148
17834.875488	-67.329536
17840.258789	-66.997437
17845.642090	-65.225639
17851.025391	-66.709419
17856.408691	-65.958168
17861.791992	-66.884575
17867.175293	-70.078796
17872.558594	-68.982948
17877.941895	-70.035141
17883.325195	-70.942398
17888.708496	-68.013115
17894.091797	-70.300652
17899.475098	-71.161949
17904.858398	-71.856583
17910.241699	-79.215950
17915.625000	-76.798637
17921.008301	-74.107025
17926.391602	-76.932121
17931.774902	-71.420921
17937.158203	-72.557457
17942.541504	-72.812408
17947.924805	-70.250458
17953.308105	-72.651360
17958.691406	-69.249977
17964.074707	-67.048805
17969.458008	-67.697968
17974.841309	-65.079376
17980.224609	-66.070679
17985.607910	-66.697701
17990.991211	-65.433441
17996.374512	-67.140739
18001.757812	-65.268181
18007.141113	-63.966949
18012.524414	-65.039932
18017.907715	-63.364811
18023.291016	-64.947983
18028.674316	-65.920135
18034.057617	-65.247559
18039.440918	-68.041595
18044.824219	-66.208290
18050.207520	-65.465485
18055.590820	-66.913887
18060.974121	-64.649101
18066.357422	-66.541100
18071.740723	-66.638954
18077.124023	-65.612000
18082.507324	-68.320381
18087.890625	-65.906136
18093.273926	-65.678993
18098.657227	-66.930344
18104.040527	-64.332932
18109.423828	-65.870239
18114.807129	-65.479477
18120.190430	-63.710068
18125.573730	-65.521065
18130.957031	-63.364132
18136.340332	-63.597794
18141.723633	-64.813820
18147.106934	-62.625378
18152.490234	-64.232407
18157.873535	-63.582180
18163.256836	-62.244461
18168.640137	-63.929466
18174.023438	-62.002449
18179.406738	-62.708393
18184.790039	-64.254601
18190.173340	-62.948742
18195.556641	-65.505783
18200.939941	-65.386894
18206.323242	-64.195976
18211.706543	-67.280067
18217.089844	-65.835419
18222.473145	-66.949860
18227.856445	-71.706154
18233.239746	-68.216461
18238.623047	-68.171661
18244.006348	-70.300690
18249.389648	-66.450470
18254.772949	-68.818352
18260.156250	-69.000336
18265.539551	-66.560875
18270.922852	-68.720573
18276.306152	-65.200302
18281.689453	-63.915451
18287.072754	-64.544853
18292.456055	-62.241577
18297.839355	-63.965286
18303.222656	-63.480122
18308.605957	-62.803555
18313.989258	-64.219887
18319.372559	-61.577805
18324.755859	-61.179432
18330.139160	-61.251114
18335.522461	-59.880367
18340.905762	-61.614109
18346.289062	-61.331478
18351.672363	-61.707218
18357.055664	-63.550457
18362.438965	-61.738888
18367.822266	-62.500542
18373.205566	-62.568657
18378.588867	-61.823193
18383.972168	-64.536400
18389.355469	-64.030495
18394.738770	-66.000938
18400.122070	-68.587662
18405.505371	-66.157249
18410.888672	-68.308960
18416.271973	-67.757675
18421.655273	-67.364220
18427.038574	-72.301247
18432.421875	-70.798584
18437.805176	-74.638908
18443.188477	-79.636032
18448.571777	-73.667282
18453.955078	-75.302017
18459.338379	-77.809425
18464.721680	-76.108170
18470.104980	-79.043564
18475.488281	-80.927193
18480.871582	-75.537804
18486.254883	-76.615097
18491.638184	-77.080894
18497.021484	-75.583405
18502.404785	-81.998642
18507.788086	-78.047890
18513.171387	-79.206772
18518.554688	-81.418060
18523.937988	-73.910347
18529.321289	-75.383263
18534.704590	-72.562920
18540.087891	-71.122147
18545.471191	-74.375717
18550.854492	-71.250526
18556.237793	-71.082024
18561.621094	-71.554741
18567.004395	-68.109726
18572.387695	-68.374413
18577.770996	-68.344299
18583.154297	-67.578796
18588.537598	-70.353577
18593.920898	-70.915665
18599.304199	-71.955917
18604.687500	-76.297821
18610.070801	-74.765404
18615.454102	-76.246605
18620.837402	-79.798096
18626.220703	-77.257645
18631.604004	-76.680435
18636.987305	-71.593658
18642.370605	-71.916473
18647.753906	-69.547592
18653.137207	-69.413925
18658.520508	-70.319046
18663.903809	-68.377197
18669.287109	-68.832230
18674.670410	-68.437317
18680.053711	-67.323097
18685.437012	-69.294556
18690.820312	-69.081650
18696.203613	-70.653587
18701.586914	-73.587494
18706.970215	-72.392715
18712.353516	-75.411240
18717.736816	-72.160332
18723.120117	-71.384506
18728.503418	-70.325615
18733.886719	-67.676460
18739.270020	-68.341316
18744.653320	-66.528633
18750.036621	-66.192795
18755.419922	-66.565308
18760.803223	-64.948524
18766.186523	-65.791489
18771.569824	-65.725098
18776.953125	-65.245316
18782.336426	-67.254738
18787.719727	-66.603348
18793.103027	-67.075119
18798.486328	-68.600243
18803.869629	-67.106224
18809.252930	-69.095169
18814.636230	-69.602226
18820.019531	-69.782654
18825.402832	-74.691490
18830.786133	-72.729637
18836.169434	-72.867004
18841.552734	-75.676987
18846.936035	-71.562012
18852.319336	-74.991287
18857.702637	-74.835587
18863.085938	-75.821739
18868.469238	-79.464355
18873.852539	-79.213997
18879.235840	-76.704140
18884.619141	-79.806061
18890.002441	-75.266441
18895.385742	-78.128380
18900.769043	-75.334671
18906.152344	-75.700867
18911.535645	-79.447098
18916.918945	-74.764442
18922.302246	-75.217049
18927.685547	-74.741943
18933.068848	-69.290215
18938.452148	-70.961075
18943.835449	-68.960762
18949.218750	-67.761696
18954.602051	-70.195686
18959.985352	-67.607719
18965.368652	-67.029289
18970.751953	-67.961044
18976.135254	-65.352196
18981.518555	-65.892967
18986.901855	-66.369179
18992.285156	-64.937302
18997.668457	-67.407654
19003.051758	-67.338997
19008.435059	-67.098564
19013.818359	-70.328888
19019.201660	-67.712173
19024.584961	-67.497169
19029.968262	-69.055832
19035.351562	-66.695915
19040.734863	-69.721558
19046.118164	-70.011635
19051.501465	-70.661934
19056.884766	-76.817047
19062.268066	-72.304718
19067.651367	-72.375229
19073.034668	-72.492554
19078.417969	-68.862236
19083.801270	-70.298798
19089.184570	-67.533234
19094.567871	-68.524910
19099.951172	-69.623131
19105.334473	-67.961708
19110.717773	-70.242653
19116.101074	-68.677361
19121.484375	-67.385841
19126.867676	-68.415405
19132.250977	-65.864090
19137.634277	-66.546188
19143.017578	-66.376152
19148.400879	-65.332504
19153.784180	-67.117020
19159.167480	-65.703308
19164.550781	-65.935722
19169.934082	-66.955009
19175.317383	-65.181969
19180.700684	-66.475929
19186.083984	-66.438660
19191.467285	-66.177589
19196.850586	-68.843414
19202.233887	-68.117592
19207.617188	-69.094193
19213.000488	-70.758125
19218.383789	-68.586388
19223.767090	-69.935432
19229.150391	-70.709869
19234.533691	-70.702515
19239.916992	-76.273598
19245.300293	-77.067802
19250.683594	-75.636818
19256.066895	-76.518738
19261.450195	-71.561966
19266.833496	-70.904160
19272.216797	-70.643166
19277.600098	-69.765129
19282.983398	-73.122185
19288.366699	-73.173203
19293.750000	-79.973587
19299.133301	-82.318413
19304.516602	-75.251205
19309.899902	-73.090332
19315.283203	-71.548203
19320.666504	-69.765099
19326.049805	-71.499153
19331.433105	-71.096245
19336.816406	-73.834961
19342.199707	-76.076180
19347.583008	-71.990334
19352.966309	-70.512657
19358.349609	-69.483276
19363.732910	-67.907875
19369.116211	-69.158249
19374.499512	-68.841560
19379.882812	-69.244774
19385.266113	-69.774849
19390.649414	-67.541641
19396.032715	-66.593880
19401.416016	-65.785004
19406.799316	-64.673546
19412.182617	-65.217430
19417.565918	-65.188988
19422.949219	-65.281296
19428.332520	-65.845871
19433.715820	-65.000008
19439.099121	-64.838631
19444.482422	-64.466400
19449.865723	-63.771076
19455.249023	-64.220749
19460.632324	-64.186264
19466.015625	-64.764801
19471.398926	-65.665466
19476.782227	-65.939384
19482.165527	-66.903709
19487.548828	-66.830276
19492.932129	-66.688660
19498.315430	-67.021057
19503.698730	-67.106956
19509.082031	-68.072594
19514.465332	-69.194412
19519.848633	-70.831245
19525.231934	-73.055077
19530.615234	-74.781448
19535.998535	-76.405464
19541.381836	-76.844101
19546.765137	-76.205872
19552.148438	-76.026474
19557.531738	-75.362808
19562.915039	-74.611359
19568.298340	-74.770683
19573.681641	-74.947411
19579.064941	-75.950981
19584.448242	-76.853531
19589.831543	-76.488419
19595.214844	-76.938225
19600.598145	-76.489342
19605.981445	-76.695747
19611.364746	-78.235016
19616.748047	-78.087967
19622.131348	-78.924759
19627.514648	-77.608810
19632.897949	-78.147484
19638.281250	-77.602798
19643.664551	-75.971176
19649.047852	-74.940865
19654.431152	-72.947739
19659.814453	-71.681900
19665.197754	-71.622818
19670.581055	-71.160172
19675.964355	-72.351479
19681.347656	-73.329536
19686.730957	-72.871498
19692.114258	-73.881805
19697.497559	-72.742287
19702.880859	-72.436165
19708.264160	-73.557419
19713.647461	-72.613754
19719.030762	-74.753227
19724.414062	-73.301979
19729.797363	-73.157623
19735.180664	-73.266891
19740.563965	-70.478836
19745.947266	-71.048599
19751.330566	-68.975754
19756.713867	-68.701347
19762.097168	-69.359421
19767.480469	-67.873169
19772.863770	-68.661758
19778.247070	-67.792000
19783.630371	-66.937820
19789.013672	-67.832382
19794.396973	-67.039032
19799.780273	-68.302292
19805.163574	-69.733261
19810.546875	-69.689873
19815.930176	-72.060806
19821.313477	-71.345726
19826.696777	-71.081764
19832.080078	-72.488586
19837.463379	-70.982841
19842.846680	-73.221779
19848.229980	-71.882462
19853.613281	-73.373863
19858.996582	-74.821915
19864.379883	-73.270027
19869.763184	-75.529907
19875.146484	-72.499939
19880.529785	-70.976524
19885.913086	-72.405518
19891.296387	-70.686897
19896.679688	-74.082718
19902.062988	-75.090698
19907.446289	-77.105553
19912.829590	-84.202393
19918.212891	-79.544487
19923.596191	-84.144745
19928.979492	-77.367455
19934.362793	-77.020973
19939.746094	-74.768364
19945.129395	-71.832008
19950.512695	-73.457756
19955.895996	-71.116508
19961.279297	-72.224213
19966.662598	-73.273918
19972.045898	-71.054626
19977.429199	-72.782433
19982.812500	-72.398865
19988.195801	-71.626122
19993.579102	-75.544708
19998.962402	-74.177200
20004.345703	-76.670433
20009.729004	-81.842537
20015.112305	-79.104790
20020.495605	-83.354988
20025.878906	-80.513344
20031.262207	-82.843712
20036.645508	-76.469009
20042.028809	-78.522285
20047.412109	-78.392723
20052.795410	-75.384285
20058.178711	-79.570213
20063.562012	-76.140816
20068.945312	-74.744713
20074.328613	-77.861885
20079.711914	-73.593140
20085.095215	-77.413528
20090.478516	-74.185020
20095.861816	-74.595985
20101.245117	-74.953957
20106.628418	-71.823090
20112.011719	-73.831078
20117.395020	-70.883003
20122.778320	-69.788330
20128.161621	-70.412750
20133.544922	-67.558670
20138.928223	-67.843864
20144.311523	-67.823166
20149.694824	-66.411629
20155.078125	-68.415985
20160.461426	-67.951973
20165.844727	-68.018204
20171.228027	-70.689255
20176.611328	-68.925697
20181.994629	-70.444977
20187.377930	-73.478966
20192.761230	-71.488274
20198.144531	-76.000755
20203.527832	-75.914711
20208.911133	-75.148094
20214.294434	-81.576591
20219.677734	-76.321243
20225.061035	-79.306839
20230.444336	-78.482513
20235.827637	-78.676231
20241.210938	-79.626488
20246.594238	-76.896423
20251.977539	-80.045792
20257.360840	-80.337669
20262.744141	-75.809883
20268.127441	-77.288979
20273.510742	-74.646088
20278.894043	-73.303024
20284.277344	-76.244820
20289.660645	-73.627892
20295.043945	-74.184898
20300.427246	-75.273819
20305.810547	-72.407654
20311.193848	-74.676910
20316.577148	-74.308723
20321.960449	-72.994553
20327.343750	-75.966583
20332.727051	-73.935844
20338.110352	-75.125412
20343.493652	-77.526901
20348.876953	-75.181190
20354.260254	-77.523659
20359.643555	-77.278702
20365.026855	-74.861595
20370.410156	-77.371590
20375.793457	-76.038277
20381.176758	-76.395050
20386.560059	-80.365448
20391.943359	-77.645111
20397.326660	-76.048714
20402.709961	-76.924675
20408.093262	-74.415268
20413.476562	-76.801537
20418.859863	-78.126137
20424.243164	-78.650856
20429.626465	-82.892471
20435.009766	-79.403160
20440.393066	-78.577782
20445.776367	-83.620575
20451.159668	-82.709450
20456.542969	-84.863068
20461.926270	-83.608612
20467.309570	-80.700470
20472.692871	-77.391037
20478.076172	-79.914040
20483.459473	-77.562752
20488.842773	-74.793289
20494.226074	-75.184578
20499.609375	-73.157150
20504.992676	-73.706596
20510.375977	-76.041756
20515.759277	-74.964828
20521.142578	-76.231644
20526.525879	-76.361984
20531.909180	-74.666969
20537.292480	-77.640305
20542.675781	-77.954109
20548.059082	-78.805595
20553.442383	-85.203705
20558.825684	-83.259842
20564.208984	-82.653122
20569.592285	-86.329674
20574.975586	-85.671661
20580.358887	-79.113083
20585.742188	-79.450851
20591.125488	-80.098671
20596.508789	-77.133202
20601.892090	-79.689102
20607.275391	-77.862900
20612.658691	-75.239151
20618.041992	-77.527794
20623.425293	-75.188873
20628.808594	-76.843613
20634.191895	-80.837334
20639.575195	-79.760017
20644.958496	-85.115700
20650.341797	-85.792412
20655.725098	-83.521698
20661.108398	-86.590195
20666.491699	-86.473358
20671.875000	-83.504990
20677.258301	-78.551765
20682.641602	-80.482552
20688.024902	-75.222694
20693.408203	-75.491386
20698.791504	-75.598740
20704.174805	-73.042610
20709.558105	-75.859917
20714.941406	-74.134346
20720.324707	-73.280350
20725.708008	-75.484985
20731.091309	-72.252617
20736.474609	-73.239777
20741.857910	-73.789734
20747.241211	-72.681671
20752.624512	-77.288147
20758.007812	-75.874680
20763.391113	-79.382317
20768.774414	-82.034821
20774.157715	-77.881790
20779.541016	-80.788719
20784.924316	-75.617882
20790.307617	-75.351524
20795.690918	-74.462669
20801.074219	-72.707092
20806.457520	-76.151443
20811.840820	-74.210548
20817.224121	-76.680710
20822.607422	-78.896736
20827.990723	-74.577477
20833.374023	-76.995171
20838.757324	-76.338196
20844.140625	-76.591751
20849.523926	-84.400772
20854.907227	-82.912422
20860.290527	-80.045280
20865.673828	-79.480270
20871.057129	-81.742905
20876.440430	-76.098381
20881.823730	-75.768730
20887.207031	-74.559387
20892.590332	-70.725113
20897.973633	-72.142647
20903.356934	-70.859840
20908.740234	-71.119179
20914.123535	-73.895607
20919.506836	-71.622856
20924.890137	-72.879913
20930.273438	-73.179718
20935.656738	-71.965408
20941.040039	-75.619972
20946.423340	-74.153282
20951.806641	-77.386528
20957.189941	-77.335045
20962.573242	-77.042076
20967.956543	-79.077080
20973.339844	-74.595993
20978.723145	-75.348763
20984.106445	-73.529861
20989.489746	-72.575859
20994.873047	-74.769569
21000.256348	-73.282616
21005.639648	-75.014046
21011.022949	-75.882477
21016.406250	-74.049973
21021.789551	-76.753639
21027.172852	-75.219574
21032.556152	-77.140686
21037.939453	-77.928520
21043.322754	-77.748978
21048.706055	-80.146500
21054.089355	-77.834503
21059.472656	-81.146835
21064.855957	-78.835495
21070.239258	-77.622108
21075.622559	-78.892517
21081.005859	-75.364265
21086.389160	-76.808189
21091.772461	-76.187073
21097.155762	-75.600380
21102.539062	-78.458061
21107.922363	-76.385414
21113.305664	-79.688011
21118.688965	-79.441383
21124.072266	-79.309860
21129.455566	-82.983284
21134.838867	-78.988136
21140.222168	-80.222855
21145.605469	-79.612404
21150.988770	-78.355644
21156.372070	-82.674492
21161.755371	-81.531525
21167.138672	-87.428032
21172.521973	-83.286263
21177.905273	-86.928734
21183.288574	-82.347397
21188.671875	-82.830795
21194.055176	-81.937302
21199.438477	-76.544388
21204.821777	-75.571373
21210.205078	-74.194389
21215.588379	-73.061859
21220.971680	-74.767143
21226.354980	-74.121475
21231.738281	-74.715813
21237.121582	-75.499428
21242.504883	-73.608536
21247.888184	-75.228424
21253.271484	-75.947739
21258.654785	-77.211472
21264.038086	-83.449692
21269.421387	-82.946594
21274.804688	-85.806747
21280.187988	-82.300125
21285.571289	-81.358032
21290.954590	-76.915047
21296.337891	-73.741913
21301.721191	-73.449181
21307.104492	-71.184242
21312.487793	-71.764626
21317.871094	-71.968246
21323.254395	-71.163139
21328.637695	-72.907059
21334.020996	-72.144218
21339.404297	-72.715744
21344.787598	-75.285278
21350.170898	-75.015511
21355.554199	-79.949463
21360.937500	-80.107002
21366.320801	-82.100113
21371.704102	-80.213463
21377.087402	-76.613380
21382.470703	-76.184875
21387.854004	-72.273109
21393.237305	-72.893021
21398.620605	-71.963333
21404.003906	-71.968964
21409.387207	-74.390938
21414.770508	-72.916260
21420.153809	-73.773643
21425.537109	-74.388351
21430.920410	-72.882149
21436.303711	-75.733604
21441.687012	-75.263054
21447.070312	-78.284653
21452.453613	-79.906792
21457.836914	-80.156937
21463.220215	-82.345451
21468.603516	-78.872787
21473.986816	-81.454369
21479.370117	-77.846634
21484.753418	-76.153862
21490.136719	-77.338234
21495.520020	-74.432861
21500.903320	-76.551048
21506.286621	-75.736923
21511.669922	-76.282814
21517.053223	-78.467361
21522.436523	-75.970604
21527.819824	-78.480827
21533.203125	-75.732826
21538.586426	-74.756302
21543.969727	-74.928322
21549.353027	-72.186150
21554.736328	-73.294395
21560.119629	-72.200241
21565.502930	-71.651421
21570.886230	-73.264198
21576.269531	-71.564560
21581.652832	-72.969559
21587.036133	-73.744576
21592.419434	-72.924187
21597.802734	-76.285080
21603.186035	-75.047333
21608.569336	-75.751350
21613.952637	-78.608238
21619.335938	-75.906586
21624.719238	-79.754509
21630.102539	-79.751984
21635.485840	-80.550232
21640.869141	-86.037117
21646.252441	-84.166611
21651.635742	-84.983078
21657.019043	-85.754684
21662.402344	-86.006279
21667.785645	-85.395668
21673.168945	-84.291023
21678.552246	-86.702217
21683.935547	-81.373009
21689.318848	-85.216812
21694.702148	-82.732994
21700.085449	-85.324974
21705.468750	-84.093925
21710.852051	-85.514565
21716.235352	-85.874496
21721.618652	-83.117714
21727.001953	-84.888474
21732.385254	-83.091873
21737.768555	-78.053406
21743.151855	-80.072639
21748.535156	-77.011177
21753.918457	-76.444748
21759.301758	-78.546181
21764.685059	-74.910667
21770.068359	-74.879784
21775.451660	-74.685638
21780.834961	-72.459236
21786.218262	-73.976273
21791.601562	-73.148476
21796.984863	-73.046333
21802.368164	-75.000061
21807.751465	-73.486496
21813.134766	-74.746414
21818.518066	-76.376678
21823.901367	-76.230255
21829.284668	-80.579468
21834.667969	-82.248383
21840.051270	-83.443604
21845.434570	-90.709419
21850.817871	-92.472961
21856.201172	-87.159775
21861.584473	-83.472420
21866.967773	-83.519569
21872.351074	-79.996178
21877.734375	-80.856079
21883.117676	-82.043991
21888.500977	-81.511253
21893.884277	-84.668999
21899.267578	-84.484749
21904.650879	-84.958801
21910.034180	-87.740189
21915.417480	-85.149536
21920.800781	-85.088272
21926.184082	-80.943260
21931.567383	-80.484886
21936.950684	-78.800735
21942.333984	-77.330574
21947.717285	-76.940132
21953.100586	-74.849480
21958.483887	-74.037651
21963.867188	-73.662590
21969.250488	-73.030029
21974.633789	-74.078140
21980.017090	-74.666473
21985.400391	-75.656639
21990.783691	-76.995499
21996.166992	-76.547874
22001.550293	-76.793770
22006.933594	-77.235504
22012.316895	-77.444908
22017.700195	-79.500793
22023.083496	-81.169174
22028.466797	-85.184029
22033.850098	-91.728851
22039.233398	-94.630135
22044.616699	-92.942108
