Frequency (Hz)	Level (dB)
5.383301	-36.349930
10.766602	-35.063046
16.149902	-35.451916
21.533203	-37.427219
26.916504	-40.909294
32.299805	-48.309822
37.683105	-44.483772
43.066406	-43.298275
48.449707	-41.097866
53.833008	-36.435368
59.216309	-32.220009
64.599609	-29.626768
69.982910	-27.516533
75.366211	-25.999155
80.749512	-25.012493
86.132812	-24.545609
91.516113	-24.250193
96.899414	-23.773520
102.282715	-23.105015
107.666016	-22.452095
113.049316	-21.798994
118.432617	-21.239843
123.815918	-20.898518
129.199219	-20.622692
134.582520	-20.519423
139.965820	-20.608625
145.349121	-20.941788
150.732422	-21.162762
156.115723	-21.694544
161.499023	-22.571831
166.882324	-23.419886
172.265625	-24.043705
177.648926	-24.837568
183.032227	-25.725039
188.415527	-27.107954
193.798828	-28.729553
199.182129	-30.998188
204.565430	-33.804600
209.948730	-35.605179
215.332031	-39.459179
220.715332	-45.084034
226.098633	-44.968418
231.481934	-39.037388
236.865234	-36.744926
242.248535	-36.996258
247.631836	-35.973331
253.015137	-35.125713
258.398438	-35.907089
263.781738	-39.047733
269.165039	-43.089420
274.548340	-35.698536
279.931641	-30.906511
285.314941	-30.688488
290.698242	-30.738375
296.081543	-30.281500
301.464844	-29.071529
306.848145	-27.839012
312.231445	-28.864883
317.614746	-28.746998
322.998047	-28.039255
328.381348	-28.443724
333.764648	-29.074459
339.147949	-29.239616
344.531250	-31.062481
349.914551	-38.162815
355.297852	-32.744030
360.681152	-31.252609
366.064453	-32.326202
371.447754	-33.367374
376.831055	-34.538074
382.214355	-32.726387
387.597656	-31.877899
392.980957	-32.477451
398.364258	-32.590668
403.747559	-33.309662
409.130859	-34.815716
414.514160	-30.813358
419.897461	-28.238457
425.280762	-26.034775
430.664062	-24.930958
436.047363	-25.762945
441.430664	-26.544710
446.813965	-27.438173
452.197266	-30.488783
457.580566	-30.734629
462.963867	-29.348215
468.347168	-31.133450
473.730469	-29.486666
479.113770	-26.225786
484.497070	-26.854792
489.880371	-27.991936
495.263672	-27.892435
500.646973	-29.863903
506.030273	-37.227924
511.413574	-38.648987
516.796875	-35.193279
522.180176	-32.008717
527.563477	-27.762705
532.946777	-24.136454
538.330078	-21.224028
543.713379	-18.274353
549.096680	-18.088488
554.479980	-19.601572
559.863281	-20.896221
565.246582	-22.417877
570.629883	-23.131613
576.013184	-24.810534
581.396484	-26.051186
586.779785	-26.522268
592.163086	-26.112934
597.546387	-25.844173
602.929688	-24.948994
608.312988	-27.841793
613.696289	-28.725178
619.079590	-27.350142
624.462891	-24.832010
629.846191	-22.792118
635.229492	-22.887316
640.612793	-24.788042
645.996094	-28.525488
651.379395	-36.629917
656.762695	-41.534809
662.145996	-34.311386
667.529297	-33.628773
672.912598	-35.809914
678.295898	-40.360653
683.679199	-41.124073
689.062500	-34.479328
694.445801	-32.054302
699.829102	-32.580425
705.212402	-34.438820
710.595703	-39.096134
715.979004	-42.967381
721.362305	-43.448242
726.745605	-43.199512
732.128906	-41.512154
737.512207	-36.941647
742.895508	-33.707729
748.278809	-34.064255
753.662109	-33.143463
759.045410	-32.489815
764.428711	-33.527416
769.812012	-35.446228
775.195312	-36.048977
780.578613	-39.346260
785.961914	-44.708572
791.345215	-44.073902
796.728516	-43.968487
802.111816	-45.165955
807.495117	-39.785339
812.878418	-35.076946
818.261719	-33.267242
823.645020	-32.640392
829.028320	-33.044724
834.411621	-35.215607
839.794922	-37.905174
845.178223	-40.232479
850.561523	-40.150551
855.944824	-38.513008
861.328125	-36.995117
866.711426	-36.720898
872.094727	-37.120407
877.478027	-38.310287
882.861328	-39.256294
888.244629	-41.336426
893.627930	-43.826469
899.011230	-45.898518
904.394531	-45.108528
909.777832	-43.327999
915.161133	-42.140568
920.544434	-41.376846
925.927734	-41.836296
931.311035	-43.203804
936.694336	-45.641777
942.077637	-48.316734
947.460938	-48.960983
952.844238	-44.670151
958.227539	-42.506680
963.610840	-42.015472
968.994141	-44.299084
974.377441	-43.651566
979.760742	-43.912064
985.144043	-48.070160
990.527344	-49.189419
995.910645	-45.910503
1001.293945	-45.427242
1006.677246	-44.141441
1012.060547	-42.876358
1017.443848	-44.923523
1022.827148	-50.337765
1028.210449	-58.808670
1033.593750	-54.546272
1038.977051	-50.882812
1044.360352	-50.169048
1049.743652	-44.434769
1055.126953	-41.911953
1060.510254	-41.540024
1065.893555	-40.653961
1071.276855	-39.791809
1076.660156	-40.268589
1082.043457	-40.028877
1087.426758	-41.195305
1092.810059	-41.861004
1098.193359	-43.375694
1103.576660	-40.852230
1108.959961	-37.047890
1114.343262	-34.889099
1119.726562	-34.361938
1125.109863	-35.449471
1130.493164	-38.268883
1135.876465	-42.059219
1141.259766	-44.312565
1146.643066	-43.986084
1152.026367	-42.725651
1157.409668	-42.224457
1162.792969	-43.671398
1168.176270	-46.673336
1173.559570	-48.929226
1178.942871	-53.629406
1184.326172	-52.463547
1189.709473	-51.503132
1195.092773	-50.225288
1200.476074	-49.208992
1205.859375	-48.857090
1211.242676	-50.458729
1216.625977	-52.960564
1222.009277	-51.880791
1227.392578	-50.631657
1232.775879	-52.292461
1238.159180	-54.129166
1243.542480	-54.104343
1248.925781	-54.881264
1254.309082	-53.473602
1259.692383	-52.150948
1265.075684	-49.531857
1270.458984	-50.338421
1275.842285	-49.424217
1281.225586	-49.186382
1286.608887	-49.243286
1291.992188	-51.301640
1297.375488	-53.816555
1302.758789	-50.736824
1308.142090	-49.238407
1313.525391	-53.038105
1318.908691	-53.024868
1324.291992	-52.055107
1329.675293	-49.698288
1335.058594	-50.906506
1340.441895	-51.228428
1345.825195	-49.679630
1351.208496	-51.289429
1356.591797	-49.693638
1361.975098	-48.401669
1367.358398	-47.221066
1372.741699	-46.301197
1378.125000	-45.021469
1383.508301	-43.837471
1388.891602	-43.678627
1394.274902	-43.438091
1399.658203	-42.846493
1405.041504	-41.923183
1410.424805	-41.259411
1415.808105	-40.564354
1421.191406	-39.805668
1426.574707	-38.920826
1431.958008	-40.210911
1437.341309	-42.198742
1442.724609	-40.173832
1448.107910	-39.535919
1453.491211	-40.061520
1458.874512	-40.252113
1464.257812	-41.390121
1469.641113	-42.142033
1475.024414	-42.066807
1480.407715	-41.831188
1485.791016	-41.449291
1491.174316	-41.675152
1496.557617	-43.066444
1501.940918	-45.027615
1507.324219	-47.271515
1512.707520	-47.462513
1518.090820	-47.213142
1523.474121	-49.002548
1528.857422	-48.824322
1534.240723	-48.469185
1539.624023	-50.693565
1545.007324	-53.432980
1550.390625	-56.893936
1555.773926	-54.615700
1561.157227	-50.715549
1566.540527	-49.255276
1571.923828	-48.484982
1577.307129	-47.710266
1582.690430	-47.330639
1588.073730	-46.971882
1593.457031	-46.775005
1598.840332	-49.192516
1604.223633	-52.586586
1609.606934	-55.614853
1614.990234	-57.861576
1620.373535	-61.904972
1625.756836	-57.961113
1631.140137	-51.394089
1636.523438	-48.101349
1641.906738	-46.148361
1647.290039	-43.212097
1652.673340	-40.843857
1658.056641	-40.415333
1663.439941	-41.431046
1668.823242	-43.700024
1674.206543	-47.116634
1679.589844	-51.341557
1684.973145	-54.279846
1690.356445	-51.644150
1695.739746	-48.652996
1701.123047	-47.746861
1706.506348	-49.015713
1711.889648	-52.094151
1717.272949	-54.089867
1722.656250	-53.701763
1728.039551	-50.817020
1733.422852	-47.732288
1738.806152	-46.091820
1744.189453	-45.455276
1749.572754	-45.654781
1754.956055	-45.660419
1760.339355	-44.480202
1765.722656	-44.360786
1771.105957	-44.976093
1776.489258	-46.632988
1781.872559	-48.875240
1787.255859	-49.672276
1792.639160	-48.313419
1798.022461	-44.579849
1803.405762	-42.232689
1808.789062	-42.630989
1814.172363	-45.187756
1819.555664	-48.514313
1824.938965	-54.082504
1830.322266	-57.250973
1835.705566	-59.271976
1841.088867	-53.176865
1846.472168	-49.714115
1851.855469	-48.306744
1857.238770	-48.432240
1862.622070	-50.310017
1868.005371	-53.408707
1873.388672	-53.819332
1878.771973	-51.168880
1884.155273	-48.778793
1889.538574	-47.698219
1894.921875	-47.898624
1900.305176	-49.081802
1905.688477	-49.636261
1911.071777	-47.042557
1916.455078	-46.927998
1921.838379	-46.704670
1927.221680	-46.310497
1932.604980	-45.863605
1937.988281	-45.412281
1943.371582	-44.954117
1948.754883	-44.754192
1954.138184	-44.732700
1959.521484	-45.334064
1964.904785	-45.977261
1970.288086	-45.923832
1975.671387	-45.149551
1981.054688	-44.730694
1986.437988	-44.811760
1991.821289	-44.868557
1997.204590	-44.667831
2002.587891	-44.451611
2007.971191	-45.511505
2013.354492	-48.502769
2018.737793	-54.233459
2024.121094	-54.234196
2029.504395	-46.713436
2034.887695	-44.483471
2040.270996	-45.239208
2045.654297	-48.615707
2051.037598	-54.088795
2056.420898	-66.418320
2061.804199	-52.958694
2067.187500	-47.129280
2072.570801	-45.342808
2077.954102	-44.944649
2083.337402	-45.449123
2088.720703	-46.992767
2094.104004	-49.636761
2099.487305	-53.163322
2104.870605	-58.546696
2110.253906	-64.923622
2115.637207	-59.359547
2121.020508	-56.974770
2126.403809	-55.278809
2131.787109	-51.927917
2137.170410	-48.932064
2142.553711	-51.404366
2147.937012	-59.009632
2153.320312	-59.923569
2158.703613	-50.099064
2164.086914	-48.483994
2169.470215	-48.010052
2174.853516	-48.066681
2180.236816	-49.170006
2185.620117	-49.704098
2191.003418	-50.780510
2196.386719	-50.986828
2201.770020	-50.193710
2207.153320	-48.867016
2212.536621	-50.162415
2217.919922	-47.813835
2223.303223	-46.518818
2228.686523	-48.687447
2234.069824	-49.125080
2239.453125	-46.455257
2244.836426	-44.255383
2250.219727	-43.991753
2255.603027	-43.476700
2260.986328	-43.700665
2266.369629	-44.856041
2271.752930	-46.290085
2277.136230	-48.083553
2282.519531	-52.845795
2287.902832	-56.882069
2293.286133	-49.582294
2298.669434	-46.620777
2304.052734	-44.326065
2309.436035	-44.400970
2314.819336	-46.028023
2320.202637	-48.884369
2325.585938	-51.808086
2330.969238	-50.338947
2336.352539	-52.241299
2341.735840	-55.811054
2347.119141	-51.537914
2352.502441	-49.625824
2357.885742	-53.224651
2363.269043	-52.053894
2368.652344	-48.288521
2374.035645	-48.636078
2379.418945	-51.091106
2384.802246	-52.316174
2390.185547	-46.012726
2395.568848	-42.114120
2400.952148	-39.186646
2406.335449	-38.568550
2411.718750	-40.046471
2417.102051	-40.708214
2422.485352	-41.526272
2427.868652	-41.562073
2433.251953	-43.933765
2438.635254	-46.517796
2444.018555	-44.519245
2449.401855	-42.301586
2454.785156	-42.684326
2460.168457	-46.085907
2465.551758	-55.972332
2470.935059	-47.784344
2476.318359	-41.486053
2481.701660	-37.292294
2487.084961	-34.592190
2492.468262	-33.938297
2497.851562	-33.903587
2503.234863	-34.487808
2508.618164	-37.402454
2514.001465	-41.651730
2519.384766	-40.656219
2524.768066	-38.559250
2530.151367	-38.161068
2535.534668	-38.072132
2540.917969	-40.153778
2546.301270	-42.501060
2551.684570	-40.429623
2557.067871	-38.263676
2562.451172	-38.213673
2567.834473	-40.059464
2573.217773	-43.910290
2578.601074	-50.304245
2583.984375	-58.263557
2589.367676	-48.962555
2594.750977	-47.462326
2600.134277	-47.770187
2605.517578	-47.504433
2610.900879	-48.520931
2616.284180	-48.972034
2621.667480	-49.123768
2627.050781	-48.317894
2632.434082	-46.164570
2637.817383	-43.268661
2643.200684	-42.693016
2648.583984	-43.425159
2653.967285	-43.745678
2659.350586	-44.592999
2664.733887	-42.951122
2670.117188	-42.126167
2675.500488	-41.555347
2680.883789	-40.918079
2686.267090	-41.851521
2691.650391	-42.763744
2697.033691	-43.261909
2702.416992	-38.205513
2707.800293	-35.111702
2713.183594	-37.466362
2718.566895	-41.430687
2723.950195	-43.830944
2729.333496	-44.464729
2734.716797	-45.234032
2740.100098	-45.356144
2745.483398	-45.826054
2750.866699	-47.271530
2756.250000	-44.273136
2761.633301	-38.552631
2767.016602	-34.949566
2772.399902	-33.200954
2777.783203	-34.074886
2783.166504	-36.564922
2788.549805	-36.666935
2793.933105	-34.087837
2799.316406	-32.683094
2804.699707	-33.587517
2810.083008	-37.134525
2815.466309	-42.057934
2820.849609	-48.790874
2826.232910	-43.284470
2831.616211	-40.098446
2836.999512	-38.232487
2842.382812	-37.865807
2847.766113	-37.436779
2853.149414	-38.999352
2858.532715	-41.119507
2863.916016	-42.115852
2869.299316	-41.937019
2874.682617	-42.345078
2880.065918	-42.608391
2885.449219	-43.259117
2890.832520	-42.848896
2896.215820	-43.291286
2901.599121	-43.595161
2906.982422	-43.018780
2912.365723	-43.082771
2917.749023	-44.840164
2923.132324	-48.831223
2928.515625	-44.841404
2933.898926	-40.953953
2939.282227	-39.888420
2944.665527	-41.492001
2950.048828	-44.097771
2955.432129	-47.973763
2960.815430	-54.241421
2966.198730	-51.075607
2971.582031	-49.152332
2976.965332	-46.492188
2982.348633	-42.102993
2987.731934	-41.329239
2993.115234	-44.832966
2998.498535	-46.078709
3003.881836	-46.571220
3009.265137	-50.795547
3014.648438	-53.169777
3020.031738	-54.534641
3025.415039	-50.652496
3030.798340	-48.040955
3036.181641	-48.779839
3041.564941	-48.036369
3046.948242	-46.370045
3052.331543	-47.688988
3057.714844	-47.908260
3063.098145	-50.373775
3068.481445	-50.413670
3073.864746	-47.387409
3079.248047	-46.267403
3084.631348	-46.319370
3090.014648	-46.755848
3095.397949	-46.941856
3100.781250	-45.972500
3106.164551	-44.255890
3111.547852	-43.740299
3116.931152	-44.337128
3122.314453	-45.746361
3127.697754	-47.621738
3133.081055	-49.662441
3138.464355	-51.661411
3143.847656	-55.099377
3149.230957	-59.717331
3154.614258	-52.240929
3159.997559	-49.157303
3165.380859	-48.833794
3170.764160	-51.209721
3176.147461	-54.225933
3181.530762	-50.629528
3186.914062	-48.330994
3192.297363	-49.654297
3197.680664	-51.037067
3203.063965	-50.285851
3208.447266	-51.375736
3213.830566	-53.862106
3219.213867	-56.175507
3224.597168	-56.132870
3229.980469	-54.815071
3235.363770	-56.997185
3240.747070	-57.729851
3246.130371	-54.687786
3251.513672	-50.997276
3256.896973	-49.998173
3262.280273	-52.403156
3267.663574	-49.600826
3273.046875	-48.498634
3278.430176	-49.123753
3283.813477	-49.092323
3289.196777	-49.974674
3294.580078	-51.175732
3299.963379	-50.679909
3305.346680	-51.574982
3310.729980	-52.930859
3316.113281	-54.787582
3321.496582	-53.085102
3326.879883	-51.539341
3332.263184	-50.652096
3337.646484	-47.966667
3343.029785	-48.527039
3348.413086	-52.011570
3353.796387	-51.844032
3359.179688	-48.486034
3364.562988	-47.319080
3369.946289	-48.220055
3375.329590	-52.453354
3380.712891	-55.412159
3386.096191	-57.922031
3391.479492	-54.535526
3396.862793	-52.351955
3402.246094	-49.851833
3407.629395	-47.792297
3413.012695	-48.214314
3418.395996	-46.868004
3423.779297	-46.347977
3429.162598	-45.774590
3434.545898	-45.443363
3439.929199	-46.173153
3445.312500	-45.702667
3450.695801	-43.848267
3456.079102	-42.401901
3461.462402	-41.447208
3466.845703	-39.919937
3472.229004	-39.345547
3477.612305	-40.992229
3482.995605	-44.783913
3488.378906	-48.703636
3493.762207	-47.158955
3499.145508	-45.379555
3504.528809	-44.666199
3509.912109	-46.846962
3515.295410	-53.038090
3520.678711	-57.035923
3526.062012	-51.610748
3531.445312	-48.663639
3536.828613	-49.228302
3542.211914	-50.538582
3547.595215	-49.641743
3552.978516	-44.142834
3558.361816	-40.318371
3563.745117	-37.178234
3569.128418	-35.008827
3574.511719	-34.086140
3579.895020	-33.841728
3585.278320	-34.928326
3590.661621	-37.759975
3596.044922	-42.073025
3601.428223	-48.219685
3606.811523	-54.805031
3612.194824	-48.563656
3617.578125	-45.015823
3622.961426	-43.599800
3628.344727	-44.036285
3633.728027	-46.328720
3639.111328	-49.616955
3644.494629	-49.612362
3649.877930	-46.827755
3655.261230	-45.304832
3660.644531	-45.396984
3666.027832	-47.283272
3671.411133	-51.612083
3676.794434	-55.965492
3682.177734	-53.461361
3687.561035	-52.959980
3692.944336	-54.934219
3698.327637	-52.227280
3703.710938	-49.517738
3709.094238	-47.353481
3714.477539	-45.778431
3719.860840	-46.482555
3725.244141	-48.245586
3730.627441	-48.690369
3736.010742	-47.710052
3741.394043	-49.554329
3746.777344	-57.190487
3752.160645	-51.441689
3757.543945	-47.907387
3762.927246	-46.885357
3768.310547	-45.702343
3773.693848	-43.891777
3779.077148	-43.521538
3784.460449	-44.523857
3789.843750	-46.205330
3795.227051	-48.141243
3800.610352	-50.229816
3805.993652	-55.455517
3811.376953	-58.481758
3816.760254	-53.943691
3822.143555	-49.664635
3827.526855	-47.788002
3832.910156	-46.445763
3838.293457	-45.342438
3843.676758	-44.695328
3849.060059	-44.369324
3854.443359	-44.022869
3859.826660	-44.570881
3865.209961	-46.162945
3870.593262	-47.295601
3875.976562	-48.276085
3881.359863	-49.322456
3886.743164	-50.393204
3892.126465	-51.044777
3897.509766	-52.592918
3902.893066	-55.517982
3908.276367	-56.596138
3913.659668	-50.083195
3919.042969	-46.582092
3924.426270	-44.621220
3929.809570	-43.392254
3935.192871	-43.314651
3940.576172	-44.588547
3945.959473	-46.451496
3951.342773	-45.156776
3956.726074	-43.337845
3962.109375	-41.629025
3967.492676	-41.131992
3972.875977	-41.392967
3978.259277	-42.027237
3983.642578	-42.353275
3989.025879	-42.996098
3994.409180	-44.335850
3999.792480	-46.122768
4005.175781	-48.542755
4010.559082	-52.191738
4015.942383	-56.483784
4021.325684	-57.610458
4026.708984	-50.862637
4032.092285	-45.930042
4037.475586	-42.325661
4042.858887	-39.899109
4048.242188	-39.035004
4053.625488	-39.389210
4059.008789	-39.583160
4064.392090	-39.834179
4069.775391	-40.078224
4075.158691	-40.062523
4080.541992	-40.198292
4085.925293	-40.814747
4091.308594	-41.868572
4096.691895	-42.281830
4102.075195	-41.323238
4107.458496	-39.798717
4112.841797	-39.341942
4118.225098	-40.165855
4123.608398	-42.469742
4128.991699	-46.971302
4134.375000	-54.139687
4139.758301	-51.305584
4145.141602	-48.367565
4150.524902	-47.566311
4155.908203	-48.317692
4161.291504	-49.770832
4166.674805	-51.928055
4172.058105	-55.189621
4177.441406	-60.077259
4182.824707	-60.787464
4188.208008	-57.181232
4193.591309	-54.225975
4198.974609	-51.562244
4204.357910	-49.751762
4209.741211	-49.257515
4215.124512	-49.782150
4220.507812	-52.453075
4225.891113	-59.157898
4231.274414	-56.607449
4236.657715	-48.687511
4242.041016	-45.972549
4247.424316	-46.327293
4252.807617	-47.350193
4258.190918	-47.470322
4263.574219	-47.034931
4268.957520	-47.362080
4274.340820	-49.453827
4279.724121	-54.813000
4285.107422	-56.172817
4290.490723	-49.437218
4295.874023	-46.687397
4301.257324	-45.995205
4306.640625	-46.771755
4312.023926	-49.593781
4317.407227	-54.395344
4322.790527	-57.268703
4328.173828	-54.896626
4333.557129	-54.109528
4338.940430	-53.544865
4344.323730	-50.348240
4349.707031	-46.368805
4355.090332	-43.488289
4360.473633	-41.831169
4365.856934	-41.249577
4371.240234	-41.700039
4376.623535	-43.713547
4382.006836	-47.283504
4387.390137	-53.028397
4392.773438	-60.761806
4398.156738	-57.837673
4403.540039	-56.075188
4408.923340	-60.465107
4414.306641	-59.240910
4419.689941	-52.620529
4425.073242	-51.350075
4430.456543	-51.476574
4435.839844	-48.273689
4441.223145	-43.849766
4446.606445	-41.152126
4451.989746	-40.435623
4457.373047	-41.047882
4462.756348	-42.587677
4468.139648	-45.587013
4473.522949	-50.736977
4478.906250	-58.870495
4484.289551	-54.652569
4489.672852	-49.762379
4495.056152	-45.430542
4500.439453	-42.079872
4505.822754	-39.809517
4511.206055	-38.203789
4516.589355	-37.566513
4521.972656	-37.756580
4527.355957	-38.193859
4532.739258	-38.972107
4538.122559	-40.964428
4543.505859	-43.233364
4548.889160	-45.230507
4554.272461	-45.375557
4559.655762	-42.842388
4565.039062	-41.318050
4570.422363	-41.394478
4575.805664	-42.551815
4581.188965	-44.104229
4586.572266	-46.148518
4591.955566	-45.258327
4597.338867	-40.803127
4602.722168	-38.077042
4608.105469	-36.393227
4613.488770	-35.908329
4618.872070	-36.511730
4624.255371	-38.000389
4629.638672	-40.401527
4635.021973	-44.001415
4640.405273	-46.633858
4645.788574	-43.147804
4651.171875	-38.900635
4656.555176	-35.233284
4661.938477	-32.731594
4667.321777	-33.563927
4672.705078	-38.009384
4678.088379	-38.858940
4683.471680	-38.941650
4688.854980	-42.932789
4694.238281	-47.702820
4699.621582	-41.571003
4705.004883	-37.743492
4710.388184	-35.739170
4715.771484	-35.062630
4721.154785	-35.819027
4726.538086	-37.820293
4731.921387	-41.032135
4737.304688	-46.370441
4742.687988	-53.649235
4748.071289	-45.281025
4753.454590	-40.710999
4758.837891	-37.675529
4764.221191	-35.464325
4769.604492	-34.096252
4774.987793	-33.523983
4780.371094	-33.888214
4785.754395	-34.949703
4791.137695	-36.597946
4796.520996	-39.027081
4801.904297	-41.979420
4807.287598	-44.821274
4812.670898	-47.167534
4818.054199	-45.996174
4823.437500	-41.992451
4828.820801	-38.474243
4834.204102	-36.354721
4839.587402	-35.628361
4844.970703	-36.249538
4850.354004	-38.127102
4855.737305	-41.055004
4861.120605	-44.610401
4866.503906	-47.811569
4871.887207	-48.604580
4877.270508	-47.475548
4882.653809	-44.879898
4888.037109	-41.225868
4893.420410	-37.741806
4898.803711	-35.141727
4904.187012	-33.784996
4909.570312	-32.743256
4914.953613	-31.599476
4920.336914	-30.863388
4925.720215	-30.658400
4931.103516	-30.462900
4936.486816	-30.536768
4941.870117	-31.166544
4947.253418	-32.457783
4952.636719	-34.756733
4958.020020	-37.837597
4963.403320	-42.394810
4968.786621	-48.919491
4974.169922	-54.684895
4979.553223	-51.732948
4984.936523	-47.026455
4990.319824	-43.452316
4995.703125	-41.141415
5001.086426	-40.208904
5006.469727	-40.469151
5011.853027	-41.490410
5017.236328	-43.266697
5022.619629	-45.821121
5028.002930	-47.668636
5033.386230	-48.219620
5038.769531	-46.615616
5044.152832	-43.810905
5049.536133	-41.800697
5054.919434	-40.675632
5060.302734	-40.915493
5065.686035	-42.963478
5071.069336	-45.560886
5076.452637	-44.734642
5081.835938	-42.497864
5087.219238	-40.946678
5092.602539	-39.798912
5097.985840	-39.332409
5103.369141	-39.103222
5108.752441	-38.654678
5114.135742	-38.156628
5119.519043	-38.343365
5124.902344	-39.619808
5130.285645	-41.964256
5135.668945	-44.992580
5141.052246	-48.893044
5146.435547	-53.804150
5151.818848	-57.663403
5157.202148	-58.706665
5162.585449	-59.537552
5167.968750	-54.813892
5173.352051	-49.282848
5178.735352	-45.433239
5184.118652	-43.309036
5189.501953	-42.018822
5194.885254	-41.333652
5200.268555	-41.900558
5205.651855	-43.338570
5211.035156	-44.941010
5216.418457	-46.162216
5221.801758	-46.898647
5227.185059	-46.921825
5232.568359	-47.987770
5237.951660	-52.125969
5243.334961	-65.957848
5248.718262	-50.698708
5254.101562	-44.766239
5259.484863	-41.558369
5264.868164	-40.338921
5270.251465	-40.689552
5275.634766	-41.554279
5281.018066	-43.174984
5286.401367	-44.851200
5291.784668	-45.122723
5297.167969	-44.765896
5302.551270	-45.463917
5307.934570	-47.775105
5313.317871	-52.613270
5318.701172	-56.611145
5324.084473	-48.887383
5329.467773	-45.317505
5334.851074	-43.847706
5340.234375	-43.617836
5345.617676	-44.746647
5351.000977	-47.013756
5356.384277	-50.688889
5361.767578	-54.483852
5367.150879	-54.590733
5372.534180	-53.547203
5377.917480	-53.787113
5383.300781	-55.812984
5388.684082	-62.001205
5394.067383	-57.325096
5399.450684	-51.548828
5404.833984	-49.982578
5410.217285	-47.974407
5415.600586	-45.904480
5420.983887	-44.681503
5426.367188	-44.096100
5431.750488	-44.309185
5437.133789	-45.966743
5442.517090	-48.250694
5447.900391	-49.874561
5453.283691	-51.851936
5458.666992	-54.717422
5464.050293	-57.106453
5469.433594	-56.945629
5474.816895	-56.097446
5480.200195	-57.055065
5485.583496	-60.530949
5490.966797	-63.071045
5496.350098	-61.294491
5501.733398	-58.273243
5507.116699	-53.294567
5512.500000	-49.511295
5517.883301	-46.934879
5523.266602	-46.214619
5528.649902	-46.876884
5534.033203	-48.934933
5539.416504	-51.448219
5544.799805	-52.805016
5550.183105	-50.943211
5555.566406	-48.907051
5560.949707	-48.381767
5566.333008	-49.013851
5571.716309	-49.821678
5577.099609	-50.561913
5582.482910	-51.904278
5587.866211	-54.624790
5593.249512	-59.179962
5598.632812	-57.647926
5604.016113	-55.455582
5609.399414	-56.261940
5614.782715	-58.596844
5620.166016	-63.277458
5625.549316	-59.798672
5630.932617	-55.043739
5636.315918	-52.866558
5641.699219	-52.025276
5647.082520	-52.635048
5652.465820	-54.863495
5657.849121	-58.794884
5663.232422	-69.281738
5668.615723	-63.039978
5673.999023	-56.040325
5679.382324	-53.999077
5684.765625	-55.225327
5690.148926	-59.109535
5695.532227	-71.033737
5700.915527	-57.043781
5706.298828	-52.213112
5711.682129	-50.697762
5717.065430	-50.750370
5722.448730	-50.874619
5727.832031	-49.229549
5733.215332	-47.499161
5738.598633	-46.465218
5743.981934	-46.201977
5749.365234	-47.070141
5754.748535	-49.323017
5760.131836	-52.965240
5765.515137	-58.858337
5770.898438	-69.248833
5776.281738	-57.125786
5781.665039	-52.001991
5787.048340	-49.637527
5792.431641	-48.471176
5797.814941	-48.493923
5803.198242	-48.467884
5808.581543	-47.431808
5813.964844	-46.658310
5819.348145	-46.556484
5824.731445	-47.344254
5830.114746	-48.675762
5835.498047	-50.094868
5840.881348	-52.849720
5846.264648	-56.642342
5851.647949	-60.605221
5857.031250	-56.643032
5862.414551	-52.738174
5867.797852	-50.596855
5873.181152	-50.527470
5878.564453	-52.257053
5883.947754	-56.615936
5889.331055	-63.537617
5894.714355	-57.758537
5900.097656	-54.168671
5905.480957	-51.417824
5910.864258	-48.626751
5916.247559	-46.248039
5921.630859	-44.701633
5927.014160	-44.256882
5932.397461	-45.326118
5937.780762	-48.197411
5943.164062	-54.699509
5948.547363	-61.894539
5953.930664	-51.490608
5959.313965	-47.979130
5964.697266	-46.704292
5970.080566	-46.444916
5975.463867	-46.968948
5980.847168	-47.399147
5986.230469	-45.890015
5991.613770	-43.701691
5996.997070	-42.327183
6002.380371	-41.650883
6007.763672	-42.001350
6013.146973	-43.762371
6018.530273	-47.691425
6023.913574	-55.591232
6029.296875	-56.592243
6034.680176	-50.526817
6040.063477	-49.605968
6045.446777	-50.954437
6050.830078	-52.491821
6056.213379	-53.028316
6061.596680	-53.665451
6066.979980	-54.267723
6072.363281	-51.209423
6077.746582	-47.874439
6083.129883	-45.664780
6088.513184	-45.049061
6093.896484	-46.063633
6099.279785	-48.428265
6104.663086	-50.364597
6110.046387	-48.983669
6115.429688	-47.531078
6120.812988	-47.715515
6126.196289	-49.504551
6131.579590	-50.680157
6136.962891	-48.643021
6142.346191	-46.398560
6147.729492	-45.524940
6153.112793	-46.297241
6158.496094	-49.091976
6163.879395	-54.913395
6169.262695	-54.993160
6174.645996	-49.687908
6180.029297	-47.846264
6185.412598	-49.037090
6190.795898	-51.719143
6196.179199	-50.927677
6201.562500	-46.955532
6206.945801	-44.091003
6212.329102	-43.184395
6217.712402	-44.601929
6223.095703	-49.542240
6228.479004	-58.897545
6233.862305	-48.700226
6239.245605	-44.414948
6244.628906	-43.177177
6250.012207	-44.334679
6255.395508	-45.761974
6260.778809	-44.912655
6266.162109	-43.245651
6271.545410	-42.152134
6276.928711	-42.052422
6282.312012	-43.934364
6287.695312	-49.009205
6293.078613	-51.800755
6298.461914	-47.428780
6303.845215	-45.947796
6309.228516	-44.839050
6314.611816	-43.683159
6319.995117	-43.314877
6325.378418	-44.145889
6330.761719	-46.003330
6336.145020	-49.329578
6341.528320	-55.421993
6346.911621	-63.016907
6352.294922	-54.176800
6357.678223	-49.836609
6363.061523	-48.454681
6368.444824	-49.369141
6373.828125	-51.839558
6379.211426	-55.064445
6384.594727	-56.007713
6389.978027	-55.148628
6395.361328	-55.379780
6400.744629	-55.595390
6406.127930	-51.967251
6411.511230	-47.622730
6416.894531	-44.556385
6422.277832	-42.651184
6427.661133	-42.275238
6433.044434	-43.064899
6438.427734	-45.083279
6443.811035	-47.682045
6449.194336	-49.967361
6454.577637	-51.624023
6459.960938	-54.087486
6465.344238	-59.718109
6470.727539	-60.912903
6476.110840	-53.843643
6481.494141	-50.131039
6486.877441	-48.382484
6492.260742	-48.224075
6497.644043	-49.121502
6503.027344	-49.716042
6508.410645	-48.922947
6513.793945	-47.729904
6519.177246	-47.140919
6524.560547	-47.147568
6529.943848	-47.342236
6535.327148	-47.614098
6540.710449	-48.302464
6546.093750	-49.074905
6551.477051	-50.171246
6556.860352	-51.986969
6562.243652	-54.405487
6567.626953	-56.218586
6573.010254	-57.691692
6578.393555	-59.871662
6583.776855	-62.792664
6589.160156	-68.960678
6594.543457	-62.197063
6599.926758	-59.488136
6605.310059	-59.089241
6610.693359	-61.229229
6616.076660	-62.097485
6621.459961	-59.737453
6626.843262	-56.690735
6632.226562	-55.220482
6637.609863	-56.678970
6642.993164	-62.157276
6648.376465	-61.117424
6653.759766	-54.154434
6659.143066	-50.914070
6664.526367	-50.262527
6669.909668	-51.647175
6675.292969	-56.587330
6680.676270	-58.662964
6686.059570	-50.806339
6691.442871	-46.813004
6696.826172	-44.556763
6702.209473	-43.925945
6707.592773	-44.145435
6712.976074	-44.550400
6718.359375	-45.733803
6723.742676	-48.180923
6729.125977	-51.603962
6734.509277	-54.263641
6739.892578	-53.713802
6745.275879	-52.064316
6750.659180	-51.637859
6756.042480	-52.510262
6761.425781	-52.362221
6766.809082	-51.083206
6772.192383	-49.307808
6777.575684	-47.116928
6782.958984	-45.407631
6788.342285	-44.348000
6793.725586	-44.810081
6799.108887	-47.535732
6804.492188	-51.289417
6809.875488	-47.520096
6815.258789	-42.803188
6820.642090	-40.552082
6826.025391	-40.195175
6831.408691	-41.360367
6836.791992	-44.350319
6842.175293	-50.451180
6847.558594	-56.297863
6852.941895	-49.791203
6858.325195	-47.792416
6863.708496	-48.187035
6869.091797	-49.192089
6874.475098	-49.252026
6879.858398	-48.008289
6885.241699	-46.948586
6890.625000	-46.832191
6896.008301	-47.016308
6901.391602	-46.501949
6906.774902	-45.190872
6912.158203	-43.736557
6917.541504	-43.416714
6922.924805	-43.985481
6928.308105	-45.218056
6933.691406	-48.964321
6939.074707	-58.973118
6944.458008	-54.272781
6949.841309	-47.804615
6955.224609	-45.086678
6960.607910	-44.422077
6965.991211	-45.518822
6971.374512	-48.565582
6976.757812	-55.454079
6982.141113	-70.101967
6987.524414	-64.469986
6992.907715	-63.629356
6998.291016	-57.663410
7003.674316	-51.108501
7009.057617	-47.499340
7014.440918	-45.997120
7019.824219	-46.087078
7025.207520	-47.183071
7030.590820	-48.529003
7035.974121	-48.993587
7041.357422	-48.072510
7046.740723	-47.256832
7052.124023	-47.627609
7057.507324	-49.168076
7062.890625	-51.244789
7068.273926	-53.297569
7073.657227	-54.182228
7079.040527	-53.991669
7084.423828	-54.265381
7089.807129	-56.125839
7095.190430	-57.626034
7100.573730	-55.305191
7105.957031	-52.387398
7111.340332	-50.354641
7116.723633	-49.507507
7122.106934	-49.727551
7127.490234	-50.897846
7132.873535	-53.346161
7138.256836	-55.781078
7143.640137	-56.816525
7149.023438	-56.617886
7154.406738	-56.637234
7159.790039	-55.973415
7165.173340	-53.620407
7170.556641	-51.337856
7175.939941	-50.130375
7181.323242	-49.932236
7186.706543	-50.677593
7192.089844	-51.899757
7197.473145	-52.878716
7202.856445	-53.958302
7208.239746	-54.783253
7213.623047	-56.410305
7219.006348	-58.492268
7224.389648	-58.491253
7229.772949	-57.174736
7235.156250	-56.120132
7240.539551	-56.142693
7245.922852	-57.617580
7251.306152	-59.505066
7256.689453	-59.256233
7262.072754	-58.499500
7267.456055	-58.842632
7272.839355	-61.226334
7278.222656	-65.322357
7283.605957	-74.240578
7288.989258	-66.786018
7294.372559	-61.029869
7299.755859	-58.559010
7305.139160	-57.449451
7310.522461	-56.453812
7315.905762	-55.430031
7321.289062	-55.501041
7326.672363	-57.534786
7332.055664	-62.894375
7337.438965	-64.063919
7342.822266	-58.384140
7348.205566	-56.309048
7353.588867	-57.295441
7358.972168	-59.478161
7364.355469	-59.487782
7369.738770	-57.726406
7375.122070	-56.522362
7380.505371	-56.183380
7385.888672	-55.201321
7391.271973	-53.141979
7396.655273	-51.787655
7402.038574	-51.920448
7407.421875	-53.208466
7412.805176	-54.999535
7418.188477	-55.754459
7423.571777	-54.696693
7428.955078	-53.596672
7434.338379	-53.208328
7439.721680	-53.302189
7445.104980	-53.578701
7450.488281	-54.274311
7455.871582	-55.845375
7461.254883	-58.625366
7466.638184	-59.759712
7472.021484	-57.043011
7477.404785	-54.533741
7482.788086	-53.183620
7488.171387	-52.918915
7493.554688	-53.587700
7498.937988	-55.317028
7504.321289	-58.176094
7509.704590	-61.735611
7515.087891	-63.473061
7520.471191	-63.127277
7525.854492	-64.059021
7531.237793	-64.404030
7536.621094	-60.626720
7542.004395	-56.147743
7547.387695	-53.020500
7552.770996	-50.966564
7558.154297	-49.952950
7563.537598	-49.934105
7568.920898	-50.469540
7574.304199	-50.576355
7579.687500	-49.896820
7585.070801	-49.650711
7590.454102	-50.455086
7595.837402	-52.374413
7601.220703	-54.809258
7606.604004	-56.827816
7611.987305	-59.379105
7617.370605	-64.569565
7622.753906	-64.090584
7628.137207	-58.293953
7633.520508	-55.692848
7638.903809	-55.571651
7644.287109	-57.814240
7649.670410	-62.979431
7655.053711	-61.608559
7660.437012	-57.386734
7665.820312	-56.646046
7671.203613	-60.295345
7676.586914	-69.697380
7681.970215	-59.210564
7687.353516	-55.824432
7692.736816	-55.435921
7698.120117	-57.174538
7703.503418	-61.933971
7708.886719	-69.796326
7714.270020	-65.362938
7719.653320	-65.202080
7725.036621	-70.843910
7730.419922	-72.330963
7735.803223	-66.604309
7741.186523	-63.827339
7746.569824	-63.525608
7751.953125	-65.443802
7757.336426	-70.043999
7762.719727	-72.001328
7768.103027	-70.842499
7773.486328	-69.701645
7778.869629	-68.644806
7784.252930	-68.145706
7789.636230	-67.130905
7795.019531	-64.240059
7800.402832	-61.637402
7805.786133	-60.042908
7811.169434	-59.599941
7816.552734	-59.820248
7821.936035	-60.320721
7827.319336	-60.408962
7832.702637	-59.550201
7838.085938	-58.395409
7843.469238	-57.274990
7848.852539	-56.491684
7854.235840	-56.011101
7859.619141	-56.048889
7865.002441	-56.439217
7870.385742	-58.154037
7875.769043	-60.925434
7881.152344	-65.237724
7886.535645	-70.330849
7891.918945	-72.592651
7897.302246	-71.829536
7902.685547	-73.686287
7908.068848	-79.271416
7913.452148	-70.213493
7918.835449	-63.869816
7924.218750	-60.094486
7929.602051	-57.985088
7934.985352	-57.127449
7940.368652	-57.354862
7945.751953	-58.752361
7951.135254	-61.687111
7956.518555	-67.777122
7961.901855	-77.560608
7967.285156	-65.768959
7972.668457	-61.383499
7978.051758	-59.462189
7983.435059	-58.987923
7988.818359	-59.848034
7994.201660	-62.253601
7999.584961	-65.984169
8004.968262	-65.265602
8010.351562	-60.518646
8015.734863	-57.470295
8021.118164	-55.882435
8026.501465	-55.428307
8031.884766	-55.609093
8037.268066	-56.455418
8042.651367	-57.995674
8048.034668	-60.607864
8053.417969	-64.472878
8058.801270	-71.347389
8064.184570	-81.427628
8069.567871	-70.841522
8074.951172	-66.977516
8080.334473	-65.041481
8085.717773	-64.590790
8091.101074	-65.149940
8096.484375	-66.727554
8101.867676	-69.602669
8107.250977	-74.910667
8112.634277	-71.914032
8118.017578	-65.959549
8123.400879	-61.934265
8128.784180	-59.457554
8134.167480	-58.071022
8139.550781	-57.416866
8144.934082	-57.031052
8150.317383	-56.907948
8155.700684	-56.902958
8161.083984	-57.019577
8166.467285	-57.283768
8171.850586	-57.856445
8177.233887	-58.815006
8182.617188	-60.127125
8188.000488	-61.747589
8193.383789	-63.505367
8198.767090	-64.941208
8204.150391	-65.322685
8209.533691	-64.466148
8214.916992	-62.450459
8220.300293	-60.213650
8225.683594	-58.523628
8231.066895	-57.512672
8236.450195	-57.242718
8241.833496	-57.513245
8247.216797	-58.141434
8252.600098	-58.324383
8257.983398	-57.558689
8263.366699	-56.388664
8268.750000	-55.362221
8274.133301	-54.975090
8279.516602	-55.388874
8284.899902	-56.890213
8290.283203	-59.138435
8295.666504	-60.056007
8301.049805	-57.518200
8306.433105	-54.592396
8311.816406	-52.521687
8317.199707	-51.288303
8322.583008	-50.768353
8327.966309	-50.890755
8333.349609	-51.690456
8338.732910	-53.116467
8344.116211	-55.090466
8349.499512	-57.085110
8354.882812	-58.322388
8360.266113	-58.559105
8365.649414	-59.109615
8371.032715	-60.875889
8376.416016	-65.249184
8381.799316	-72.280922
8387.182617	-64.006310
8392.565918	-58.580833
8397.949219	-55.405884
8403.332520	-53.558815
8408.715820	-52.588436
8414.099121	-52.451599
8419.482422	-52.989918
8424.865723	-54.211643
8430.249023	-56.234428
8435.632324	-59.631313
8441.015625	-65.840416
8446.398926	-75.354568
8451.782227	-65.078743
8457.165527	-60.587776
8462.548828	-58.197113
8467.932129	-56.665833
8473.315430	-55.609016
8478.698730	-54.720123
8484.082031	-53.977734
8489.465332	-53.449665
8494.848633	-53.149780
8500.231934	-53.236221
8505.615234	-53.673500
8510.998535	-54.482327
8516.381836	-55.598427
8521.765137	-57.077190
8527.148438	-58.755856
8532.531738	-60.839790
8537.915039	-62.400700
8543.298340	-62.087330
8548.681641	-60.185917
8554.064941	-58.177353
8559.448242	-56.733021
8564.831543	-55.876656
8570.214844	-55.565567
8575.598145	-55.531040
8580.981445	-55.833344
8586.364746	-56.158989
8591.748047	-56.433968
8597.131348	-56.527798
8602.514648	-56.562939
8607.897949	-56.401371
8613.281250	-56.230415
8618.664551	-56.015194
8624.047852	-56.017300
8629.431152	-56.256828
8634.814453	-56.988419
8640.197754	-58.133732
8645.581055	-59.779816
8650.964355	-61.432663
8656.347656	-62.589272
8661.730957	-62.491451
8667.114258	-61.450397
8672.497559	-60.267990
8677.880859	-60.016499
8683.264160	-61.058628
8688.647461	-64.032768
8694.030762	-70.731194
8699.414062	-69.042282
8704.797363	-62.235886
8710.180664	-58.690342
8715.563965	-56.942829
8720.947266	-56.222401
8726.330566	-56.374294
8731.713867	-57.155487
8737.097168	-58.581387
8742.480469	-60.197124
8747.863770	-61.601536
8753.247070	-61.943588
8758.630371	-61.532467
8764.013672	-61.067116
8769.396973	-61.115837
8774.780273	-61.811050
8780.163574	-62.851307
8785.546875	-62.939922
8790.930176	-61.553963
8796.313477	-59.604675
8801.696777	-58.079174
8807.080078	-57.005219
8812.463379	-56.589924
8817.846680	-56.679993
8823.229980	-57.436672
8828.613281	-58.529472
8833.996582	-59.186020
8839.379883	-58.525558
8844.763184	-56.992638
8850.146484	-55.475357
8855.529785	-54.387268
8860.913086	-53.914749
8866.296387	-53.946877
8871.679688	-54.492687
8877.062988	-55.423405
8882.446289	-56.728889
8887.829590	-58.111694
8893.212891	-59.513554
8898.596191	-60.805241
8903.979492	-62.333656
8909.362793	-63.911488
8914.746094	-65.564919
8920.129395	-66.815636
8925.512695	-67.757652
8930.895996	-68.578049
8936.279297	-70.235664
8941.662598	-73.285072
8947.045898	-74.096542
8952.429199	-71.968727
8957.812500	-69.957031
8963.195801	-69.258591
8968.579102	-69.364670
8973.962402	-70.784012
8979.345703	-72.331276
8984.729004	-71.724319
8990.112305	-68.862045
8995.495605	-66.226479
9000.878906	-64.603271
9006.262207	-63.507225
9011.645508	-63.195824
9017.028809	-63.442951
9022.412109	-64.493675
9027.795410	-65.622383
9033.178711	-65.308266
9038.562012	-62.588749
9043.945312	-59.948971
9049.328613	-58.198845
9054.711914	-57.383152
9060.095215	-57.627388
9065.478516	-58.923748
9070.861816	-61.240410
9076.245117	-65.525673
9081.628418	-74.961060
9087.011719	-67.678185
9092.395020	-61.612114
9097.778320	-58.519310
9103.161621	-56.611885
9108.544922	-55.485065
9113.928223	-55.011532
9119.311523	-54.767841
9124.694824	-54.009037
9130.078125	-52.785378
9135.461426	-51.489769
9140.844727	-50.637596
9146.228027	-50.339088
9151.611328	-50.518059
9156.994629	-50.892483
9162.377930	-51.469616
9167.761230	-52.376114
9173.144531	-53.832047
9178.527832	-55.555393
9183.911133	-56.303284
9189.294434	-55.325043
9194.677734	-53.855579
9200.061035	-52.659878
9205.444336	-51.704559
9210.827637	-51.148819
9216.210938	-51.228317
9221.594238	-52.150272
9226.977539	-53.816433
9232.360840	-56.003532
9237.744141	-58.276535
9243.127441	-60.546909
9248.510742	-62.605175
9253.894043	-64.337509
9259.277344	-64.548523
9264.660645	-62.712269
9270.043945	-59.935917
9275.427246	-57.727581
9280.810547	-56.035084
9286.193848	-54.537422
9291.577148	-53.366146
9296.960449	-52.981415
9302.343750	-53.465576
9307.727051	-54.639702
9313.110352	-55.683048
9318.493652	-56.025688
9323.876953	-55.968941
9329.260254	-55.935692
9334.643555	-55.493713
9340.026855	-54.990868
9345.410156	-54.807320
9350.793457	-55.277649
9356.176758	-56.329868
9361.560059	-58.153877
9366.943359	-60.784550
9372.326660	-63.694290
9377.709961	-63.631092
9383.093262	-61.327473
9388.476562	-59.385883
9393.859863	-58.225365
9399.243164	-57.739189
9404.626465	-57.754539
9410.009766	-58.228352
9415.393066	-59.099728
9420.776367	-60.402508
9426.159668	-62.194572
9431.542969	-63.836445
9436.926270	-64.304482
9442.309570	-63.156086
9447.692871	-62.088600
9453.076172	-61.869278
9458.459473	-62.752201
9463.842773	-64.983559
9469.226074	-67.770615
9474.609375	-65.459671
9479.992676	-60.911366
9485.375977	-57.303600
9490.759277	-54.846428
9496.142578	-53.237267
9501.525879	-52.422001
9506.909180	-52.238991
9512.292480	-52.651455
9517.675781	-53.427544
9523.059082	-54.463509
9528.442383	-55.534203
9533.825684	-56.747166
9539.208984	-58.066051
9544.592285	-59.614681
9549.975586	-61.070751
9555.358887	-62.245472
9560.742188	-62.400276
9566.125488	-62.018429
9571.508789	-61.590240
9576.892090	-61.919842
9582.275391	-63.216621
9587.658691	-66.191551
9593.041992	-68.692825
9598.425293	-65.236557
9603.808594	-61.457642
9609.191895	-58.666138
9614.575195	-56.450813
9619.958496	-54.641720
9625.341797	-53.165737
9630.725098	-51.965282
9636.108398	-51.163639
9641.491699	-50.750496
9646.875000	-50.647598
9652.258301	-50.760872
9657.641602	-50.998810
9663.024902	-51.135899
9668.408203	-51.259151
9673.791504	-51.464752
9679.174805	-51.918381
9684.558105	-52.613911
9689.941406	-53.728382
9695.324707	-55.362919
9700.708008	-57.717541
9706.091309	-60.737007
9711.474609	-64.506065
9716.857910	-67.399605
9722.241211	-67.835930
9727.624512	-67.095482
9733.007812	-67.032272
9738.391113	-68.122078
9743.774414	-68.223190
9749.157715	-64.745888
9754.541016	-61.320263
9759.924316	-58.914227
9765.307617	-57.620506
9770.690918	-57.266964
9776.074219	-58.086483
9781.457520	-60.143036
9786.840820	-64.041145
9792.224121	-67.861153
9797.607422	-64.712288
9802.990723	-60.980427
9808.374023	-58.413837
9813.757324	-56.890404
9819.140625	-56.215435
9824.523926	-56.335224
9829.907227	-56.994099
9835.290527	-58.288025
9840.673828	-59.642410
9846.057129	-60.135677
9851.440430	-59.437206
9856.823730	-58.762821
9862.207031	-58.735790
9867.590332	-59.795124
9872.973633	-62.160957
9878.356934	-66.271561
9883.740234	-68.439796
9889.123535	-64.930504
9894.506836	-61.856319
9899.890137	-60.226624
9905.273438	-59.739197
9910.656738	-59.846558
9916.040039	-60.066200
9921.423340	-60.016850
9926.806641	-59.911491
9932.189941	-59.986519
9937.573242	-60.341049
9942.956543	-60.748116
9948.339844	-61.098446
9953.723145	-61.091354
9959.106445	-61.075027
9964.489746	-61.186611
9969.873047	-61.804588
9975.256348	-62.790127
9980.639648	-64.072113
9986.022949	-64.181084
9991.406250	-62.604465
9996.789551	-60.333988
10002.172852	-58.537636
10007.556152	-57.380577
10012.939453	-56.926819
10018.322754	-57.138821
10023.706055	-58.044430
10029.089355	-59.407005
10034.472656	-60.814625
10039.855957	-61.244839
10045.239258	-60.522476
10050.622559	-59.649841
10056.005859	-59.213112
10061.389160	-59.465935
10066.772461	-60.213276
10072.155762	-61.115376
10077.539062	-61.495152
10082.922363	-61.305267
10088.305664	-60.458881
10093.688965	-59.285889
10099.072266	-57.747784
10104.455566	-56.238960
10109.838867	-54.946960
10115.222168	-54.051445
10120.605469	-53.597355
10125.988770	-53.627316
10131.372070	-54.035992
10136.755371	-54.577332
10142.138672	-54.941196
10147.521973	-54.939850
10152.905273	-54.828007
10158.288574	-54.913502
10163.671875	-55.561695
10169.055176	-56.873196
10174.438477	-59.191765
10179.821777	-63.038807
10185.205078	-70.327927
10190.588379	-71.993362
10195.971680	-64.766624
10201.354980	-61.453236
10206.738281	-59.907871
10212.121582	-59.684856
10217.504883	-60.260612
10222.888184	-61.297596
10228.271484	-61.832378
10233.654785	-61.585007
10239.038086	-60.945080
10244.421387	-60.723389
10249.804688	-61.118092
10255.187988	-61.945469
10260.571289	-62.683311
10265.954590	-62.525143
10271.337891	-61.634750
10276.721191	-60.510456
10282.104492	-59.813408
10287.487793	-59.347412
10292.871094	-58.941971
10298.254395	-58.189335
10303.637695	-57.312954
10309.020996	-56.661369
10314.404297	-56.434536
10319.787598	-56.631199
10325.170898	-57.339241
10330.554199	-58.643356
10335.937500	-60.516140
10341.320801	-62.659172
10346.704102	-64.225655
10352.087402	-64.660004
10357.470703	-64.126762
10362.854004	-63.661449
10368.237305	-63.411064
10373.620605	-63.667645
10379.003906	-64.331512
10384.387207	-65.447449
10389.770508	-66.538597
10395.153809	-66.840050
10400.537109	-66.080528
10405.920410	-64.499168
10411.303711	-63.176594
10416.687012	-62.160690
10422.070312	-61.831707
10427.453613	-62.173100
10432.836914	-63.340706
10438.220215	-65.304619
10443.603516	-68.148102
10448.986816	-70.020119
10454.370117	-69.154373
10459.753418	-67.753777
10465.136719	-67.937424
10470.520020	-69.744621
10475.903320	-74.601128
10481.286621	-76.391983
10486.669922	-69.584618
10492.053223	-65.575188
10497.436523	-63.047272
10502.819824	-61.648376
10508.203125	-60.844189
10513.586426	-60.792919
10518.969727	-61.454372
10524.353027	-63.302002
10529.736328	-66.561783
10535.119629	-72.227707
10540.502930	-74.212540
10545.886230	-69.530678
10551.269531	-66.936806
10556.652832	-65.566574
10562.036133	-65.067581
10567.419434	-64.523476
10572.802734	-63.719620
10578.186035	-62.402035
10583.569336	-61.032486
10588.952637	-59.967674
10594.335938	-59.496181
10599.719238	-59.808250
10605.102539	-61.125603
10610.485840	-63.821651
10615.869141	-67.560379
10621.252441	-68.110931
10626.635742	-64.339554
10632.019043	-61.450508
10637.402344	-59.587059
10642.785645	-58.373772
10648.168945	-57.552948
10653.552246	-57.012520
10658.935547	-56.743954
10664.318848	-56.739616
10669.702148	-57.158340
10675.085449	-58.083160
10680.468750	-59.723240
10685.852051	-61.908649
10691.235352	-64.001999
10696.618652	-64.025276
10702.001953	-62.905312
10707.385254	-62.446606
10712.768555	-63.218208
10718.151855	-64.656433
10723.535156	-63.785671
10728.918457	-60.425854
10734.301758	-57.415665
10739.685059	-55.546749
10745.068359	-54.561260
10750.451660	-54.394901
10755.834961	-54.884388
10761.218262	-55.993149
10766.601562	-57.377026
10771.984863	-58.538033
10777.368164	-58.854950
10782.751465	-58.509098
10788.134766	-58.285557
10793.518066	-58.627926
10798.901367	-59.897026
10804.284668	-62.355598
10809.667969	-67.041199
10815.051270	-77.644241
10820.434570	-71.256523
10825.817871	-64.833702
10831.201172	-61.757351
10836.584473	-60.386177
10841.967773	-60.091011
10847.351074	-60.826656
10852.734375	-62.537727
10858.117676	-65.260551
10863.500977	-68.427208
10868.884277	-69.967529
10874.267578	-68.315468
10879.650879	-65.109398
10885.034180	-62.255680
10890.417480	-60.042877
10895.800781	-58.641758
10901.184082	-57.649364
10906.567383	-56.912964
10911.950684	-56.261486
10917.333984	-55.869442
10922.717285	-55.816250
10928.100586	-56.238899
10933.483887	-57.073215
10938.867188	-58.379169
10944.250488	-60.053177
10949.633789	-62.124565
10955.017090	-64.161011
10960.400391	-66.051468
10965.783691	-67.461105
10971.166992	-68.371307
10976.550293	-68.453484
10981.933594	-68.255981
10987.316895	-67.905266
10992.700195	-67.956108
10998.083496	-68.142593
11003.466797	-68.787720
11008.850098	-69.700691
11014.233398	-71.734909
11019.616699	-75.246117
11025.000000	-83.260345
11030.383301	-83.907700
11035.766602	-76.773735
11041.149902	-73.499649
11046.533203	-70.359215
11051.916504	-67.798309
11057.299805	-65.549034
11062.683105	-63.975952
11068.066406	-62.796024
11073.449707	-62.322968
11078.833008	-62.349926
11084.216309	-62.982510
11089.599609	-63.651093
11094.982910	-63.846100
11100.366211	-62.794006
11105.749512	-61.143440
11111.132812	-59.489765
11116.516113	-58.262127
11121.899414	-57.590492
11127.282715	-57.582325
11132.666016	-58.347012
11138.049316	-60.038818
11143.432617	-62.710075
11148.815918	-65.016884
11154.199219	-63.815327
11159.582520	-60.866909
11164.965820	-58.763309
11170.349121	-57.584301
11175.732422	-57.303730
11181.115723	-57.659058
11186.499023	-58.457684
11191.882324	-59.142075
11197.265625	-59.316380
11202.648926	-59.148388
11208.032227	-59.081295
11213.415527	-59.445606
11218.798828	-60.014797
11224.182129	-60.590782
11229.565430	-60.747242
11234.948730	-60.784447
11240.332031	-60.920403
11245.715332	-61.402988
11251.098633	-61.804039
11256.481934	-61.743538
11261.865234	-61.362984
11267.248535	-61.241779
11272.631836	-61.982204
11278.015137	-63.880054
11283.398438	-67.897713
11288.781738	-77.113304
11294.165039	-75.025154
11299.548340	-67.405487
11304.931641	-63.723984
11310.314941	-61.608250
11315.698242	-60.093807
11321.081543	-59.062531
11326.464844	-58.152328
11331.848145	-57.378780
11337.231445	-56.611973
11342.614746	-56.035175
11347.998047	-55.719013
11353.381348	-55.869995
11358.764648	-56.579277
11364.147949	-57.948772
11369.531250	-59.861935
11374.914551	-61.650948
11380.297852	-62.071552
11385.681152	-61.072838
11391.064453	-60.153107
11396.447754	-59.675182
11401.831055	-59.753632
11407.214355	-60.090389
11412.597656	-60.639355
11417.980957	-61.250290
11423.364258	-62.309650
11428.747559	-63.829922
11434.130859	-65.943443
11439.514160	-67.981117
11444.897461	-68.983940
11450.280762	-67.602531
11455.664062	-64.847641
11461.047363	-61.844704
11466.430664	-59.380104
11471.813965	-57.498001
11477.197266	-56.338280
11482.580566	-55.780357
11487.963867	-55.852825
11493.347168	-56.364491
11498.730469	-57.281326
11504.113770	-58.399509
11509.497070	-59.603699
11514.880371	-60.402348
11520.263672	-60.423870
11525.646973	-59.822021
11531.030273	-59.154984
11536.413574	-58.835026
11541.796875	-59.033440
11547.180176	-59.948395
11552.563477	-61.632000
11557.946777	-64.371223
11563.330078	-67.772034
11568.713379	-68.816864
11574.096680	-66.039299
11579.479980	-63.709621
11584.863281	-62.283993
11590.246582	-61.725494
11595.629883	-61.569828
11601.013184	-61.700886
11606.396484	-61.794640
11611.779785	-61.924885
11617.163086	-62.071972
11622.546387	-62.565079
11627.929688	-63.278698
11633.312988	-64.219002
11638.696289	-64.834854
11644.079590	-64.949493
11649.462891	-64.633217
11654.846191	-64.314606
11660.229492	-64.393600
11665.612793	-65.054413
11670.996094	-66.418098
11676.379395	-68.132248
11681.762695	-69.596390
11687.145996	-69.822899
11692.529297	-69.440567
11697.912598	-68.669563
11703.295898	-68.595184
11708.679199	-69.094131
11714.062500	-70.120804
11719.445801	-70.205353
11724.829102	-69.111313
11730.212402	-67.558868
11735.595703	-66.098038
11740.979004	-64.978447
11746.362305	-64.027405
11751.745605	-63.456108
11757.128906	-63.179810
11762.512207	-63.388958
11767.895508	-64.048134
11773.278809	-65.394669
11778.662109	-67.386650
11784.045410	-70.216225
11789.428711	-73.758865
11794.812012	-78.262360
11800.195312	-81.166817
11805.578613	-77.408188
11810.961914	-71.843842
11816.345215	-67.618454
11821.728516	-64.123909
11827.111816	-61.570843
11832.495117	-59.701332
11837.878418	-58.667725
11843.261719	-58.327122
11848.645020	-58.841927
11854.028320	-60.228374
11859.411621	-62.775330
11864.794922	-66.096992
11870.178223	-67.363556
11875.561523	-64.526459
11880.944824	-61.840397
11886.328125	-60.146160
11891.711426	-59.413948
11897.094727	-59.450394
11902.478027	-60.296082
11907.861328	-61.953484
11913.244629	-64.344116
11918.627930	-66.208488
11924.011230	-65.182480
11929.394531	-62.878113
11934.777832	-60.966991
11940.161133	-59.935097
11945.544434	-59.546520
11950.927734	-59.874977
11956.311035	-60.720715
11961.694336	-62.133224
11967.077637	-63.615314
11972.460938	-64.703888
11977.844238	-64.741440
11983.227539	-64.327713
11988.610840	-63.753937
11993.994141	-63.553593
11999.377441	-63.548542
12004.760742	-63.926510
12010.144043	-64.221405
12015.527344	-64.357376
12020.910645	-64.025436
12026.293945	-63.654507
12031.677246	-63.306541
12037.060547	-63.294762
12042.443848	-63.475670
12047.827148	-64.000023
12053.210449	-64.656960
12058.593750	-65.564713
12063.977051	-66.669014
12069.360352	-68.153275
12074.743652	-69.303993
12080.126953	-68.975800
12085.510254	-67.419815
12090.893555	-65.682510
12096.276855	-64.602806
12101.660156	-64.003349
12107.043457	-63.786030
12112.426758	-63.308990
12117.810059	-62.605743
12123.193359	-61.702072
12128.576660	-61.094429
12133.959961	-60.742893
12139.343262	-60.840065
12144.726562	-61.173805
12150.109863	-61.867847
12155.493164	-62.798717
12160.876465	-64.101395
12166.259766	-65.599052
12171.643066	-67.304924
12177.026367	-68.916359
12182.409668	-70.535774
12187.792969	-73.081856
12193.176270	-78.133492
12198.559570	-85.179604
12203.942871	-72.046555
12209.326172	-66.010208
12214.709473	-62.443966
12220.092773	-60.146454
12225.476074	-58.985992
12230.859375	-58.746231
12236.242676	-59.611607
12241.625977	-61.681091
12247.009277	-65.400810
12252.392578	-69.134331
12257.775879	-66.805038
12263.159180	-63.463322
12268.542480	-61.824001
12273.925781	-61.531212
12279.309082	-62.400658
12284.692383	-64.559219
12290.075684	-68.644234
12295.458984	-76.832268
12300.842285	-74.328117
12306.225586	-67.973969
12311.608887	-64.774323
12316.992188	-63.249695
12322.375488	-62.723549
12327.758789	-62.697014
12333.142090	-62.838585
12338.525391	-62.688858
12343.908691	-62.361950
12349.291992	-62.045982
12354.675293	-62.193089
12360.058594	-62.546726
12365.441895	-63.001446
12370.825195	-63.090816
12376.208496	-63.033520
12381.591797	-63.024593
12386.975098	-63.553024
12392.358398	-64.641182
12397.741699	-66.509125
12403.125000	-69.062187
12408.508301	-72.814613
12413.891602	-77.506180
12419.274902	-81.212135
12424.658203	-78.586113
12430.041504	-73.896225
12435.424805	-70.129982
12440.808105	-67.230736
12446.191406	-65.135506
12451.574707	-63.636913
12456.958008	-62.663227
12462.341309	-62.124435
12467.724609	-61.940411
12473.107910	-61.834702
12478.491211	-61.666035
12483.874512	-61.194954
12489.257812	-60.695889
12494.641113	-60.326107
12500.024414	-60.459816
12505.407715	-61.110504
12510.791016	-62.587891
12516.174316	-64.725403
12521.557617	-67.580315
12526.940918	-70.325752
12532.324219	-72.634323
12537.707520	-73.757629
12543.090820	-73.349762
12548.474121	-70.369186
12553.857422	-67.200752
12559.240723	-64.450905
12564.624023	-62.384514
12570.007324	-60.773453
12575.390625	-59.707054
12580.773926	-59.155643
12586.157227	-59.357964
12591.540527	-60.132969
12596.923828	-61.407467
12602.307129	-62.629654
12607.690430	-63.192188
12613.073730	-62.698006
12618.457031	-62.070438
12623.840332	-61.696438
12629.223633	-61.910378
12634.606934	-62.640377
12639.990234	-63.949158
12645.373535	-65.570442
12650.756836	-66.890633
12656.140137	-66.825600
12661.523438	-65.290710
12666.906738	-63.867008
12672.290039	-63.006031
12677.673340	-63.126259
12683.056641	-63.913403
12688.439941	-65.119820
12693.823242	-66.129150
12699.206543	-66.856346
12704.589844	-66.922447
12709.973145	-66.544769
12715.356445	-65.729362
12720.739746	-64.812737
12726.123047	-63.901943
12731.506348	-63.111229
12736.889648	-62.635273
12742.272949	-62.672062
12747.656250	-63.288242
12753.039551	-64.490440
12758.422852	-65.860382
12763.806152	-66.602913
12769.189453	-66.291847
12774.572754	-65.481392
12779.956055	-64.655540
12785.339355	-64.358871
12790.722656	-64.581093
12796.105957	-65.653137
12801.489258	-67.614624
12806.872559	-71.054024
12812.255859	-77.352303
12817.639160	-87.528152
12823.022461	-76.195862
12828.405762	-72.012115
12833.789062	-70.415627
12839.172363	-70.322655
12844.555664	-71.524544
12849.938965	-73.284248
12855.322266	-74.515175
12860.705566	-73.264626
12866.088867	-71.532623
12871.472168	-69.757668
12876.855469	-68.908768
12882.238770	-68.848732
12887.622070	-70.028526
12893.005371	-71.799614
12898.388672	-71.216240
12903.771973	-67.994659
12909.155273	-65.138390
12914.538574	-63.463741
12919.921875	-62.576904
12925.305176	-62.538498
12930.688477	-63.198818
12936.071777	-64.725975
12941.455078	-66.768570
12946.838379	-69.188599
12952.221680	-70.469421
12957.604980	-69.413368
12962.988281	-67.576721
12968.371582	-67.081161
12973.754883	-68.533684
12979.138184	-72.574806
12984.521484	-77.291008
12989.904785	-71.790413
12995.288086	-67.308472
13000.671387	-64.341255
13006.054688	-62.504269
13011.437988	-61.505821
13016.821289	-61.411144
13022.204590	-62.129234
13027.587891	-63.877823
13032.971191	-66.622314
13038.354492	-69.968552
13043.737793	-72.688232
13049.121094	-73.960434
13054.504395	-73.178185
13059.887695	-70.746872
13065.270996	-68.789642
13070.654297	-66.967064
13076.037598	-65.734367
13081.420898	-65.122734
13086.804199	-64.813461
13092.187500	-64.554047
13097.570801	-64.114548
13102.954102	-63.949696
13108.337402	-64.242874
13113.720703	-64.929100
13119.104004	-65.058006
13124.487305	-64.836227
13129.870605	-64.412529
13135.253906	-64.271500
13140.637207	-64.456474
13146.020508	-65.309853
13151.403809	-66.644722
13156.787109	-68.806763
13162.170410	-71.794998
13167.553711	-76.677444
13172.937012	-84.190536
13178.320312	-80.888863
13183.703613	-75.439720
13189.086914	-72.884399
13194.470215	-71.172455
13199.853516	-70.153244
13205.236816	-69.404884
13210.620117	-69.314293
13216.003418	-69.262337
13221.386719	-69.126770
13226.770020	-68.507996
13232.153320	-67.853851
13237.536621	-67.290398
13242.919922	-67.055710
13248.303223	-67.081696
13253.686523	-67.262421
13259.069824	-67.166153
13264.453125	-66.614975
13269.836426	-65.739502
13275.219727	-65.062294
13280.603027	-64.763817
13285.986328	-64.806473
13291.369629	-64.515976
13296.752930	-63.815773
13302.136230	-63.062336
13307.519531	-62.637527
13312.902832	-62.612225
13318.286133	-62.879616
13323.669434	-63.233242
13329.052734	-63.577396
13334.436035	-64.038078
13339.819336	-64.839996
13345.202637	-66.334763
13350.585938	-68.557022
13355.969238	-71.409782
13361.352539	-73.387283
13366.735840	-73.797432
13372.119141	-74.044594
13377.502441	-76.864937
13382.885742	-82.796371
13388.269043	-85.748840
13393.652344	-80.290154
13399.035645	-77.714432
13404.418945	-76.889534
13409.802246	-74.889702
13415.185547	-72.799652
13420.568848	-70.921417
13425.952148	-69.940071
13431.335449	-69.471252
13436.718750	-69.689400
13442.102051	-69.878357
13447.485352	-70.175461
13452.868652	-70.137421
13458.251953	-70.288940
13463.635254	-71.328354
13469.018555	-74.836449
13474.401855	-80.697006
13479.785156	-75.010574
13485.168457	-69.791229
13490.551758	-67.199982
13495.935059	-65.911140
13501.318359	-65.639542
13506.701660	-65.758301
13512.084961	-66.094406
13517.468262	-66.548378
13522.851562	-67.825233
13528.234863	-70.267738
13533.618164	-71.902008
13539.001465	-69.214394
13544.384766	-66.087105
13549.768066	-64.541679
13555.151367	-64.399384
13560.534668	-65.899544
13565.917969	-68.027580
13571.301270	-68.669876
13576.684570	-68.574951
13582.067871	-70.624252
13587.451172	-74.017258
13592.834473	-74.110130
13598.217773	-72.379036
13603.601074	-72.427483
13608.984375	-74.196045
13614.367676	-77.739784
13619.750977	-78.620110
13625.134277	-77.341209
13630.517578	-76.835686
13635.900879	-77.262985
13641.284180	-76.625298
13646.667480	-76.052727
13652.050781	-76.999641
13657.434082	-82.067505
13662.817383	-87.687248
13668.200684	-76.128548
13673.583984	-71.592003
13678.967285	-69.276871
13684.350586	-67.826828
13689.733887	-66.043587
13695.117188	-64.024742
13700.500488	-62.208965
13705.883789	-61.189133
13711.267090	-60.779644
13716.650391	-60.520096
13722.033691	-59.918301
13727.416992	-59.370876
13732.800293	-59.047348
13738.183594	-59.285233
13743.566895	-60.060825
13748.950195	-61.475945
13754.333496	-63.072433
13759.716797	-64.413322
13765.100098	-64.848778
13770.483398	-64.629669
13775.866699	-64.183762
13781.250000	-63.832474
13786.633301	-63.642845
13792.016602	-63.703140
13797.399902	-64.186668
13802.783203	-65.050461
13808.166504	-66.424263
13813.549805	-68.091713
13818.933105	-70.033485
13824.316406	-72.248764
13829.699707	-74.736076
13835.083008	-77.119301
13840.466309	-77.637909
13845.849609	-75.507896
13851.232910	-72.842064
13856.616211	-70.416664
13861.999512	-68.719162
13867.382812	-67.561897
13872.766113	-67.147812
13878.149414	-67.455658
13883.532715	-68.743851
13888.916016	-70.883087
13894.299316	-74.306541
13899.682617	-76.455276
13905.065918	-73.472221
13910.449219	-69.666115
13915.832520	-67.258667
13921.215820	-65.778511
13926.599121	-65.095230
13931.982422	-64.801765
13937.365723	-64.694908
13942.749023	-64.625885
13948.132324	-64.555908
13953.515625	-64.393410
13958.898926	-64.237122
13964.282227	-64.068291
13969.665527	-63.771091
13975.048828	-63.568001
13980.432129	-63.594635
13985.815430	-64.171608
13991.198730	-65.216286
13996.582031	-66.590553
14001.965332	-67.432671
14007.348633	-68.438347
14012.731934	-70.477142
14018.115234	-74.585625
14023.498535	-80.549728
14028.881836	-89.799438
14034.265137	-81.094971
14039.648438	-74.753700
14045.031738	-71.355217
14050.415039	-68.757729
14055.798340	-67.119400
14061.181641	-66.006119
14066.564941	-65.287506
14071.948242	-64.519348
14077.331543	-63.753944
14082.714844	-62.989658
14088.098145	-62.379295
14093.481445	-62.126717
14098.864746	-62.332157
14104.248047	-62.990860
14109.631348	-64.023735
14115.014648	-65.647675
14120.397949	-67.792320
14125.781250	-70.045135
14131.164551	-70.503166
14136.547852	-70.212860
14141.931152	-70.840858
14147.314453	-73.350380
14152.697754	-75.933144
14158.081055	-77.090729
14163.464355	-79.534935
14168.847656	-84.208145
14174.230957	-79.984810
14179.614258	-74.540741
14184.997559	-71.013954
14190.380859	-68.511055
14195.764160	-66.623474
14201.147461	-65.305710
14206.530762	-64.126495
14211.914062	-63.086529
14217.297363	-62.347034
14222.680664	-62.448746
14228.063965	-63.468872
14233.447266	-65.619408
14238.830566	-68.252258
14244.213867	-69.769402
14249.597168	-68.749435
14254.980469	-67.315010
14260.363770	-66.326118
14265.747070	-66.098801
14271.130371	-66.431168
14276.513672	-67.351242
14281.896973	-68.661789
14287.280273	-70.547890
14292.663574	-72.839912
14298.046875	-75.868629
14303.430176	-78.901657
14308.813477	-82.253769
14314.196777	-81.586418
14319.580078	-77.778023
14324.963379	-74.148499
14330.346680	-71.468933
14335.729980	-69.607811
14341.113281	-68.696342
14346.496582	-68.454926
14351.879883	-68.874298
14357.263184	-69.876282
14362.646484	-71.654182
14368.029785	-73.435547
14373.413086	-74.347351
14378.796387	-74.070351
14384.179688	-73.106743
14389.562988	-72.492912
14394.946289	-72.361694
14400.329590	-72.849884
14405.712891	-73.239319
14411.096191	-73.790916
14416.479492	-74.030334
14421.862793	-74.443886
14427.246094	-74.488731
14432.629395	-74.779160
14438.012695	-74.688683
14443.395996	-74.617538
14448.779297	-74.025543
14454.162598	-73.228188
14459.545898	-72.433029
14464.929199	-71.750122
14470.312500	-71.637619
14475.695801	-72.015381
14481.079102	-73.410172
14486.462402	-75.156189
14491.845703	-76.521042
14497.229004	-76.121574
14502.612305	-75.432571
14507.995605	-75.131149
14513.378906	-72.132599
14518.762207	-67.644302
14524.145508	-63.818966
14529.528809	-61.165359
14534.912109	-59.411320
14540.295410	-58.632885
14545.678711	-58.515846
14551.062012	-58.891052
14556.445312	-59.342312
14561.828613	-59.835754
14567.211914	-60.260124
14572.595215	-60.808445
14577.978516	-61.450909
14583.361816	-62.509056
14588.745117	-64.108871
14594.128418	-66.583305
14599.511719	-69.855156
14604.895020	-74.232079
14610.278320	-77.157501
14615.661621	-76.464691
14621.044922	-73.966408
14626.428223	-71.039154
14631.811523	-68.292442
14637.194824	-66.362419
14642.578125	-65.153076
14647.961426	-64.897163
14653.344727	-65.309792
14658.728027	-66.415802
14664.111328	-67.556778
14669.494629	-67.702942
14674.877930	-66.121521
14680.261230	-64.414413
14685.644531	-63.152283
14691.027832	-62.588505
14696.411133	-62.586525
14701.794434	-63.113621
14707.177734	-63.931183
14712.561035	-64.944359
14717.944336	-66.011429
14723.327637	-67.024940
14728.710938	-67.866196
14734.094238	-68.217537
14739.477539	-68.549522
14744.860840	-68.913429
14750.244141	-69.788750
14755.627441	-70.617622
14761.010742	-71.202095
14766.394043	-71.210762
14771.777344	-71.159454
14777.160645	-71.175636
14782.543945	-70.531990
14787.927246	-69.424217
14793.310547	-68.002090
14798.693848	-66.876808
14804.077148	-65.794212
14809.460449	-64.803963
14814.843750	-63.696911
14820.227051	-62.908787
14825.610352	-63.009708
14830.993652	-64.332954
14836.376953	-66.753197
14841.760254	-68.593163
14847.143555	-68.115646
14852.526855	-67.299759
14857.910156	-67.973862
14863.293457	-70.250206
14868.676758	-74.976410
14874.060059	-79.702049
14879.443359	-77.249352
14884.826660	-75.145966
14890.209961	-75.441483
14895.593262	-78.775093
14900.976562	-86.400742
14906.359863	-81.396393
14911.743164	-75.105568
14917.126465	-71.732491
14922.509766	-69.729424
14927.893066	-68.499496
14933.276367	-67.983932
14938.659668	-67.788742
14944.042969	-67.790497
14949.426270	-67.478310
14954.809570	-67.190163
14960.192871	-67.011688
14965.576172	-67.594391
14970.959473	-68.688538
14976.342773	-70.215721
14981.726074	-70.475929
14987.109375	-69.488617
14992.492676	-68.441643
14997.875977	-67.787949
15003.259277	-66.917686
15008.642578	-65.602081
15014.025879	-64.464622
15019.409180	-63.828461
15024.792480	-63.990288
15030.175781	-64.887787
15035.559082	-66.286995
15040.942383	-67.217560
15046.325684	-67.184174
15051.708984	-66.492500
15057.092285	-65.892075
15062.475586	-65.180962
15067.858887	-64.496765
15073.242188	-63.740002
15078.625488	-63.423054
15084.008789	-63.544891
15089.392090	-64.399010
15094.775391	-65.857117
15100.158691	-67.832878
15105.541992	-69.194244
15110.925293	-69.624130
15116.308594	-69.952469
15121.691895	-70.963936
15127.075195	-73.445282
15132.458496	-78.119804
15137.841797	-80.444489
15143.225098	-74.241173
15148.608398	-70.089111
15153.991699	-68.558762
15159.375000	-68.733673
15164.758301	-70.884041
15170.141602	-77.006950
15175.524902	-83.182846
15180.908203	-71.659523
15186.291504	-67.677361
15191.674805	-66.322479
15197.058105	-66.770828
15202.441406	-68.643364
15207.824707	-71.569504
15213.208008	-72.473068
15218.591309	-68.966393
15223.974609	-65.444305
15229.357910	-62.682831
15234.741211	-60.889774
15240.124512	-59.855961
15245.507812	-59.641392
15250.891113	-59.916996
15256.274414	-60.538258
15261.657715	-61.031219
15267.041016	-61.257278
15272.424316	-61.208385
15277.807617	-61.529037
15283.190918	-62.388988
15288.574219	-64.024094
15293.957520	-65.915596
15299.340820	-67.724564
15304.724121	-69.115860
15310.107422	-70.370964
15315.490723	-71.170052
15320.874023	-71.207916
15326.257324	-70.616119
15331.640625	-69.860603
15337.023926	-69.793190
15342.407227	-69.852875
15347.790527	-69.912201
15353.173828	-69.108757
15358.557129	-68.045876
15363.940430	-67.125313
15369.323730	-66.959549
15374.707031	-67.391685
15380.090332	-68.255363
15385.473633	-68.964294
15390.856934	-69.870667
15396.240234	-71.677422
15401.623535	-74.577774
15407.006836	-76.907158
15412.390137	-75.404572
15417.773438	-72.723282
15423.156738	-70.724930
15428.540039	-70.176682
15433.923340	-70.292412
15439.306641	-70.413246
15444.689941	-69.894424
15450.073242	-69.289230
15455.456543	-69.235268
15460.839844	-69.922546
15466.223145	-71.049042
15471.606445	-72.083801
15476.989746	-72.593063
15482.373047	-72.678841
15487.756348	-72.226860
15493.139648	-71.639030
15498.522949	-70.904137
15503.906250	-70.154701
15509.289551	-68.997986
15514.672852	-67.737419
15520.056152	-66.537796
15525.439453	-65.603516
15530.822754	-65.097443
15536.206055	-64.860634
15541.589355	-64.795952
15546.972656	-64.534760
15552.355957	-64.320160
15557.739258	-64.115952
15563.122559	-63.797302
15568.505859	-62.871769
15573.889160	-61.881927
15579.272461	-61.273579
15584.655762	-61.682774
15590.039062	-63.252716
15595.422363	-66.093689
15600.805664	-68.631569
15606.188965	-69.010201
15611.572266	-68.211327
15616.955566	-67.314026
15622.338867	-66.822182
15627.722168	-66.911766
15633.105469	-67.652824
15638.488770	-68.920403
15643.872070	-70.966888
15649.255371	-73.683304
15654.638672	-76.802155
15660.021973	-79.054176
15665.405273	-78.886024
15670.788574	-78.255646
15676.171875	-76.988922
15681.555176	-76.917503
15686.938477	-77.012131
15692.321777	-77.646461
15697.705078	-78.508095
15703.088379	-79.095703
15708.471680	-77.296150
15713.854980	-73.690063
15719.238281	-70.488174
15724.621582	-67.854790
15730.004883	-66.252563
15735.388184	-65.289917
15740.771484	-65.203796
15746.154785	-65.618698
15751.538086	-66.484726
15756.921387	-67.260559
15762.304688	-67.726547
15767.687988	-66.914665
15773.071289	-65.228241
15778.454590	-63.572258
15783.837891	-62.467224
15789.221191	-61.970333
15794.604492	-61.884621
15799.987793	-62.197884
15805.371094	-62.719090
15810.754395	-63.391548
15816.137695	-64.137924
15821.520996	-65.053062
15826.904297	-65.835411
15832.287598	-66.801605
15837.670898	-67.297585
15843.054199	-67.232697
15848.437500	-66.980377
15853.820801	-67.181839
15859.204102	-67.626648
15864.587402	-68.400673
15869.970703	-69.175026
15875.354004	-69.734299
15880.737305	-69.456352
15886.120605	-68.550148
15891.503906	-67.236794
15896.887207	-66.518486
15902.270508	-66.375870
15907.653809	-66.990562
15913.037109	-67.861183
15918.420410	-69.123100
15923.803711	-70.869362
15929.187012	-74.696617
15934.570312	-82.409706
15939.953613	-80.991325
15945.336914	-75.917160
15950.720215	-74.968384
15956.103516	-77.345436
15961.486816	-76.711884
15966.870117	-71.024406
15972.253418	-66.888138
15977.636719	-64.573845
15983.020020	-63.343422
15988.403320	-62.828781
15993.786621	-62.799576
15999.169922	-63.367516
16004.553223	-64.686989
16009.936523	-67.032593
16015.319824	-70.223640
16020.703125	-71.141541
16026.086426	-68.992050
16031.469727	-66.828499
16036.853027	-65.535950
16042.236328	-64.499741
16047.619629	-63.686749
16053.002930	-62.818947
16058.386230	-62.099510
16063.769531	-61.667145
16069.152832	-61.553101
16074.536133	-61.430328
16079.919434	-61.248074
16085.302734	-60.844631
16090.686035	-60.349049
16096.069336	-59.989700
16101.452637	-60.129768
16106.835938	-60.713665
16112.219238	-61.690567
16117.602539	-62.429562
16122.985840	-62.749413
16128.369141	-62.908115
16133.752441	-63.656940
16139.135742	-65.429520
16144.519043	-69.286713
16149.902344	-76.547844
16155.285645	-80.130043
16160.668945	-73.525368
16166.052246	-70.449387
16171.435547	-68.556236
16176.818848	-66.612526
16182.202148	-65.258064
16187.585449	-64.488129
16192.968750	-64.479492
16198.352051	-64.827339
16203.735352	-65.425911
16209.118652	-65.677391
16214.501953	-65.631691
16219.885254	-65.290596
16225.268555	-65.197868
16230.651855	-65.259186
16236.035156	-65.557228
16241.418457	-65.619911
16246.801758	-65.751694
16252.185059	-66.181885
16257.568359	-67.471046
16262.951660	-68.934059
16268.334961	-68.523788
16273.718262	-66.256447
16279.101562	-64.521484
16284.484863	-63.796688
16289.868164	-63.950237
16295.251465	-64.844086
16300.634766	-66.253784
16306.018066	-67.849312
16311.401367	-69.374756
16316.784668	-70.735596
16322.167969	-72.381485
16327.551270	-74.572647
16332.934570	-78.514786
16338.317871	-84.342278
16343.701172	-78.849350
16349.084473	-73.990952
16354.467773	-71.648674
16359.851074	-71.340187
16365.234375	-71.749046
16370.617676	-71.838173
16376.000977	-70.236176
16381.384277	-68.145874
16386.767578	-65.754257
16392.150879	-63.538483
16397.534180	-61.773163
16402.917480	-60.802166
16408.300781	-60.852352
16413.684082	-62.203701
16419.067383	-64.825684
16424.450684	-67.390144
16429.833984	-66.776237
16435.217285	-64.692223
16440.600586	-63.574978
16445.983887	-63.379837
16451.367188	-63.843887
16456.750488	-64.019501
16462.133789	-63.698395
16467.517090	-63.224419
16472.900391	-63.046307
16478.283691	-63.121201
16483.666992	-63.497498
16489.050293	-64.186630
16494.433594	-65.287430
16499.816895	-66.941765
16505.200195	-68.917679
16510.583496	-69.955284
16515.966797	-69.138496
16521.350098	-68.683159
16526.733398	-68.771049
16532.116699	-68.856407
16537.500000	-68.089386
16542.883301	-67.004707
16548.266602	-66.364052
16553.649902	-66.445953
16559.033203	-67.890396
16564.416504	-71.306114
16569.799805	-80.707436
16575.183105	-76.347176
16580.566406	-68.102570
16585.949707	-64.279243
16591.333008	-62.255016
16596.716309	-61.628307
16602.099609	-62.005222
16607.482910	-63.303791
16612.866211	-65.208801
16618.249512	-67.415176
16623.632812	-69.051025
16629.016113	-70.129997
16634.399414	-70.630150
16639.782715	-70.549263
16645.166016	-69.487900
16650.549316	-68.703766
16655.932617	-68.726097
16661.315918	-69.496010
16666.699219	-70.894821
16672.082520	-72.508171
16677.465820	-73.907974
16682.849121	-74.265350
16688.232422	-74.283775
16693.615723	-74.293571
16698.999023	-74.946907
16704.382324	-75.591148
16709.765625	-76.355652
16715.148926	-76.226707
16720.532227	-76.322197
16725.915527	-75.727448
16731.298828	-74.879105
16736.682129	-73.725914
16742.065430	-72.980606
16747.448730	-72.659805
16752.832031	-73.813004
16758.215332	-76.393768
16763.598633	-82.065620
16768.981934	-91.905426
16774.365234	-82.309174
16779.748535	-78.259773
16785.131836	-76.251183
16790.515137	-73.771210
16795.898438	-70.668541
16801.281738	-68.202301
16806.665039	-66.795807
16812.048340	-66.661835
16817.431641	-67.868782
16822.814941	-70.559387
16828.198242	-74.523170
16833.581543	-74.884544
16838.964844	-71.589027
16844.348145	-69.573067
16849.731445	-68.365425
16855.114746	-68.009392
16860.498047	-67.973526
16865.881348	-68.341255
16871.264648	-68.624275
16876.647949	-68.845177
16882.031250	-68.472572
16887.414551	-68.033615
16892.797852	-67.760269
16898.181152	-68.062965
16903.564453	-68.874779
16908.947754	-70.258949
16914.331055	-71.591644
16919.714355	-72.208145
16925.097656	-71.792938
16930.480957	-71.095322
16935.864258	-70.773987
16941.247559	-70.629234
16946.630859	-70.735985
16952.014160	-70.966568
16957.397461	-72.214973
16962.780762	-74.805252
16968.164062	-79.858955
16973.547363	-78.845627
16978.930664	-72.930580
16984.313965	-69.343323
16989.697266	-67.504951
16995.080566	-66.749268
17000.463867	-66.930229
17005.847168	-67.718491
17011.230469	-69.130348
17016.613770	-70.771278
17021.997070	-72.864265
17027.380371	-74.827682
17032.763672	-76.731201
17038.146973	-77.198631
17043.530273	-77.061760
17048.913574	-76.121490
17054.296875	-75.871452
17059.680176	-75.839905
17065.063477	-76.919693
17070.446777	-79.373016
17075.830078	-84.145248
17081.213379	-86.259880
17086.596680	-82.102448
17091.979980	-79.347427
17097.363281	-79.079117
17102.746582	-79.329140
17108.129883	-77.558212
17113.513184	-75.858650
17118.896484	-75.326622
17124.279785	-77.213112
17129.663086	-79.915955
17135.046387	-80.236687
17140.429688	-77.470459
17145.812988	-75.829979
17151.196289	-74.933266
17156.579590	-75.351227
17161.962891	-76.052338
17167.346191	-77.361977
17172.729492	-77.700340
17178.112793	-77.456390
17183.496094	-76.694962
17188.879395	-76.234337
17194.262695	-76.382660
17199.645996	-77.563332
17205.029297	-80.050751
17210.412598	-83.759064
17215.795898	-89.358376
17221.179199	-88.379745
17226.562500	-84.795845
17231.945801	-82.962219
17237.329102	-83.787636
17242.712402	-82.718956
17248.095703	-78.736855
17253.479004	-74.495667
17258.862305	-72.046394
17264.245605	-70.515495
17269.628906	-70.179024
17275.012207	-70.819885
17280.395508	-72.555893
17285.778809	-73.894852
17291.162109	-73.130821
17296.545410	-71.147446
17301.928711	-69.587303
17307.312012	-69.157547
17312.695312	-69.838547
17318.078613	-71.739174
17323.461914	-75.201591
17328.845215	-80.644104
17334.228516	-84.741058
17339.611816	-81.290215
17344.995117	-77.523346
17350.378418	-75.119415
17355.761719	-73.062569
17361.145020	-71.584671
17366.528320	-70.016411
17371.911621	-68.879112
17377.294922	-68.410240
17382.678223	-69.018814
17388.061523	-71.002525
17393.444824	-75.653725
17398.828125	-80.215157
17404.211426	-74.299889
17409.594727	-70.380051
17414.978027	-69.036758
17420.361328	-69.069901
17425.744629	-70.451416
17431.127930	-72.702332
17436.511230	-75.599266
17441.894531	-75.967186
17447.277832	-73.665367
17452.661133	-71.039551
17458.044434	-68.921417
17463.427734	-67.259560
17468.811035	-66.175896
17474.194336	-65.601295
17479.577637	-65.597565
17484.960938	-66.037842
17490.344238	-66.752388
17495.727539	-67.396965
17501.110840	-67.932098
17506.494141	-68.050835
17511.877441	-68.520828
17517.260742	-69.634964
17522.644043	-72.125305
17528.027344	-75.551422
17533.410645	-78.228973
17538.793945	-76.678131
17544.177246	-75.673958
17549.560547	-76.596008
17554.943848	-79.578529
17560.327148	-84.980850
17565.710449	-88.888405
17571.093750	-89.304390
17576.477051	-87.149055
17581.860352	-81.124924
17587.243652	-76.130798
17592.626953	-72.431122
17598.010254	-69.975739
17603.393555	-68.070953
17608.776855	-66.689926
17614.160156	-65.723114
17619.543457	-65.515724
17624.926758	-65.900253
17630.310059	-66.868629
17635.693359	-68.000519
17641.076660	-69.071480
17646.459961	-69.809013
17651.843262	-70.431770
17657.226562	-70.870720
17662.609863	-71.184311
17667.993164	-71.442734
17673.376465	-71.734848
17678.759766	-71.729225
17684.143066	-71.353737
17689.526367	-70.709724
17694.909668	-70.428596
17700.292969	-69.837746
17705.676270	-69.063416
17711.059570	-67.839630
17716.442871	-66.787933
17721.826172	-65.980629
17727.209473	-65.711426
17732.592773	-65.515152
17737.976074	-65.443245
17743.359375	-65.418770
17748.742676	-65.711571
17754.125977	-66.048927
17759.509277	-66.778313
17764.892578	-67.626183
17770.275879	-68.593285
17775.659180	-69.326271
17781.042480	-70.012222
17786.425781	-70.223244
17791.809082	-70.186615
17797.192383	-69.712494
17802.575684	-69.244492
17807.958984	-68.715736
17813.342285	-68.330688
17818.725586	-67.936111
17824.108887	-67.638557
17829.492188	-67.377014
17834.875488	-67.446686
17840.258789	-67.889717
17845.642090	-69.239014
17851.025391	-71.334938
17856.408691	-73.650604
17861.791992	-72.722992
17867.175293	-69.698181
17872.558594	-67.112785
17877.941895	-65.420403
17883.325195	-64.347649
17888.708496	-63.701210
17894.091797	-63.396656
17899.475098	-63.367290
17904.858398	-63.688076
17910.241699	-64.287514
17915.625000	-65.164070
17921.008301	-65.825287
17926.391602	-66.121727
17931.774902	-66.005676
17937.158203	-66.099426
17942.541504	-66.475365
17947.924805	-67.500565
17953.308105	-68.881508
17958.691406	-70.723839
17964.074707	-72.322937
17969.458008	-73.650818
17974.841309	-74.278542
17980.224609	-75.084305
17985.607910	-75.966812
17990.991211	-77.741943
17996.374512	-79.489006
18001.757812	-80.558006
18007.141113	-78.437164
18012.524414	-75.959648
18017.907715	-73.913696
18023.291016	-73.060143
18028.674316	-72.986992
18034.057617	-74.129616
18039.440918	-76.440102
18044.824219	-80.887726
18050.207520	-86.990570
18055.590820	-95.920601
18060.974121	-97.560089
18066.357422	-91.874001
18071.740723	-84.992470
18077.124023	-81.876190
18082.507324	-79.935959
18087.890625	-80.110199
18093.273926	-81.177338
18098.657227	-85.308289
18104.040527	-94.828598
18109.423828	-85.633759
18114.807129	-77.806786
18120.190430	-72.928406
18125.573730	-69.711082
18130.957031	-67.523689
18136.340332	-66.529114
18141.723633	-66.261116
18147.106934	-66.653526
18152.490234	-67.087997
18157.873535	-67.218758
18163.256836	-66.966087
18168.640137	-66.958290
18174.023438	-67.577774
18179.406738	-69.007645
18184.790039	-71.342484
18190.173340	-74.017120
18195.556641	-75.905891
18200.939941	-76.198326
18206.323242	-77.213257
18211.706543	-79.150658
18217.089844	-78.497528
18222.473145	-74.689484
18227.856445	-72.081520
18233.239746	-71.129326
18238.623047	-71.134369
18244.006348	-72.678810
18249.389648	-76.074272
18254.772949	-81.581749
18260.156250	-79.932312
18265.539551	-77.583176
18270.922852	-78.252831
18276.306152	-83.558151
18281.689453	-84.720589
18287.072754	-76.534103
18292.456055	-72.665848
18297.839355	-70.125366
18303.222656	-68.181381
18308.605957	-66.918259
18313.989258	-66.550713
18319.372559	-66.765396
18324.755859	-67.163597
18330.139160	-67.606133
18335.522461	-67.912331
18340.905762	-68.696594
18346.289062	-70.228622
18351.672363	-72.665794
18357.055664	-74.014778
18362.438965	-73.142036
18367.822266	-71.545723
18373.205566	-70.935051
18378.588867	-71.232063
18383.972168	-72.808327
18389.355469	-75.317711
18394.738770	-79.777443
18400.122070	-87.890198
18405.505371	-83.788284
18410.888672	-76.100800
18416.271973	-71.327591
18421.655273	-68.246712
18427.038574	-66.134377
18432.421875	-64.908531
18437.805176	-64.369095
18443.188477	-64.397293
18448.571777	-64.659592
18453.955078	-65.065895
18459.338379	-65.367844
18464.721680	-65.461319
18470.104980	-65.240929
18475.488281	-65.294739
18480.871582	-65.743622
18486.254883	-67.123550
18491.638184	-69.576080
18497.021484	-74.218239
18502.404785	-80.337975
18507.788086	-77.399452
18513.171387	-74.375366
18518.554688	-74.128052
18523.937988	-76.431473
18529.321289	-79.226547
18534.704590	-75.482437
18540.087891	-72.303833
18545.471191	-70.754654
18550.854492	-70.434326
18556.237793	-70.031006
18561.621094	-69.048157
18567.004395	-67.421387
18572.387695	-66.023491
18577.770996	-64.940247
18583.154297	-64.534683
18588.537598	-64.740211
18593.920898	-65.729095
18599.304199	-67.304077
18604.687500	-69.350586
18610.070801	-71.225487
18615.454102	-71.804077
18620.837402	-70.845657
18626.220703	-69.189796
18631.604004	-68.084114
18636.987305	-67.446915
18642.370605	-67.538849
18647.753906	-67.984840
18653.137207	-68.641510
18658.520508	-69.109749
18663.903809	-69.528496
18669.287109	-69.906013
18674.670410	-70.514946
18680.053711	-71.102837
18685.437012	-71.017326
18690.820312	-69.812019
18696.203613	-68.598457
18701.586914	-67.676468
18706.970215	-67.426178
18712.353516	-67.282410
18717.736816	-67.291641
18723.120117	-67.107857
18728.503418	-66.836349
18733.886719	-66.221764
18739.270020	-65.573738
18744.653320	-64.936455
18750.036621	-64.532257
18755.419922	-64.528831
18760.803223	-65.122139
18766.186523	-66.599823
18771.569824	-68.992638
18776.953125	-71.044693
18782.336426	-69.781471
18787.719727	-67.440765
18793.103027	-65.710457
18798.486328	-65.057236
18803.869629	-65.204826
18809.252930	-66.227509
18814.636230	-67.751198
18820.019531	-69.952263
18825.402832	-72.058411
18830.786133	-73.593506
18836.169434	-73.749313
18841.552734	-74.094574
18846.936035	-74.850594
18852.319336	-76.731186
18857.702637	-78.447113
18863.085938	-79.003235
18868.469238	-78.078499
18873.852539	-77.824371
18879.235840	-78.938446
18884.619141	-79.887642
18890.002441	-77.614090
18895.385742	-73.823456
18900.769043	-71.381989
18906.152344	-69.843216
18911.535645	-69.494537
18916.918945	-69.725586
18922.302246	-70.501457
18927.685547	-70.953476
18933.068848	-70.828186
18938.452148	-69.679314
18943.835449	-68.395851
18949.218750	-67.143021
18954.602051	-66.430969
18959.985352	-66.080345
18965.368652	-66.183609
18970.751953	-66.323303
18976.135254	-66.417534
18981.518555	-66.064629
18986.901855	-65.650650
18992.285156	-65.257751
18997.668457	-65.388779
19003.051758	-66.003235
19008.435059	-67.387672
19013.818359	-69.361137
19019.201660	-71.862755
19024.584961	-73.339539
19029.968262	-73.053574
19035.351562	-72.262009
19040.734863	-71.275116
19046.118164	-70.135185
19051.501465	-68.827019
19056.884766	-68.274994
19062.268066	-68.435257
19067.651367	-69.728043
19073.034668	-71.733749
19078.417969	-73.428802
19083.801270	-72.465492
19089.184570	-70.847122
19094.567871	-69.776489
19099.951172	-69.711113
19105.334473	-70.469765
19110.717773	-72.320351
19116.101074	-74.649666
19121.484375	-77.741417
19126.867676	-80.931892
19132.250977	-84.327431
19137.634277	-84.694298
19143.017578	-82.269348
19148.400879	-79.562538
19153.784180	-76.675331
19159.167480	-74.794380
19164.550781	-73.176468
19169.934082	-72.419876
19175.317383	-72.024719
19180.700684	-72.202888
19186.083984	-72.059242
19191.467285	-71.650658
19196.850586	-70.523315
19202.233887	-69.474457
19207.617188	-68.483200
19213.000488	-67.885368
19218.383789	-67.225594
19223.767090	-66.734810
19229.150391	-66.231895
19234.533691	-65.942711
19239.916992	-65.654404
19245.300293	-65.535301
19250.683594	-65.305557
19256.066895	-65.248154
19261.450195	-65.301552
19266.833496	-65.692604
19272.216797	-66.314552
19277.600098	-67.305283
19282.983398	-68.374138
19288.366699	-69.244049
19293.750000	-69.823685
19299.133301	-70.463333
19304.516602	-71.360741
19309.899902	-71.534714
19315.283203	-70.733116
19320.666504	-69.248665
19326.049805	-68.046753
19331.433105	-66.883530
19336.816406	-66.010468
19342.199707	-65.304100
19347.583008	-65.051689
19352.966309	-65.281105
19358.349609	-66.289513
19363.732910	-67.772720
19369.116211	-69.513893
19374.499512	-69.856712
19379.882812	-68.816551
19385.266113	-67.526588
19390.649414	-66.930687
19396.032715	-67.121391
19401.416016	-68.442604
19406.799316	-70.558960
19412.182617	-73.694984
19417.565918	-78.259521
19422.949219	-80.556427
19428.332520	-73.631752
19433.715820	-68.601196
19439.099121	-65.722809
19444.482422	-64.107498
19449.865723	-63.721062
19455.249023	-64.204132
19460.632324	-65.364944
19466.015625	-66.260185
19471.398926	-66.317818
19476.782227	-65.708984
19482.165527	-65.458046
19487.548828	-65.705460
19492.932129	-66.620018
19498.315430	-68.084259
19503.698730	-70.544426
19509.082031	-74.624245
19514.465332	-82.428078
19519.848633	-89.617889
19525.231934	-79.034241
19530.615234	-75.548798
19535.998535	-74.452881
19541.381836	-74.206123
19546.765137	-74.521599
19552.148438	-74.646194
19557.531738	-73.939285
19562.915039	-72.692802
19568.298340	-71.188164
19573.681641	-69.949677
19579.064941	-68.682739
19584.448242	-67.809624
19589.831543	-67.199509
19595.214844	-67.243927
19600.598145	-67.819557
19605.981445	-69.396210
19611.364746	-71.223671
19616.748047	-72.193008
19622.131348	-71.481079
19627.514648	-70.877197
19632.897949	-70.852043
19638.281250	-71.768936
19643.664551	-72.879242
19649.047852	-74.266541
19654.431152	-75.479904
19659.814453	-77.410995
19665.197754	-78.648743
19670.581055	-78.623863
19675.964355	-77.001007
19681.347656	-75.970123
19686.730957	-75.134132
19692.114258	-74.667305
19697.497559	-74.110764
19702.880859	-74.236305
19708.264160	-75.074211
19713.647461	-76.426468
19719.030762	-77.537155
19724.414062	-76.983315
19729.797363	-75.788628
19735.180664	-74.442451
19740.563965	-74.069862
19745.947266	-74.364967
19751.330566	-75.921799
19756.713867	-78.215240
19762.097168	-82.891167
19767.480469	-85.362183
19772.863770	-79.734993
19778.247070	-75.276855
19783.630371	-72.213493
19789.013672	-70.228409
19794.396973	-68.993355
19799.780273	-68.512688
19805.163574	-68.814087
19810.546875	-69.936844
19815.930176	-71.316818
19821.313477	-71.692123
19826.696777	-71.031616
19832.080078	-70.204437
19837.463379	-70.154198
19842.846680	-70.678436
19848.229980	-72.119919
19853.613281	-74.078445
19858.996582	-77.154831
19864.379883	-81.298965
19869.763184	-88.276764
19875.146484	-84.670952
19880.529785	-79.846115
19885.913086	-77.817764
19891.296387	-76.727463
19896.679688	-77.015724
19902.062988	-77.999733
19907.446289	-80.022797
19912.829590	-80.471603
19918.212891	-78.496185
19923.596191	-76.537262
19928.979492	-75.509140
19934.362793	-75.678009
19939.746094	-76.837013
19945.129395	-79.337975
19950.512695	-83.031990
19955.895996	-88.564301
19961.279297	-94.950180
19966.662598	-85.788826
19972.045898	-81.041122
19977.429199	-78.011429
19982.812500	-76.332314
19988.195801	-75.724800
19993.579102	-75.867020
19998.962402	-75.959198
20004.345703	-75.395187
20009.729004	-73.978760
20015.112305	-72.750923
20020.495605	-71.996353
20025.878906	-72.462685
20031.262207	-74.293365
20036.645508	-78.515434
20042.028809	-85.981094
20047.412109	-81.007477
20052.795410	-75.656784
20058.178711	-73.148460
20063.562012	-72.062256
20068.945312	-71.973862
20074.328613	-72.652420
20079.711914	-73.719109
20085.095215	-74.110046
20090.478516	-73.380196
20095.861816	-73.110268
20101.245117	-73.302109
20106.628418	-74.209961
20112.011719	-75.497597
20117.395020	-76.899551
20122.778320	-75.860077
20128.161621	-74.255257
20133.544922	-72.697830
20138.928223	-71.854881
20144.311523	-71.233345
20149.694824	-71.018730
20155.078125	-70.990578
20160.461426	-71.322273
20165.844727	-71.891853
20171.228027	-72.923653
20176.611328	-73.718361
20181.994629	-74.062019
20187.377930	-73.411255
20192.761230	-72.376358
20198.144531	-71.544815
20203.527832	-71.291008
20208.911133	-71.727646
20214.294434	-72.153656
20219.677734	-72.240555
20225.061035	-72.160622
20230.444336	-73.209053
20235.827637	-75.347801
20241.210938	-77.641403
20246.594238	-75.818558
20251.977539	-73.435150
20257.360840	-72.034676
20262.744141	-71.567581
20268.127441	-71.370102
20273.510742	-71.325340
20278.894043	-71.714615
20284.277344	-72.699135
20289.660645	-74.356377
20295.043945	-76.674850
20300.427246	-79.223930
20305.810547	-79.826408
20311.193848	-78.559319
20316.577148	-76.537308
20321.960449	-74.923622
20327.343750	-73.917900
20332.727051	-73.683235
20338.110352	-74.593887
20343.493652	-76.394745
20348.876953	-78.321381
20354.260254	-78.244041
20359.643555	-76.143578
20365.026855	-74.574493
20370.410156	-73.325241
20375.793457	-72.702652
20381.176758	-72.206451
20386.560059	-72.320892
20391.943359	-72.607513
20397.326660	-73.589592
20402.709961	-74.336777
20408.093262	-74.348839
20413.476562	-73.398453
20418.859863	-72.898773
20424.243164	-72.624138
20429.626465	-72.492210
20435.009766	-72.002243
20440.393066	-70.995796
20445.776367	-69.625290
20451.159668	-68.402702
20456.542969	-67.579926
20461.926270	-67.179535
20467.309570	-67.287689
20472.692871	-68.076584
20478.076172	-69.674210
20483.459473	-72.354965
20488.842773	-76.606956
20494.226074	-80.325005
20499.609375	-78.385208
20504.992676	-75.498932
20510.375977	-74.916557
20515.759277	-75.425514
20521.142578	-75.731941
20526.525879	-74.188484
20531.909180	-71.660278
20537.292480	-69.665413
20542.675781	-68.477585
20548.059082	-68.439659
20553.442383	-69.153397
20558.825684	-70.809090
20564.208984	-73.089279
20569.592285	-76.458939
20574.975586	-80.462395
20580.358887	-87.485069
20585.742188	-97.561722
20591.125488	-87.733299
20596.508789	-81.463219
20601.892090	-76.237389
20607.275391	-72.430916
20612.658691	-69.888245
20618.041992	-68.434364
20623.425293	-67.809258
20628.808594	-67.582993
20634.191895	-67.398773
20639.575195	-66.797882
20644.958496	-66.234909
20650.341797	-65.731689
20655.725098	-65.438087
20661.108398	-65.031509
20666.491699	-64.636284
20671.875000	-64.274025
20677.258301	-64.216011
20682.641602	-64.231079
20688.024902	-64.364243
20693.408203	-64.582832
20698.791504	-64.987785
20704.174805	-65.679352
20709.558105	-66.559853
20714.941406	-67.579514
20720.324707	-68.493225
20725.708008	-69.470055
20731.091309	-70.375862
20736.474609	-71.575531
20741.857910	-72.683167
20747.241211	-73.639458
20752.624512	-74.062401
20758.007812	-74.186378
20763.391113	-74.141174
20768.774414	-74.336807
20774.157715	-74.897324
20779.541016	-75.592621
20784.924316	-75.489525
20790.307617	-75.180756
20795.690918	-74.455803
20801.074219	-74.164604
20806.457520	-73.619011
20811.840820	-73.514687
20817.224121	-73.648926
20822.607422	-74.627411
20827.990723	-76.592323
20833.374023	-80.526207
20838.757324	-86.705170
20844.140625	-96.729790
20849.523926	-92.005257
20854.907227	-88.008789
20860.290527	-83.301552
20865.673828	-79.075348
20871.057129	-74.943535
20876.440430	-71.795128
20881.823730	-69.643066
20887.207031	-69.000931
20892.590332	-69.230553
20897.973633	-70.182991
20903.356934	-70.861298
20908.740234	-72.042969
20914.123535	-74.928886
20919.506836	-80.889648
20924.890137	-80.449326
20930.273438	-76.729370
20935.656738	-75.171989
20941.040039	-74.466850
20946.423340	-75.041893
20951.806641	-75.545799
20957.189941	-75.603592
20962.573242	-74.795341
20967.956543	-74.324898
20973.339844	-74.613380
20978.723145	-75.950485
20984.106445	-77.776573
20989.489746	-79.288811
20994.873047	-79.465919
21000.256348	-78.357346
21005.639648	-78.504288
21011.022949	-79.655151
21016.406250	-83.611526
21021.789551	-89.629837
21027.172852	-86.952682
21032.556152	-83.790749
21037.939453	-83.061806
21043.322754	-85.204086
21048.706055	-87.926735
21054.089355	-87.068176
21059.472656	-84.681198
21064.855957	-82.773170
21070.239258	-83.097717
21075.622559	-83.376717
21081.005859	-83.194145
21086.389160	-80.208107
21091.772461	-76.964432
21097.155762	-74.975410
21102.539062	-73.883209
21107.922363	-73.526512
21113.305664	-72.850861
21118.688965	-71.918472
21124.072266	-70.644882
21129.455566	-69.899536
21134.838867	-69.546654
21140.222168	-69.948334
21145.605469	-70.642456
21150.988770	-71.947037
21156.372070	-73.487274
21161.755371	-75.741058
21167.138672	-78.035347
21172.521973	-80.807671
21177.905273	-81.930481
21183.288574	-81.962822
21188.671875	-80.295784
21194.055176	-78.660294
21199.438477	-76.333069
21204.821777	-74.650970
21210.205078	-72.995857
21215.588379	-71.949165
21220.971680	-71.041634
21226.354980	-70.649742
21231.738281	-70.435699
21237.121582	-70.838890
21242.504883	-71.668900
21247.888184	-73.157608
21253.271484	-74.892120
21258.654785	-75.720497
21264.038086	-74.931358
21269.421387	-73.416321
21274.804688	-72.829552
21280.187988	-72.973244
21285.571289	-74.484291
21290.954590	-76.457359
21296.337891	-77.904900
21301.721191	-76.831078
21307.104492	-75.338402
21312.487793	-74.842262
21317.871094	-75.519424
21323.254395	-77.929108
21328.637695	-81.915947
21334.020996	-88.440979
21339.404297	-83.929932
21344.787598	-77.917213
21350.170898	-74.437576
21355.554199	-72.095779
21360.937500	-70.842621
21366.320801	-70.169121
21371.704102	-70.244911
21377.087402	-70.713882
21382.470703	-71.769028
21387.854004	-73.082748
21393.237305	-75.264534
21398.620605	-77.951981
21404.003906	-82.160210
21409.387207	-88.223816
21414.770508	-95.887764
21420.153809	-88.462952
21425.537109	-84.592781
21430.920410	-83.460121
21436.303711	-81.055977
21441.687012	-78.124184
21447.070312	-75.441246
21452.453613	-73.441116
21457.836914	-72.114822
21463.220215	-71.638550
21468.603516	-71.828506
21473.986816	-72.657249
21479.370117	-73.870766
21484.753418	-75.485802
21490.136719	-77.193237
21495.520020	-78.620407
21500.903320	-79.428741
21506.286621	-79.574112
21511.669922	-79.867638
21517.053223	-79.759193
21522.436523	-79.985535
21527.819824	-79.722214
21533.203125	-80.162224
21538.586426	-80.463951
21543.969727	-81.817581
21549.353027	-82.710289
21554.736328	-84.209129
21560.119629	-84.557922
21565.502930	-84.948685
21570.886230	-84.326477
21576.269531	-84.214630
21581.652832	-83.390518
21587.036133	-82.450371
21592.419434	-80.573372
21597.802734	-78.850853
21603.186035	-76.837257
21608.569336	-75.866524
21613.952637	-75.321373
21619.335938	-75.751770
21624.719238	-76.336243
21630.102539	-77.084343
21635.485840	-76.400223
21640.869141	-75.185974
21646.252441	-74.044357
21651.635742	-73.726509
21657.019043	-74.073723
21662.402344	-75.445358
21667.785645	-77.751740
21673.168945	-79.794670
21678.552246	-79.620941
21683.935547	-77.412186
21689.318848	-76.219719
21694.702148	-75.708557
21700.085449	-76.771904
21705.468750	-78.974586
21710.852051	-85.047882
21716.235352	-94.705284
21721.618652	-83.011124
21727.001953	-78.772232
21732.385254	-76.583061
21737.768555	-76.336624
21743.151855	-77.060158
21748.535156	-80.058701
21753.918457	-85.483604
21759.301758	-87.099548
21764.685059	-79.852127
21770.068359	-75.355957
21775.451660	-72.895912
21780.834961	-71.247879
21786.218262	-70.425514
21791.601562	-69.880638
21796.984863	-69.787186
21802.368164	-69.877892
21807.751465	-70.485497
21813.134766	-71.397530
21818.518066	-72.969429
21823.901367	-74.862022
21829.284668	-77.914803
21834.667969	-81.292450
21840.051270	-85.092537
21845.434570	-86.906723
21850.817871	-90.149597
21856.201172	-93.829567
21861.584473	-91.271759
21866.967773	-84.466194
21872.351074	-80.129272
21877.734375	-78.195236
21883.117676	-76.817284
21888.500977	-76.652771
21893.884277	-76.811455
21899.267578	-78.256920
21904.650879	-79.963661
21910.034180	-82.304886
21915.417480	-83.409164
21920.800781	-83.022774
21926.184082	-80.538177
21931.567383	-77.775406
21936.950684	-75.717056
21942.333984	-74.254074
21947.717285	-73.563271
21953.100586	-73.345573
21958.483887	-73.716003
21963.867188	-74.214516
21969.250488	-74.592300
21974.633789	-74.371841
21980.017090	-73.669220
21985.400391	-73.262199
21990.783691	-73.236534
21996.166992	-74.086655
22001.550293	-75.680534
22006.933594	-78.916069
22012.316895	-83.355995
22017.700195	-88.617256
22023.083496	-84.758087
22028.466797	-81.580002
22033.850098	-80.510811
22039.233398	-81.765694
22044.616699	-86.243217
