Frequency (Hz)	Level (dB)
5.383301	-25.058233
10.766602	-21.600418
16.149902	-20.286068
21.533203	-19.663290
26.916504	-19.332205
32.299805	-19.869444
37.683105	-20.009037
43.066406	-20.359705
48.449707	-21.000319
53.833008	-21.779800
59.216309	-22.662567
64.599609	-23.434799
69.982910	-24.484810
75.366211	-25.898939
80.749512	-27.903383
86.132812	-30.437860
91.516113	-34.030357
96.899414	-38.486778
102.282715	-44.670662
107.666016	-43.772449
113.049316	-40.419941
118.432617	-39.634109
123.815918	-41.573605
129.199219	-41.263004
134.582520	-36.633007
139.965820	-32.537148
145.349121	-31.382404
150.732422	-32.726368
156.115723	-34.877460
161.499023	-35.128864
166.882324	-32.439091
172.265625	-30.883673
177.648926	-30.260820
183.032227	-30.277498
188.415527	-31.948191
193.798828	-33.705482
199.182129	-36.365036
204.565430	-38.627487
209.948730	-37.552883
215.332031	-34.558449
220.715332	-32.555080
226.098633	-32.378929
231.481934	-32.416477
236.865234	-32.799622
242.248535	-33.710224
247.631836	-36.079475
253.015137	-37.073914
258.398438	-34.637360
263.781738	-34.203186
269.165039	-34.694061
274.548340	-32.389084
279.931641	-32.894108
285.314941	-40.379215
290.698242	-41.062641
296.081543	-37.136101
301.464844	-35.288929
306.848145	-37.726131
312.231445	-39.490593
317.614746	-38.743481
322.998047	-42.214424
328.381348	-50.661655
333.764648	-46.729961
339.147949	-45.984432
344.531250	-49.148384
349.914551	-47.917278
355.297852	-44.943020
360.681152	-41.523468
366.064453	-37.202957
371.447754	-35.948212
376.831055	-35.951164
382.214355	-34.871292
387.597656	-37.599583
392.980957	-38.266476
398.364258	-38.695251
403.747559	-44.038460
409.130859	-51.203255
414.514160	-46.945026
419.897461	-39.656166
425.280762	-34.647289
430.664062	-33.804451
436.047363	-35.606934
441.430664	-40.458931
446.813965	-39.757580
452.197266	-37.187992
457.580566	-34.308033
462.963867	-35.769722
468.347168	-39.033901
473.730469	-31.481352
479.113770	-29.390326
484.497070	-30.667721
489.880371	-32.556923
495.263672	-35.834301
500.646973	-41.658588
506.030273	-40.271839
511.413574	-35.912014
516.796875	-31.453096
522.180176	-28.938681
527.563477	-25.932470
532.946777	-26.322342
538.330078	-30.080290
543.713379	-36.201317
549.096680	-35.741798
554.479980	-32.800625
559.863281	-34.461967
565.246582	-36.911095
570.629883	-28.956253
576.013184	-26.853701
581.396484	-27.205158
586.779785	-29.713371
592.163086	-32.658840
597.546387	-32.500637
602.929688	-30.733185
608.312988	-32.215363
613.696289	-37.953503
619.079590	-34.752483
624.462891	-34.566326
629.846191	-36.254272
635.229492	-39.295219
640.612793	-43.728275
645.996094	-42.588638
651.379395	-41.870575
656.762695	-46.579712
662.145996	-51.315132
667.529297	-47.783123
672.912598	-42.998890
678.295898	-41.081783
683.679199	-38.663567
689.062500	-37.722763
694.445801	-39.510910
699.829102	-39.407318
705.212402	-39.741043
710.595703	-48.663105
715.979004	-51.151020
721.362305	-47.503063
726.745605	-44.592987
732.128906	-44.715973
737.512207	-42.076584
742.895508	-41.315483
748.278809	-41.681458
753.662109	-40.505074
759.045410	-42.794201
764.428711	-43.898129
769.812012	-45.473457
775.195312	-51.206207
780.578613	-40.469955
785.961914	-32.939194
791.345215	-30.915348
796.728516	-30.426088
802.111816	-31.339024
807.495117	-34.801456
812.878418	-39.499973
818.261719	-41.115414
823.645020	-43.448830
829.028320	-43.862011
834.411621	-43.216999
839.794922	-43.018982
845.178223	-42.895351
850.561523	-41.748180
855.944824	-40.269798
861.328125	-38.792538
866.711426	-37.968121
872.094727	-38.746307
877.478027	-39.597111
882.861328	-39.929417
888.244629	-40.415691
893.627930	-41.664101
899.011230	-41.323490
904.394531	-40.613068
909.777832	-42.512802
915.161133	-44.941620
920.544434	-45.770638
925.927734	-46.435188
931.311035	-52.381073
936.694336	-53.457924
942.077637	-57.344013
947.460938	-47.813198
952.844238	-45.172722
958.227539	-44.439671
963.610840	-41.526920
968.994141	-40.099537
974.377441	-35.826248
979.760742	-34.686924
985.144043	-37.932209
990.527344	-39.103340
995.910645	-39.339577
1001.293945	-39.963867
1006.677246	-42.925404
1012.060547	-46.478130
1017.443848	-42.431347
1022.827148	-41.354740
1028.210449	-43.483685
1033.593750	-45.941620
1038.977051	-48.055305
1044.360352	-43.579029
1049.743652	-42.213600
1055.126953	-43.059666
1060.510254	-42.179394
1065.893555	-41.935219
1071.276855	-45.800488
1076.660156	-45.335426
1082.043457	-44.100357
1087.426758	-45.760075
1092.810059	-44.146183
1098.193359	-41.107128
1103.576660	-42.147987
1108.959961	-50.379623
1114.343262	-51.320694
1119.726562	-45.488918
1125.109863	-44.568161
1130.493164	-46.614544
1135.876465	-47.356834
1141.259766	-46.003849
1146.643066	-46.559338
1152.026367	-47.762993
1157.409668	-47.783745
1162.792969	-48.679554
1168.176270	-52.460529
1173.559570	-52.580479
1178.942871	-48.940228
1184.326172	-46.863373
1189.709473	-44.770634
1195.092773	-46.928345
1200.476074	-51.350510
1205.859375	-50.699966
1211.242676	-42.865993
1216.625977	-37.131321
1222.009277	-33.294086
1227.392578	-33.892727
1232.775879	-43.850658
1238.159180	-46.784603
1243.542480	-40.599564
1248.925781	-36.790573
1254.309082	-32.530071
1259.692383	-29.704554
1265.075684	-32.299206
1270.458984	-38.278450
1275.842285	-43.573879
1281.225586	-45.007946
1286.608887	-48.041935
1291.992188	-49.862770
1297.375488	-46.799450
1302.758789	-44.633881
1308.142090	-43.926598
1313.525391	-46.170769
1318.908691	-51.183079
1324.291992	-54.385147
1329.675293	-49.029427
1335.058594	-46.885189
1340.441895	-49.289219
1345.825195	-49.989380
1351.208496	-49.337109
1356.591797	-49.537170
1361.975098	-51.764027
1367.358398	-48.919548
1372.741699	-49.155937
1378.125000	-52.608704
1383.508301	-47.763901
1388.891602	-48.704636
1394.274902	-52.351948
1399.658203	-52.258766
1405.041504	-47.015343
1410.424805	-43.567169
1415.808105	-43.103352
1421.191406	-42.648155
1426.574707	-42.156975
1431.958008	-39.991375
1437.341309	-34.218155
1442.724609	-30.937239
1448.107910	-28.785637
1453.491211	-27.969290
1458.874512	-30.154442
1464.257812	-34.431469
1469.641113	-38.933582
1475.024414	-44.662762
1480.407715	-53.052734
1485.791016	-50.606697
1491.174316	-45.968712
1496.557617	-44.090405
1501.940918	-43.399612
1507.324219	-43.854275
1512.707520	-45.050629
1518.090820	-43.637241
1523.474121	-46.528339
1528.857422	-54.003311
1534.240723	-52.239742
1539.624023	-49.570206
1545.007324	-48.104530
1550.390625	-46.846474
1555.773926	-48.122704
1561.157227	-51.707958
1566.540527	-54.083241
1571.923828	-53.276730
1577.307129	-55.152885
1582.690430	-60.451008
1588.073730	-62.420116
1593.457031	-62.218437
1598.840332	-55.340321
1604.223633	-53.526230
1609.606934	-51.788929
1614.990234	-48.964718
1620.373535	-48.527164
1625.756836	-48.528419
1631.140137	-50.022762
1636.523438	-52.033638
1641.906738	-55.471691
1647.290039	-43.952675
1652.673340	-37.445530
1658.056641	-41.048588
1663.439941	-48.642651
1668.823242	-51.811432
1674.206543	-53.710125
1679.589844	-58.637764
1684.973145	-62.929066
1690.356445	-56.717941
1695.739746	-51.216728
1701.123047	-49.362926
1706.506348	-50.276985
1711.889648	-51.205601
1717.272949	-53.230721
1722.656250	-52.911476
1728.039551	-55.131447
1733.422852	-60.934925
1738.806152	-61.171242
1744.189453	-51.871059
1749.572754	-48.780811
1754.956055	-46.889904
1760.339355	-45.365269
1765.722656	-44.673161
1771.105957	-44.782280
1776.489258	-45.063404
1781.872559	-45.861187
1787.255859	-46.832912
1792.639160	-46.795162
1798.022461	-45.647396
1803.405762	-43.858799
1808.789062	-42.803577
1814.172363	-42.630344
1819.555664	-42.793709
1824.938965	-43.791531
1830.322266	-45.070606
1835.705566	-46.262142
1841.088867	-47.874790
1846.472168	-49.479500
1851.855469	-52.007050
1857.238770	-51.456314
1862.622070	-51.761993
1868.005371	-51.797398
1873.388672	-51.492870
1878.771973	-51.588390
1884.155273	-51.480820
1889.538574	-51.969498
1894.921875	-50.188133
1900.305176	-39.911045
1905.688477	-42.311859
1911.071777	-57.100159
1916.455078	-58.917297
1921.838379	-54.973240
1927.221680	-56.118992
1932.604980	-54.910259
1937.988281	-52.741501
1943.371582	-51.777153
1948.754883	-52.338825
1954.138184	-55.339199
1959.521484	-52.660431
1964.904785	-51.934170
1970.288086	-52.065319
1975.671387	-52.326668
1981.054688	-51.782753
1986.437988	-53.320545
1991.821289	-57.001961
1997.204590	-56.321941
2002.587891	-52.340813
2007.971191	-50.044037
2013.354492	-49.724522
2018.737793	-50.101284
2024.121094	-50.253574
2029.504395	-51.559990
2034.887695	-52.468872
2040.270996	-52.601456
2045.654297	-52.692448
2051.037598	-52.031887
2056.420898	-52.605694
2061.804199	-51.333305
2067.187500	-49.329811
2072.570801	-50.455715
2077.954102	-52.363468
2083.337402	-52.420563
2088.720703	-51.737648
2094.104004	-51.079014
2099.487305	-51.595592
2104.870605	-52.839458
2110.253906	-51.977871
2115.637207	-51.408337
2121.020508	-51.717094
2126.403809	-50.120697
2131.787109	-48.988403
2137.170410	-48.059315
2142.553711	-46.767532
2147.937012	-46.468361
2153.320312	-46.241070
2158.703613	-45.828514
2164.086914	-46.233952
2169.470215	-46.527191
2174.853516	-45.712864
2180.236816	-45.402107
2185.620117	-45.496338
2191.003418	-45.840515
2196.386719	-46.821613
2201.770020	-48.377544
2207.153320	-49.902863
2212.536621	-48.601566
2217.919922	-46.667515
2223.303223	-42.738026
2228.686523	-37.070469
2234.069824	-32.179676
2239.453125	-36.591457
2244.836426	-46.804626
2250.219727	-51.744823
2255.603027	-63.925293
2260.986328	-57.038780
2266.369629	-56.841663
2271.752930	-60.142422
2277.136230	-61.372749
2282.519531	-57.170559
2287.902832	-54.163483
2293.286133	-54.711040
2298.669434	-54.370491
2304.052734	-55.652721
2309.436035	-55.241455
2314.819336	-55.991222
2320.202637	-56.951515
2325.585938	-57.649578
2330.969238	-58.296570
2336.352539	-56.960003
2341.735840	-55.876270
2347.119141	-52.931145
2352.502441	-49.204144
2357.885742	-47.762577
2363.269043	-46.540085
2368.652344	-45.774860
2374.035645	-46.041214
2379.418945	-46.936176
2384.802246	-48.002186
2390.185547	-49.328102
2395.568848	-52.241154
2400.952148	-54.049011
2406.335449	-49.994301
2411.718750	-46.109261
2417.102051	-47.614201
2422.485352	-49.009922
2427.868652	-47.892269
2433.251953	-52.366573
2438.635254	-52.840649
2444.018555	-52.283054
2449.401855	-51.790558
2454.785156	-52.352959
2460.168457	-50.993374
2465.551758	-48.657612
2470.935059	-53.593983
2476.318359	-55.603310
2481.701660	-48.619678
2487.084961	-46.877117
2492.468262	-52.023479
2497.851562	-58.597382
2503.234863	-54.447521
2508.618164	-51.191006
2514.001465	-49.706490
2519.384766	-48.964722
2524.768066	-47.919437
2530.151367	-48.340290
2535.534668	-47.675457
2540.917969	-46.114754
2546.301270	-47.126331
2551.684570	-52.472462
2557.067871	-58.649731
2562.451172	-55.020576
2567.834473	-53.393040
2573.217773	-52.992805
2578.601074	-53.377769
2583.984375	-52.538731
2589.367676	-50.840153
2594.750977	-47.980679
2600.134277	-47.842323
2605.517578	-48.548576
2610.900879	-45.380371
2616.284180	-43.817036
2621.667480	-43.755260
2627.050781	-43.769608
2632.434082	-42.064362
2637.817383	-41.470001
2643.200684	-41.289833
2648.583984	-37.751217
2653.967285	-38.286869
2659.350586	-42.804260
2664.733887	-44.262745
2670.117188	-43.263248
2675.500488	-41.654514
2680.883789	-42.271698
2686.267090	-43.401569
2691.650391	-44.881580
2697.033691	-43.864513
2702.416992	-40.197601
2707.800293	-39.460968
2713.183594	-42.928699
2718.566895	-49.027439
2723.950195	-51.039509
2729.333496	-51.462418
2734.716797	-49.501736
2740.100098	-50.451298
2745.483398	-48.945412
2750.866699	-51.064243
2756.250000	-51.861671
2761.633301	-53.534592
2767.016602	-59.403156
2772.399902	-50.044632
2777.783203	-45.793907
2783.166504	-47.757629
2788.549805	-51.945007
2793.933105	-47.087864
2799.316406	-41.859852
2804.699707	-39.997688
2810.083008	-43.118496
2815.466309	-50.273991
2820.849609	-54.984077
2826.232910	-54.984047
2831.616211	-52.044567
2836.999512	-53.612701
2842.382812	-58.829990
2847.766113	-57.141285
2853.149414	-52.693905
2858.532715	-50.897903
2863.916016	-45.367702
2869.299316	-42.687908
2874.682617	-44.365021
2880.065918	-46.857136
2885.449219	-47.660725
2890.832520	-47.748795
2896.215820	-47.679771
2901.599121	-46.527031
2906.982422	-45.279621
2912.365723	-45.122162
2917.749023	-45.672974
2923.132324	-48.306065
2928.515625	-52.444595
2933.898926	-55.032761
2939.282227	-51.962803
2944.665527	-51.191296
2950.048828	-52.987648
2955.432129	-58.775753
2960.815430	-52.835857
2966.198730	-42.317871
2971.582031	-44.334370
2976.965332	-50.519615
2982.348633	-47.071430
2987.731934	-44.082375
2993.115234	-43.510227
2998.498535	-45.542599
3003.881836	-46.812099
3009.265137	-46.446640
3014.648438	-46.431591
3020.031738	-48.036285
3025.415039	-47.789902
3030.798340	-45.875912
3036.181641	-46.034023
3041.564941	-47.618252
3046.948242	-46.336330
3052.331543	-45.782894
3057.714844	-45.866291
3063.098145	-47.825172
3068.481445	-47.927410
3073.864746	-46.754841
3079.248047	-48.565342
3084.631348	-52.696957
3090.014648	-53.722710
3095.397949	-56.332737
3100.781250	-58.574188
3106.164551	-55.659180
3111.547852	-53.615982
3116.931152	-53.735863
3122.314453	-53.486576
3127.697754	-54.224297
3133.081055	-55.176380
3138.464355	-57.207367
3143.847656	-59.599998
3149.230957	-65.433372
3154.614258	-52.282986
3159.997559	-47.411274
3165.380859	-47.007324
3170.764160	-46.333027
3176.147461	-45.876144
3181.530762	-45.080673
3186.914062	-45.568741
3192.297363	-48.950722
3197.680664	-52.385040
3203.063965	-52.367771
3208.447266	-53.727036
3213.830566	-56.891979
3219.213867	-57.095490
3224.597168	-60.927563
3229.980469	-60.664173
3235.363770	-58.357712
3240.747070	-57.799152
3246.130371	-55.899525
3251.513672	-57.813087
3256.896973	-56.228714
3262.280273	-51.401966
3267.663574	-49.940891
3273.046875	-51.217300
3278.430176	-51.891506
3283.813477	-52.278557
3289.196777	-52.247364
3294.580078	-51.276482
3299.963379	-53.477486
3305.346680	-50.044846
3310.729980	-44.381451
3316.113281	-46.290257
3321.496582	-49.036507
3326.879883	-48.844143
3332.263184	-53.515892
3337.646484	-59.787941
3343.029785	-54.076698
3348.413086	-51.288826
3353.796387	-50.050800
3359.179688	-47.806171
3364.562988	-47.734657
3369.946289	-48.510902
3375.329590	-48.416504
3380.712891	-48.726425
3386.096191	-49.890053
3391.479492	-49.678047
3396.862793	-51.601833
3402.246094	-56.026333
3407.629395	-59.983444
3413.012695	-61.425526
3418.395996	-60.323669
3423.779297	-58.867405
3429.162598	-58.200569
3434.545898	-57.949722
3439.929199	-62.723755
3445.312500	-59.253353
3450.695801	-58.989693
3456.079102	-58.039680
3461.462402	-56.014641
3466.845703	-54.084591
3472.229004	-53.453606
3477.612305	-50.767193
3482.995605	-48.104919
3488.378906	-49.481968
3493.762207	-52.975510
3499.145508	-52.902508
3504.528809	-53.782993
3509.912109	-52.830608
3515.295410	-49.443657
3520.678711	-48.157024
3526.062012	-49.788235
3531.445312	-49.826923
3536.828613	-49.076786
3542.211914	-49.529804
3547.595215	-50.959030
3552.978516	-54.025486
3558.361816	-50.528118
3563.745117	-51.873962
3569.128418	-50.773350
3574.511719	-53.380959
3579.895020	-55.964203
3585.278320	-56.551804
3590.661621	-57.079655
3596.044922	-56.953365
3601.428223	-57.813927
3606.811523	-58.346855
3612.194824	-53.071724
3617.578125	-49.403831
3622.961426	-48.678291
3628.344727	-50.543243
3633.728027	-51.950733
3639.111328	-51.554272
3644.494629	-51.663021
3649.877930	-55.091740
3655.261230	-55.303036
3660.644531	-58.021801
3666.027832	-58.413944
3671.411133	-53.825241
3676.794434	-54.038071
3682.177734	-55.431034
3687.561035	-50.852119
3692.944336	-52.122192
3698.327637	-51.836586
3703.710938	-49.420033
3709.094238	-49.634109
3714.477539	-48.457855
3719.860840	-47.947327
3725.244141	-47.605122
3730.627441	-47.745789
3736.010742	-50.273350
3741.394043	-53.048103
3746.777344	-53.881783
3752.160645	-59.661430
3757.543945	-57.249733
3762.927246	-51.997711
3768.310547	-49.600246
3773.693848	-49.564461
3779.077148	-50.455204
3784.460449	-49.379963
3789.843750	-48.341999
3795.227051	-49.164581
3800.610352	-49.095821
3805.993652	-50.525291
3811.376953	-51.956791
3816.760254	-51.881165
3822.143555	-55.830025
3827.526855	-63.624306
3832.910156	-70.328606
3838.293457	-64.333000
3843.676758	-60.333218
3849.060059	-61.072250
3854.443359	-63.571121
3859.826660	-65.553551
3865.209961	-65.237999
3870.593262	-63.251865
3875.976562	-54.724205
3881.359863	-50.888924
3886.743164	-48.720886
3892.126465	-47.581364
3897.509766	-46.435600
3902.893066	-45.538551
3908.276367	-45.720810
3913.659668	-46.522640
3919.042969	-45.934307
3924.426270	-46.139980
3929.809570	-46.981876
3935.192871	-47.299809
3940.576172	-47.442776
3945.959473	-48.335644
3951.342773	-49.574078
3956.726074	-49.812778
3962.109375	-51.405834
3967.492676	-52.522991
3972.875977	-51.740582
3978.259277	-52.004784
3983.642578	-51.760921
3989.025879	-51.612617
3994.409180	-52.207241
3999.792480	-52.775230
4005.175781	-51.316666
4010.559082	-51.858868
4015.942383	-53.861324
4021.325684	-49.833584
4026.708984	-51.319702
4032.092285	-52.797081
4037.475586	-53.290115
4042.858887	-52.891083
4048.242188	-52.045834
4053.625488	-51.568512
4059.008789	-52.946648
4064.392090	-54.857948
4069.775391	-58.119602
4075.158691	-62.566746
4080.541992	-64.289764
4085.925293	-56.064243
4091.308594	-51.944084
4096.691895	-48.984901
4102.075195	-47.462116
4107.458496	-46.889709
4112.841797	-47.614410
4118.225098	-47.781380
4123.608398	-47.553646
4128.991699	-48.183926
4134.375000	-48.149815
4139.758301	-49.351856
4145.141602	-52.860313
4150.524902	-53.700230
4155.908203	-51.852459
4161.291504	-54.924664
4166.674805	-57.758778
4172.058105	-58.271568
4177.441406	-66.866203
4182.824707	-56.854992
4188.208008	-52.351891
4193.591309	-47.682961
4198.974609	-45.458717
4204.357910	-43.491890
4209.741211	-44.132130
4215.124512	-48.280445
4220.507812	-48.420090
4225.891113	-45.396835
4231.274414	-42.800056
4236.657715	-41.740192
4242.041016	-42.172428
4247.424316	-41.987015
4252.807617	-42.642040
4258.190918	-43.638168
4263.574219	-44.512520
4268.957520	-45.775219
4274.340820	-46.825619
4279.724121	-46.766682
4285.107422	-46.281120
4290.490723	-46.308662
4295.874023	-46.911209
4301.257324	-48.010628
4306.640625	-47.527855
4312.023926	-48.235405
4317.407227	-50.599239
4322.790527	-53.524391
4328.173828	-56.693336
4333.557129	-58.152187
4338.940430	-57.408348
4344.323730	-54.960567
4349.707031	-51.585377
4355.090332	-51.568043
4360.473633	-54.090889
4365.856934	-52.929092
4371.240234	-50.152943
4376.623535	-48.971298
4382.006836	-47.552746
4387.390137	-48.098595
4392.773438	-48.627041
4398.156738	-50.755711
4403.540039	-52.259247
4408.923340	-50.622101
4414.306641	-51.666092
4419.689941	-46.804752
4425.073242	-38.010189
4430.456543	-31.704470
4435.839844	-31.230196
4441.223145	-35.215565
4446.606445	-33.474850
4451.989746	-30.683571
4457.373047	-30.567633
4462.756348	-34.510723
4468.139648	-41.581203
4473.522949	-53.493637
4478.906250	-49.125793
4484.289551	-43.218048
4489.672852	-40.984688
4495.056152	-40.952061
4500.439453	-42.199860
4505.822754	-43.003780
4511.206055	-43.156094
4516.589355	-42.200420
4521.972656	-40.645424
4527.355957	-39.384544
4532.739258	-39.013489
4538.122559	-39.917625
4543.505859	-40.883926
4548.889160	-41.464710
4554.272461	-40.267757
4559.655762	-39.199314
4565.039062	-38.317429
4570.422363	-35.801441
4575.805664	-32.567551
4581.188965	-29.739265
4586.572266	-27.029936
4591.955566	-23.343706
4597.338867	-21.809494
4602.722168	-23.648973
4608.105469	-27.702097
4613.488770	-32.388721
4618.872070	-38.820988
4624.255371	-45.403656
4629.638672	-46.128540
4635.021973	-45.441223
4640.405273	-44.017609
4645.788574	-42.938530
4651.171875	-42.716095
4656.555176	-39.280178
4661.938477	-36.848049
4667.321777	-36.877926
4672.705078	-37.245007
4678.088379	-36.812508
4683.471680	-37.178020
4688.854980	-37.189304
4694.238281	-37.568470
4699.621582	-37.871479
4705.004883	-36.031994
4710.388184	-36.124653
4715.771484	-36.416885
4721.154785	-36.768654
4726.538086	-35.325176
4731.921387	-34.156769
4737.304688	-32.374565
4742.687988	-31.737190
4748.071289	-32.410191
4753.454590	-32.998600
4758.837891	-35.740551
4764.221191	-43.108032
4769.604492	-47.340313
4774.987793	-34.868237
4780.371094	-30.128193
4785.754395	-29.232407
4791.137695	-28.284166
4796.520996	-28.603373
4801.904297	-28.903776
4807.287598	-29.527025
4812.670898	-30.686771
4818.054199	-32.538979
4823.437500	-33.617538
4828.820801	-34.047009
4834.204102	-34.776405
4839.587402	-35.349911
4844.970703	-36.864445
4850.354004	-39.535889
4855.737305	-42.479050
4861.120605	-44.409176
4866.503906	-45.220757
4871.887207	-46.370457
4877.270508	-45.773125
4882.653809	-44.962440
4888.037109	-44.552284
4893.420410	-45.801319
4898.803711	-46.762680
4904.187012	-47.920593
4909.570312	-49.077465
4914.953613	-47.872158
4920.336914	-48.793610
4925.720215	-56.388062
4931.103516	-57.038074
4936.486816	-53.040939
4941.870117	-51.892082
4947.253418	-52.750954
4952.636719	-53.554359
4958.020020	-55.124630
4963.403320	-59.801708
4968.786621	-56.503162
4974.169922	-52.297066
4979.553223	-53.797337
4984.936523	-53.735748
4990.319824	-47.897724
4995.703125	-46.693375
5001.086426	-45.791832
5006.469727	-44.796741
5011.853027	-45.350773
5017.236328	-47.422501
5022.619629	-48.471481
5028.002930	-47.828621
5033.386230	-48.744576
5038.769531	-50.282009
5044.152832	-50.445656
5049.536133	-47.419712
5054.919434	-44.946846
5060.302734	-43.759693
5065.686035	-43.544525
5071.069336	-44.022999
5076.452637	-44.864315
5081.835938	-44.878147
5087.219238	-44.795902
5092.602539	-45.338326
5097.985840	-45.603054
5103.369141	-45.343761
5108.752441	-45.101200
5114.135742	-44.807102
5119.519043	-43.761757
5124.902344	-43.857117
5130.285645	-44.609001
5135.668945	-44.951668
5141.052246	-44.887371
5146.435547	-45.146484
5151.818848	-45.934544
5157.202148	-46.414482
5162.585449	-45.655758
5167.968750	-44.840622
5173.352051	-44.798405
5178.735352	-44.906517
5184.118652	-45.202835
5189.501953	-44.957027
5194.885254	-44.387604
5200.268555	-44.223087
5205.651855	-44.389687
5211.035156	-44.265800
5216.418457	-44.935009
5221.801758	-46.895233
5227.185059	-51.693523
5232.568359	-53.842823
5237.951660	-55.400616
5243.334961	-57.021969
5248.718262	-58.745304
5254.101562	-62.491764
5259.484863	-63.027512
5264.868164	-60.199337
5270.251465	-62.189201
5275.634766	-66.174164
5281.018066	-63.641930
5286.401367	-57.523811
5291.784668	-54.485020
5297.167969	-54.185162
5302.551270	-53.610104
5307.934570	-51.996426
5313.317871	-50.663696
5318.701172	-49.371113
5324.084473	-48.456890
5329.467773	-47.671928
5334.851074	-46.962696
5340.234375	-46.844650
5345.617676	-46.942284
5351.000977	-47.740131
5356.384277	-49.995388
5361.767578	-54.867798
5367.150879	-60.084171
5372.534180	-56.080421
5377.917480	-50.864105
5383.300781	-47.206005
5388.684082	-45.178566
5394.067383	-44.434959
5399.450684	-44.393040
5404.833984	-44.726196
5410.217285	-45.094215
5415.600586	-45.193783
5420.983887	-45.262291
5426.367188	-45.452324
5431.750488	-46.031235
5437.133789	-47.130444
5442.517090	-47.678143
5447.900391	-47.704338
5453.283691	-48.172558
5458.666992	-48.916634
5464.050293	-49.648762
5469.433594	-49.963509
5474.816895	-50.119675
5480.200195	-50.624760
5485.583496	-50.696575
5490.966797	-50.079967
5496.350098	-49.819870
5501.733398	-49.694313
5507.116699	-51.033062
5512.500000	-52.192345
5517.883301	-52.384857
5523.266602	-52.822876
5528.649902	-53.520397
5534.033203	-54.946663
5539.416504	-55.940350
5544.799805	-56.493114
5550.183105	-58.894054
5555.566406	-63.499355
5560.949707	-63.862053
5566.333008	-62.804245
5571.716309	-61.554592
5577.099609	-59.790264
5582.482910	-58.924389
5587.866211	-58.733078
5593.249512	-57.277611
5598.632812	-57.506546
5604.016113	-57.565159
5609.399414	-57.998268
5614.782715	-58.406239
5620.166016	-58.833035
5625.549316	-60.574966
5630.932617	-62.111473
5636.315918	-64.100395
5641.699219	-66.151497
5647.082520	-63.651756
5652.465820	-58.796555
5657.849121	-55.527573
5663.232422	-53.925117
5668.615723	-52.794117
5673.999023	-52.192406
5679.382324	-52.158699
5684.765625	-50.040813
5690.148926	-49.007145
5695.532227	-48.932259
5700.915527	-48.956062
5706.298828	-49.679058
5711.682129	-49.706085
5717.065430	-49.981663
5722.448730	-50.852512
5727.832031	-51.981117
5733.215332	-54.803196
5738.598633	-56.623642
5743.981934	-60.059727
5749.365234	-60.898006
5754.748535	-58.678043
5760.131836	-55.967194
5765.515137	-53.893642
5770.898438	-53.316650
5776.281738	-52.747475
5781.665039	-52.690350
5787.048340	-54.329285
5792.431641	-56.546570
5797.814941	-59.348579
5803.198242	-61.672993
5808.581543	-65.097435
5813.964844	-62.588707
5819.348145	-58.616249
5824.731445	-56.514366
5830.114746	-55.780853
5835.498047	-55.432632
5840.881348	-54.053173
5846.264648	-53.020996
5851.647949	-52.888382
5857.031250	-54.263954
5862.414551	-57.403988
5867.797852	-59.602264
5873.181152	-60.691219
5878.564453	-65.047653
5883.947754	-63.169453
5889.331055	-58.898815
5894.714355	-56.766300
5900.097656	-54.974686
5905.480957	-54.587002
5910.864258	-55.730671
5916.247559	-55.980049
5921.630859	-56.144146
5927.014160	-56.651585
5932.397461	-57.606178
5937.780762	-60.799274
5943.164062	-67.964043
5948.547363	-68.309792
5953.930664	-64.818993
5959.313965	-60.803947
5964.697266	-59.613773
5970.080566	-60.217251
5975.463867	-60.258102
5980.847168	-59.745991
5986.230469	-59.840954
5991.613770	-58.558361
5996.997070	-59.372166
6002.380371	-62.457058
6007.763672	-65.554352
6013.146973	-72.177368
6018.530273	-64.870895
6023.913574	-59.405231
6029.296875	-54.371601
6034.680176	-51.700104
6040.063477	-50.837421
6045.446777	-52.975578
6050.830078	-57.092720
6056.213379	-61.462852
6061.596680	-61.169136
6066.979980	-56.721069
6072.363281	-54.109333
6077.746582	-52.698086
6083.129883	-52.016533
6088.513184	-51.772385
6093.896484	-51.482952
6099.279785	-51.527596
6104.663086	-51.661938
6110.046387	-51.605370
6115.429688	-51.231911
6120.812988	-51.486027
6126.196289	-52.573898
6131.579590	-53.878052
6136.962891	-55.530067
6142.346191	-56.443604
6147.729492	-56.924236
6153.112793	-57.931015
6158.496094	-61.696987
6163.879395	-64.753868
6169.262695	-62.920166
6174.645996	-59.736126
6180.029297	-57.511814
6185.412598	-55.168411
6190.795898	-54.616013
6196.179199	-53.742798
6201.562500	-52.591717
6206.945801	-53.367077
6212.329102	-55.768318
6217.712402	-58.752365
6223.095703	-60.702232
6228.479004	-60.160858
6233.862305	-63.683090
6239.245605	-71.037216
6244.628906	-60.596554
6250.012207	-55.559555
6255.395508	-51.540394
6260.778809	-47.975628
6266.162109	-45.808525
6271.545410	-45.264591
6276.928711	-45.266735
6282.312012	-45.062057
6287.695312	-44.855148
6293.078613	-44.940937
6298.461914	-46.133301
6303.845215	-48.217316
6309.228516	-49.180019
6314.611816	-49.774673
6319.995117	-50.859352
6325.378418	-52.762074
6330.761719	-56.628521
6336.145020	-63.321808
6341.528320	-60.581657
6346.911621	-57.884754
6352.294922	-48.869255
6357.678223	-46.910160
6363.061523	-49.006783
6368.444824	-51.837250
6373.828125	-54.367210
6379.211426	-57.017010
6384.594727	-59.967068
6389.978027	-61.159584
6395.361328	-62.164402
6400.744629	-63.127934
6406.127930	-64.848473
6411.511230	-67.527756
6416.894531	-69.906380
6422.277832	-60.822922
6427.661133	-58.408260
6433.044434	-57.756924
6438.427734	-56.728409
6443.811035	-55.551575
6449.194336	-54.595112
6454.577637	-54.763012
6459.960938	-56.410942
6465.344238	-57.129932
6470.727539	-55.733574
6476.110840	-55.659206
6481.494141	-55.926971
6486.877441	-55.626804
6492.260742	-54.803051
6497.644043	-53.601196
6503.027344	-52.983879
6508.410645	-53.005009
6513.793945	-53.541492
6519.177246	-54.146725
6524.560547	-55.379601
6529.943848	-57.183712
6535.327148	-57.512390
6540.710449	-57.451771
6546.093750	-59.163319
6551.477051	-62.750118
6556.860352	-67.946579
6562.243652	-69.626350
6567.626953	-71.176262
6573.010254	-72.379936
6578.393555	-71.950928
6583.776855	-66.885078
6589.160156	-63.492523
6594.543457	-60.765251
6599.926758	-59.617115
6605.310059	-58.718109
6610.693359	-57.166733
6616.076660	-57.164108
6621.459961	-57.899055
6626.843262	-58.740414
6632.226562	-58.052242
6637.609863	-58.046093
6642.993164	-57.805283
6648.376465	-57.667191
6653.759766	-57.842766
6659.143066	-58.147133
6664.526367	-59.409775
6669.909668	-59.670971
6675.292969	-59.801334
6680.676270	-60.784386
6686.059570	-62.176407
6691.442871	-64.979507
6696.826172	-70.148125
6702.209473	-77.152008
6707.592773	-80.019691
6712.976074	-75.922752
6718.359375	-76.317474
6723.742676	-82.656555
6729.125977	-70.170731
6734.509277	-63.356796
6739.892578	-61.437901
6745.275879	-59.944340
6750.659180	-58.696774
6756.042480	-57.156040
6761.425781	-55.808022
6766.809082	-55.359932
6772.192383	-56.307106
6777.575684	-56.369961
6782.958984	-55.827118
6788.342285	-55.361576
6793.725586	-56.289379
6799.108887	-57.299976
6804.492188	-57.777378
6809.875488	-59.119724
6815.258789	-62.004742
6820.642090	-60.841297
6826.025391	-60.326092
6831.408691	-63.085506
6836.791992	-63.002335
6842.175293	-59.959530
6847.558594	-58.002380
6852.941895	-57.267361
6858.325195	-58.194412
6863.708496	-58.965637
6869.091797	-58.287571
6874.475098	-57.436104
6879.858398	-57.740017
6885.241699	-58.687626
6890.625000	-58.061356
6896.008301	-56.349571
6901.391602	-55.649345
6906.774902	-55.310928
6912.158203	-55.014393
6917.541504	-54.282349
6922.924805	-53.269531
6928.308105	-53.126995
6933.691406	-53.216133
6939.074707	-53.809040
6944.458008	-55.230286
6949.841309	-56.532070
6955.224609	-56.903923
6960.607910	-57.030315
6965.991211	-57.100681
6971.374512	-55.788315
6976.757812	-54.952854
6982.141113	-55.706604
6987.524414	-56.885765
6992.907715	-57.414299
6998.291016	-57.256916
7003.674316	-56.992386
7009.057617	-57.428848
7014.440918	-56.969147
7019.824219	-57.376472
7025.207520	-58.487514
7030.590820	-60.145897
7035.974121	-61.210983
7041.357422	-62.348953
7046.740723	-65.049934
7052.124023	-69.931129
7057.507324	-77.432060
7062.890625	-76.625496
7068.273926	-70.580795
7073.657227	-66.796860
7079.040527	-64.308022
7084.423828	-65.185036
7089.807129	-66.947762
7095.190430	-64.721825
7100.573730	-63.539097
7105.957031	-62.243732
7111.340332	-61.843689
7116.723633	-62.103725
7122.106934	-59.424271
7127.490234	-56.173916
7132.873535	-55.352314
7138.256836	-57.457462
7143.640137	-59.040798
7149.023438	-59.078438
7154.406738	-58.972542
7159.790039	-58.279545
7165.173340	-57.021084
7170.556641	-56.525650
7175.939941	-56.399761
7181.323242	-56.077145
7186.706543	-56.279045
7192.089844	-56.863174
7197.473145	-57.867409
7202.856445	-59.478947
7208.239746	-61.133167
7213.623047	-62.469559
7219.006348	-63.808613
7224.389648	-67.286835
7229.772949	-70.818321
7235.156250	-66.834740
7240.539551	-61.756573
7245.922852	-58.004700
7251.306152	-55.163296
7256.689453	-53.674900
7262.072754	-53.151669
7267.456055	-53.254551
7272.839355	-53.728973
7278.222656	-54.299751
7283.605957	-55.668194
7288.989258	-57.255096
7294.372559	-59.254143
7299.755859	-60.765049
7305.139160	-61.107548
7310.522461	-61.341160
7315.905762	-60.845211
7321.289062	-59.717186
7326.672363	-58.588161
7332.055664	-57.710407
7337.438965	-57.180485
7342.822266	-56.950817
7348.205566	-56.973763
7353.588867	-57.291859
7358.972168	-58.296982
7364.355469	-60.922958
7369.738770	-62.842850
7375.122070	-60.605839
7380.505371	-59.509441
7385.888672	-58.294781
7391.271973	-56.586586
7396.655273	-55.856384
7402.038574	-56.131638
7407.421875	-56.445934
7412.805176	-56.742977
7418.188477	-57.411148
7423.571777	-59.058914
7428.955078	-61.704483
7434.338379	-65.622849
7439.721680	-70.959709
7445.104980	-68.471222
7450.488281	-63.361237
7455.871582	-59.400078
7461.254883	-56.515598
7466.638184	-55.232914
7472.021484	-54.829876
7477.404785	-54.861423
7482.788086	-55.218269
7488.171387	-55.068546
7493.554688	-54.359131
7498.937988	-53.501694
7504.321289	-53.212502
7509.704590	-53.507145
7515.087891	-54.025005
7520.471191	-55.326008
7525.854492	-57.776783
7531.237793	-61.900482
7536.621094	-69.009239
7542.004395	-74.392296
7547.387695	-66.956955
7552.770996	-65.670883
7558.154297	-62.741943
7563.537598	-57.813400
7568.920898	-56.938984
7574.304199	-57.449741
7579.687500	-57.751152
7585.070801	-57.928867
7590.454102	-59.403229
7595.837402	-62.479565
7601.220703	-67.258698
7606.604004	-73.294250
7611.987305	-70.153328
7617.370605	-65.832115
7622.753906	-63.650196
7628.137207	-62.789322
7633.520508	-62.364494
7638.903809	-62.110783
7644.287109	-62.723896
7649.670410	-64.191399
7655.053711	-66.063248
7660.437012	-64.869576
7665.820312	-63.596630
7671.203613	-61.942593
7676.586914	-59.981194
7681.970215	-58.614788
7687.353516	-58.740738
7692.736816	-58.961494
7698.120117	-59.231926
7703.503418	-60.426765
7708.886719	-62.285336
7714.270020	-65.170486
7719.653320	-70.192497
7725.036621	-72.286850
7730.419922	-66.951607
7735.803223	-62.770069
7741.186523	-60.823280
7746.569824	-60.561100
7751.953125	-60.765450
7757.336426	-62.653660
7762.719727	-63.212700
7768.103027	-61.280930
7773.486328	-61.938774
7778.869629	-60.780472
7784.252930	-59.130398
7789.636230	-57.780075
7795.019531	-56.580544
7800.402832	-55.656239
7805.786133	-55.138794
7811.169434	-54.937187
7816.552734	-54.778030
7821.936035	-54.798828
7827.319336	-54.738659
7832.702637	-54.696804
7838.085938	-54.805912
7843.469238	-54.975460
7848.852539	-55.179718
7854.235840	-55.332260
7859.619141	-55.043205
7865.002441	-54.446526
7870.385742	-54.282749
7875.769043	-54.700050
7881.152344	-55.637840
7886.535645	-56.763874
7891.918945	-58.321083
7897.302246	-60.382950
7902.685547	-63.298168
7908.068848	-67.629036
7913.452148	-69.633598
7918.835449	-69.338547
7924.218750	-69.544006
7929.602051	-67.842003
7934.985352	-65.668633
7940.368652	-63.838852
7945.751953	-62.046261
7951.135254	-60.433155
7956.518555	-59.294312
7961.901855	-58.681328
7967.285156	-58.335178
7972.668457	-58.546227
7978.051758	-59.456573
7983.435059	-60.974346
7988.818359	-63.748028
7994.201660	-68.693741
7999.584961	-74.889023
8004.968262	-67.427101
8010.351562	-63.300159
8015.734863	-61.035053
8021.118164	-59.845661
8026.501465	-59.585056
8031.884766	-59.809231
8037.268066	-60.672096
8042.651367	-62.619949
8048.034668	-66.143120
8053.417969	-73.006577
8058.801270	-72.200813
8064.184570	-64.657097
8069.567871	-60.987141
8074.951172	-58.944321
8080.334473	-57.926792
8085.717773	-57.719231
8091.101074	-57.897137
8096.484375	-58.028233
8101.867676	-58.216042
8107.250977	-58.636375
8112.634277	-59.296844
8118.017578	-60.514336
8123.400879	-62.027119
8128.784180	-61.579227
8134.167480	-59.623322
8139.550781	-57.451115
8144.934082	-55.849632
8150.317383	-54.701916
8155.700684	-53.884510
8161.083984	-53.615162
8166.467285	-53.794998
8171.850586	-54.415432
8177.233887	-55.492558
8182.617188	-57.061363
8188.000488	-59.262314
8193.383789	-62.165863
8198.767090	-65.858292
8204.150391	-70.000900
8209.533691	-73.093872
8214.916992	-75.199982
8220.300293	-78.903313
8225.683594	-79.539932
8231.066895	-75.206024
8236.450195	-70.977318
8241.833496	-67.506256
8247.216797	-64.904671
8252.600098	-63.454086
8257.983398	-62.308262
8263.366699	-61.573444
8268.750000	-60.873741
8274.133301	-60.203346
8279.516602	-59.755501
8284.899902	-59.261604
8290.283203	-58.982166
8295.666504	-59.120331
8301.049805	-59.665352
8306.433105	-60.750031
8311.816406	-62.076851
8317.199707	-63.627277
8322.583008	-64.822556
8327.966309	-65.322800
8333.349609	-64.709572
8338.732910	-62.629910
8344.116211	-60.628860
8349.499512	-58.992157
8354.882812	-57.712414
8360.266113	-56.850945
8365.649414	-56.308895
8371.032715	-55.844822
8376.416016	-55.303429
8381.799316	-54.688751
8387.182617	-54.083721
8392.565918	-53.526592
8397.949219	-53.157410
8403.332520	-52.901394
8408.715820	-52.694183
8414.099121	-52.695801
8419.482422	-52.623695
8424.865723	-52.309006
8430.249023	-51.897194
8435.632324	-51.594349
8441.015625	-51.426121
8446.398926	-51.379196
8451.782227	-51.655048
8457.165527	-52.247944
8462.548828	-52.935650
8467.932129	-53.875832
8473.315430	-55.014339
8478.698730	-55.981075
8484.082031	-57.232197
8489.465332	-58.840160
8494.848633	-60.633202
8500.231934	-62.629982
8505.615234	-65.141853
8510.998535	-69.170143
8516.381836	-71.313034
8521.765137	-69.354668
8527.148438	-67.086067
8532.531738	-66.601425
8537.915039	-66.961197
8543.298340	-67.719124
8548.681641	-68.882851
8554.064941	-69.226814
8559.448242	-68.222565
8564.831543	-67.056053
8570.214844	-66.386147
8575.598145	-65.462128
8580.981445	-64.753052
8586.364746	-63.448368
8591.748047	-61.746010
8597.131348	-60.122887
8602.514648	-58.578976
8607.897949	-57.185596
8613.281250	-56.105442
8618.664551	-55.636047
8624.047852	-55.783417
8629.431152	-56.281189
8634.814453	-56.507076
8640.197754	-56.165833
8645.581055	-55.247025
8650.964355	-54.352905
8656.347656	-53.688663
8661.730957	-53.319794
8667.114258	-53.523293
8672.497559	-54.147892
8677.880859	-54.742336
8683.264160	-55.407356
8688.647461	-56.063637
8694.030762	-56.601543
8699.414062	-57.005905
8704.797363	-57.244789
8710.180664	-57.271156
8715.563965	-57.164516
8720.947266	-57.026653
8726.330566	-56.996803
8731.713867	-57.065666
8737.097168	-57.265888
8742.480469	-57.382954
8747.863770	-57.142624
8753.247070	-56.761921
8758.630371	-56.239479
8764.013672	-55.659023
8769.396973	-55.227783
8774.780273	-54.893467
8780.163574	-54.442394
8785.546875	-53.981289
8790.930176	-53.552429
8796.313477	-53.052349
8801.696777	-52.455528
8807.080078	-51.910995
8812.463379	-51.822609
8817.846680	-52.200676
8823.229980	-52.710651
8828.613281	-53.341404
8833.996582	-54.039425
8839.379883	-54.631588
8844.763184	-54.935631
8850.146484	-54.847355
8855.529785	-54.224094
8860.913086	-53.706299
8866.296387	-53.445774
8871.679688	-52.633331
8877.062988	-51.905197
8882.446289	-50.879684
8887.829590	-49.820999
8893.212891	-49.615498
8898.596191	-49.886993
8903.979492	-50.277588
8909.362793	-50.829212
8914.746094	-51.121681
8920.129395	-51.193958
8925.512695	-51.591331
8930.895996	-52.362633
8936.279297	-53.391666
8941.662598	-54.538410
8947.045898	-55.608360
8952.429199	-56.236702
8957.812500	-56.472103
8963.195801	-56.611908
8968.579102	-56.875134
8973.962402	-57.199272
8979.345703	-57.528217
8984.729004	-57.618938
8990.112305	-56.984425
8995.495605	-56.147652
9000.878906	-55.470200
9006.262207	-55.112335
9011.645508	-55.189476
9017.028809	-55.709873
9022.412109	-56.544807
9027.795410	-55.138832
9033.178711	-53.355247
9038.562012	-53.173149
9043.945312	-53.599323
9049.328613	-54.620808
9054.711914	-56.644855
9060.095215	-58.826145
9065.478516	-59.819393
9070.861816	-60.225163
9076.245117	-60.726498
9081.628418	-61.200039
9087.011719	-60.830692
9092.395020	-60.122910
9097.778320	-59.616257
9103.161621	-59.095890
9108.544922	-58.274490
9113.928223	-57.370377
9119.311523	-56.655994
9124.694824	-55.963551
9130.078125	-55.496830
9135.461426	-55.384174
9140.844727	-55.377064
9146.228027	-55.502216
9151.611328	-55.619392
9156.994629	-55.803349
9162.377930	-56.130501
9167.761230	-56.405342
9173.144531	-55.829609
9178.527832	-54.483334
9183.911133	-52.881054
9189.294434	-50.934448
9194.677734	-49.641800
9200.061035	-49.714893
9205.444336	-50.776066
9210.827637	-52.957199
9216.210938	-57.050056
9221.594238	-63.997936
9226.977539	-66.309090
9232.360840	-58.835468
9237.744141	-55.226437
9243.127441	-53.377811
9248.510742	-52.405006
9253.894043	-51.713398
9259.277344	-51.146133
9264.660645	-50.841862
9270.043945	-50.538990
9275.427246	-50.362255
9280.810547	-50.518482
9286.193848	-50.857216
9291.577148	-51.099995
9296.960449	-50.988899
9302.343750	-50.685013
9307.727051	-50.393269
9313.110352	-50.211002
9318.493652	-50.137600
9323.876953	-50.292049
9329.260254	-50.954407
9334.643555	-52.272179
9340.026855	-54.464298
9345.410156	-57.592781
9350.793457	-61.671066
9356.176758	-64.022957
9361.560059	-62.617920
9366.943359	-61.023380
9372.326660	-59.499348
9377.709961	-58.362114
9383.093262	-57.185555
9388.476562	-55.753643
9393.859863	-54.471958
9399.243164	-53.396683
9404.626465	-52.589893
9410.009766	-52.199760
9415.393066	-52.095558
9420.776367	-52.150478
9426.159668	-52.356236
9431.542969	-52.387920
9436.926270	-52.457428
9442.309570	-53.185230
9447.692871	-54.733788
9453.076172	-57.148045
9458.459473	-59.969860
9463.842773	-60.977581
9469.226074	-58.857574
9474.609375	-56.308601
9479.992676	-54.351856
9485.375977	-53.098740
9490.759277	-52.582344
9496.142578	-52.568657
9501.525879	-52.800484
9506.909180	-52.857540
9512.292480	-52.520111
9517.675781	-52.052647
9523.059082	-51.784843
9528.442383	-51.664734
9533.825684	-51.856159
9539.208984	-52.430298
9544.592285	-53.264297
9549.975586	-54.188843
9555.358887	-54.556870
9560.742188	-53.905449
9566.125488	-52.763481
9571.508789	-52.023994
9576.892090	-51.877041
9582.275391	-52.039021
9587.658691	-52.439068
9593.041992	-52.943916
9598.425293	-53.218235
9603.808594	-53.329311
9609.191895	-53.243179
9614.575195	-53.071857
9619.958496	-52.900879
9625.341797	-52.471649
9630.725098	-51.901524
9636.108398	-51.286110
9641.491699	-50.708599
9646.875000	-50.293556
9652.258301	-50.051819
9657.641602	-49.979877
9663.024902	-50.058735
9668.408203	-50.273151
9673.791504	-50.628639
9679.174805	-50.979523
9684.558105	-51.413326
9689.941406	-51.981487
9695.324707	-52.659126
9700.708008	-53.315540
9706.091309	-53.813370
9711.474609	-54.065228
9716.857910	-54.037663
9722.241211	-53.858360
9727.624512	-53.858971
9733.007812	-54.031033
9738.391113	-53.669582
9743.774414	-52.919792
9749.157715	-52.198597
9754.541016	-51.534279
9759.924316	-50.946629
9765.307617	-50.596333
9770.690918	-50.511124
9776.074219	-50.582333
9781.457520	-50.805492
9786.840820	-51.174961
9792.224121	-51.724636
9797.607422	-52.493420
9802.990723	-53.349205
9808.374023	-54.178616
9813.757324	-54.727104
9819.140625	-54.893597
9824.523926	-55.167049
9829.907227	-55.743767
9835.290527	-56.275372
9840.673828	-56.575840
9846.057129	-56.707886
9851.440430	-56.861813
9856.823730	-57.263481
9862.207031	-58.028072
9867.590332	-59.128971
9872.973633	-60.478146
9878.356934	-61.844501
9883.740234	-62.459644
9889.123535	-61.672356
9894.506836	-59.986057
9899.890137	-58.294827
9905.273438	-56.782066
9910.656738	-55.454784
9916.040039	-54.415279
9921.423340	-53.657364
9926.806641	-53.238537
9932.189941	-53.122345
9937.573242	-53.199123
9942.956543	-53.261391
9948.339844	-53.080082
9953.723145	-52.664906
9959.106445	-52.115952
9964.489746	-51.555504
9969.873047	-51.068207
9975.256348	-50.736126
9980.639648	-50.605572
9986.022949	-50.727055
9991.406250	-51.073227
9996.789551	-51.581963
10002.172852	-52.239109
10007.556152	-53.038448
10012.939453	-53.956017
10018.322754	-54.911396
10023.706055	-55.814892
10029.089355	-56.500088
10034.472656	-56.885921
10039.855957	-57.026810
10045.239258	-56.888321
10050.622559	-56.468773
10056.005859	-55.957859
10061.389160	-55.663963
10066.772461	-55.673431
10072.155762	-55.920219
10077.539062	-56.329498
10082.922363	-56.871311
10088.305664	-57.518906
10093.688965	-58.236675
10099.072266	-59.164848
10104.455566	-60.576397
10109.838867	-62.699650
10115.222168	-65.798790
10120.605469	-70.874939
10125.988770	-79.644608
10131.372070	-72.191734
10136.755371	-67.174568
10142.138672	-64.536469
10147.521973	-63.033516
10152.905273	-62.165005
10158.288574	-61.633022
10163.671875	-61.283016
10169.055176	-60.793812
10174.438477	-60.215225
10179.821777	-59.699284
10185.205078	-59.473198
10190.588379	-59.631218
10195.971680	-60.227108
10201.354980	-61.303726
10206.738281	-62.709633
10212.121582	-64.151764
10217.504883	-64.636345
10222.888184	-63.181293
10228.271484	-60.727478
10233.654785	-58.275639
10239.038086	-56.358727
10244.421387	-55.089233
10249.804688	-54.324001
10255.187988	-53.995136
10260.571289	-54.073750
10265.954590	-54.538151
10271.337891	-55.338718
10276.721191	-56.260651
10282.104492	-56.986263
10287.487793	-57.279408
10292.871094	-57.192238
10298.254395	-57.017139
10303.637695	-56.909389
10309.020996	-56.985550
10314.404297	-57.316631
10319.787598	-57.741924
10325.170898	-58.109810
10330.554199	-58.341019
10335.937500	-58.467010
10341.320801	-58.321049
10346.704102	-57.951160
10352.087402	-57.600765
10357.470703	-57.358154
10362.854004	-57.345592
10368.237305	-57.591602
10373.620605	-58.017586
10379.003906	-58.749767
10384.387207	-59.878738
10389.770508	-61.346603
10395.153809	-62.929871
10400.537109	-64.720276
10405.920410	-66.526848
10411.303711	-67.875816
10416.687012	-68.410950
10422.070312	-68.412498
10427.453613	-68.737617
10432.836914	-69.933090
10438.220215	-70.450989
10443.603516	-68.361031
10448.986816	-65.433640
10454.370117	-63.196705
10459.753418	-61.881641
10465.136719	-61.413456
10470.520020	-61.672180
10475.903320	-62.343754
10481.286621	-62.917320
10486.669922	-62.344913
10492.053223	-60.684242
10497.436523	-59.087093
10502.819824	-57.864632
10508.203125	-57.070934
10513.586426	-56.667618
10518.969727	-56.564377
10524.353027	-56.594093
10529.736328	-56.671307
10535.119629	-56.821552
10540.502930	-57.137272
10545.886230	-57.641895
10551.269531	-58.338356
10556.652832	-59.124779
10562.036133	-59.899105
10567.419434	-60.508774
10572.802734	-60.930664
10578.186035	-61.209953
10583.569336	-61.438148
10588.952637	-61.696648
10594.335938	-61.784763
10599.719238	-61.466614
10605.102539	-60.758652
10610.485840	-59.783497
10615.869141	-58.866116
10621.252441	-58.135143
10626.635742	-57.565689
10632.019043	-57.299698
10637.402344	-57.434235
10642.785645	-57.894508
10648.168945	-58.640472
10653.552246	-59.724140
10658.935547	-61.224228
10664.318848	-63.095863
10669.702148	-64.853676
10675.085449	-65.881447
10680.468750	-65.810699
10685.852051	-65.164444
10691.235352	-64.194649
10696.618652	-63.455032
10702.001953	-63.526783
10707.385254	-64.494194
10712.768555	-66.548431
10718.151855	-70.426285
10723.535156	-77.252373
10728.918457	-87.389076
10734.301758	-81.340309
10739.685059	-76.517319
10745.068359	-73.126389
10750.451660	-70.241379
10755.834961	-68.248810
10761.218262	-67.027451
10766.601562	-65.848900
10771.984863	-65.121338
10777.368164	-64.940285
10782.751465	-64.766983
10788.134766	-65.423988
10793.518066	-66.424019
10798.901367	-66.054184
10804.284668	-64.531837
10809.667969	-62.338017
10815.051270	-60.511944
10820.434570	-59.635311
10825.817871	-59.351845
10831.201172	-59.563530
10836.584473	-60.166367
10841.967773	-60.942825
10847.351074	-61.882996
10852.734375	-62.876736
10858.117676	-63.715675
10863.500977	-64.099968
10868.884277	-63.801907
10874.267578	-62.947220
10879.650879	-61.942406
10885.034180	-61.131847
10890.417480	-60.635754
10895.800781	-60.572243
10901.184082	-60.769913
10906.567383	-61.098248
10911.950684	-61.591553
10917.333984	-62.359432
10922.717285	-63.548008
10928.100586	-65.128433
10933.483887	-66.918907
10938.867188	-68.520592
10944.250488	-68.006538
10949.633789	-66.091965
10955.017090	-65.890251
10960.400391	-66.724472
10965.783691	-66.884033
10971.166992	-65.930099
10976.550293	-64.507118
10981.933594	-63.469856
10987.316895	-62.859982
10992.700195	-62.627800
10998.083496	-62.626549
11003.466797	-62.911804
11008.850098	-63.451153
11014.233398	-64.004112
11019.616699	-64.616684
11025.000000	-65.414001
11030.383301	-66.380524
11035.766602	-67.472206
11041.149902	-68.384804
11046.533203	-69.539597
11051.916504	-70.680786
11057.299805	-70.056084
11062.683105	-67.525894
11068.066406	-64.978363
11073.449707	-63.063042
11078.833008	-61.825665
11084.216309	-61.027000
11089.599609	-60.557339
11094.982910	-60.448219
11100.366211	-60.647011
11105.749512	-61.152683
11111.132812	-61.928383
11116.516113	-62.867771
11121.899414	-63.865795
11127.282715	-65.050903
11132.666016	-66.501808
11138.049316	-67.920464
11143.432617	-69.477325
11148.815918	-71.163033
11154.199219	-73.161407
11159.582520	-75.599060
11164.965820	-77.375809
11170.349121	-77.889488
11175.732422	-78.019478
11181.115723	-78.090775
11186.499023	-78.418098
11191.882324	-77.596710
11197.265625	-75.491470
11202.648926	-73.862686
11208.032227	-72.450378
11213.415527	-71.223763
11218.798828	-70.226952
11224.182129	-69.503738
11229.565430	-69.155464
11234.948730	-68.977486
11240.332031	-68.803177
11245.715332	-68.725044
11251.098633	-68.494041
11256.481934	-68.003433
11261.865234	-67.359352
11267.248535	-66.914352
11272.631836	-66.839516
11278.015137	-66.870270
11283.398438	-66.768593
11288.781738	-66.324821
11294.165039	-65.599777
11299.548340	-64.822113
11304.931641	-64.228333
11310.314941	-63.817955
11315.698242	-63.611042
11321.081543	-63.596420
11326.464844	-63.955101
11331.848145	-64.678467
11337.231445	-65.582130
11342.614746	-66.719688
11347.998047	-68.147034
11353.381348	-69.983444
11358.764648	-72.228218
11364.147949	-74.561592
11369.531250	-76.504860
11374.914551	-77.502892
11380.297852	-78.519310
11385.681152	-80.506233
11391.064453	-82.303764
11396.447754	-79.667778
11401.831055	-75.748596
11407.214355	-73.133568
11412.597656	-71.285271
11417.980957	-70.141602
11423.364258	-69.505554
11428.747559	-69.286110
11434.130859	-69.689377
11439.514160	-70.626999
11444.897461	-72.205528
11450.280762	-74.405952
11455.664062	-76.865334
11461.047363	-78.332314
11466.430664	-76.696434
11471.813965	-74.020325
11477.197266	-71.770859
11482.580566	-70.102402
11487.963867	-68.918167
11493.347168	-68.221611
11498.730469	-67.846397
11504.113770	-67.479942
11509.497070	-67.005463
11514.880371	-66.441566
11520.263672	-66.006371
11525.646973	-65.787277
11531.030273	-65.700600
11536.413574	-65.747231
11541.796875	-66.009018
11547.180176	-66.351257
11552.563477	-66.731308
11557.946777	-67.093903
11563.330078	-67.040672
11568.713379	-66.474976
11574.096680	-66.233406
11579.479980	-66.352303
11584.863281	-66.408295
11590.246582	-66.803185
11595.629883	-67.858910
11601.013184	-69.345154
11606.396484	-71.090904
11611.779785	-72.672333
11617.163086	-73.278618
11622.546387	-73.141914
11627.929688	-72.670250
11633.312988	-72.742996
11638.696289	-73.323898
11644.079590	-73.553391
11649.462891	-73.401711
11654.846191	-73.155022
11660.229492	-73.033806
11665.612793	-72.724518
11670.996094	-71.570877
11676.379395	-69.521210
11681.762695	-67.290359
11687.145996	-65.318871
11692.529297	-63.804478
11697.912598	-62.748520
11703.295898	-62.208881
11708.679199	-62.100803
11714.062500	-62.352665
11719.445801	-62.953430
11724.829102	-63.568954
11730.212402	-63.776516
11735.595703	-63.702682
11740.979004	-63.537109
11746.362305	-63.243309
11751.745605	-62.922466
11757.128906	-62.684769
11762.512207	-62.569202
11767.895508	-62.408497
11773.278809	-62.132637
11778.662109	-61.963234
11784.045410	-62.002106
11789.428711	-62.185299
11794.812012	-62.483696
11800.195312	-62.889648
11805.578613	-63.407883
11810.961914	-63.973057
11816.345215	-64.542389
11821.728516	-65.356850
11827.111816	-66.536018
11832.495117	-68.592300
11837.878418	-72.146416
11843.261719	-79.145920
11848.645020	-79.754028
11854.028320	-71.668480
11859.411621	-67.531197
11864.794922	-65.189369
11870.178223	-63.913078
11875.561523	-63.392551
11880.944824	-63.578896
11886.328125	-64.471138
11891.711426	-66.181557
11897.094727	-68.768799
11902.478027	-71.702332
11907.861328	-73.314919
11913.244629	-73.187622
11918.627930	-73.079285
11924.011230	-73.769463
11929.394531	-75.146049
11934.777832	-76.070923
11940.161133	-75.034874
11945.544434	-72.668884
11950.927734	-70.660072
11956.311035	-69.205154
11961.694336	-68.138130
11967.077637	-67.571167
11972.460938	-67.655518
11977.844238	-68.744720
11983.227539	-71.046783
11988.610840	-74.721237
11993.994141	-77.124481
11999.377441	-74.747261
12004.760742	-71.390846
12010.144043	-69.094864
12015.527344	-68.070168
12020.910645	-67.604446
12026.293945	-67.360703
12031.677246	-66.907555
12037.060547	-66.011093
12042.443848	-64.947350
12047.827148	-64.135193
12053.210449	-63.653400
12058.593750	-63.501743
12063.977051	-63.618671
12069.360352	-63.971294
12074.743652	-64.441681
12080.126953	-64.959015
12085.510254	-65.602913
12090.893555	-66.532822
12096.276855	-67.720322
12101.660156	-69.099533
12107.043457	-70.358757
12112.426758	-70.906624
12117.810059	-70.674103
12123.193359	-70.072266
12128.576660	-69.616379
12133.959961	-69.447960
12139.343262	-69.171478
12144.726562	-68.611000
12150.109863	-67.568855
12155.493164	-65.970245
12160.876465	-64.323235
12166.259766	-62.920784
12171.643066	-61.812298
12177.026367	-61.022388
12182.409668	-60.547558
12187.792969	-60.509743
12193.176270	-60.993492
12198.559570	-62.017231
12203.942871	-63.641499
12209.326172	-65.669373
12214.709473	-67.133476
12220.092773	-66.858986
12225.476074	-65.657646
12230.859375	-64.729401
12236.242676	-64.497337
12241.625977	-64.964920
12247.009277	-66.216690
12252.392578	-68.340652
12257.775879	-70.898849
12263.159180	-72.238762
12268.542480	-70.929153
12273.925781	-68.588120
12279.309082	-66.613899
12284.692383	-65.252678
12290.075684	-64.361000
12295.458984	-63.864372
12300.842285	-63.687538
12306.225586	-63.935841
12311.608887	-64.651787
12316.992188	-65.721970
12322.375488	-67.223579
12327.758789	-69.129730
12333.142090	-70.807678
12338.525391	-70.876610
12343.908691	-69.000053
12349.291992	-66.931656
12354.675293	-65.464554
12360.058594	-64.705635
12365.441895	-64.692070
12370.825195	-65.526100
12376.208496	-67.444740
12381.591797	-70.470924
12386.975098	-71.989189
12392.358398	-68.917053
12397.741699	-65.729073
12403.125000	-63.533478
12408.508301	-62.194191
12413.891602	-61.503914
12419.274902	-61.114269
12424.658203	-60.765614
12430.041504	-60.322948
12435.424805	-59.814816
12440.808105	-59.438938
12446.191406	-59.282700
12451.574707	-59.471832
12456.958008	-60.018375
12462.341309	-60.874969
12467.724609	-61.913498
12473.107910	-62.906616
12478.491211	-63.650761
12483.874512	-63.965214
12489.257812	-63.731533
12494.641113	-63.209534
12500.024414	-62.637043
12505.407715	-62.201008
12510.791016	-62.008278
12516.174316	-62.068687
12521.557617	-62.306709
12526.940918	-62.670307
12532.324219	-63.192249
12537.707520	-63.931740
12543.090820	-65.151207
12548.474121	-67.390900
12553.857422	-71.559685
12559.240723	-76.076576
12564.624023	-70.334793
12570.007324	-65.595795
12575.390625	-62.802200
12580.773926	-61.185856
12586.157227	-60.444363
12591.540527	-60.357693
12596.923828	-60.899628
12602.307129	-62.136871
12607.690430	-64.093895
12613.073730	-67.079178
12618.457031	-72.021263
12623.840332	-79.519409
12629.223633	-73.843170
12634.606934	-68.501045
12639.990234	-65.452332
12645.373535	-63.650585
12650.756836	-62.681583
12656.140137	-62.297161
12661.523438	-62.497650
12666.906738	-63.279957
12672.290039	-64.615456
12677.673340	-66.481239
12683.056641	-68.634239
12688.439941	-70.948120
12693.823242	-73.335854
12699.206543	-75.950577
12704.589844	-79.140686
12709.973145	-81.013466
12715.356445	-79.294624
12720.739746	-77.417999
12726.123047	-76.678154
12731.506348	-77.196793
12736.889648	-77.841553
12742.272949	-75.874176
12747.656250	-72.690193
12753.039551	-70.522713
12758.422852	-69.338638
12763.806152	-68.828392
12769.189453	-68.693321
12774.572754	-68.809814
12779.956055	-69.072014
12785.339355	-69.346977
12790.722656	-69.291824
12796.105957	-68.982086
12801.489258	-68.707375
12806.872559	-68.593628
12812.255859	-68.909813
12817.639160	-69.675621
12823.022461	-70.825279
12828.405762	-72.619743
12833.789062	-75.016548
12839.172363	-76.520287
12844.555664	-74.803886
12849.938965	-71.895081
12855.322266	-69.388062
12860.705566	-67.587456
12866.088867	-66.466118
12871.472168	-65.976265
12876.855469	-65.893784
12882.238770	-65.975471
12887.622070	-66.034836
12893.005371	-65.774887
12898.388672	-65.330902
12903.771973	-65.088303
12909.155273	-65.269348
12914.538574	-65.989037
12919.921875	-67.515289
12925.305176	-70.114128
12930.688477	-74.670998
12936.071777	-84.261314
12941.455078	-81.326813
12946.838379	-75.417000
12952.221680	-73.144608
12957.604980	-72.846886
12962.988281	-74.235771
12968.371582	-75.674362
12973.754883	-73.993073
12979.138184	-70.917725
12984.521484	-68.714035
12989.904785	-67.339706
12995.288086	-66.564186
13000.671387	-66.130005
13006.054688	-65.698814
13011.437988	-65.079750
13016.821289	-64.314026
13022.204590	-63.632645
13027.587891	-63.193810
13032.971191	-63.066727
13038.354492	-63.188633
13043.737793	-63.459854
13049.121094	-63.854050
13054.504395	-64.394737
13059.887695	-65.039459
13065.270996	-65.700684
13070.654297	-66.432030
13076.037598	-66.966629
13081.420898	-66.738312
13086.804199	-65.974655
13092.187500	-64.978340
13097.570801	-63.962238
13102.954102	-63.116539
13108.337402	-62.492481
13113.720703	-62.222866
13119.104004	-62.306149
13124.487305	-62.649319
13129.870605	-63.225136
13135.253906	-63.875351
13140.637207	-64.257706
13146.020508	-64.183472
13151.403809	-64.031601
13156.787109	-63.979462
13162.170410	-64.043976
13167.553711	-64.204872
13172.937012	-64.433762
13178.320312	-64.537735
13183.703613	-64.441902
13189.086914	-64.276299
13194.470215	-64.035210
13199.853516	-63.825802
13205.236816	-63.958473
13210.620117	-64.421295
13216.003418	-65.126923
13221.386719	-65.635170
13226.770020	-65.760742
13232.153320	-65.898270
13237.536621	-66.380638
13242.919922	-67.542053
13248.303223	-69.566071
13253.686523	-70.875008
13259.069824	-69.038261
13264.453125	-66.143898
13269.836426	-64.027527
13275.219727	-62.624989
13280.603027	-61.733788
13285.986328	-61.275692
13291.369629	-61.054379
13296.752930	-60.876793
13302.136230	-60.633041
13307.519531	-60.442158
13312.902832	-60.320065
13318.286133	-60.335892
13323.669434	-60.506306
13329.052734	-60.787193
13334.436035	-61.107796
13339.819336	-61.427948
13345.202637	-61.564972
13350.585938	-61.523872
13355.969238	-61.499149
13361.352539	-61.562229
13366.735840	-61.623554
13372.119141	-61.708385
13377.502441	-61.870007
13382.885742	-62.035988
13388.269043	-62.305019
13393.652344	-62.622208
13399.035645	-62.875294
13404.418945	-63.018909
13409.802246	-63.198872
13415.185547	-63.666679
13420.568848	-64.581818
13425.952148	-66.199760
13431.335449	-68.280762
13436.718750	-69.809532
13442.102051	-69.456841
13447.485352	-68.077942
13452.868652	-67.206947
13458.251953	-67.093651
13463.635254	-67.375465
13469.018555	-67.411232
13474.401855	-66.629272
13479.785156	-65.280533
13485.168457	-63.858170
13490.551758	-62.704723
13495.935059	-61.826385
13501.318359	-61.195618
13506.701660	-60.794491
13512.084961	-60.559891
13517.468262	-60.497288
13522.851562	-60.704571
13528.234863	-61.242558
13533.618164	-62.250118
13539.001465	-63.748661
13544.384766	-65.788185
13549.768066	-68.516884
13555.151367	-71.739922
13560.534668	-74.861595
13565.917969	-75.759392
13571.301270	-74.069672
13576.684570	-72.034637
13582.067871	-70.786980
13587.451172	-70.584869
13592.834473	-70.222946
13598.217773	-69.286240
13603.601074	-68.389557
13608.984375	-67.466637
13614.367676	-66.410629
13619.750977	-65.582603
13625.134277	-64.970818
13630.517578	-64.726944
13635.900879	-64.970657
13641.284180	-65.791336
13646.667480	-67.094360
13652.050781	-68.435799
13657.434082	-68.569450
13662.817383	-67.046463
13668.200684	-65.267693
13673.583984	-63.827633
13678.967285	-62.868923
13684.350586	-62.346355
13689.733887	-62.102646
13695.117188	-62.020569
13700.500488	-61.923264
13705.883789	-61.701160
13711.267090	-61.388588
13716.650391	-61.011272
13722.033691	-60.606293
13727.416992	-60.260571
13732.800293	-60.127396
13738.183594	-60.239483
13743.566895	-60.662643
13748.950195	-61.422718
13754.333496	-62.493805
13759.716797	-63.842762
13765.100098	-65.401390
13770.483398	-67.208588
13775.866699	-69.612396
13781.250000	-72.984711
13786.633301	-78.368759
13792.016602	-81.475952
13797.399902	-75.815125
13802.783203	-71.997955
13808.166504	-69.919556
13813.549805	-69.078087
13818.933105	-69.451546
13824.316406	-71.389542
13829.699707	-75.194359
13835.083008	-79.327492
13840.466309	-74.915512
13845.849609	-70.424828
13851.232910	-67.621742
13856.616211	-65.730927
13861.999512	-64.230896
13867.382812	-62.868523
13872.766113	-61.630241
13878.149414	-60.540958
13883.532715	-59.723408
13888.916016	-59.213863
13894.299316	-58.943932
13899.682617	-58.887245
13905.065918	-58.974461
13910.449219	-59.150360
13915.832520	-59.335743
13921.215820	-59.389290
13926.599121	-59.300083
13931.982422	-59.152218
13937.365723	-59.000084
13942.749023	-58.925049
13948.132324	-58.837971
13953.515625	-58.602722
13958.898926	-58.190689
13964.282227	-57.700302
13969.665527	-57.255329
13975.048828	-56.898758
13980.432129	-56.723103
13985.815430	-56.784611
13991.198730	-57.169785
13996.582031	-57.924786
14001.965332	-59.074234
14007.348633	-60.604847
14012.731934	-62.413742
14018.115234	-63.743980
14023.498535	-63.693474
14028.881836	-62.539608
14034.265137	-61.303177
14039.648438	-60.273914
14045.031738	-59.463524
14050.415039	-58.913918
14055.798340	-58.537746
14061.181641	-58.312752
14066.564941	-58.292366
14071.948242	-58.597088
14077.331543	-59.317970
14082.714844	-60.534550
14088.098145	-62.399471
14093.481445	-65.050758
14098.864746	-68.809471
14104.248047	-73.543793
14109.631348	-75.301987
14115.014648	-72.798874
14120.397949	-70.777092
14125.781250	-69.873573
14131.164551	-69.546974
14136.547852	-69.745262
14141.931152	-70.487373
14147.314453	-71.736931
14152.697754	-73.832436
14158.081055	-76.220413
14163.464355	-75.101341
14168.847656	-71.479782
14174.230957	-68.734970
14179.614258	-67.086929
14184.997559	-66.365288
14190.380859	-66.215569
14195.764160	-66.436768
14201.147461	-66.860619
14206.530762	-67.391960
14211.914062	-68.203072
14217.297363	-69.312065
14222.680664	-70.487595
14228.063965	-71.601486
14233.447266	-72.691689
14238.830566	-74.009598
14244.213867	-72.853195
14249.597168	-69.201416
14254.980469	-65.950249
14260.363770	-63.365242
14265.747070	-61.361801
14271.130371	-59.903564
14276.513672	-58.903709
14281.896973	-58.313519
14287.280273	-58.098557
14292.663574	-58.209328
14298.046875	-58.556103
14303.430176	-58.933876
14308.813477	-59.163742
14314.196777	-59.186977
14319.580078	-58.993908
14324.963379	-58.766556
14330.346680	-58.629017
14335.729980	-58.530743
14341.113281	-58.430389
14346.496582	-58.303604
14351.879883	-58.097542
14357.263184	-57.913803
14362.646484	-57.840591
14368.029785	-57.941483
14373.413086	-58.251934
14378.796387	-58.791973
14384.179688	-59.591080
14389.562988	-60.570740
14394.946289	-61.672459
14400.329590	-62.945839
14405.712891	-64.326927
14411.096191	-65.479118
14416.479492	-66.019157
14421.862793	-66.292404
14427.246094	-66.786011
14432.629395	-67.476593
14438.012695	-67.718918
14443.395996	-67.014755
14448.779297	-65.211395
14454.162598	-62.967350
14459.545898	-61.375393
14464.929199	-60.416801
14470.312500	-59.910049
14475.695801	-59.700958
14481.079102	-59.665974
14486.462402	-59.848980
14491.845703	-60.211586
14497.229004	-60.686901
14502.612305	-61.185661
14507.995605	-61.681271
14513.378906	-62.199261
14518.762207	-62.756294
14524.145508	-63.403168
14529.528809	-64.266548
14534.912109	-65.573875
14540.295410	-67.491127
14545.678711	-69.798607
14551.062012	-70.921730
14556.445312	-68.789261
14561.828613	-65.765450
14567.211914	-63.688751
14572.595215	-62.508743
14577.978516	-62.006310
14583.361816	-62.159122
14588.745117	-62.924023
14594.128418	-64.365807
14599.511719	-66.599861
14604.895020	-69.745377
14610.278320	-74.363708
14615.661621	-81.530037
14621.044922	-78.204102
14626.428223	-71.616310
14631.811523	-67.891037
14637.194824	-65.738838
14642.578125	-64.506645
14647.961426	-64.185654
14653.344727	-64.797920
14658.728027	-66.468498
14664.111328	-69.745224
14669.494629	-76.197784
14674.877930	-77.511566
14680.261230	-69.886032
14685.644531	-65.952087
14691.027832	-63.509708
14696.411133	-61.910835
14701.794434	-60.896221
14707.177734	-60.284027
14712.561035	-59.986538
14717.944336	-60.037437
14723.327637	-60.497662
14728.710938	-61.365700
14734.094238	-62.589886
14739.477539	-64.164246
14744.860840	-66.388702
14750.244141	-69.246872
14755.627441	-71.757179
14761.010742	-73.371193
14766.394043	-74.506279
14771.777344	-75.684853
14777.160645	-78.141891
14782.543945	-83.144028
14787.927246	-88.146790
14793.310547	-82.857948
14798.693848	-80.284264
14804.077148	-79.927757
14809.460449	-79.949402
14814.843750	-80.183815
14820.227051	-79.387848
14825.610352	-76.947411
14830.993652	-73.897743
14836.376953	-70.808418
14841.760254	-68.132095
14847.143555	-66.057098
14852.526855	-64.568916
14857.910156	-63.741898
14863.293457	-63.544975
14868.676758	-63.991871
14874.060059	-64.841988
14879.443359	-65.890457
14884.826660	-66.754005
14890.209961	-66.868286
14895.593262	-66.487556
14900.976562	-66.200768
14906.359863	-66.241875
14911.743164	-66.520546
14917.126465	-66.966911
14922.509766	-67.136116
14927.893066	-66.652550
14933.276367	-66.059868
14938.659668	-65.742493
14944.042969	-66.008484
14949.426270	-66.935280
14954.809570	-68.145584
14960.192871	-68.875458
14965.576172	-67.692772
14970.959473	-65.669205
14976.342773	-64.049370
14981.726074	-63.037430
14987.109375	-62.688732
14992.492676	-62.800018
14997.875977	-63.268822
15003.259277	-64.042213
15008.642578	-65.219673
15014.025879	-66.811043
15019.409180	-68.643448
15024.792480	-69.658318
15030.175781	-68.705101
15035.559082	-67.296776
15040.942383	-66.608871
15046.325684	-66.328087
15051.708984	-66.274345
15057.092285	-66.445992
15062.475586	-66.667328
15067.858887	-66.859512
15073.242188	-66.932198
15078.625488	-67.135292
15084.008789	-67.504913
15089.392090	-67.601028
15094.775391	-67.234802
15100.158691	-66.666359
15105.541992	-66.117508
15110.925293	-65.806877
15116.308594	-65.776115
15121.691895	-66.044807
15127.075195	-66.637489
15132.458496	-67.234116
15137.841797	-67.791023
15143.225098	-69.011559
15148.608398	-70.881310
15153.991699	-72.061455
15159.375000	-72.424591
15164.758301	-71.929626
15170.141602	-70.681747
15175.524902	-69.027962
15180.908203	-67.822273
15186.291504	-67.505188
15191.674805	-67.858002
15197.058105	-68.231560
15202.441406	-68.389511
15207.824707	-68.430099
15213.208008	-68.610741
15218.591309	-69.583305
15223.974609	-71.782303
15229.357910	-74.680923
15234.741211	-74.038437
15240.124512	-70.405205
15245.507812	-67.503937
15250.891113	-65.575081
15256.274414	-64.356140
15261.657715	-63.709351
15267.041016	-63.665253
15272.424316	-64.065742
15277.807617	-64.665688
15283.190918	-65.484840
15288.574219	-66.414177
15293.957520	-67.287491
15299.340820	-68.004395
15304.724121	-68.459106
15310.107422	-68.715698
15315.490723	-68.995659
15320.874023	-69.606422
15326.257324	-70.831375
15331.640625	-72.611496
15337.023926	-74.637032
15342.407227	-76.928398
15347.790527	-78.786629
15353.173828	-79.679672
15358.557129	-80.075829
15363.940430	-79.217834
15369.323730	-77.268219
15374.707031	-75.037598
15380.090332	-73.138809
15385.473633	-71.670235
15390.856934	-70.546867
15396.240234	-69.703934
15401.623535	-69.218712
15407.006836	-68.913956
15412.390137	-68.706528
15417.773438	-68.440353
15423.156738	-68.000961
15428.540039	-67.629150
15433.923340	-67.761047
15439.306641	-68.646469
15444.689941	-70.346855
15450.073242	-72.186615
15455.456543	-72.100372
15460.839844	-69.957787
15466.223145	-67.984055
15471.606445	-66.746666
15476.989746	-66.196930
15482.373047	-66.092278
15487.756348	-66.394295
15493.139648	-67.144554
15498.522949	-68.383675
15503.906250	-70.195740
15509.289551	-73.082558
15514.672852	-77.489311
15520.056152	-78.309380
15525.439453	-73.907257
15530.822754	-70.944916
15536.206055	-69.515045
15541.589355	-69.091354
15546.972656	-69.175362
15552.355957	-69.403618
15557.739258	-69.477303
15563.122559	-69.415115
15568.505859	-69.499466
15573.889160	-69.901474
15579.272461	-70.559563
15584.655762	-71.527420
15590.039062	-72.829376
15595.422363	-74.164337
15600.805664	-75.603622
15606.188965	-77.650360
15611.572266	-81.057083
15616.955566	-88.401833
15622.338867	-88.228088
15627.722168	-78.825562
15633.105469	-74.763687
15638.488770	-72.330612
15643.872070	-70.824455
15649.255371	-70.249413
15654.638672	-70.507149
15660.021973	-71.512856
15665.405273	-72.646179
15670.788574	-72.372269
15676.171875	-70.949516
15681.555176	-69.830627
15686.938477	-68.938560
15692.321777	-68.340782
15697.705078	-68.024223
15703.088379	-67.858910
15708.471680	-68.008690
15713.854980	-68.694519
15719.238281	-69.923126
15724.621582	-71.282814
15730.004883	-72.810791
15735.388184	-75.274864
15740.771484	-79.397171
15746.154785	-86.357040
15751.538086	-88.542625
15756.921387	-86.812248
15762.304688	-86.527832
15767.687988	-83.104927
15773.071289	-78.558556
15778.454590	-75.697044
15783.837891	-74.140160
15789.221191	-73.757675
15794.604492	-74.145493
15799.987793	-74.015244
15805.371094	-72.849312
15810.754395	-70.856865
15816.137695	-69.007324
15821.520996	-67.996696
15826.904297	-67.670708
15832.287598	-67.805473
15837.670898	-68.264244
15843.054199	-68.874107
15848.437500	-69.692802
15853.820801	-70.898560
15859.204102	-72.690681
15864.587402	-75.067932
15869.970703	-77.198700
15875.354004	-77.489510
15880.737305	-75.799347
15886.120605	-73.701859
15891.503906	-72.096130
15896.887207	-70.987000
15902.270508	-70.575294
15907.653809	-71.068375
15913.037109	-72.334694
15918.420410	-74.796684
15923.803711	-78.127602
15929.187012	-78.275871
15934.570312	-75.350395
15939.953613	-72.338661
15945.336914	-70.400276
15950.720215	-69.370941
15956.103516	-68.903214
15961.486816	-69.009514
15966.870117	-69.901711
15972.253418	-71.247993
15977.636719	-72.678192
15983.020020	-74.017868
15988.403320	-74.761482
15993.786621	-74.898994
15999.169922	-75.116890
16004.553223	-76.081596
16009.936523	-77.577370
16015.319824	-79.610023
16020.703125	-81.366661
16026.086426	-80.317986
16031.469727	-77.809563
16036.853027	-75.735466
16042.236328	-74.366287
16047.619629	-73.590286
16053.002930	-73.343719
16058.386230	-73.568810
16063.769531	-74.677376
16069.152832	-77.163261
16074.536133	-80.860085
16079.919434	-85.591522
16085.302734	-83.859406
16090.686035	-79.620148
16096.069336	-76.676903
16101.452637	-74.297073
16106.835938	-72.893661
16112.219238	-72.092621
16117.602539	-71.450172
16122.985840	-71.062988
16128.369141	-70.983459
16133.752441	-70.746407
16139.135742	-70.300941
16144.519043	-69.761208
16149.902344	-69.135597
16155.285645	-68.736259
16160.668945	-68.861588
16166.052246	-69.609505
16171.435547	-71.088509
16176.818848	-72.859558
16182.202148	-73.700623
16187.585449	-72.511147
16192.968750	-70.336639
16198.352051	-68.555702
16203.735352	-67.541679
16209.118652	-66.762627
16214.501953	-66.009239
16219.885254	-65.357140
16225.268555	-64.742676
16230.651855	-64.455246
16236.035156	-64.443504
16241.418457	-64.723587
16246.801758	-65.187912
16252.185059	-65.665550
16257.568359	-66.100899
16262.951660	-66.414299
16268.334961	-66.555489
16273.718262	-66.543938
16279.101562	-66.580894
16284.484863	-66.668777
16289.868164	-66.800209
16295.251465	-67.120255
16300.634766	-67.577957
16306.018066	-67.979111
16311.401367	-68.264168
16316.784668	-68.516029
16322.167969	-68.713844
16327.551270	-68.703712
16332.934570	-68.542107
16338.317871	-68.496605
16343.701172	-68.501457
16349.084473	-68.625534
16354.467773	-69.057983
16359.851074	-69.823418
16365.234375	-71.031342
16370.617676	-72.546974
16376.000977	-74.354759
16381.384277	-76.309639
16386.767578	-78.260254
16392.150879	-79.793327
16397.534180	-79.895744
16402.917480	-78.771133
16408.300781	-76.683228
16413.684082	-74.294601
16419.067383	-72.340103
16424.450684	-70.652771
16429.833984	-69.169540
16435.217285	-67.922668
16440.600586	-66.992897
16445.983887	-66.478920
16451.367188	-66.223343
16456.750488	-66.403603
16462.133789	-67.134766
16467.517090	-68.064796
16472.900391	-69.098213
16478.283691	-69.601662
16483.666992	-69.667595
16489.050293	-69.489990
16494.433594	-69.211418
16499.816895	-69.611389
16505.200195	-70.607513
16510.583496	-71.185516
16515.966797	-71.543022
16521.350098	-71.987648
16526.733398	-72.492554
16532.116699	-72.696846
16537.500000	-71.356018
16542.883301	-69.625206
16548.266602	-68.654037
16553.649902	-68.314072
16559.033203	-68.397400
16564.416504	-68.706772
16569.799805	-68.662453
16575.183105	-68.218040
16580.566406	-67.914085
16585.949707	-67.950630
16591.333008	-68.098549
16596.716309	-68.002640
16602.099609	-67.867485
16607.482910	-68.143570
16612.866211	-68.855591
16618.249512	-69.985527
16623.632812	-71.450188
16629.016113	-74.094467
16634.399414	-79.476379
16639.782715	-83.557419
16645.166016	-82.017342
16650.549316	-78.475845
16655.932617	-75.910828
16661.315918	-75.019882
16666.699219	-75.792511
16672.082520	-78.046089
16677.465820	-82.836914
16682.849121	-90.343445
16688.232422	-85.686546
16693.615723	-81.088409
16698.999023	-79.170143
16704.382324	-77.474724
16709.765625	-75.384697
16715.148926	-73.326759
16720.532227	-71.748848
16725.915527	-70.508942
16731.298828	-69.658096
16736.682129	-69.286186
16742.065430	-69.403069
16747.448730	-69.921318
16752.832031	-70.802383
16758.215332	-71.723076
16763.598633	-72.487183
16768.981934	-73.260353
16774.365234	-73.946838
16779.748535	-73.644470
16785.131836	-72.620338
16790.515137	-71.462387
16795.898438	-70.634201
16801.281738	-70.153908
16806.665039	-70.178917
16812.048340	-70.656715
16817.431641	-71.256851
16822.814941	-71.843208
16828.198242	-71.580971
16833.581543	-70.710258
16838.964844	-69.563469
16844.348145	-68.629578
16849.731445	-68.161331
16855.114746	-67.991814
16860.498047	-68.192673
16865.881348	-68.817917
16871.264648	-69.974876
16876.647949	-71.344864
16882.031250	-72.554825
16887.414551	-73.567085
16892.797852	-73.851753
16898.181152	-73.841042
16903.564453	-74.131126
16908.947754	-74.772919
16914.331055	-75.232346
16919.714355	-76.544220
16925.097656	-78.955490
16930.480957	-82.397400
16935.864258	-86.978027
16941.247559	-88.473473
16946.630859	-81.209534
16952.014160	-75.982040
16957.397461	-72.253967
16962.780762	-69.486465
16968.164062	-67.744705
16973.547363	-66.741280
16978.930664	-66.253349
16984.313965	-66.337250
16989.697266	-66.734550
16995.080566	-66.990265
17000.463867	-66.582527
17005.847168	-65.521713
17011.230469	-64.294868
17016.613770	-63.385902
17021.997070	-62.840363
17027.380371	-62.619347
17032.763672	-62.646519
17038.146973	-62.939495
17043.530273	-63.534527
17048.913574	-64.331200
17054.296875	-65.189545
17059.680176	-66.214272
17065.063477	-67.200195
17070.446777	-68.035179
17075.830078	-68.650475
17081.213379	-69.040726
17086.596680	-69.179253
17091.979980	-69.319061
17097.363281	-69.651543
17102.746582	-70.291039
17108.129883	-71.210945
17113.513184	-72.195908
17118.896484	-73.009445
17124.279785	-73.608131
17129.663086	-73.651123
17135.046387	-72.904831
17140.429688	-72.376236
17145.812988	-72.734993
17151.196289	-74.424660
17156.579590	-78.119385
17161.962891	-81.039413
17167.346191	-76.573395
17172.729492	-72.606728
17178.112793	-70.592873
17183.496094	-69.499542
17188.879395	-68.807892
17194.262695	-68.466225
17199.645996	-68.382637
17205.029297	-68.821770
17210.412598	-70.035645
17215.795898	-71.714989
17221.179199	-73.139107
17226.562500	-73.390373
17231.945801	-72.877663
17237.329102	-72.520027
17242.712402	-73.011406
17248.095703	-74.504440
17253.479004	-77.110634
17258.862305	-80.736069
17264.245605	-84.296913
17269.628906	-81.915657
17275.012207	-76.885834
17280.395508	-72.728874
17285.778809	-69.583138
17291.162109	-67.334686
17296.545410	-65.796799
17301.928711	-64.865929
17307.312012	-64.439026
17312.695312	-64.580002
17318.078613	-65.204865
17323.461914	-66.271027
17328.845215	-67.750412
17334.228516	-69.606346
17339.611816	-71.676407
17344.995117	-74.165802
17350.378418	-77.118111
17355.761719	-80.846634
17361.145020	-86.582962
17366.528320	-91.636116
17371.911621	-85.225266
17377.294922	-80.482689
17382.678223	-78.742615
17388.061523	-78.117432
17393.444824	-78.135384
17398.828125	-78.698929
17404.211426	-79.453529
17409.594727	-80.476501
17414.978027	-81.565239
17420.361328	-81.680702
17425.744629	-81.320946
17431.127930	-80.754128
17436.511230	-80.270279
17441.894531	-80.068466
17447.277832	-80.539398
17452.661133	-80.819023
17458.044434	-78.579689
17463.427734	-75.949364
17468.811035	-73.548805
17474.194336	-71.752808
17479.577637	-70.801163
17484.960938	-70.511055
17490.344238	-70.446548
17495.727539	-70.135689
17501.110840	-69.453407
17506.494141	-68.309792
17511.877441	-67.236320
17517.260742	-66.454926
17522.644043	-66.139160
17528.027344	-66.328453
17533.410645	-66.966522
17538.793945	-67.987946
17544.177246	-69.058601
17549.560547	-69.653831
17554.943848	-69.470619
17560.327148	-69.025047
17565.710449	-68.699715
17571.093750	-68.614525
17576.477051	-68.741005
17581.860352	-68.959908
17587.243652	-69.221970
17592.626953	-69.380539
17598.010254	-69.356590
17603.393555	-68.905563
17608.776855	-68.136734
17614.160156	-67.320244
17619.543457	-66.538490
17624.926758	-65.856781
17630.310059	-65.386467
17635.693359	-65.137085
17641.076660	-65.080750
17646.459961	-65.127708
17651.843262	-65.175941
17657.226562	-65.274742
17662.609863	-65.516716
17667.993164	-65.957535
17673.376465	-66.647568
17678.759766	-67.395714
17684.143066	-67.808342
17689.526367	-67.700424
17694.909668	-67.027290
17700.292969	-66.209732
17705.676270	-65.639404
17711.059570	-65.545876
17716.442871	-65.971138
17721.826172	-66.833702
17727.209473	-68.213737
17732.592773	-69.972702
17737.976074	-72.030067
17743.359375	-74.310661
17748.742676	-75.801125
17754.125977	-76.481613
17759.509277	-76.163475
17764.892578	-75.058601
17770.275879	-73.868156
17775.659180	-72.732094
17781.042480	-71.766800
17786.425781	-71.140724
17791.809082	-70.607910
17797.192383	-70.098457
17802.575684	-69.502205
17807.958984	-69.008759
17813.342285	-68.793861
17818.725586	-68.995407
17824.108887	-69.508606
17829.492188	-70.222832
17834.875488	-71.034218
17840.258789	-71.812958
17845.642090	-72.313522
17851.025391	-72.451958
17856.408691	-71.836510
17861.791992	-70.540642
17867.175293	-69.016632
17872.558594	-67.722359
17877.941895	-66.887451
17883.325195	-66.492775
17888.708496	-66.533882
17894.091797	-66.970184
17899.475098	-67.542099
17904.858398	-67.949905
17910.241699	-68.211807
17915.625000	-68.559418
17921.008301	-69.134300
17926.391602	-70.130875
17931.774902	-71.556068
17937.158203	-72.722000
17942.541504	-72.692535
17947.924805	-71.597603
17953.308105	-70.570473
17958.691406	-70.256210
17964.074707	-70.779610
17969.458008	-72.226143
17974.841309	-74.612228
17980.224609	-77.517830
17985.607910	-78.452522
17990.991211	-75.869576
17996.374512	-72.825958
18001.757812	-70.333969
18007.141113	-68.299461
18012.524414	-66.668922
18017.907715	-65.583153
18023.291016	-65.028954
18028.674316	-65.013596
18034.057617	-65.570198
18039.440918	-66.598534
18044.824219	-68.017357
18050.207520	-69.770493
18055.590820	-71.200294
18060.974121	-71.605644
18066.357422	-71.034409
18071.740723	-70.092316
18077.124023	-69.046410
18082.507324	-68.040405
18087.890625	-67.291191
18093.273926	-66.845993
18098.657227	-66.655510
18104.040527	-66.724922
18109.423828	-66.861839
18114.807129	-67.010971
18120.190430	-66.934677
18125.573730	-66.655869
18130.957031	-66.643433
18136.340332	-66.895638
18141.723633	-67.396324
18147.106934	-68.182358
18152.490234	-69.419502
18157.873535	-71.068932
18163.256836	-73.229996
18168.640137	-76.052155
18174.023438	-78.737640
18179.406738	-78.195816
18184.790039	-75.562416
18190.173340	-73.365395
18195.556641	-71.983902
18200.939941	-71.467896
18206.323242	-71.938217
18211.706543	-72.842979
18217.089844	-73.293182
18222.473145	-73.091133
18227.856445	-72.100929
18233.239746	-71.002151
18238.623047	-70.164139
18244.006348	-69.791855
18249.389648	-69.939842
18254.772949	-70.491028
18260.156250	-71.348976
18265.539551	-72.252129
18270.922852	-73.110802
18276.306152	-73.765366
18281.689453	-74.601532
18287.072754	-76.056435
18292.456055	-78.402351
18297.839355	-81.710396
18303.222656	-83.851601
18308.605957	-81.618568
18313.989258	-79.894493
18319.372559	-80.008705
18324.755859	-81.274002
18330.139160	-82.764595
18335.522461	-82.734352
18340.905762	-80.347626
18346.289062	-77.931259
18351.672363	-76.431152
18357.055664	-75.744255
18362.438965	-75.425880
18367.822266	-74.828796
18373.205566	-73.862160
18378.588867	-72.981575
18383.972168	-72.395203
18389.355469	-71.987183
18394.738770	-71.886925
18400.122070	-72.108521
18405.505371	-72.706589
18410.888672	-73.857162
18416.271973	-75.544540
18421.655273	-77.447929
18427.038574	-77.596512
18432.421875	-74.739594
18437.805176	-71.704506
18443.188477	-69.396980
18448.571777	-67.734047
18453.955078	-66.579483
18459.338379	-65.866394
18464.721680	-65.461700
18470.104980	-65.263710
18475.488281	-65.319229
18480.871582	-65.652336
18486.254883	-66.319939
18491.638184	-67.321838
18497.021484	-68.749458
18502.404785	-70.448227
18507.788086	-72.222466
18513.171387	-73.759430
18518.554688	-74.887123
18523.937988	-75.511292
18529.321289	-75.873436
18534.704590	-75.756363
18540.087891	-75.161919
18545.471191	-73.983078
18550.854492	-72.352005
18556.237793	-70.772392
18561.621094	-69.311905
18567.004395	-67.986519
18572.387695	-66.848434
18577.770996	-65.779770
18583.154297	-64.831230
18588.537598	-64.104218
18593.920898	-63.695107
18599.304199	-63.573650
18604.687500	-63.680580
18610.070801	-64.086617
18615.454102	-64.796501
18620.837402	-65.756439
18626.220703	-66.807129
18631.604004	-67.669991
18636.987305	-67.965775
18642.370605	-67.516960
18647.753906	-66.658562
18653.137207	-65.710777
18658.520508	-65.005424
18663.903809	-64.640053
18669.287109	-64.474205
18674.670410	-64.517075
18680.053711	-64.754150
18685.437012	-65.139740
18690.820312	-65.690971
18696.203613	-66.504585
18701.586914	-67.563461
18706.970215	-68.914268
18712.353516	-70.426628
18717.736816	-71.355621
18723.120117	-71.412926
18728.503418	-70.960312
18733.886719	-70.231979
18739.270020	-69.638641
18744.653320	-69.334419
18750.036621	-68.988144
18755.419922	-68.544441
18760.803223	-68.175583
18766.186523	-67.847214
18771.569824	-67.794861
18776.953125	-68.010826
18782.336426	-68.562302
18787.719727	-69.363525
18793.103027	-70.280518
18798.486328	-71.344872
18803.869629	-72.411102
18809.252930	-73.110443
18814.636230	-72.795395
18820.019531	-71.406845
18825.402832	-69.821526
18830.786133	-68.457710
18836.169434	-67.361877
18841.552734	-66.560120
18846.936035	-65.905556
18852.319336	-65.324829
18857.702637	-64.935959
18863.085938	-64.765205
18868.469238	-64.907104
18873.852539	-65.466034
18879.235840	-66.435547
18884.619141	-67.923279
18890.002441	-69.890236
18895.385742	-72.009941
18900.769043	-74.089386
18906.152344	-76.173889
18911.535645	-78.137856
18916.918945	-79.876518
18922.302246	-79.226173
18927.685547	-76.606354
18933.068848	-74.058983
18938.452148	-72.247757
18943.835449	-71.340614
18949.218750	-70.711746
18954.602051	-70.166405
18959.985352	-69.717125
18965.368652	-69.154175
18970.751953	-68.657753
18976.135254	-68.499901
18981.518555	-68.759796
18986.901855	-69.342583
18992.285156	-70.259003
18997.668457	-71.403015
19003.051758	-72.406624
19008.435059	-73.091591
19013.818359	-73.270859
19019.201660	-73.184372
19024.584961	-73.097748
19029.968262	-72.864082
19035.351562	-72.404968
19040.734863	-71.674644
19046.118164	-70.466301
19051.501465	-68.761436
19056.884766	-66.835464
19062.268066	-65.047310
19067.651367	-63.626286
19073.034668	-62.597336
19078.417969	-61.922512
19083.801270	-61.584450
19089.184570	-61.545921
19094.567871	-61.726841
19099.951172	-62.084763
19105.334473	-62.595470
19110.717773	-63.214943
19116.101074	-64.017952
19121.484375	-65.111626
19126.867676	-66.500557
19132.250977	-68.224335
19137.634277	-70.261826
19143.017578	-71.842873
19148.400879	-72.263283
19153.784180	-71.709053
19159.167480	-71.066223
19164.550781	-70.847595
19169.934082	-71.151375
19175.317383	-71.746147
19180.700684	-72.315666
19186.083984	-72.886528
19191.467285	-73.329491
19196.850586	-73.751160
19202.233887	-74.603905
19207.617188	-76.313919
19213.000488	-78.227158
19218.383789	-79.614418
19223.767090	-79.807053
19229.150391	-78.454521
19234.533691	-77.191879
19239.916992	-76.601288
19245.300293	-75.966270
19250.683594	-75.431770
19256.066895	-75.425980
19261.450195	-76.147949
19266.833496	-77.711632
19272.216797	-79.845085
19277.600098	-80.108635
19282.983398	-77.603531
19288.366699	-74.724510
19293.750000	-72.721687
19299.133301	-71.371796
19304.516602	-70.478241
19309.899902	-69.931908
19315.283203	-69.618309
19320.666504	-69.460213
19326.049805	-69.408257
19331.433105	-69.648521
19336.816406	-70.193932
19342.199707	-70.611107
19347.583008	-70.309479
19352.966309	-68.966721
19358.349609	-67.234497
19363.732910	-65.638641
19369.116211	-64.456421
19374.499512	-63.623337
19379.882812	-63.121822
19385.266113	-62.937607
19390.649414	-63.069450
19396.032715	-63.481655
19401.416016	-64.117401
19406.799316	-65.024254
19412.182617	-66.307152
19417.565918	-67.998161
19422.949219	-70.259651
19428.332520	-73.115479
19433.715820	-76.222404
19439.099121	-77.771614
19444.482422	-76.635933
19449.865723	-74.967392
19455.249023	-73.559784
19460.632324	-72.453545
19466.015625	-71.834358
19471.398926	-71.600533
19476.782227	-71.736359
19482.165527	-72.180367
19487.548828	-72.832771
19492.932129	-73.397430
19498.315430	-73.288803
19503.698730	-72.110275
19509.082031	-70.479218
19514.465332	-69.075142
19519.848633	-68.064331
19525.231934	-67.526932
19530.615234	-67.383408
19535.998535	-67.601204
19541.381836	-68.110527
19546.765137	-68.637810
19552.148438	-69.143204
19557.531738	-69.458611
19562.915039	-69.451286
19568.298340	-69.166954
19573.681641	-68.799622
19579.064941	-68.383003
19584.448242	-68.028381
19589.831543	-67.673317
19595.214844	-67.420097
19600.598145	-67.184906
19605.981445	-66.893806
19611.364746	-66.671692
19616.748047	-66.498573
19622.131348	-66.478966
19627.514648	-66.598824
19632.897949	-66.804520
19638.281250	-67.022568
19643.664551	-67.075974
19649.047852	-66.888771
19654.431152	-66.772240
19659.814453	-66.754967
19665.197754	-66.921631
19670.581055	-67.152512
19675.964355	-67.140793
19681.347656	-66.842651
19686.730957	-66.473274
19692.114258	-66.216789
19697.497559	-66.477203
19702.880859	-67.453560
19708.264160	-69.332603
19713.647461	-72.598900
19719.030762	-78.771034
19724.414062	-85.992783
19729.797363	-77.569870
19735.180664	-73.630692
19740.563965	-71.759773
19745.947266	-70.952827
19751.330566	-70.784874
19756.713867	-71.163063
19762.097168	-72.061417
19767.480469	-73.583054
19772.863770	-75.574829
19778.247070	-76.767448
19783.630371	-75.281044
19789.013672	-72.491486
19794.396973	-70.039970
19799.780273	-68.440750
19805.163574	-67.453056
19810.546875	-66.932503
19815.930176	-66.740463
19821.313477	-66.919098
19826.696777	-67.367722
19832.080078	-67.779808
19837.463379	-68.045532
19842.846680	-68.011658
19848.229980	-67.599930
19853.613281	-66.982964
19858.996582	-66.360199
19864.379883	-65.936440
19869.763184	-65.811378
19875.146484	-65.806313
19880.529785	-65.763176
19885.913086	-65.635185
19891.296387	-65.381058
19896.679688	-65.083557
19902.062988	-64.849220
19907.446289	-64.776855
19912.829590	-64.943382
19918.212891	-65.332893
19923.596191	-65.784775
19928.979492	-66.171806
19934.362793	-66.600471
19939.746094	-67.041306
19945.129395	-67.602760
19950.512695	-68.555008
19955.895996	-69.882385
19961.279297	-71.179337
19966.662598	-72.461647
19972.045898	-73.634399
19977.429199	-75.028687
19982.812500	-77.174324
19988.195801	-80.280205
19993.579102	-83.486092
19998.962402	-81.170601
20004.345703	-77.238983
20009.729004	-74.489075
20015.112305	-72.942047
20020.495605	-72.422768
20025.878906	-72.501602
20031.262207	-72.652046
20036.645508	-72.470512
20042.028809	-72.181442
20047.412109	-71.957436
20052.795410	-72.097878
20058.178711	-72.701172
20063.562012	-73.878883
20068.945312	-76.009781
20074.328613	-79.501198
20079.711914	-85.701889
20085.095215	-95.752243
20090.478516	-86.579269
20095.861816	-81.436485
20101.245117	-78.858459
20106.628418	-77.308357
20112.011719	-76.345375
20117.395020	-75.856262
20122.778320	-75.487846
20128.161621	-75.530380
20133.544922	-76.207123
20138.928223	-77.319626
20144.311523	-78.803848
20149.694824	-81.860916
20155.078125	-83.848106
20160.461426	-80.380798
20165.844727	-76.778343
20171.228027	-74.285324
20176.611328	-72.648262
20181.994629	-71.881020
20187.377930	-71.768570
20192.761230	-72.013680
20198.144531	-72.197342
20203.527832	-71.775993
20208.911133	-70.749420
20214.294434	-69.643402
20219.677734	-68.842430
20225.061035	-68.450455
20230.444336	-68.532089
20235.827637	-69.158058
20241.210938	-70.135056
20246.594238	-70.982201
20251.977539	-71.568748
20257.360840	-71.990669
20262.744141	-72.172211
20268.127441	-72.597343
20273.510742	-73.485580
20278.894043	-74.585335
20284.277344	-75.380943
20289.660645	-75.888351
20295.043945	-75.970055
20300.427246	-76.314499
20305.810547	-76.850693
20311.193848	-77.378632
20316.577148	-77.901741
20321.960449	-78.321388
20327.343750	-78.104507
20332.727051	-77.577606
20338.110352	-76.932892
20343.493652	-76.290581
20348.876953	-76.178284
20354.260254	-76.383224
20359.643555	-76.884224
20365.026855	-77.856155
20370.410156	-78.974701
20375.793457	-80.293007
20381.176758	-81.246582
20386.560059	-82.109077
20391.943359	-82.012451
20397.326660	-80.113533
20402.709961	-78.254044
20408.093262	-76.658089
20413.476562	-75.297661
20418.859863	-74.278221
20424.243164	-73.229622
20429.626465	-72.348030
20435.009766	-71.599426
20440.393066	-71.048584
20445.776367	-70.860992
20451.159668	-70.910583
20456.542969	-71.207199
20461.926270	-71.886406
20467.309570	-72.917862
20472.692871	-74.407791
20478.076172	-76.241920
20483.459473	-78.456116
20488.842773	-81.202881
20494.226074	-83.913322
20499.609375	-86.131516
20504.992676	-86.504501
20510.375977	-85.457924
20515.759277	-83.921928
20521.142578	-82.039673
20526.525879	-80.359093
20531.909180	-78.734001
20537.292480	-77.310112
20542.675781	-75.886780
20548.059082	-74.573006
20553.442383	-73.260506
20558.825684	-72.146828
20564.208984	-71.287804
20569.592285	-70.685852
20574.975586	-70.390457
20580.358887	-70.461090
20585.742188	-70.890289
20591.125488	-71.311913
20596.508789	-71.477722
20601.892090	-71.086624
20607.275391	-70.127914
20612.658691	-69.236252
20618.041992	-68.599739
20623.425293	-68.193138
20628.808594	-68.143188
20634.191895	-68.375191
20639.575195	-68.931084
20644.958496	-69.725082
20650.341797	-70.680916
20655.725098	-72.012726
20661.108398	-73.998871
20666.491699	-77.013016
20671.875000	-82.169098
20677.258301	-87.146179
20682.641602	-80.821236
20688.024902	-76.252365
20693.408203	-73.732147
20698.791504	-72.351723
20704.174805	-71.939850
20709.558105	-72.033432
20714.941406	-72.173080
20720.324707	-72.145752
20725.708008	-71.642998
20731.091309	-70.813080
20736.474609	-70.235168
20741.857910	-70.146545
20747.241211	-70.495453
20752.624512	-71.307114
20758.007812	-72.413261
20763.391113	-73.317444
20768.774414	-73.602844
20774.157715	-73.192688
20779.541016	-72.765633
20784.924316	-72.684952
20790.307617	-72.934685
20795.690918	-73.534683
20801.074219	-74.443268
20806.457520	-75.273857
20811.840820	-75.812576
20817.224121	-76.112694
20822.607422	-76.000511
20827.990723	-75.484795
20833.374023	-74.562447
20838.757324	-73.340179
20844.140625	-72.119720
20849.523926	-71.135109
20854.907227	-70.476006
20860.290527	-70.360283
20865.673828	-71.097008
20871.057129	-73.215683
20876.440430	-76.672310
20881.823730	-80.717064
20887.207031	-81.453781
20892.590332	-77.970940
20897.973633	-74.888992
20903.356934	-72.592979
20908.740234	-70.915596
20914.123535	-69.936401
20919.506836	-69.396896
20924.890137	-69.033760
20930.273438	-68.603783
20935.656738	-68.068192
20941.040039	-67.670502
20946.423340	-67.557037
20951.806641	-67.665634
20957.189941	-68.109001
20962.573242	-68.850235
20967.956543	-69.947556
20973.339844	-71.343155
20978.723145	-72.900848
20984.106445	-74.612747
20989.489746	-76.454567
20994.873047	-78.312866
21000.256348	-80.231705
21005.639648	-82.175781
21011.022949	-84.381119
21016.406250	-85.694923
21021.789551	-85.051666
21027.172852	-83.166862
21032.556152	-81.321716
21037.939453	-79.551338
21043.322754	-77.243431
21048.706055	-74.955978
21054.089355	-73.125473
21059.472656	-71.819557
21064.855957	-71.292206
21070.239258	-71.397736
21075.622559	-72.052353
21081.005859	-73.115448
21086.389160	-73.993317
21091.772461	-73.859711
21097.155762	-72.758202
21102.539062	-71.668327
21107.922363	-71.071632
21113.305664	-71.014580
21118.688965	-71.218285
21124.072266	-71.487144
21129.455566	-71.517143
21134.838867	-71.259155
21140.222168	-70.742622
21145.605469	-70.374702
21150.988770	-70.349030
21156.372070	-70.647141
21161.755371	-71.159050
21167.138672	-71.766487
21172.521973	-72.321854
21177.905273	-72.669411
21183.288574	-72.917206
21188.671875	-72.996475
21194.055176	-73.079979
21199.438477	-73.362221
21204.821777	-74.058624
21210.205078	-75.591187
21215.588379	-78.100899
21220.971680	-82.684319
21226.354980	-91.739937
21231.738281	-87.725113
21237.121582	-82.179779
21242.504883	-80.220123
21247.888184	-80.351059
21253.271484	-82.661964
21258.654785	-89.001236
21264.038086	-92.181900
21269.421387	-83.130188
21274.804688	-78.998329
21280.187988	-76.872070
21285.571289	-75.990334
21290.954590	-75.799629
21296.337891	-76.175186
21301.721191	-77.079605
21307.104492	-77.841454
21312.487793	-77.850609
21317.871094	-76.661865
21323.254395	-74.729813
21328.637695	-72.923920
21334.020996	-71.392517
21339.404297	-70.341652
21344.787598	-69.793999
21350.170898	-69.738396
21355.554199	-70.259918
21360.937500	-71.199371
21366.320801	-72.637611
21371.704102	-74.452820
21377.087402	-76.461922
21382.470703	-78.997742
21387.854004	-82.644829
21393.237305	-88.045776
21398.620605	-85.516190
21404.003906	-79.607613
21409.387207	-75.891464
21414.770508	-73.655670
21420.153809	-72.437073
21425.537109	-72.024429
21430.920410	-72.166458
21436.303711	-72.685951
21441.687012	-73.336082
21447.070312	-73.904808
21452.453613	-73.586670
21457.836914	-72.789536
21463.220215	-72.064064
21468.603516	-71.642860
21473.986816	-71.600471
21479.370117	-71.977768
21484.753418	-72.772652
21490.136719	-73.827377
21495.520020	-75.055382
21500.903320	-76.459770
21506.286621	-78.049225
21511.669922	-79.815392
21517.053223	-81.646385
21522.436523	-83.094604
21527.819824	-83.048828
21533.203125	-81.712303
21538.586426	-79.570839
21543.969727	-77.142906
21549.353027	-75.140366
21554.736328	-73.591614
21560.119629	-72.647751
21565.502930	-72.330330
21570.886230	-72.674118
21576.269531	-73.692429
21581.652832	-75.411438
21587.036133	-78.018898
21592.419434	-81.889839
21597.802734	-86.649643
21603.186035	-83.518967
21608.569336	-77.792389
21613.952637	-73.816765
21619.335938	-70.770210
21624.719238	-68.518402
21630.102539	-66.951187
21635.485840	-65.890007
21640.869141	-65.296318
21646.252441	-65.087143
21651.635742	-65.144135
21657.019043	-65.368134
21662.402344	-65.645676
21667.785645	-65.843597
21673.168945	-65.902504
21678.552246	-65.868530
21683.935547	-65.886253
21689.318848	-66.004639
21694.702148	-66.209679
21700.085449	-66.523590
21705.468750	-66.984688
21710.852051	-67.527901
21716.235352	-68.045998
21721.618652	-68.568390
21727.001953	-69.092255
21732.385254	-69.596779
21737.768555	-70.120262
21743.151855	-70.752762
21748.535156	-71.538963
21753.918457	-72.490303
21759.301758	-73.211273
21764.685059	-73.292816
21770.068359	-72.840469
21775.451660	-72.201912
21780.834961	-72.041641
21786.218262	-72.640747
21791.601562	-73.931946
21796.984863	-75.882553
21802.368164	-77.451088
21807.751465	-76.697235
21813.134766	-75.045761
21818.518066	-74.001839
21823.901367	-73.798706
21829.284668	-74.596710
21834.667969	-75.915260
21840.051270	-76.217827
21845.434570	-74.609642
21850.817871	-72.462975
21856.201172	-70.587067
21861.584473	-69.277908
21866.967773	-68.377769
21872.351074	-67.849464
21877.734375	-67.707275
21883.117676	-67.914963
21888.500977	-68.464859
21893.884277	-69.513153
21899.267578	-71.156075
21904.650879	-73.655434
21910.034180	-77.559059
21915.417480	-83.908615
21920.800781	-89.559654
21926.184082	-85.032593
21931.567383	-82.844322
21936.950684	-82.527664
21942.333984	-82.141296
21947.717285	-80.367317
21953.100586	-78.153419
21958.483887	-76.166824
21963.867188	-74.840996
21969.250488	-73.805954
21974.633789	-72.965950
21980.017090	-72.425720
21985.400391	-72.170731
21990.783691	-72.406464
21996.166992	-73.367455
22001.550293	-75.472275
22006.933594	-80.107376
22012.316895	-86.283562
22017.700195	-78.388100
22023.083496	-73.377235
22028.466797	-70.499344
22033.850098	-68.744011
22039.233398	-67.798737
22044.616699	-67.316750
