Frequency (Hz)	Level (dB)
5.383301	-27.651720
10.766602	-23.536583
16.149902	-21.504362
21.533203	-20.704697
26.916504	-20.752670
32.299805	-21.606928
37.683105	-23.072824
43.066406	-25.111784
48.449707	-28.310398
53.833008	-31.681734
59.216309	-30.988388
64.599609	-27.711027
69.982910	-25.206238
75.366211	-23.408722
80.749512	-22.298679
86.132812	-21.704792
91.516113	-21.475275
96.899414	-21.641430
102.282715	-22.256819
107.666016	-23.291292
113.049316	-25.063755
118.432617	-27.830025
123.815918	-32.065990
129.199219	-36.558929
134.582520	-32.861298
139.965820	-29.276550
145.349121	-27.062744
150.732422	-25.579748
156.115723	-25.162081
161.499023	-25.403929
166.882324	-25.977133
172.265625	-27.025318
177.648926	-28.780428
183.032227	-30.969824
188.415527	-33.279556
193.798828	-35.456921
199.182129	-35.442249
204.565430	-34.049988
209.948730	-33.797649
215.332031	-34.398521
220.715332	-34.060970
226.098633	-34.163578
231.481934	-34.391548
236.865234	-34.804039
242.248535	-36.220467
247.631836	-38.118603
253.015137	-38.655590
258.398438	-38.726059
263.781738	-37.511524
269.165039	-35.261257
274.548340	-32.098335
279.931641	-29.851068
285.314941	-30.344204
290.698242	-30.635904
296.081543	-31.155146
301.464844	-31.552464
306.848145	-31.645605
312.231445	-34.778843
317.614746	-38.563408
322.998047	-42.673634
328.381348	-49.174286
333.764648	-39.685493
339.147949	-36.543102
344.531250	-34.155548
349.914551	-30.329670
355.297852	-27.154848
360.681152	-26.694830
366.064453	-27.722244
371.447754	-29.264393
376.831055	-31.266153
382.214355	-30.750870
387.597656	-32.265137
392.980957	-32.175266
398.364258	-29.682997
403.747559	-29.956570
409.130859	-34.730499
414.514160	-47.797867
419.897461	-35.434044
425.280762	-28.474123
430.664062	-25.360336
436.047363	-24.461617
441.430664	-23.143345
446.813965	-22.097441
452.197266	-22.306955
457.580566	-21.967924
462.963867	-22.303114
468.347168	-25.101881
473.730469	-27.615698
479.113770	-30.299807
484.497070	-35.041466
489.880371	-33.199692
495.263672	-29.433680
500.646973	-30.189034
506.030273	-34.056778
511.413574	-31.055428
516.796875	-27.502628
522.180176	-25.929455
527.563477	-23.147783
532.946777	-22.887901
538.330078	-24.072384
543.713379	-24.757929
549.096680	-25.626963
554.479980	-27.625992
559.863281	-28.319139
565.246582	-28.420773
570.629883	-28.150665
576.013184	-28.059746
581.396484	-26.664639
586.779785	-25.502481
592.163086	-25.120388
597.546387	-26.437054
602.929688	-26.642723
608.312988	-29.637310
613.696289	-32.058262
619.079590	-39.036152
624.462891	-35.307140
629.846191	-27.821407
635.229492	-24.125431
640.612793	-21.981714
645.996094	-21.102104
651.379395	-21.581835
656.762695	-22.835270
662.145996	-24.634712
667.529297	-27.332663
672.912598	-30.690424
678.295898	-32.937534
683.679199	-34.131130
689.062500	-33.555908
694.445801	-32.156822
699.829102	-31.706705
705.212402	-32.477917
710.595703	-34.243660
715.979004	-35.167709
721.362305	-33.972137
726.745605	-32.789810
732.128906	-31.253790
737.512207	-30.541588
742.895508	-31.617531
748.278809	-38.267914
753.662109	-47.203674
759.045410	-42.414574
764.428711	-36.963566
769.812012	-35.628483
775.195312	-36.126488
780.578613	-35.919731
785.961914	-34.172569
791.345215	-32.824654
796.728516	-32.070210
802.111816	-32.433842
807.495117	-33.081196
812.878418	-32.864548
818.261719	-33.148544
823.645020	-33.874134
829.028320	-35.535080
834.411621	-40.898941
839.794922	-47.049576
845.178223	-51.573078
850.561523	-49.221252
855.944824	-46.289822
861.328125	-44.686749
866.711426	-41.697132
872.094727	-39.832787
877.478027	-38.283909
882.861328	-37.755329
888.244629	-38.638672
893.627930	-38.660007
899.011230	-38.494007
904.394531	-37.574913
909.777832	-37.058228
915.161133	-37.540092
920.544434	-37.759151
925.927734	-38.035130
931.311035	-38.391193
936.694336	-38.878311
942.077637	-39.161575
947.460938	-40.020454
952.844238	-41.260231
958.227539	-42.596737
963.610840	-43.902420
968.994141	-44.846222
974.377441	-45.758614
979.760742	-47.107658
985.144043	-44.479294
990.527344	-41.734520
995.910645	-39.708969
1001.293945	-37.877377
1006.677246	-36.190174
1012.060547	-35.033833
1017.443848	-35.474667
1022.827148	-35.747959
1028.210449	-35.233208
1033.593750	-36.249325
1038.977051	-38.705528
1044.360352	-39.092564
1049.743652	-40.633301
1055.126953	-45.183861
1060.510254	-50.791584
1065.893555	-51.734394
1071.276855	-49.298077
1076.660156	-48.790791
1082.043457	-50.842587
1087.426758	-52.749725
1092.810059	-52.615623
1098.193359	-53.121475
1103.576660	-48.112007
1108.959961	-42.041565
1114.343262	-39.609089
1119.726562	-39.421432
1125.109863	-40.395660
1130.493164	-41.673885
1135.876465	-42.976624
1141.259766	-45.753094
1146.643066	-50.167751
1152.026367	-51.816975
1157.409668	-49.606937
1162.792969	-48.371231
1168.176270	-47.760620
1173.559570	-46.746349
1178.942871	-47.992908
1184.326172	-49.337883
1189.709473	-50.803562
1195.092773	-50.035091
1200.476074	-48.583282
1205.859375	-46.357582
1211.242676	-43.572464
1216.625977	-42.343079
1222.009277	-42.275311
1227.392578	-42.234894
1232.775879	-41.991684
1238.159180	-41.393669
1243.542480	-40.468826
1248.925781	-40.465481
1254.309082	-41.065720
1259.692383	-41.228931
1265.075684	-42.260098
1270.458984	-44.844913
1275.842285	-48.833092
1281.225586	-49.743786
1286.608887	-50.578693
1291.992188	-51.077702
1297.375488	-50.475288
1302.758789	-47.342392
1308.142090	-45.945137
1313.525391	-44.677002
1318.908691	-42.596054
1324.291992	-42.272957
1329.675293	-42.132214
1335.058594	-41.450317
1340.441895	-40.228855
1345.825195	-39.657635
1351.208496	-40.311172
1356.591797	-42.783871
1361.975098	-45.640587
1367.358398	-49.004875
1372.741699	-55.859447
1378.125000	-52.835381
1383.508301	-49.705021
1388.891602	-49.499470
1394.274902	-48.465134
1399.658203	-46.420525
1405.041504	-45.112495
1410.424805	-45.421387
1415.808105	-48.442093
1421.191406	-47.357113
1426.574707	-46.328907
1431.958008	-46.663704
1437.341309	-47.963112
1442.724609	-47.264297
1448.107910	-45.757877
1453.491211	-43.860088
1458.874512	-42.290009
1464.257812	-42.311508
1469.641113	-41.759670
1475.024414	-41.493076
1480.407715	-43.001701
1485.791016	-44.338963
1491.174316	-44.575790
1496.557617	-44.470829
1501.940918	-44.898708
1507.324219	-45.901043
1512.707520	-46.174572
1518.090820	-46.337227
1523.474121	-46.709808
1528.857422	-46.308548
1534.240723	-45.048645
1539.624023	-44.051914
1545.007324	-43.939556
1550.390625	-42.820724
1555.773926	-42.284649
1561.157227	-41.974125
1566.540527	-42.168571
1571.923828	-42.440701
1577.307129	-42.255966
1582.690430	-42.072418
1588.073730	-42.022030
1593.457031	-41.831673
1598.840332	-42.062824
1604.223633	-42.013222
1609.606934	-41.635189
1614.990234	-41.462193
1620.373535	-41.891373
1625.756836	-41.948338
1631.140137	-41.631229
1636.523438	-40.664516
1641.906738	-40.724693
1647.290039	-41.509102
1652.673340	-42.303387
1658.056641	-43.760452
1663.439941	-44.429367
1668.823242	-46.369011
1674.206543	-47.868137
1679.589844	-49.138000
1684.973145	-52.525337
1690.356445	-52.816048
1695.739746	-51.624142
1701.123047	-45.932941
1706.506348	-45.714634
1711.889648	-46.285744
1717.272949	-45.788139
1722.656250	-46.810551
1728.039551	-48.783539
1733.422852	-50.537716
1738.806152	-52.368382
1744.189453	-54.539330
1749.572754	-56.238052
1754.956055	-59.324223
1760.339355	-56.289864
1765.722656	-52.592514
1771.105957	-51.871471
1776.489258	-48.441555
1781.872559	-46.513725
1787.255859	-47.957581
1792.639160	-49.599236
1798.022461	-53.311874
1803.405762	-53.113907
1808.789062	-51.283997
1814.172363	-52.989193
1819.555664	-51.517239
1824.938965	-51.029243
1830.322266	-51.512756
1835.705566	-50.004997
1841.088867	-49.475460
1846.472168	-48.454727
1851.855469	-48.406940
1857.238770	-46.968204
1862.622070	-45.018738
1868.005371	-44.583324
1873.388672	-45.095398
1878.771973	-46.099693
1884.155273	-47.214149
1889.538574	-47.740681
1894.921875	-47.604961
1900.305176	-46.789879
1905.688477	-45.145889
1911.071777	-44.206665
1916.455078	-43.554386
1921.838379	-43.137169
1927.221680	-44.874123
1932.604980	-46.237797
1937.988281	-44.042755
1943.371582	-42.851074
1948.754883	-42.986664
1954.138184	-44.010052
1959.521484	-47.643665
1964.904785	-54.294914
1970.288086	-54.825169
1975.671387	-51.715557
1981.054688	-52.968300
1986.437988	-55.121681
1991.821289	-50.182014
1997.204590	-46.798481
2002.587891	-46.634327
2007.971191	-48.700855
2013.354492	-47.896732
2018.737793	-46.801216
2024.121094	-47.462627
2029.504395	-49.238598
2034.887695	-49.875431
2040.270996	-49.552948
2045.654297	-47.089226
2051.037598	-44.897591
2056.420898	-45.239101
2061.804199	-47.303703
2067.187500	-47.201988
2072.570801	-48.165592
2077.954102	-49.970181
2083.337402	-51.635841
2088.720703	-51.463825
2094.104004	-50.670254
2099.487305	-50.993099
2104.870605	-48.327911
2110.253906	-46.846680
2115.637207	-47.300537
2121.020508	-48.073311
2126.403809	-48.739540
2131.787109	-50.240929
2137.170410	-47.946449
2142.553711	-49.498650
2147.937012	-49.004349
2153.320312	-44.866657
2158.703613	-43.249557
2164.086914	-44.267136
2169.470215	-44.480656
2174.853516	-44.554779
2180.236816	-43.786808
2185.620117	-42.777718
2191.003418	-43.794235
2196.386719	-45.668667
2201.770020	-47.818974
2207.153320	-47.256157
2212.536621	-46.888729
2217.919922	-47.166756
2223.303223	-44.577347
2228.686523	-44.225140
2234.069824	-45.555439
2239.453125	-50.072121
2244.836426	-50.447636
2250.219727	-49.661900
2255.603027	-53.471077
2260.986328	-56.089355
2266.369629	-53.017853
2271.752930	-49.628017
2277.136230	-46.718468
2282.519531	-46.682289
2287.902832	-47.754623
2293.286133	-46.236515
2298.669434	-45.200283
2304.052734	-43.312935
2309.436035	-42.583263
2314.819336	-43.216400
2320.202637	-45.606236
2325.585938	-48.704933
2330.969238	-52.144047
2336.352539	-55.852654
2341.735840	-52.098770
2347.119141	-46.755733
2352.502441	-44.863277
2357.885742	-45.485138
2363.269043	-44.574928
2368.652344	-46.770046
2374.035645	-51.870407
2379.418945	-52.156353
2384.802246	-53.792076
2390.185547	-46.906792
2395.568848	-43.951633
2400.952148	-42.412273
2406.335449	-42.304127
2411.718750	-45.063396
2417.102051	-46.082329
2422.485352	-45.929443
2427.868652	-47.860691
2433.251953	-45.959858
2438.635254	-45.458317
2444.018555	-45.213058
2449.401855	-42.949165
2454.785156	-42.682030
2460.168457	-44.477169
2465.551758	-49.546589
2470.935059	-52.361622
2476.318359	-57.320034
2481.701660	-58.998684
2487.084961	-55.738350
2492.468262	-56.548477
2497.851562	-49.904800
2503.234863	-46.849903
2508.618164	-47.828999
2514.001465	-47.199921
2519.384766	-48.505566
2524.768066	-51.655636
2530.151367	-56.027672
2535.534668	-55.937157
2540.917969	-55.586903
2546.301270	-60.475800
2551.684570	-53.264385
2557.067871	-51.573402
2562.451172	-50.470467
2567.834473	-48.541409
2573.217773	-49.677822
2578.601074	-52.525627
2583.984375	-49.980812
2589.367676	-49.035049
2594.750977	-46.352806
2600.134277	-46.755718
2605.517578	-48.785748
2610.900879	-49.267944
2616.284180	-50.813358
2621.667480	-53.673683
2627.050781	-57.413136
2632.434082	-62.808674
2637.817383	-55.969593
2643.200684	-50.716785
2648.583984	-49.919689
2653.967285	-51.893364
2659.350586	-50.220074
2664.733887	-49.607704
2670.117188	-51.545105
2675.500488	-52.818439
2680.883789	-55.233681
2686.267090	-58.134369
2691.650391	-58.721348
2697.033691	-61.852459
2702.416992	-52.050175
2707.800293	-43.465134
2713.183594	-42.611992
2718.566895	-44.485226
2723.950195	-44.583134
2729.333496	-43.812778
2734.716797	-45.696785
2740.100098	-47.114372
2745.483398	-46.209129
2750.866699	-44.965866
2756.250000	-45.575825
2761.633301	-46.007343
2767.016602	-48.735359
2772.399902	-58.315647
2777.783203	-46.801407
2783.166504	-43.498379
2788.549805	-41.491104
2793.933105	-39.662994
2799.316406	-40.731396
2804.699707	-44.735840
2810.083008	-51.358173
2815.466309	-51.960854
2820.849609	-47.824253
2826.232910	-44.625862
2831.616211	-43.727024
2836.999512	-43.069180
2842.382812	-42.495190
2847.766113	-42.647942
2853.149414	-44.406189
2858.532715	-46.610638
2863.916016	-51.041428
2869.299316	-45.653587
2874.682617	-42.580814
2880.065918	-40.525852
2885.449219	-38.625542
2890.832520	-37.459007
2896.215820	-37.481659
2901.599121	-38.234592
2906.982422	-40.077217
2912.365723	-44.074936
2917.749023	-53.294975
2923.132324	-56.572269
2928.515625	-46.493099
2933.898926	-41.946793
2939.282227	-39.277061
2944.665527	-38.911343
2950.048828	-40.285469
2955.432129	-41.228985
2960.815430	-42.096146
2966.198730	-42.575348
2971.582031	-44.559303
2976.965332	-49.764252
2982.348633	-55.066303
2987.731934	-55.644943
2993.115234	-55.522179
2998.498535	-54.397385
3003.881836	-54.543312
3009.265137	-57.615154
3014.648438	-54.225170
3020.031738	-50.824207
3025.415039	-49.391293
3030.798340	-45.431778
3036.181641	-43.789604
3041.564941	-43.672207
3046.948242	-42.464565
3052.331543	-42.524284
3057.714844	-42.352016
3063.098145	-43.237728
3068.481445	-45.564232
3073.864746	-49.595943
3079.248047	-55.057617
3084.631348	-50.024826
3090.014648	-45.875721
3095.397949	-43.375790
3100.781250	-41.880802
3106.164551	-41.704258
3111.547852	-42.578579
3116.931152	-45.588070
3122.314453	-51.013634
3127.697754	-55.762859
3133.081055	-48.845425
3138.464355	-45.284191
3143.847656	-43.516029
3149.230957	-42.718811
3154.614258	-42.641811
3159.997559	-43.920105
3165.380859	-46.311096
3170.764160	-49.789730
3176.147461	-56.952656
3181.530762	-54.098980
3186.914062	-47.419426
3192.297363	-47.567150
3197.680664	-47.220852
3203.063965	-44.726536
3208.447266	-44.778744
3213.830566	-45.527317
3219.213867	-46.499611
3224.597168	-47.391014
3229.980469	-47.469498
3235.363770	-47.814690
3240.747070	-48.725918
3246.130371	-50.949837
3251.513672	-50.625412
3256.896973	-48.509933
3262.280273	-48.061790
3267.663574	-48.231331
3273.046875	-47.813038
3278.430176	-46.068199
3283.813477	-45.382374
3289.196777	-45.360909
3294.580078	-45.045830
3299.963379	-46.102589
3305.346680	-48.446442
3310.729980	-48.775082
3316.113281	-46.139015
3321.496582	-44.472378
3326.879883	-44.203571
3332.263184	-44.840385
3337.646484	-45.160419
3343.029785	-45.945644
3348.413086	-48.535858
3353.796387	-50.815090
3359.179688	-50.400372
3364.562988	-49.112122
3369.946289	-47.417690
3375.329590	-45.687374
3380.712891	-43.973854
3386.096191	-43.012951
3391.479492	-42.193748
3396.862793	-41.939285
3402.246094	-43.379734
3407.629395	-44.462166
3413.012695	-44.395756
3418.395996	-45.284039
3423.779297	-45.146072
3429.162598	-44.385597
3434.545898	-44.314957
3439.929199	-44.404415
3445.312500	-44.320717
3450.695801	-44.845657
3456.079102	-47.384533
3461.462402	-51.555344
3466.845703	-50.245785
3472.229004	-47.973293
3477.612305	-46.563755
3482.995605	-44.610336
3488.378906	-43.652260
3493.762207	-44.882828
3499.145508	-47.316330
3504.528809	-51.302425
3509.912109	-55.053082
3515.295410	-48.114769
3520.678711	-44.365761
3526.062012	-42.838463
3531.445312	-42.652176
3536.828613	-43.705395
3542.211914	-44.365475
3547.595215	-42.993031
3552.978516	-40.719704
3558.361816	-40.284687
3563.745117	-40.430382
3569.128418	-40.444401
3574.511719	-41.785946
3579.895020	-43.621868
3585.278320	-45.535652
3590.661621	-42.677505
3596.044922	-38.702019
3601.428223	-36.263805
3606.811523	-34.775482
3612.194824	-34.499859
3617.578125	-35.127460
3622.961426	-35.478138
3628.344727	-35.326191
3633.728027	-35.120014
3639.111328	-35.251209
3644.494629	-36.019085
3649.877930	-37.017384
3655.261230	-38.575535
3660.644531	-41.645115
3666.027832	-46.043606
3671.411133	-46.238705
3676.794434	-43.514755
3682.177734	-41.361153
3687.561035	-39.645702
3692.944336	-38.296848
3698.327637	-37.438850
3703.710938	-41.153687
3709.094238	-49.930630
3714.477539	-47.636608
3719.860840	-50.041111
3725.244141	-50.720680
3730.627441	-47.658356
3736.010742	-45.557934
3741.394043	-45.848492
3746.777344	-48.016487
3752.160645	-48.776791
3757.543945	-49.322311
3762.927246	-50.727562
3768.310547	-54.736225
3773.693848	-52.497437
3779.077148	-47.181328
3784.460449	-43.171978
3789.843750	-40.136959
3795.227051	-36.384811
3800.610352	-38.219475
3805.993652	-47.585289
3811.376953	-63.105278
3816.760254	-59.569355
3822.143555	-52.223282
3827.526855	-48.212997
3832.910156	-47.064507
3838.293457	-48.223850
3843.676758	-51.247921
3849.060059	-49.643597
3854.443359	-48.421925
3859.826660	-48.767227
3865.209961	-47.559330
3870.593262	-46.937614
3875.976562	-47.083344
3881.359863	-47.178722
3886.743164	-47.844578
3892.126465	-48.765747
3897.509766	-48.804924
3902.893066	-47.993027
3908.276367	-47.531097
3913.659668	-48.283726
3919.042969	-49.849365
3924.426270	-50.971786
3929.809570	-53.222782
3935.192871	-54.964729
3940.576172	-51.594555
3945.959473	-48.303890
3951.342773	-49.062988
3956.726074	-53.874195
3962.109375	-59.554806
3967.492676	-50.495792
3972.875977	-44.388309
3978.259277	-41.406914
3983.642578	-39.818989
3989.025879	-38.838360
3994.409180	-39.730801
3999.792480	-40.484097
4005.175781	-42.335213
4010.559082	-46.177841
4015.942383	-49.685337
4021.325684	-50.330547
4026.708984	-50.708969
4032.092285	-48.208187
4037.475586	-45.981697
4042.858887	-45.697701
4048.242188	-46.002777
4053.625488	-47.220802
4059.008789	-49.094120
4064.392090	-50.159847
4069.775391	-48.506313
4075.158691	-44.810318
4080.541992	-42.895596
4085.925293	-41.908260
4091.308594	-41.778221
4096.691895	-41.745014
4102.075195	-42.121986
4107.458496	-43.070415
4112.841797	-45.183544
4118.225098	-47.802658
4123.608398	-50.731960
4128.991699	-50.762280
4134.375000	-50.340988
4139.758301	-50.231358
4145.141602	-51.177048
4150.524902	-52.273941
4155.908203	-51.702579
4161.291504	-49.354000
4166.674805	-45.944672
4172.058105	-43.464104
4177.441406	-42.121731
4182.824707	-41.319019
4188.208008	-40.852791
4193.591309	-40.910145
4198.974609	-42.339527
4204.357910	-44.811558
4209.741211	-47.990047
4215.124512	-51.218155
4220.507812	-54.021885
4225.891113	-58.572060
4231.274414	-55.929291
4236.657715	-53.099762
4242.041016	-52.477512
4247.424316	-53.641243
4252.807617	-56.423767
4258.190918	-53.847790
4263.574219	-50.924446
4268.957520	-49.804321
4274.340820	-49.761547
4279.724121	-51.261658
4285.107422	-52.991936
4290.490723	-50.902431
4295.874023	-48.548870
4301.257324	-47.108303
4306.640625	-46.263466
4312.023926	-46.949345
4317.407227	-47.489132
4322.790527	-47.552265
4328.173828	-47.069363
4333.557129	-46.375359
4338.940430	-46.070442
4344.323730	-46.443592
4349.707031	-48.051407
4355.090332	-50.586525
4360.473633	-51.199787
4365.856934	-51.305649
4371.240234	-53.398911
4376.623535	-51.186466
4382.006836	-48.938820
4387.390137	-48.372272
4392.773438	-49.307018
4398.156738	-52.493820
4403.540039	-49.539093
4408.923340	-45.207794
4414.306641	-42.431362
4419.689941	-40.708534
4425.073242	-39.902805
4430.456543	-39.967499
4435.839844	-41.653255
4441.223145	-44.277000
4446.606445	-46.961937
4451.989746	-50.616554
4457.373047	-56.037434
4462.756348	-57.073502
4468.139648	-55.690067
4473.522949	-56.688499
4478.906250	-50.588959
4484.289551	-44.903969
4489.672852	-41.882175
4495.056152	-40.823021
4500.439453	-40.942299
4505.822754	-42.496284
4511.206055	-45.511280
4516.589355	-48.366516
4521.972656	-48.422146
4527.355957	-45.512333
4532.739258	-43.572186
4538.122559	-42.428631
4543.505859	-42.328667
4548.889160	-44.146584
4554.272461	-47.242840
4559.655762	-50.423878
4565.039062	-54.139893
4570.422363	-52.652882
4575.805664	-50.052078
4581.188965	-47.604572
4586.572266	-46.031326
4591.955566	-46.257595
4597.338867	-46.373104
4602.722168	-44.826740
4608.105469	-43.589504
4613.488770	-43.398975
4618.872070	-44.063297
4624.255371	-44.561329
4629.638672	-44.366692
4635.021973	-44.943600
4640.405273	-46.512058
4645.788574	-47.807934
4651.171875	-45.307110
4656.555176	-43.009064
4661.938477	-41.925766
4667.321777	-41.735703
4672.705078	-44.499882
4678.088379	-49.865963
4683.471680	-52.134190
4688.854980	-46.616070
4694.238281	-42.639893
4699.621582	-40.602036
4705.004883	-39.570477
4710.388184	-38.778740
4715.771484	-38.338726
4721.154785	-37.559883
4726.538086	-36.800133
4731.921387	-36.030548
4737.304688	-34.920357
4742.687988	-34.433582
4748.071289	-33.924007
4753.454590	-33.948814
4758.837891	-35.105995
4764.221191	-37.516579
4769.604492	-41.577221
4774.987793	-48.572002
4780.371094	-54.072227
4785.754395	-44.807999
4791.137695	-41.138283
4796.520996	-39.834171
4801.904297	-40.362278
4807.287598	-42.486317
4812.670898	-43.211449
4818.054199	-41.651611
4823.437500	-40.356640
4828.820801	-39.397934
4834.204102	-38.452930
4839.587402	-38.311588
4844.970703	-38.915653
4850.354004	-39.472256
4855.737305	-39.395561
4861.120605	-39.408260
4866.503906	-39.747818
4871.887207	-39.424374
4877.270508	-38.745079
4882.653809	-39.157036
4888.037109	-40.583645
4893.420410	-44.764187
4898.803711	-51.043297
4904.187012	-48.060307
4909.570312	-43.101490
4914.953613	-40.183796
4920.336914	-39.239666
4925.720215	-39.489193
4931.103516	-39.694042
4936.486816	-38.884201
4941.870117	-37.603466
4947.253418	-37.076187
4952.636719	-37.563099
4958.020020	-39.080925
4963.403320	-40.851925
4968.786621	-42.786568
4974.169922	-45.380947
4979.553223	-46.221165
4984.936523	-46.128746
4990.319824	-46.115734
4995.703125	-46.224567
5001.086426	-46.410706
5006.469727	-44.633362
5011.853027	-42.464481
5017.236328	-40.505428
5022.619629	-39.372692
5028.002930	-39.359566
5033.386230	-39.578762
5038.769531	-39.722488
5044.152832	-39.294151
5049.536133	-39.229122
5054.919434	-39.254436
5060.302734	-38.825947
5065.686035	-38.602890
5071.069336	-38.705128
5076.452637	-38.837616
5081.835938	-38.862488
5087.219238	-39.203030
5092.602539	-39.750122
5097.985840	-40.381992
5103.369141	-41.527431
5108.752441	-43.129314
5114.135742	-45.106213
5119.519043	-47.346184
5124.902344	-51.130161
5130.285645	-58.095650
5135.668945	-66.701889
5141.052246	-70.703331
5146.435547	-72.735779
5151.818848	-69.080498
5157.202148	-59.824814
5162.585449	-52.194668
5167.968750	-47.496944
5173.352051	-44.688198
5178.735352	-42.883274
5184.118652	-41.581829
5189.501953	-40.381668
5194.885254	-39.586079
5200.268555	-39.679169
5205.651855	-40.613388
5211.035156	-41.947773
5216.418457	-43.963482
5221.801758	-45.959942
5227.185059	-47.903080
5232.568359	-48.887161
5237.951660	-49.253983
5243.334961	-48.151562
5248.718262	-46.678123
5254.101562	-45.256195
5259.484863	-43.689240
5264.868164	-43.117428
5270.251465	-43.281124
5275.634766	-42.928432
5281.018066	-42.082096
5286.401367	-41.680367
5291.784668	-41.381451
5297.167969	-41.072803
5302.551270	-41.535717
5307.934570	-42.941666
5313.317871	-45.432323
5318.701172	-50.178001
5324.084473	-57.454308
5329.467773	-62.385227
5334.851074	-59.379166
5340.234375	-51.966061
5345.617676	-49.149822
5351.000977	-47.359528
5356.384277	-45.051693
5361.767578	-43.128860
5367.150879	-42.076572
5372.534180	-41.662273
5377.917480	-41.931355
5383.300781	-43.173496
5388.684082	-45.413425
5394.067383	-48.724037
5399.450684	-52.661758
5404.833984	-55.801926
5410.217285	-54.382076
5415.600586	-53.193195
5420.983887	-53.335415
5426.367188	-53.445850
5431.750488	-54.276413
5437.133789	-55.286491
5442.517090	-54.760738
5447.900391	-54.747189
5453.283691	-54.138699
5458.666992	-53.683132
5464.050293	-54.623852
5469.433594	-57.610821
5474.816895	-63.253418
5480.200195	-64.628098
5485.583496	-61.133099
5490.966797	-59.272453
5496.350098	-57.650368
5501.733398	-55.149086
5507.116699	-52.832748
5512.500000	-52.009071
5517.883301	-51.922993
5523.266602	-51.675137
5528.649902	-51.089802
5534.033203	-51.281635
5539.416504	-52.786480
5544.799805	-54.008572
5550.183105	-55.369576
5555.566406	-56.297413
5560.949707	-55.676975
5566.333008	-54.993645
5571.716309	-54.955658
5577.099609	-55.926941
5582.482910	-55.978809
5587.866211	-54.786873
5593.249512	-54.233974
5598.632812	-53.871166
5604.016113	-53.700951
5609.399414	-54.642426
5614.782715	-55.354626
5620.166016	-55.800304
5625.549316	-55.451378
5630.932617	-55.076569
5636.315918	-54.454681
5641.699219	-53.094517
5647.082520	-51.902260
5652.465820	-50.280670
5657.849121	-48.682655
5663.232422	-47.347336
5668.615723	-46.540119
5673.999023	-46.213940
5679.382324	-46.514278
5684.765625	-47.738270
5690.148926	-48.980698
5695.532227	-51.400269
5700.915527	-53.928844
5706.298828	-54.368275
5711.682129	-53.892090
5717.065430	-54.137020
5722.448730	-55.123463
5727.832031	-55.650528
5733.215332	-57.088856
5738.598633	-60.686691
5743.981934	-64.738449
5749.365234	-60.401409
5754.748535	-56.312931
5760.131836	-53.754780
5765.515137	-52.589703
5770.898438	-52.246750
5776.281738	-52.515968
5781.665039	-52.561161
5787.048340	-52.569630
5792.431641	-51.873356
5797.814941	-50.813007
5803.198242	-49.845905
5808.581543	-49.222195
5813.964844	-48.376183
5819.348145	-47.605331
5824.731445	-47.235596
5830.114746	-47.043873
5835.498047	-47.266560
5840.881348	-47.720264
5846.264648	-48.104095
5851.647949	-49.181732
5857.031250	-50.391796
5862.414551	-50.503506
5867.797852	-50.561939
5873.181152	-51.193645
5878.564453	-51.897884
5883.947754	-52.494850
5889.331055	-53.198750
5894.714355	-53.992760
5900.097656	-55.247807
5905.480957	-55.733917
5910.864258	-55.782387
5916.247559	-55.139404
5921.630859	-53.462856
5927.014160	-51.202835
5932.397461	-49.457047
5937.780762	-48.097523
5943.164062	-47.874718
5948.547363	-48.755535
5953.930664	-49.497707
5959.313965	-50.300983
5964.697266	-51.561508
5970.080566	-52.582474
5975.463867	-52.182858
5980.847168	-50.886898
5986.230469	-49.193626
5991.613770	-47.858337
5996.997070	-47.319569
6002.380371	-47.577511
6007.763672	-48.377651
6013.146973	-49.878342
6018.530273	-52.084766
6023.913574	-54.635395
6029.296875	-57.046284
6034.680176	-56.520172
6040.063477	-54.100754
6045.446777	-52.435921
6050.830078	-51.131252
6056.213379	-50.553848
6061.596680	-51.204105
6066.979980	-52.538658
6072.363281	-53.974266
6077.746582	-54.247746
6083.129883	-53.363998
6088.513184	-51.188103
6093.896484	-49.417400
6099.279785	-48.951870
6104.663086	-48.830685
6110.046387	-48.865158
6115.429688	-49.537708
6120.812988	-50.810818
6126.196289	-52.928204
6131.579590	-55.832939
6136.962891	-59.045040
6142.346191	-61.543617
6147.729492	-58.938004
6153.112793	-56.422367
6158.496094	-55.053669
6163.879395	-53.486893
6169.262695	-52.417023
6174.645996	-52.713482
6180.029297	-54.995373
6185.412598	-60.661663
6190.795898	-68.146095
6196.179199	-60.187035
6201.562500	-56.653252
6206.945801	-55.101719
6212.329102	-54.766544
6217.712402	-55.180946
6223.095703	-56.264790
6228.479004	-58.508049
6233.862305	-61.444996
6239.245605	-66.121223
6244.628906	-71.285034
6250.012207	-65.181328
6255.395508	-63.203724
6260.778809	-64.247070
6266.162109	-62.328236
6271.545410	-56.877552
6276.928711	-53.109875
6282.312012	-51.138081
6287.695312	-51.175732
6293.078613	-52.474442
6298.461914	-54.409031
6303.845215	-55.507618
6309.228516	-55.967327
6314.611816	-57.178116
6319.995117	-57.596119
6325.378418	-58.214993
6330.761719	-60.182449
6336.145020	-65.687408
6341.528320	-62.084743
6346.911621	-52.584717
6352.294922	-49.449131
6357.678223	-50.315010
6363.061523	-52.523697
6368.444824	-53.620434
6373.828125	-54.695656
6379.211426	-56.772270
6384.594727	-57.468830
6389.978027	-57.304367
6395.361328	-58.101425
6400.744629	-60.086369
6406.127930	-64.628014
6411.511230	-65.299782
6416.894531	-60.582249
6422.277832	-57.914478
6427.661133	-55.458168
6433.044434	-53.213093
6438.427734	-51.661186
6443.811035	-50.707127
6449.194336	-50.489140
6454.577637	-51.536240
6459.960938	-54.184578
6465.344238	-59.103756
6470.727539	-67.888458
6476.110840	-62.097904
6481.494141	-56.461430
6486.877441	-53.797211
6492.260742	-52.890209
6497.644043	-52.927814
6503.027344	-53.779232
6508.410645	-54.958809
6513.793945	-56.691879
6519.177246	-59.675797
6524.560547	-62.319927
6529.943848	-62.553959
6535.327148	-62.665775
6540.710449	-63.393181
6546.093750	-64.575272
6551.477051	-66.220177
6556.860352	-70.447670
6562.243652	-81.494202
6567.626953	-70.933228
6573.010254	-65.365288
6578.393555	-61.322052
6583.776855	-59.139252
6589.160156	-58.930576
6594.543457	-60.369026
6599.926758	-60.499802
6605.310059	-58.714691
6610.693359	-56.962399
6616.076660	-55.795952
6621.459961	-55.023022
6626.843262	-54.821255
6632.226562	-55.332130
6637.609863	-56.839191
6642.993164	-59.708855
6648.376465	-62.918274
6653.759766	-66.628052
6659.143066	-64.822189
6664.526367	-60.633118
6669.909668	-58.018639
6675.292969	-56.683491
6680.676270	-56.596241
6686.059570	-57.039597
6691.442871	-57.964169
6696.826172	-60.487560
6702.209473	-66.089424
6707.592773	-66.934319
6712.976074	-61.228535
6718.359375	-57.748211
6723.742676	-55.941799
6729.125977	-55.635635
6734.509277	-56.103561
6739.892578	-56.757576
6745.275879	-57.215717
6750.659180	-57.875031
6756.042480	-59.510143
6761.425781	-63.189308
6766.809082	-68.694328
6772.192383	-67.776459
6777.575684	-63.906342
6782.958984	-60.883003
6788.342285	-58.321537
6793.725586	-56.060658
6799.108887	-54.416302
6804.492188	-53.749397
6809.875488	-53.350765
6815.258789	-53.509056
6820.642090	-54.229599
6826.025391	-55.060661
6831.408691	-55.517982
6836.791992	-55.390430
6842.175293	-55.318634
6847.558594	-55.394367
6852.941895	-55.720261
6858.325195	-56.246845
6863.708496	-56.904907
6869.091797	-57.346848
6874.475098	-57.683670
6879.858398	-58.440292
6885.241699	-58.519772
6890.625000	-57.624401
6896.008301	-56.438560
6901.391602	-55.246410
6906.774902	-54.100742
6912.158203	-53.403435
6917.541504	-53.027580
6922.924805	-52.850491
6928.308105	-52.730713
6933.691406	-52.509644
6939.074707	-52.376221
6944.458008	-52.294880
6949.841309	-52.423786
6955.224609	-53.061008
6960.607910	-54.008297
6965.991211	-55.124043
6971.374512	-57.086403
6976.757812	-60.558376
6982.141113	-67.475464
6987.524414	-68.142822
6992.907715	-61.460388
6998.291016	-58.764095
7003.674316	-57.391888
7009.057617	-56.786942
7014.440918	-56.561794
7019.824219	-55.983593
7025.207520	-54.904682
7030.590820	-53.617893
7035.974121	-52.523594
7041.357422	-52.033016
7046.740723	-51.767067
7052.124023	-51.750217
7057.507324	-51.984665
7062.890625	-52.370869
7068.273926	-52.784134
7073.657227	-53.300785
7079.040527	-53.719040
7084.423828	-53.936291
7089.807129	-53.940746
7095.190430	-54.098495
7100.573730	-54.402283
7105.957031	-55.012199
7111.340332	-55.777386
7116.723633	-55.838192
7122.106934	-54.921215
7127.490234	-53.391407
7132.873535	-51.987976
7138.256836	-51.145462
7143.640137	-50.729923
7149.023438	-50.802349
7154.406738	-51.461784
7159.790039	-52.567608
7165.173340	-54.040089
7170.556641	-56.019600
7175.939941	-58.443092
7181.323242	-61.333942
7186.706543	-66.011406
7192.089844	-67.172066
7197.473145	-61.166847
7202.856445	-57.509598
7208.239746	-55.323151
7213.623047	-53.750484
7219.006348	-52.516178
7224.389648	-51.608284
7229.772949	-51.084934
7235.156250	-51.064205
7240.539551	-51.539959
7245.922852	-52.650406
7251.306152	-54.834885
7256.689453	-57.997738
7262.072754	-60.874542
7267.456055	-59.116699
7272.839355	-56.419140
7278.222656	-55.589085
7283.605957	-56.775528
7288.989258	-59.020248
7294.372559	-58.734177
7299.755859	-55.834221
7305.139160	-52.179024
7310.522461	-48.329243
7315.905762	-45.219368
7321.289062	-42.967823
7326.672363	-41.358467
7332.055664	-40.410404
7337.438965	-40.321270
7342.822266	-41.286652
7348.205566	-43.571465
7353.588867	-47.682968
7358.972168	-54.954578
7364.355469	-63.218273
7369.738770	-54.233952
7375.122070	-49.442352
7380.505371	-46.559822
7385.888672	-45.283382
7391.271973	-45.118034
7396.655273	-45.534676
7402.038574	-46.854820
7407.421875	-49.385670
7412.805176	-53.617290
7418.188477	-60.746479
7423.571777	-59.710270
7428.955078	-53.495926
7434.338379	-50.741890
7439.721680	-49.796497
7445.104980	-50.090336
7450.488281	-51.487103
7455.871582	-54.209991
7461.254883	-59.064854
7466.638184	-66.828575
7472.021484	-64.643288
7477.404785	-60.654030
7482.788086	-59.931980
7488.171387	-61.455544
7493.554688	-66.265305
7498.937988	-70.071114
7504.321289	-60.614002
7509.704590	-56.003174
7515.087891	-53.441620
7520.471191	-51.946350
7525.854492	-51.261620
7531.237793	-51.241890
7536.621094	-51.450993
7542.004395	-51.823799
7547.387695	-52.137184
7552.770996	-52.775742
7558.154297	-54.377823
7563.537598	-55.831448
7568.920898	-57.603710
7574.304199	-58.182667
7579.687500	-59.056702
7585.070801	-60.084835
7590.454102	-59.844769
7595.837402	-59.246735
7601.220703	-60.115612
7606.604004	-62.218861
7611.987305	-62.193008
7617.370605	-60.066162
7622.753906	-58.189209
7628.137207	-57.482628
7633.520508	-58.777435
7638.903809	-61.351013
7644.287109	-63.510799
7649.670410	-59.957596
7655.053711	-56.715504
7660.437012	-56.344727
7665.820312	-58.993416
7671.203613	-55.540051
7676.586914	-49.943409
7681.970215	-47.425396
7687.353516	-46.204315
7692.736816	-46.358494
7698.120117	-47.754547
7703.503418	-50.213711
7708.886719	-52.826420
7714.270020	-54.011227
7719.653320	-54.466110
7725.036621	-55.653271
7730.419922	-57.306740
7735.803223	-58.467152
7741.186523	-59.608360
7746.569824	-61.450718
7751.953125	-61.166309
7757.336426	-57.871155
7762.719727	-56.225414
7768.103027	-57.030228
7773.486328	-63.030212
7778.869629	-62.357132
7784.252930	-57.759506
7789.636230	-55.223518
7795.019531	-53.810818
7800.402832	-53.486206
7805.786133	-53.655785
7811.169434	-54.061878
7816.552734	-54.800312
7821.936035	-55.356136
7827.319336	-55.192902
7832.702637	-54.455811
7838.085938	-53.737297
7843.469238	-53.321697
7848.852539	-53.476311
7854.235840	-54.245018
7859.619141	-55.289524
7865.002441	-56.802238
7870.385742	-60.333561
7875.769043	-69.413933
7881.152344	-69.126869
7886.535645	-61.596825
7891.918945	-57.884304
7897.302246	-55.822582
7902.685547	-54.664688
7908.068848	-53.942207
7913.452148	-53.551155
7918.835449	-53.501614
7924.218750	-53.700695
7929.602051	-54.133938
7934.985352	-54.948235
7940.368652	-56.038532
7945.751953	-57.093510
7951.135254	-57.833965
7956.518555	-58.391685
7961.901855	-59.000141
7967.285156	-59.662701
7972.668457	-60.397903
7978.051758	-61.442348
7983.435059	-62.026489
7988.818359	-60.783958
7994.201660	-58.605835
7999.584961	-56.729321
8004.968262	-55.452847
8010.351562	-54.747692
8015.734863	-54.528301
8021.118164	-55.019604
8026.501465	-56.445770
8031.884766	-58.999519
8037.268066	-62.970882
8042.651367	-65.462196
8048.034668	-61.073750
8053.417969	-57.164772
8058.801270	-54.569309
8064.184570	-52.920887
8069.567871	-51.937840
8074.951172	-51.477692
8080.334473	-51.538219
8085.717773	-52.130276
8091.101074	-53.220383
8096.484375	-54.888889
8101.867676	-57.248569
8107.250977	-60.517521
8112.634277	-64.727295
8118.017578	-66.071320
8123.400879	-62.817223
8128.784180	-60.015087
8134.167480	-58.133980
8139.550781	-56.852139
8144.934082	-56.036476
8150.317383	-55.610855
8155.700684	-55.609406
8161.083984	-55.944683
8166.467285	-56.589249
8171.850586	-57.793629
8177.233887	-59.857033
8182.617188	-63.069443
8188.000488	-66.174080
8193.383789	-63.659969
8198.767090	-59.593731
8204.150391	-56.698284
8209.533691	-54.637482
8214.916992	-53.176991
8220.300293	-52.260361
8225.683594	-51.838100
8231.066895	-51.925217
8236.450195	-52.514977
8241.833496	-53.592072
8247.216797	-55.210178
8252.600098	-57.521690
8257.983398	-60.643978
8263.366699	-64.894661
8268.750000	-69.491814
8274.133301	-66.889351
8279.516602	-62.329880
8284.899902	-59.052876
8290.283203	-56.738178
8295.666504	-54.968170
8301.049805	-53.574253
8306.433105	-52.549992
8311.816406	-51.885155
8317.199707	-51.564713
8322.583008	-51.646923
8327.966309	-52.145370
8333.349609	-53.102825
8338.732910	-54.616695
8344.116211	-56.900539
8349.499512	-60.313160
8354.882812	-66.109459
8360.266113	-75.826851
8365.649414	-66.888298
8371.032715	-61.735718
8376.416016	-58.861813
8381.799316	-56.998333
8387.182617	-55.693901
8392.565918	-54.843620
8397.949219	-54.330311
8403.332520	-53.915226
8408.715820	-53.321373
8414.099121	-53.235394
8419.482422	-54.005520
8424.865723	-55.618229
8430.249023	-56.322529
8435.632324	-57.070160
8441.015625	-59.668892
8446.398926	-63.966465
8451.782227	-64.934738
8457.165527	-59.107861
8462.548828	-54.957104
8467.932129	-52.449177
8473.315430	-50.911270
8478.698730	-50.042545
8484.082031	-49.713768
8489.465332	-49.882145
8494.848633	-50.494724
8500.231934	-51.562031
8505.615234	-53.230114
8510.998535	-55.730141
8516.381836	-59.278481
8521.765137	-62.934166
8527.148438	-60.765945
8532.531738	-56.702286
8537.915039	-53.865715
8543.298340	-52.148273
8548.681641	-51.343571
8554.064941	-51.011166
8559.448242	-51.351234
8564.831543	-52.482693
8570.214844	-54.044392
8575.598145	-57.157761
8580.981445	-60.142242
8586.364746	-61.202126
8591.748047	-63.778408
8597.131348	-68.530685
8602.514648	-70.769867
8607.897949	-67.141365
8613.281250	-63.601704
8618.664551	-60.956795
8624.047852	-59.197884
8629.431152	-58.137157
8634.814453	-57.624233
8640.197754	-57.334095
8645.581055	-57.327827
8650.964355	-57.648163
8656.347656	-58.377178
8661.730957	-59.660915
8667.114258	-61.573231
8672.497559	-63.919846
8677.880859	-65.643600
8683.264160	-64.976501
8688.647461	-62.919643
8694.030762	-60.884487
8699.414062	-59.234444
8704.797363	-58.158894
8710.180664	-57.510735
8715.563965	-57.240192
8720.947266	-57.384304
8726.330566	-57.971703
8731.713867	-58.866001
8737.097168	-59.949303
8742.480469	-61.063324
8747.863770	-62.333412
8753.247070	-63.980988
8758.630371	-66.500519
8764.013672	-70.807129
8769.396973	-81.754219
8774.780273	-73.499413
8780.163574	-66.271713
8785.546875	-62.433975
8790.930176	-60.062004
8796.313477	-58.527405
8801.696777	-57.544071
8807.080078	-57.098625
8812.463379	-57.118042
8817.846680	-57.589504
8823.229980	-58.663437
8828.613281	-60.630001
8833.996582	-64.020828
8839.379883	-69.846245
8844.763184	-73.632401
8850.146484	-66.940491
8855.529785	-62.905430
8860.913086	-60.689007
8866.296387	-59.623550
8871.679688	-59.467133
8877.062988	-60.057205
8882.446289	-61.480938
8887.829590	-63.275330
8893.212891	-64.311378
8898.596191	-63.311115
8903.979492	-61.370075
8909.362793	-59.772106
8914.746094	-58.870430
8920.129395	-58.738361
8925.512695	-59.320053
8930.895996	-60.810436
8936.279297	-63.690117
8941.662598	-69.066330
8947.045898	-72.243057
8952.429199	-66.049400
8957.812500	-61.728603
8963.195801	-59.144310
8968.579102	-57.678646
8973.962402	-56.954578
8979.345703	-56.846870
8984.729004	-57.152046
8990.112305	-57.674152
8995.495605	-58.495491
9000.878906	-59.477413
9006.262207	-60.649353
9011.645508	-62.061859
9017.028809	-64.041084
9022.412109	-67.234833
9027.795410	-72.343353
9033.178711	-77.541260
9038.562012	-74.152390
9043.945312	-69.040039
9049.328613	-66.576660
9054.711914	-65.504120
9060.095215	-64.682304
9065.478516	-64.122612
9070.861816	-63.387096
9076.245117	-62.363495
9081.628418	-62.035473
9087.011719	-62.756618
9092.395020	-64.213219
9097.778320	-65.334518
9103.161621	-64.940506
9108.544922	-63.414150
9113.928223	-61.660446
9119.311523	-60.318874
9124.694824	-59.474815
9130.078125	-59.245121
9135.461426	-59.583820
9140.844727	-60.627945
9146.228027	-62.715664
9151.611328	-66.617973
9156.994629	-75.048576
9162.377930	-72.952927
9167.761230	-65.821884
9173.144531	-62.553810
9178.527832	-60.927883
9183.911133	-60.362793
9189.294434	-60.661797
9194.677734	-61.993210
9200.061035	-64.973442
9205.444336	-71.915688
9210.827637	-77.213547
9216.210938	-66.649025
9221.594238	-62.466114
9226.977539	-60.180382
9232.360840	-58.885086
9237.744141	-58.162018
9243.127441	-57.862904
9248.510742	-57.860424
9253.894043	-57.991367
9259.277344	-58.147919
9264.660645	-58.258179
9270.043945	-58.145607
9275.427246	-57.703449
9280.810547	-57.272800
9286.193848	-56.947975
9291.577148	-56.776707
9296.960449	-56.848885
9302.343750	-57.218010
9307.727051	-58.026890
9313.110352	-59.243298
9318.493652	-60.939713
9323.876953	-63.105186
9329.260254	-65.570755
9334.643555	-67.706871
9340.026855	-69.600960
9345.410156	-72.169525
9350.793457	-75.243515
9356.176758	-75.420715
9361.560059	-73.258881
9366.943359	-70.529411
9372.326660	-66.972000
9377.709961	-63.551678
9383.093262	-60.942223
9388.476562	-59.261658
9393.859863	-58.234997
9399.243164	-57.868195
9404.626465	-58.155006
9410.009766	-59.159534
9415.393066	-61.092278
9420.776367	-64.454033
9426.159668	-70.052139
9431.542969	-76.115982
9436.926270	-70.637917
9442.309570	-66.347710
9447.692871	-63.775379
9453.076172	-62.529232
9458.459473	-62.527039
9463.842773	-63.458363
9469.226074	-65.412827
9474.609375	-68.666443
9479.992676	-72.757797
9485.375977	-73.439133
9490.759277	-71.696228
9496.142578	-70.932076
9501.525879	-72.135300
9506.909180	-76.444000
9512.292480	-84.839828
9517.675781	-72.107559
9523.059082	-65.970062
9528.442383	-62.170555
9533.825684	-59.587444
9539.208984	-57.822468
9544.592285	-56.676250
9549.975586	-56.126339
9555.358887	-56.127121
9560.742188	-56.757751
9566.125488	-58.144360
9571.508789	-60.625118
9576.892090	-64.992867
9582.275391	-75.252022
9587.658691	-71.021217
9593.041992	-63.670773
9598.425293	-60.190769
9603.808594	-58.201103
9609.191895	-57.089226
9614.575195	-56.561565
9619.958496	-56.522339
9625.341797	-56.848637
9630.725098	-57.572613
9636.108398	-58.653713
9641.491699	-60.175171
9646.875000	-62.033848
9652.258301	-64.191925
9657.641602	-66.373001
9663.024902	-69.072609
9668.408203	-73.114731
9673.791504	-77.129662
9679.174805	-71.332420
9684.558105	-65.798935
9689.941406	-62.152939
9695.324707	-59.587879
9700.708008	-57.841892
9706.091309	-56.690540
9711.474609	-56.053299
9716.857910	-55.825169
9722.241211	-55.990276
9727.624512	-56.494724
9733.007812	-57.379559
9738.391113	-58.655109
9743.774414	-60.307320
9749.157715	-61.971912
9754.541016	-62.725380
9759.924316	-61.911640
9765.307617	-60.164551
9770.690918	-58.420357
9776.074219	-56.975029
9781.457520	-55.949944
9786.840820	-55.367870
9792.224121	-55.227863
9797.607422	-55.393620
9802.990723	-55.712929
9808.374023	-55.996998
9813.757324	-56.302662
9819.140625	-56.696709
9824.523926	-57.216778
9829.907227	-57.882641
9835.290527	-58.814220
9840.673828	-60.107407
9846.057129	-61.783920
9851.440430	-63.173038
9856.823730	-62.851273
9862.207031	-61.041821
9867.590332	-58.979290
9872.973633	-57.306595
9878.356934	-56.077255
9883.740234	-55.276962
9889.123535	-54.862469
9894.506836	-54.878994
9899.890137	-55.302299
9905.273438	-56.068474
9910.656738	-57.092358
9916.040039	-58.154583
9921.423340	-58.937595
9926.806641	-59.042538
9932.189941	-58.527905
9937.573242	-57.708122
9942.956543	-56.993004
9948.339844	-56.505257
9953.723145	-56.325405
9959.106445	-56.439339
9964.489746	-56.908920
9969.873047	-57.741535
9975.256348	-58.936649
9980.639648	-60.529949
9986.022949	-62.521149
9991.406250	-64.683563
9996.789551	-65.615028
10002.172852	-63.940861
10007.556152	-61.282314
10012.939453	-59.026783
10018.322754	-57.334011
10023.706055	-56.158237
10029.089355	-55.401867
10034.472656	-55.013317
10039.855957	-54.955746
10045.239258	-55.195694
10050.622559	-55.691860
10056.005859	-56.448547
10061.389160	-57.436775
10066.772461	-58.558414
10072.155762	-59.671520
10077.539062	-60.489182
10082.922363	-60.796246
10088.305664	-60.482052
10093.688965	-59.858585
10099.072266	-59.095802
10104.455566	-58.417171
10109.838867	-57.884209
10115.222168	-57.534309
10120.605469	-57.352283
10125.988770	-57.365593
10131.372070	-57.512878
10136.755371	-57.807552
10142.138672	-58.271133
10147.521973	-58.876926
10152.905273	-59.640991
10158.288574	-60.454441
10163.671875	-61.151531
10169.055176	-61.496433
10174.438477	-61.416058
10179.821777	-60.827824
10185.205078	-59.901939
10190.588379	-58.819191
10195.971680	-57.808670
10201.354980	-56.946209
10206.738281	-56.262352
10212.121582	-55.813187
10217.504883	-55.630062
10222.888184	-55.749535
10228.271484	-56.175816
10233.654785	-56.979671
10239.038086	-58.193081
10244.421387	-59.971256
10249.804688	-62.410206
10255.187988	-65.664635
10260.571289	-68.805687
10265.954590	-68.859238
10271.337891	-66.800591
10276.721191	-65.116730
10282.104492	-64.246567
10287.487793	-63.877270
10292.871094	-63.700859
10298.254395	-63.219410
10303.637695	-62.411201
10309.020996	-61.426758
10314.404297	-60.589802
10319.787598	-60.055645
10325.170898	-59.965839
10330.554199	-60.260895
10335.937500	-60.976685
10341.320801	-61.969379
10346.704102	-63.010254
10352.087402	-63.418308
10357.470703	-62.881714
10362.854004	-61.700340
10368.237305	-60.373154
10373.620605	-59.237473
10379.003906	-58.388149
10384.387207	-57.893139
10389.770508	-57.704861
10395.153809	-57.837971
10400.537109	-58.271194
10405.920410	-58.992332
10411.303711	-59.894485
10416.687012	-61.001610
10422.070312	-62.289352
10427.453613	-63.913151
10432.836914	-65.951096
10438.220215	-68.578560
10443.603516	-70.953323
10448.986816	-70.590851
10454.370117	-67.897476
10459.753418	-65.293961
10465.136719	-63.291790
10470.520020	-61.831989
10475.903320	-60.847538
10481.286621	-60.221210
10486.669922	-59.922867
10492.053223	-59.865013
10497.436523	-60.080875
10502.819824	-60.476006
10508.203125	-61.035503
10513.586426	-61.595360
10518.969727	-62.165443
10524.353027	-62.682617
10529.736328	-63.137749
10535.119629	-63.450878
10540.502930	-63.591377
10545.886230	-63.539925
10551.269531	-63.278019
10556.652832	-62.858551
10562.036133	-62.291801
10567.419434	-61.752052
10572.802734	-61.293686
10578.186035	-61.025543
10583.569336	-60.859592
10588.952637	-60.872688
10594.335938	-61.024052
10599.719238	-61.288033
10605.102539	-61.600033
10610.485840	-61.950932
10615.869141	-62.221500
10621.252441	-62.290562
10626.635742	-62.045013
10632.019043	-61.393097
10637.402344	-60.453224
10642.785645	-59.401546
10648.168945	-58.446838
10653.552246	-57.628048
10658.935547	-57.054241
10664.318848	-56.713818
10669.702148	-56.662167
10675.085449	-56.869545
10680.468750	-57.377789
10685.852051	-58.178642
10691.235352	-59.284180
10696.618652	-60.624687
10702.001953	-62.008987
10707.385254	-62.972733
10712.768555	-62.974331
10718.151855	-62.025940
10723.535156	-60.719681
10728.918457	-59.582928
10734.301758	-58.767845
10739.685059	-58.374340
10745.068359	-58.339172
10750.451660	-58.717705
10755.834961	-59.487350
10761.218262	-60.685104
10766.601562	-62.287430
10771.984863	-64.265167
10777.368164	-66.176147
10782.751465	-66.668625
10788.134766	-65.303040
10793.518066	-63.295193
10798.901367	-61.609989
10804.284668	-60.271942
10809.667969	-59.338558
10815.051270	-58.725403
10820.434570	-58.398716
10825.817871	-58.279476
10831.201172	-58.388901
10836.584473	-58.672646
10841.967773	-59.245934
10847.351074	-60.183105
10852.734375	-61.662109
10858.117676	-63.839352
10863.500977	-66.869675
10868.884277	-68.982407
10874.267578	-66.615097
10879.650879	-63.281418
10885.034180	-60.808422
10890.417480	-59.249584
10895.800781	-58.271950
10901.184082	-57.734650
10906.567383	-57.509262
10911.950684	-57.562180
10917.333984	-57.802795
10922.717285	-58.210693
10928.100586	-58.772682
10933.483887	-59.470734
10938.867188	-60.286446
10944.250488	-61.254910
10949.633789	-62.424171
10955.017090	-63.914974
10960.400391	-65.601738
10965.783691	-66.758163
10971.166992	-66.399620
10976.550293	-64.625801
10981.933594	-62.730549
10987.316895	-61.199471
10992.700195	-60.171558
10998.083496	-59.594196
11003.466797	-59.435268
11008.850098	-59.667587
11014.233398	-60.308266
11019.616699	-61.426971
11025.000000	-63.119675
11030.383301	-65.577225
11035.766602	-69.017303
11041.149902	-74.120697
11046.533203	-82.743652
11051.916504	-85.097298
11057.299805	-79.192406
11062.683105	-75.605499
11068.066406	-72.009338
11073.449707	-68.318405
11078.833008	-64.956863
11084.216309	-62.196861
11089.599609	-60.045391
11094.982910	-58.465755
11100.366211	-57.391624
11105.749512	-56.817326
11111.132812	-56.762070
11116.516113	-57.248653
11121.899414	-58.327572
11127.282715	-60.107296
11132.666016	-62.843689
11138.049316	-66.808777
11143.432617	-71.104599
11148.815918	-69.660744
11154.199219	-66.182480
11159.582520	-63.859825
11164.965820	-62.488297
11170.349121	-61.832829
11175.732422	-61.747734
11181.115723	-62.237518
11186.499023	-63.253780
11191.882324	-64.865616
11197.265625	-66.985611
11202.648926	-69.701828
11208.032227	-72.606781
11213.415527	-75.198570
11218.798828	-75.207161
11224.182129	-72.295143
11229.565430	-69.083260
11234.948730	-66.614861
11240.332031	-64.721489
11245.715332	-63.387524
11251.098633	-62.535641
11256.481934	-62.173222
11261.865234	-62.273144
11267.248535	-62.849033
11272.631836	-63.814548
11278.015137	-65.160728
11283.398438	-67.072250
11288.781738	-70.217995
11294.165039	-76.577568
11299.548340	-80.298439
11304.931641	-70.490334
11310.314941	-65.776382
11315.698242	-62.952682
11321.081543	-61.167706
11326.464844	-60.112831
11331.848145	-59.606270
11337.231445	-59.512455
11342.614746	-59.758606
11347.998047	-60.265858
11353.381348	-61.044479
11358.764648	-62.004623
11364.147949	-63.129097
11369.531250	-64.378899
11374.914551	-65.862267
11380.297852	-67.354256
11385.681152	-68.561646
11391.064453	-69.049385
11396.447754	-68.811890
11401.831055	-67.956863
11407.214355	-66.960388
11412.597656	-66.066536
11417.980957	-65.429947
11423.364258	-64.988739
11428.747559	-64.666092
11434.130859	-64.540024
11439.514160	-64.703117
11444.897461	-65.261147
11450.280762	-66.204559
11455.664062	-67.767532
11461.047363	-69.985176
11466.430664	-73.060692
11471.813965	-76.604019
11477.197266	-77.491570
11482.580566	-73.609146
11487.963867	-70.235558
11493.347168	-68.225372
11498.730469	-67.019379
11504.113770	-66.270912
11509.497070	-65.627525
11514.880371	-65.165077
11520.263672	-64.626022
11525.646973	-64.079399
11531.030273	-63.609722
11536.413574	-63.400715
11541.796875	-63.440830
11547.180176	-63.737263
11552.563477	-64.142426
11557.946777	-64.527390
11563.330078	-64.569359
11568.713379	-64.084740
11574.096680	-63.405197
11579.479980	-62.888176
11584.863281	-62.669666
11590.246582	-62.781158
11595.629883	-63.286938
11601.013184	-64.069336
11606.396484	-64.979958
11611.779785	-65.645813
11617.163086	-65.851357
11622.546387	-65.478577
11627.929688	-64.884628
11633.312988	-64.288315
11638.696289	-63.974995
11644.079590	-63.944992
11649.462891	-64.308388
11654.846191	-65.009834
11660.229492	-66.123360
11665.612793	-67.570366
11670.996094	-69.509743
11676.379395	-71.698601
11681.762695	-74.261093
11687.145996	-77.239563
11692.529297	-81.147034
11697.912598	-87.262024
11703.295898	-91.908234
11708.679199	-84.077133
11714.062500	-81.236496
11719.445801	-80.799194
11724.829102	-83.016678
11730.212402	-88.800804
11735.595703	-87.905891
11740.979004	-79.441505
11746.362305	-74.911148
11751.745605	-72.143784
11757.128906	-70.360298
11762.512207	-69.277267
11767.895508	-68.669258
11773.278809	-68.487289
11778.662109	-68.621071
11784.045410	-68.921272
11789.428711	-69.325439
11794.812012	-69.437325
11800.195312	-68.984161
11805.578613	-67.998802
11810.961914	-67.008041
11816.345215	-66.131889
11821.728516	-65.665680
11827.111816	-65.518425
11832.495117	-65.734184
11837.878418	-66.267502
11843.261719	-67.092529
11848.645020	-67.993370
11854.028320	-68.958290
11859.411621	-69.877876
11864.794922	-70.893967
11870.178223	-72.107742
11875.561523	-73.988434
11880.944824	-77.014954
11886.328125	-82.306145
11891.711426	-83.687897
11897.094727	-77.883423
11902.478027	-74.215714
11907.861328	-71.923439
11913.244629	-70.581963
11918.627930	-69.808098
11924.011230	-69.658615
11929.394531	-69.978889
11934.777832	-70.941208
11940.161133	-72.583351
11945.544434	-74.956017
11950.927734	-76.228508
11956.311035	-73.864807
11961.694336	-70.713707
11967.077637	-68.071815
11972.460938	-66.251381
11977.844238	-65.067520
11983.227539	-64.538651
11988.610840	-64.528374
11993.994141	-65.004608
11999.377441	-65.777657
12004.760742	-66.653633
12010.144043	-67.307442
12015.527344	-68.033173
12020.910645	-69.091835
12026.293945	-71.029030
12031.677246	-73.976501
12037.060547	-77.959999
12042.443848	-77.436577
12047.827148	-72.709755
12053.210449	-68.968353
12058.593750	-66.147072
12063.977051	-64.108910
12069.360352	-62.601410
12074.743652	-61.527390
12080.126953	-60.797264
12085.510254	-60.391312
12090.893555	-60.273052
12096.276855	-60.436821
12101.660156	-60.854080
12107.043457	-61.510208
12112.426758	-62.378815
12117.810059	-63.455311
12123.193359	-64.786980
12128.576660	-66.301613
12133.959961	-68.081024
12139.343262	-69.921333
12144.726562	-71.285233
12150.109863	-71.294380
12155.493164	-70.395065
12160.876465	-69.300476
12166.259766	-68.390121
12171.643066	-67.644402
12177.026367	-66.999641
12182.409668	-66.432014
12187.792969	-65.773476
12193.176270	-65.097794
12198.559570	-64.523445
12203.942871	-64.207939
12209.326172	-64.168068
12214.709473	-64.618874
12220.092773	-65.439522
12225.476074	-66.251488
12230.859375	-66.194496
12236.242676	-65.027542
12241.625977	-63.338459
12247.009277	-61.878471
12252.392578	-60.901642
12257.775879	-60.330879
12263.159180	-60.184235
12268.542480	-60.465469
12273.925781	-61.210220
12279.309082	-62.371330
12284.692383	-64.116402
12290.075684	-66.398575
12295.458984	-69.306015
12300.842285	-72.058640
12306.225586	-72.809807
12311.608887	-71.685982
12316.992188	-70.649048
12322.375488	-70.279045
12327.758789	-69.839027
12333.142090	-68.905281
12338.525391	-67.563095
12343.908691	-66.475792
12349.291992	-65.681702
12354.675293	-65.137703
12360.058594	-64.855049
12365.441895	-64.992355
12370.825195	-65.545883
12376.208496	-66.630905
12381.591797	-67.792534
12386.975098	-68.333138
12392.358398	-67.624710
12397.741699	-66.110764
12403.125000	-64.561348
12408.508301	-63.336529
12413.891602	-62.521263
12419.274902	-62.109344
12424.658203	-62.114883
12430.041504	-62.559597
12435.424805	-63.511902
12440.808105	-64.915924
12446.191406	-66.987183
12451.574707	-69.820923
12456.958008	-73.808289
12462.341309	-79.640678
12467.724609	-90.399521
12473.107910	-87.277992
12478.491211	-82.736992
12483.874512	-81.972275
12489.257812	-82.359001
12494.641113	-81.251221
12500.024414	-77.347946
12505.407715	-73.401207
12510.791016	-70.095894
12516.174316	-67.676208
12521.557617	-65.863731
12526.940918	-64.685966
12532.324219	-63.809196
12537.707520	-63.245178
12543.090820	-63.057457
12548.474121	-63.336796
12553.857422	-64.031349
12559.240723	-65.071098
12564.624023	-66.400894
12570.007324	-67.954964
12575.390625	-69.300781
12580.773926	-69.057648
12586.157227	-67.207878
12591.540527	-65.280289
12596.923828	-63.879086
12602.307129	-62.852203
12607.690430	-62.495987
12613.073730	-62.924084
12618.457031	-63.970154
12623.840332	-65.663719
12629.223633	-68.288795
12634.606934	-71.907303
12639.990234	-74.977516
12645.373535	-74.189552
12650.756836	-72.320541
12656.140137	-71.606583
12661.523438	-72.679146
12666.906738	-76.090881
12672.290039	-81.361572
12677.673340	-74.091682
12683.056641	-68.680496
12688.439941	-65.484055
12693.823242	-63.390739
12699.206543	-62.120636
12704.589844	-61.496689
12709.973145	-61.489544
12715.356445	-62.032104
12720.739746	-63.180607
12726.123047	-64.999893
12731.506348	-67.665314
12736.889648	-70.508835
12742.272949	-70.101845
12747.656250	-67.232697
12753.039551	-65.024933
12758.422852	-63.632992
12763.806152	-62.945866
12769.189453	-62.766251
12774.572754	-63.133450
12779.956055	-63.969704
12785.339355	-65.393677
12790.722656	-67.446297
12796.105957	-70.460793
12801.489258	-74.107086
12806.872559	-75.526276
12812.255859	-72.734154
12817.639160	-69.977272
12823.022461	-68.266724
12828.405762	-67.300941
12833.789062	-67.009155
12839.172363	-67.238800
12844.555664	-68.147598
12849.938965	-69.910217
12855.322266	-73.037605
12860.705566	-77.946632
12866.088867	-78.462204
12871.472168	-73.174843
12876.855469	-69.779327
12882.238770	-67.869873
12887.622070	-67.192833
12893.005371	-67.486641
12898.388672	-68.626724
12903.771973	-69.817993
12909.155273	-69.796692
12914.538574	-68.665527
12919.921875	-67.491180
12925.305176	-66.964607
12930.688477	-67.255135
12936.071777	-68.378639
12941.455078	-69.699951
12946.838379	-69.972198
12952.221680	-68.329521
12957.604980	-66.277649
12962.988281	-64.630463
12968.371582	-63.649830
12973.754883	-63.301910
12979.138184	-63.586643
12984.521484	-64.345100
12989.904785	-65.415527
12995.288086	-66.493225
13000.671387	-67.285698
13006.054688	-67.549805
13011.437988	-67.481400
13016.821289	-67.380844
13022.204590	-67.240173
13027.587891	-67.056213
13032.971191	-66.626167
13038.354492	-66.128075
13043.737793	-65.770531
13049.121094	-66.093704
13054.504395	-67.573952
13059.887695	-71.121468
13065.270996	-76.268555
13070.654297	-72.528923
13076.037598	-67.643356
13081.420898	-64.720810
13086.804199	-63.145443
13092.187500	-62.582317
13097.570801	-62.997017
13102.954102	-64.393234
13108.337402	-67.033127
13113.720703	-71.332954
13119.104004	-74.944099
13124.487305	-70.371239
13129.870605	-66.318260
13135.253906	-63.770645
13140.637207	-62.232193
13146.020508	-61.407276
13151.403809	-61.184277
13156.787109	-61.395836
13162.170410	-61.928799
13167.553711	-62.647873
13172.937012	-63.385098
13178.320312	-63.983925
13183.703613	-64.300758
13189.086914	-64.457397
13194.470215	-64.650642
13199.853516	-65.140289
13205.236816	-65.894356
13210.620117	-66.836754
13216.003418	-67.019875
13221.386719	-65.792824
13226.770020	-63.885521
13232.153320	-62.280518
13237.536621	-61.220684
13242.919922	-60.749485
13248.303223	-60.791431
13253.686523	-61.368935
13259.069824	-62.457294
13264.453125	-64.059967
13269.836426	-66.066330
13275.219727	-68.030273
13280.603027	-68.670105
13285.986328	-67.413628
13291.369629	-65.698822
13296.752930	-64.401237
13302.136230	-63.717999
13307.519531	-63.528282
13312.902832	-63.745373
13318.286133	-64.118248
13323.669434	-64.479164
13329.052734	-64.420219
13334.436035	-63.925064
13339.819336	-63.291466
13345.202637	-62.988388
13350.585938	-63.137691
13355.969238	-63.918182
13361.352539	-65.519257
13366.735840	-68.083733
13372.119141	-70.484543
13377.502441	-70.655746
13382.885742	-69.237343
13388.269043	-67.516998
13393.652344	-66.140076
13399.035645	-64.916031
13404.418945	-63.839790
13409.802246	-62.874794
13415.185547	-62.113243
13420.568848	-61.626839
13425.952148	-61.660587
13431.335449	-62.307552
13436.718750	-63.847164
13442.102051	-66.611511
13447.485352	-71.550468
13452.868652	-77.252312
13458.251953	-71.859734
13463.635254	-67.751778
13469.018555	-65.696617
13474.401855	-64.922691
13479.785156	-65.024590
13485.168457	-65.988686
13490.551758	-67.516106
13495.935059	-68.835068
13501.318359	-68.618973
13506.701660	-67.288475
13512.084961	-65.878639
13517.468262	-64.933311
13522.851562	-64.490234
13528.234863	-64.621361
13533.618164	-65.294380
13539.001465	-66.623161
13544.384766	-68.481331
13549.768066	-70.664566
13555.151367	-72.207787
13560.534668	-72.730995
13565.917969	-72.701622
13571.301270	-72.812790
13576.684570	-73.554832
13582.067871	-74.937614
13587.451172	-75.336746
13592.834473	-73.049866
13598.217773	-69.761803
13603.601074	-67.274399
13608.984375	-65.791771
13614.367676	-65.366486
13619.750977	-65.701080
13625.134277	-66.540871
13630.517578	-67.033081
13635.900879	-66.544762
13641.284180	-65.303238
13646.667480	-64.097870
13652.050781	-63.165443
13657.434082	-62.599194
13662.817383	-62.316322
13668.200684	-62.302635
13673.583984	-62.613094
13678.967285	-63.507397
13684.350586	-64.938698
13689.733887	-66.787308
13695.117188	-69.130157
13700.500488	-72.548035
13705.883789	-74.827179
13711.267090	-71.794067
13716.650391	-69.224762
13722.033691	-67.719147
13727.416992	-66.723907
13732.800293	-66.239708
13738.183594	-66.289566
13743.566895	-66.615601
13748.950195	-67.487267
13754.333496	-69.055481
13759.716797	-71.656097
13765.100098	-74.709267
13770.483398	-73.839928
13775.866699	-69.968231
13781.250000	-67.154724
13786.633301	-65.435593
13792.016602	-64.769028
13797.399902	-65.091202
13802.783203	-66.588455
13808.166504	-69.758514
13813.549805	-76.550446
13818.933105	-84.662750
13824.316406	-73.576355
13829.699707	-69.152939
13835.083008	-66.584297
13840.466309	-65.190582
13845.849609	-64.637009
13851.232910	-64.847046
13856.616211	-65.747688
13861.999512	-67.612701
13867.382812	-70.574631
13872.766113	-75.492836
13878.149414	-85.567078
13883.532715	-82.956650
13888.916016	-76.802414
13894.299316	-74.582359
13899.682617	-74.140594
13905.065918	-74.807457
13910.449219	-76.481850
13915.832520	-79.985573
13921.215820	-88.370949
13926.599121	-90.260056
13931.982422	-81.532066
13937.365723	-78.241707
13942.749023	-77.284683
13948.132324	-77.759529
13953.515625	-77.848747
13958.898926	-74.122856
13964.282227	-70.054283
13969.665527	-67.109978
13975.048828	-64.986984
13980.432129	-63.587528
13985.815430	-62.758255
13991.198730	-62.460304
13996.582031	-62.649231
14001.965332	-63.485649
14007.348633	-65.015602
14012.731934	-67.650131
14018.115234	-72.210251
14023.498535	-80.973297
14028.881836	-76.508850
14034.265137	-70.283615
14039.648438	-67.093575
14045.031738	-65.226929
14050.415039	-64.285027
14055.798340	-63.905350
14061.181641	-63.920586
14066.564941	-64.074799
14071.948242	-64.289619
14077.331543	-64.402794
14082.714844	-64.641609
14088.098145	-65.198654
14093.481445	-66.265526
14098.864746	-67.729134
14104.248047	-69.570045
14109.631348	-70.919182
14115.014648	-70.561638
14120.397949	-68.578537
14125.781250	-66.419769
14131.164551	-64.835716
14136.547852	-63.713547
14141.931152	-63.023964
14147.314453	-62.772587
14152.697754	-62.968372
14158.081055	-63.318916
14163.464355	-63.799198
14168.847656	-64.243805
14174.230957	-64.617249
14179.614258	-65.042023
14184.997559	-65.656174
14190.380859	-66.160088
14195.764160	-66.414703
14201.147461	-66.319710
14206.530762	-66.035599
14211.914062	-65.736771
14217.297363	-65.673111
14222.680664	-66.017578
14228.063965	-66.816788
14233.447266	-67.759720
14238.830566	-68.273163
14244.213867	-68.275833
14249.597168	-68.265808
14254.980469	-68.527946
14260.363770	-68.784698
14265.747070	-69.061172
14271.130371	-69.488266
14276.513672	-70.503349
14281.896973	-72.259865
14287.280273	-75.315651
14292.663574	-77.718475
14298.046875	-75.419777
14303.430176	-72.021477
14308.813477	-69.413673
14314.196777	-67.417213
14319.580078	-65.791084
14324.963379	-64.490929
14330.346680	-63.426804
14335.729980	-62.725567
14341.113281	-62.373726
14346.496582	-62.489880
14351.879883	-63.173264
14357.263184	-64.668442
14362.646484	-67.295708
14368.029785	-71.796089
14373.413086	-78.759697
14378.796387	-76.841560
14384.179688	-72.588638
14389.562988	-70.488136
14394.946289	-69.526474
14400.329590	-68.998322
14405.712891	-68.623451
14411.096191	-68.152687
14416.479492	-67.608269
14421.862793	-67.114235
14427.246094	-66.814217
14432.629395	-66.664444
14438.012695	-66.923592
14443.395996	-67.837425
14448.779297	-69.872215
14454.162598	-73.676247
14459.545898	-80.151825
14464.929199	-76.939056
14470.312500	-71.624542
14475.695801	-68.395988
14481.079102	-66.504623
14486.462402	-65.542358
14491.845703	-65.365456
14497.229004	-65.980888
14502.612305	-67.293121
14507.995605	-69.134369
14513.378906	-71.507866
14518.762207	-75.126411
14524.145508	-82.333420
14529.528809	-84.867561
14534.912109	-75.085060
14540.295410	-70.678574
14545.678711	-68.105545
14551.062012	-66.333519
14556.445312	-64.930412
14561.828613	-63.920795
14567.211914	-63.328175
14572.595215	-62.990177
14577.978516	-62.916710
14583.361816	-63.266064
14588.745117	-64.189384
14594.128418	-66.002419
14599.511719	-69.392929
14604.895020	-75.863548
14610.278320	-86.544586
14615.661621	-74.139290
14621.044922	-69.266754
14626.428223	-66.482162
14631.811523	-64.769836
14637.194824	-63.748634
14642.578125	-63.125626
14647.961426	-62.741787
14653.344727	-62.523579
14658.728027	-62.436920
14664.111328	-62.572018
14669.494629	-63.003159
14674.877930	-63.805908
14680.261230	-65.127495
14685.644531	-67.127281
14691.027832	-69.984154
14696.411133	-74.047295
14701.794434	-78.694336
14707.177734	-77.397118
14712.561035	-73.475105
14717.944336	-70.554100
14723.327637	-68.598602
14728.710938	-67.160011
14734.094238	-66.198959
14739.477539	-65.620750
14744.860840	-65.454056
14750.244141	-65.606003
14755.627441	-66.131454
14761.010742	-67.029228
14766.394043	-68.497749
14771.777344	-70.454918
14777.160645	-73.227791
14782.543945	-77.547310
14787.927246	-87.170761
14793.310547	-84.315628
14798.693848	-76.794685
14804.077148	-72.928642
14809.460449	-70.229645
14814.843750	-68.093246
14820.227051	-66.240784
14825.610352	-64.830063
14830.993652	-63.796837
14836.376953	-63.210064
14841.760254	-62.994114
14847.143555	-63.215515
14852.526855	-63.831879
14857.910156	-64.858902
14863.293457	-66.160423
14868.676758	-67.733467
14874.060059	-69.230965
14879.443359	-70.250000
14884.826660	-70.676147
14890.209961	-70.636856
14895.593262	-70.384750
14900.976562	-69.917824
14906.359863	-69.495552
14911.743164	-69.158188
14917.126465	-69.083214
14922.509766	-68.918129
14927.893066	-68.085953
14933.276367	-66.428223
14938.659668	-64.599571
14944.042969	-63.192825
14949.426270	-62.397144
14954.809570	-62.307537
14960.192871	-62.822529
14965.576172	-64.108665
14970.959473	-66.426765
14976.342773	-70.505836
14981.726074	-75.861862
14987.109375	-73.687851
14992.492676	-70.074417
14997.875977	-68.442497
15003.259277	-67.939972
15008.642578	-68.250999
15014.025879	-68.762634
15019.409180	-68.972618
15024.792480	-68.438911
15030.175781	-67.431610
15035.559082	-66.478325
15040.942383	-65.709938
15046.325684	-65.323349
15051.708984	-65.205193
15057.092285	-65.490944
15062.475586	-66.306511
15067.858887	-67.778702
15073.242188	-69.576134
15078.625488	-71.431770
15084.008789	-72.524002
15089.392090	-72.205879
15094.775391	-70.937744
15100.158691	-69.685059
15105.541992	-69.240639
15110.925293	-69.697601
15116.308594	-70.910805
15121.691895	-71.184120
15127.075195	-69.417427
15132.458496	-67.289642
15137.841797	-65.881027
15143.225098	-65.156105
15148.608398	-64.983597
15153.991699	-65.295273
15159.375000	-66.189705
15164.758301	-67.231415
15170.141602	-67.779655
15175.524902	-67.567924
15180.908203	-66.829727
15186.291504	-65.821869
15191.674805	-64.675186
15197.058105	-63.739521
15202.441406	-63.173439
15207.824707	-63.066010
15213.208008	-63.300575
15218.591309	-63.855156
15223.974609	-64.583923
15229.357910	-65.416786
15234.741211	-66.389702
15240.124512	-67.699654
15245.507812	-69.762871
15250.891113	-73.010033
15256.274414	-76.881104
15261.657715	-74.843483
15267.041016	-70.908745
15272.424316	-68.492538
15277.807617	-67.300842
15283.190918	-66.778336
15288.574219	-66.716064
15293.957520	-66.932785
15299.340820	-67.363281
15304.724121	-67.853897
15310.107422	-68.342628
15315.490723	-68.516167
15320.874023	-68.483879
15326.257324	-68.395218
15331.640625	-68.209908
15337.023926	-68.013268
15342.407227	-67.690636
15347.790527	-67.299232
15353.173828	-66.769012
15358.557129	-66.348984
15363.940430	-65.961472
15369.323730	-65.750092
15374.707031	-65.817337
15380.090332	-66.223274
15385.473633	-66.970314
15390.856934	-68.076813
15396.240234	-69.399910
15401.623535	-70.637909
15407.006836	-71.449692
15412.390137	-71.852295
15417.773438	-72.097679
15423.156738	-72.540718
15428.540039	-73.355064
15433.923340	-74.075439
15439.306641	-74.422295
15444.689941	-74.200142
15450.073242	-73.652916
15455.456543	-72.633827
15460.839844	-71.512169
15466.223145	-70.162666
15471.606445	-68.920341
15476.989746	-67.893044
15482.373047	-67.251518
15487.756348	-66.896507
15493.139648	-66.718910
15498.522949	-66.632240
15503.906250	-66.514252
15509.289551	-66.439476
15514.672852	-66.436134
15520.056152	-66.843102
15525.439453	-67.673256
15530.822754	-69.035179
15536.206055	-71.030731
15541.589355	-73.939537
15546.972656	-77.943672
15552.355957	-84.674088
15557.739258	-98.623672
15563.122559	-90.420189
15568.505859	-80.191643
15573.889160	-72.886642
15579.272461	-68.030052
15584.655762	-64.875175
15590.039062	-63.145092
15595.422363	-62.467747
15600.805664	-62.553856
15606.188965	-63.084049
15611.572266	-64.000404
15616.955566	-65.328239
15622.338867	-67.216438
15627.722168	-69.940964
15633.105469	-73.917183
15638.488770	-77.291664
15643.872070	-73.334320
15649.255371	-68.889946
15654.638672	-66.009224
15660.021973	-64.348793
15665.405273	-63.563206
15670.788574	-63.344921
15676.171875	-63.355232
15681.555176	-63.430664
15686.938477	-63.577618
15692.321777	-63.937424
15697.705078	-64.497314
15703.088379	-65.320183
15708.471680	-66.397522
15713.854980	-67.618919
15719.238281	-69.167290
15724.621582	-71.556129
15730.004883	-75.408371
15735.388184	-81.247803
15740.771484	-77.077095
15746.154785	-72.101562
15751.538086	-69.697746
15756.921387	-68.804825
15762.304688	-69.002968
15767.687988	-70.260696
15773.071289	-72.547668
15778.454590	-74.811073
15783.837891	-73.522026
15789.221191	-71.040604
15794.604492	-68.985435
15799.987793	-67.530945
15805.371094	-66.650360
15810.754395	-66.266541
15816.137695	-66.278976
15821.520996	-66.906960
15826.904297	-68.195419
15832.287598	-70.472626
15837.670898	-74.398750
15843.054199	-82.843987
15848.437500	-81.121742
15853.820801	-72.893349
15859.204102	-69.283424
15864.587402	-67.585892
15869.970703	-66.929344
15875.354004	-67.057945
15880.737305	-67.931190
15886.120605	-69.687057
15891.503906	-72.061478
15896.887207	-73.954048
15902.270508	-74.455383
15907.653809	-73.505333
15913.037109	-71.982994
15918.420410	-70.494347
15923.803711	-69.581306
15929.187012	-69.223686
15934.570312	-69.302299
15939.953613	-69.787193
15945.336914	-71.058769
15950.720215	-73.436867
15956.103516	-77.231369
15961.486816	-81.854980
15966.870117	-79.967667
15972.253418	-75.488380
15977.636719	-72.329224
15983.020020	-70.184540
15988.403320	-69.495064
15993.786621	-70.350548
15999.169922	-72.247429
16004.553223	-70.919647
16009.936523	-67.103485
16015.319824	-64.437531
16020.703125	-63.091148
16026.086426	-62.640598
16031.469727	-62.816811
16036.853027	-63.442886
16042.236328	-64.480972
16047.619629	-65.845764
16053.002930	-67.540985
16058.386230	-69.978340
16063.769531	-74.164001
16069.152832	-78.813606
16074.536133	-73.219063
16079.919434	-68.344070
16085.302734	-65.666939
16090.686035	-64.366409
16096.069336	-64.016113
16101.452637	-64.685600
16106.835938	-66.715622
16112.219238	-71.205215
16117.602539	-80.178421
16122.985840	-72.867332
16128.369141	-67.530716
16133.752441	-64.828186
16139.135742	-63.447083
16144.519043	-62.960773
16149.902344	-63.198589
16155.285645	-64.016594
16160.668945	-65.797470
16166.052246	-69.307137
16171.435547	-77.108315
16176.818848	-79.188927
16182.202148	-70.317947
16187.585449	-66.781136
16192.968750	-65.429100
16198.352051	-65.445747
16203.735352	-66.444893
16209.118652	-68.046860
16214.501953	-69.641060
16219.885254	-70.436798
16225.268555	-70.489426
16230.651855	-70.121796
16236.035156	-69.735924
16241.418457	-69.217201
16246.801758	-68.806229
16252.185059	-69.313011
16257.568359	-71.042656
16262.951660	-74.705124
16268.334961	-81.260872
16273.718262	-76.544266
16279.101562	-70.832848
16284.484863	-67.561699
16289.868164	-65.536842
16295.251465	-64.150574
16300.634766	-63.347347
16306.018066	-63.087429
16311.401367	-63.281189
16316.784668	-63.934319
16322.167969	-65.136200
16327.551270	-67.228264
16332.934570	-70.675148
16338.317871	-76.091217
16343.701172	-75.642365
16349.084473	-70.489296
16354.467773	-67.563225
16359.851074	-66.253365
16365.234375	-66.203064
16370.617676	-67.309692
16376.000977	-70.288734
16381.384277	-76.522591
16386.767578	-76.482498
16392.150879	-70.028770
16397.534180	-67.094383
16402.917480	-66.229942
16408.300781	-66.469131
16413.684082	-66.960136
16419.067383	-67.662483
16424.450684	-69.909134
16429.833984	-75.632210
16435.217285	-79.884850
16440.600586	-71.425797
16445.983887	-67.057114
16451.367188	-64.856537
16456.750488	-63.926331
16462.133789	-63.406944
16467.517090	-62.868702
16472.900391	-62.205986
16478.283691	-61.639584
16483.666992	-61.170788
16489.050293	-60.809711
16494.433594	-60.546478
16499.816895	-60.289387
16505.200195	-60.321560
16510.583496	-61.275002
16515.966797	-63.456669
16521.350098	-66.951279
16526.733398	-69.756012
16532.116699	-68.924957
16537.500000	-66.898521
16542.883301	-64.620811
16548.266602	-62.369278
16553.649902	-60.601978
16559.033203	-59.596340
16564.416504	-59.275341
16569.799805	-59.564083
16575.183105	-60.431419
16580.566406	-62.144676
16585.949707	-64.960129
16591.333008	-69.808716
16596.716309	-77.598961
16602.099609	-72.734367
16607.482910	-68.683449
16612.866211	-67.131866
16618.249512	-67.202232
16623.632812	-68.857422
16629.016113	-73.194000
16634.399414	-83.527275
16639.782715	-74.519409
16645.166016	-69.205986
16650.549316	-66.771881
16655.932617	-65.601654
16661.315918	-65.388618
16666.699219	-66.008003
16672.082520	-67.372337
16677.465820	-68.891396
16682.849121	-69.105171
16688.232422	-67.652206
16693.615723	-65.717239
16698.999023	-64.039909
16704.382324	-62.803566
16709.765625	-62.165199
16715.148926	-62.067905
16720.532227	-62.406536
16725.915527	-63.060234
16731.298828	-64.182861
16736.682129	-65.477364
16742.065430	-66.681763
16747.448730	-67.853745
16752.832031	-68.963387
16758.215332	-69.734322
16763.598633	-70.358536
16768.981934	-70.797729
16774.365234	-71.579529
16779.748535	-73.043671
16785.131836	-75.338165
16790.515137	-76.758484
16795.898438	-75.055191
16801.281738	-72.314171
16806.665039	-70.026001
16812.048340	-68.824608
16817.431641	-68.487152
16822.814941	-68.725983
16828.198242	-69.454941
16833.581543	-70.969261
16838.964844	-72.897881
16844.348145	-74.685638
16849.731445	-74.818130
16855.114746	-73.267883
16860.498047	-71.138565
16865.881348	-68.796028
16871.264648	-66.605072
16876.647949	-64.870583
16882.031250	-63.730274
16887.414551	-63.229347
16892.797852	-63.507080
16898.181152	-64.819328
16903.564453	-67.336632
16908.947754	-70.600471
16914.331055	-71.523979
16919.714355	-69.561165
16925.097656	-68.323479
16930.480957	-68.393379
16935.864258	-69.377319
16941.247559	-70.061676
16946.630859	-69.659370
16952.014160	-68.586784
16957.397461	-67.919395
16962.780762	-68.008415
16968.164062	-69.009880
16973.547363	-70.839722
16978.930664	-74.043755
16984.313965	-79.250603
16989.697266	-87.344048
16995.080566	-83.661346
17000.463867	-79.106010
17005.847168	-76.601334
17011.230469	-74.337257
17016.613770	-72.456123
17021.997070	-71.075607
17027.380371	-70.619308
17032.763672	-71.109306
17038.146973	-72.561386
17043.530273	-74.692871
17048.913574	-77.980316
17054.296875	-81.998779
17059.680176	-87.182693
17065.063477	-95.173218
17070.446777	-89.096306
17075.830078	-82.994034
17081.213379	-79.307213
17086.596680	-76.620583
17091.979980	-74.445793
17097.363281	-72.989388
17102.746582	-71.701134
17108.129883	-70.574608
17113.513184	-69.564949
17118.896484	-68.794304
17124.279785	-68.108643
17129.663086	-67.712166
17135.046387	-67.627991
17140.429688	-67.869499
17145.812988	-68.446007
17151.196289	-69.459877
17156.579590	-71.074265
17161.962891	-73.428726
17167.346191	-77.167549
17172.729492	-82.374275
17178.112793	-85.503159
17183.496094	-80.046959
17188.879395	-75.732605
17194.262695	-72.915741
17199.645996	-70.779686
17205.029297	-69.205757
17210.412598	-68.150635
17215.795898	-67.741943
17221.179199	-67.767738
17226.562500	-68.208031
17231.945801	-68.927734
17237.329102	-69.802887
17242.712402	-70.598450
17248.095703	-71.522820
17253.479004	-72.189850
17258.862305	-72.506485
17264.245605	-72.391861
17269.628906	-71.949562
17275.012207	-71.451508
17280.395508	-70.969627
17285.778809	-70.867668
17291.162109	-71.267593
17296.545410	-72.446114
17301.928711	-74.357185
17307.312012	-77.099319
17312.695312	-79.051460
17318.078613	-79.041107
17323.461914	-78.061615
17328.845215	-76.578751
17334.228516	-75.408745
17339.611816	-74.001663
17344.995117	-72.499321
17350.378418	-70.994896
17355.761719	-70.011734
17361.145020	-69.413971
17366.528320	-69.081100
17371.911621	-68.802971
17377.294922	-68.656235
17382.678223	-68.368881
17388.061523	-68.094154
17393.444824	-67.919418
17398.828125	-68.126534
17404.211426	-68.637825
17409.594727	-69.586311
17414.978027	-71.265938
17420.361328	-74.623283
17425.744629	-80.325897
17431.127930	-82.121559
17436.511230	-76.181091
17441.894531	-72.357468
17447.277832	-70.193924
17452.661133	-68.743042
17458.044434	-67.956131
17463.427734	-67.714165
17468.811035	-67.867516
17474.194336	-68.229225
17479.577637	-69.005424
17484.960938	-70.006721
17490.344238	-71.166725
17495.727539	-73.082817
17501.110840	-77.282875
17506.494141	-81.457237
17511.877441	-76.058746
17517.260742	-71.179688
17522.644043	-68.128418
17528.027344	-66.339447
17533.410645	-65.428543
17538.793945	-65.157120
17544.177246	-65.280426
17549.560547	-65.834229
17554.943848	-66.892555
17560.327148	-68.604729
17565.710449	-71.296753
17571.093750	-76.194199
17576.477051	-88.804855
17581.860352	-78.483788
17587.243652	-72.021706
17592.626953	-68.479301
17598.010254	-66.216156
17603.393555	-64.713669
17608.776855	-63.800026
17614.160156	-63.424179
17619.543457	-63.696381
17624.926758	-64.732788
17630.310059	-66.591393
17635.693359	-69.415421
17641.076660	-72.906830
17646.459961	-74.721420
17651.843262	-73.254944
17657.226562	-69.971306
17662.609863	-67.137245
17667.993164	-65.008095
17673.376465	-63.339184
17678.759766	-62.011600
17684.143066	-61.101341
17689.526367	-60.678379
17694.909668	-60.675957
17700.292969	-61.041050
17705.676270	-61.750629
17711.059570	-62.728954
17716.442871	-63.854992
17721.826172	-64.887070
17727.209473	-65.626411
17732.592773	-65.958023
17737.976074	-65.697220
17743.359375	-64.900894
17748.742676	-63.903473
17754.125977	-63.224567
17759.509277	-63.054886
17764.892578	-63.487713
17770.275879	-64.547745
17775.659180	-66.458023
17781.042480	-69.259560
17786.425781	-73.111595
17791.809082	-74.702293
17797.192383	-71.626213
17802.575684	-68.877106
17807.958984	-67.295868
17813.342285	-66.730507
17818.725586	-67.139496
17824.108887	-68.570290
17829.492188	-71.329979
17834.875488	-76.594650
17840.258789	-82.109299
17845.642090	-74.962387
17851.025391	-70.470749
17856.408691	-68.008209
17861.791992	-66.646500
17867.175293	-66.324608
17872.558594	-66.891914
17877.941895	-68.348274
17883.325195	-70.583214
17888.708496	-73.743896
17894.091797	-76.601341
17899.475098	-76.629509
17904.858398	-74.707954
17910.241699	-72.856354
17915.625000	-71.599907
17921.008301	-70.516212
17926.391602	-69.501038
17931.774902	-68.339287
17937.158203	-67.226097
17942.541504	-66.065422
17947.924805	-65.001205
17953.308105	-64.126228
17958.691406	-63.570930
17964.074707	-63.309391
17969.458008	-63.432560
17974.841309	-63.925621
17980.224609	-64.772423
17985.607910	-65.721535
17990.991211	-66.405182
17996.374512	-66.538208
18001.757812	-66.041893
18007.141113	-65.286316
18012.524414	-64.592216
18017.907715	-64.128685
18023.291016	-63.922203
18028.674316	-64.015297
18034.057617	-64.216896
18039.440918	-64.498199
18044.824219	-64.706993
18050.207520	-64.929916
18055.590820	-65.109581
18060.974121	-65.281364
18066.357422	-65.367828
18071.740723	-65.443100
18077.124023	-65.590393
18082.507324	-65.837631
18087.890625	-66.092285
18093.273926	-66.307281
18098.657227	-66.521805
18104.040527	-66.776344
18109.423828	-67.325432
18114.807129	-68.274048
18120.190430	-69.573372
18125.573730	-70.875877
18130.957031	-72.100166
18136.340332	-73.303925
18141.723633	-74.808960
18147.106934	-75.678604
18152.490234	-74.934494
18157.873535	-72.922661
18163.256836	-70.998444
18168.640137	-69.666412
18174.023438	-68.933640
18179.406738	-68.845810
18184.790039	-69.280243
18190.173340	-70.174530
18195.556641	-71.370735
18200.939941	-72.745613
18206.323242	-73.795395
18211.706543	-74.453667
18217.089844	-74.515999
18222.473145	-74.474609
18227.856445	-74.302505
18233.239746	-74.336174
18238.623047	-74.260780
18244.006348	-73.846619
18249.389648	-73.002731
18254.772949	-72.153831
18260.156250	-71.713219
18265.539551	-71.822060
18270.922852	-72.399887
18276.306152	-73.039360
18281.689453	-73.055580
18287.072754	-71.850090
18292.456055	-70.131248
18297.839355	-68.489601
18303.222656	-67.425819
18308.605957	-66.858040
18313.989258	-66.701546
18319.372559	-66.764618
18324.755859	-67.134880
18330.139160	-67.681961
18335.522461	-68.564140
18340.905762	-69.703766
18346.289062	-71.172783
18351.672363	-72.619629
18357.055664	-73.383545
18362.438965	-72.581566
18367.822266	-71.020004
18373.205566	-69.702789
18378.588867	-68.939346
18383.972168	-68.666786
18389.355469	-68.698799
18394.738770	-68.981216
18400.122070	-69.351021
18405.505371	-69.941956
18410.888672	-70.630112
18416.271973	-71.384743
18421.655273	-71.712357
18427.038574	-71.439888
18432.421875	-70.898407
18437.805176	-70.988411
18443.188477	-71.963875
18448.571777	-74.454994
18453.955078	-79.738304
18459.338379	-91.355957
18464.721680	-79.280304
18470.104980	-74.111664
18475.488281	-71.611015
18480.871582	-70.343086
18486.254883	-70.148888
18491.638184	-70.878601
18497.021484	-72.633873
18502.404785	-74.736259
18507.788086	-75.354851
18513.171387	-73.472763
18518.554688	-71.328018
18523.937988	-69.808403
18529.321289	-68.967781
18534.704590	-68.649544
18540.087891	-68.744232
18545.471191	-69.209633
18550.854492	-70.127792
18556.237793	-71.669098
18561.621094	-73.802734
18567.004395	-76.090141
18572.387695	-77.359802
18577.770996	-77.159431
18583.154297	-76.246208
18588.537598	-75.725670
18593.920898	-75.691818
18599.304199	-76.291504
18604.687500	-77.152840
18610.070801	-78.164833
18615.454102	-78.739174
18620.837402	-78.688919
18626.220703	-78.279312
18631.604004	-77.953323
18636.987305	-78.201683
18642.370605	-79.206123
18647.753906	-81.369270
18653.137207	-83.808632
18658.520508	-85.026321
18663.903809	-82.234367
18669.287109	-78.919716
18674.670410	-76.716995
18680.053711	-75.183708
18685.437012	-74.371353
18690.820312	-74.067047
18696.203613	-74.585197
18701.586914	-75.806374
18706.970215	-77.820381
18712.353516	-80.315292
18717.736816	-82.016029
18723.120117	-81.330910
18728.503418	-79.191940
18733.886719	-77.428802
18739.270020	-76.109505
18744.653320	-75.485672
18750.036621	-75.093109
18755.419922	-74.813950
18760.803223	-74.676849
18766.186523	-74.652298
18771.569824	-74.641418
18776.953125	-74.567627
18782.336426	-74.657127
18787.719727	-74.599350
18793.103027	-74.179008
18798.486328	-73.613312
18803.869629	-73.156319
18809.252930	-72.697632
18814.636230	-72.481277
18820.019531	-72.671875
18825.402832	-73.607605
18830.786133	-75.252502
18836.169434	-77.881065
18841.552734	-80.127983
18846.936035	-78.819000
18852.319336	-75.591103
18857.702637	-72.980164
18863.085938	-71.248886
18868.469238	-70.118210
18873.852539	-69.532486
18879.235840	-69.351028
18884.619141	-69.660187
18890.002441	-70.275925
18895.385742	-71.355293
18900.769043	-72.663567
18906.152344	-74.263695
18911.535645	-75.836517
18916.918945	-77.593132
18922.302246	-79.171173
18927.685547	-80.098778
18933.068848	-79.959969
18938.452148	-79.236458
18943.835449	-78.492821
18949.218750	-77.737839
18954.602051	-77.323364
18959.985352	-76.627991
18965.368652	-75.600014
18970.751953	-73.799934
18976.135254	-71.807777
18981.518555	-69.761337
18986.901855	-67.879616
18992.285156	-66.258369
18997.668457	-64.972549
19003.051758	-64.034340
19008.435059	-63.407772
19013.818359	-63.151394
19019.201660	-63.304214
19024.584961	-63.960461
19029.968262	-65.017128
19035.351562	-66.518417
19040.734863	-68.451927
19046.118164	-70.983276
19051.501465	-73.943596
19056.884766	-76.872284
19062.268066	-77.797989
19067.651367	-76.699425
19073.034668	-74.942604
19078.417969	-73.144119
19083.801270	-71.755280
19089.184570	-70.661575
19094.567871	-70.079781
19099.951172	-69.860603
19105.334473	-70.086266
19110.717773	-70.739197
19116.101074	-71.586922
19121.484375	-72.546646
19126.867676	-73.815506
19132.250977	-74.901825
19137.634277	-75.769653
19143.017578	-76.292542
19148.400879	-76.748772
19153.784180	-76.849068
19159.167480	-76.512100
19164.550781	-75.761574
19169.934082	-75.089859
19175.317383	-74.890694
19180.700684	-75.065529
19186.083984	-75.447067
19191.467285	-75.647049
19196.850586	-74.859535
19202.233887	-72.860428
19207.617188	-70.884911
19213.000488	-69.224236
19218.383789	-68.102325
19223.767090	-67.616524
19229.150391	-67.675400
19234.533691	-68.151863
19239.916992	-68.939224
19245.300293	-69.727989
19250.683594	-70.236084
19256.066895	-70.491554
19261.450195	-70.521461
19266.833496	-70.418419
19272.216797	-69.881950
19277.600098	-69.209900
19282.983398	-68.362572
19288.366699	-67.424271
19293.750000	-66.430428
19299.133301	-65.528519
19304.516602	-64.733032
19309.899902	-64.121292
19315.283203	-63.692341
19320.666504	-63.490932
19326.049805	-63.562733
19331.433105	-63.769363
19336.816406	-64.060829
19342.199707	-64.328133
19347.583008	-64.605919
19352.966309	-64.849968
19358.349609	-65.117531
19363.732910	-65.423691
19369.116211	-65.935074
19374.499512	-66.687637
19379.882812	-67.684189
19385.266113	-68.833031
19390.649414	-69.905029
19396.032715	-70.733391
19401.416016	-70.962494
19406.799316	-70.817116
19412.182617	-70.324989
19417.565918	-69.743477
19422.949219	-69.138939
19428.332520	-68.808754
19433.715820	-68.638504
19439.099121	-68.686066
19444.482422	-68.997643
19449.865723	-69.595612
19455.249023	-70.429398
19460.632324	-71.474754
19466.015625	-72.565956
19471.398926	-73.361038
19476.782227	-73.494102
19482.165527	-72.700722
19487.548828	-71.556458
19492.932129	-70.237724
19498.315430	-69.266060
19503.698730	-68.584900
19509.082031	-68.257133
19514.465332	-68.241020
19519.848633	-68.433655
19525.231934	-68.670578
19530.615234	-68.759872
19535.998535	-68.567673
19541.381836	-68.011787
19546.765137	-67.232552
19552.148438	-66.347076
19557.531738	-65.577568
19562.915039	-65.028824
19568.298340	-64.885971
19573.681641	-65.143951
19579.064941	-65.892494
19584.448242	-67.063576
19589.831543	-68.803391
19595.214844	-70.696327
19600.598145	-71.792816
19605.981445	-71.047684
19611.364746	-69.312332
19616.748047	-67.795479
19622.131348	-66.620110
19627.514648	-65.965050
19632.897949	-65.628487
19638.281250	-65.616196
19643.664551	-65.799522
19649.047852	-66.219734
19654.431152	-66.823296
19659.814453	-67.713516
19665.197754	-68.884575
19670.581055	-70.412460
19675.964355	-72.187141
19681.347656	-74.274979
19686.730957	-76.325600
19692.114258	-77.580635
19697.497559	-76.630028
19702.880859	-74.212334
19708.264160	-71.787697
19713.647461	-69.763885
19719.030762	-68.295166
19724.414062	-67.331848
19729.797363	-66.900230
19735.180664	-66.798050
19740.563965	-67.185181
19745.947266	-68.011803
19751.330566	-69.287575
19756.713867	-70.631325
19762.097168	-71.533920
19767.480469	-71.598633
19772.863770	-71.035263
19778.247070	-70.498940
19783.630371	-70.069405
19789.013672	-69.940712
19794.396973	-69.876160
19799.780273	-69.923195
19805.163574	-69.950165
19810.546875	-70.175423
19815.930176	-70.587845
19821.313477	-71.379669
19826.696777	-72.445595
19832.080078	-74.032280
19837.463379	-76.168945
19842.846680	-79.331833
19848.229980	-83.364784
19853.613281	-85.423347
19858.996582	-82.818024
19864.379883	-79.039383
19869.763184	-76.177017
19875.146484	-73.908997
19880.529785	-72.338020
19885.913086	-71.088509
19891.296387	-70.272255
19896.679688	-69.813225
19902.062988	-69.707748
19907.446289	-69.902596
19912.829590	-70.374802
19918.212891	-71.140480
19923.596191	-72.232315
19928.979492	-73.674118
19934.362793	-75.439781
19939.746094	-77.703239
19945.129395	-80.493591
19950.512695	-83.526985
19955.895996	-83.478210
19961.279297	-81.145500
19966.662598	-78.698067
19972.045898	-76.827278
19977.429199	-75.449425
19982.812500	-74.528740
19988.195801	-73.565086
19993.579102	-72.438248
19998.962402	-71.360893
20004.345703	-70.621368
20009.729004	-70.184776
20015.112305	-70.228516
20020.495605	-70.780159
20025.878906	-72.140717
20031.262207	-74.437920
20036.645508	-78.899246
20042.028809	-89.626068
20047.412109	-80.544426
20052.795410	-74.023567
20058.178711	-70.497177
20063.562012	-68.397339
20068.945312	-67.117043
20074.328613	-66.531517
20079.711914	-66.555267
20085.095215	-67.097694
20090.478516	-68.151909
20095.861816	-69.872780
20101.245117	-72.435135
20106.628418	-75.962776
20112.011719	-82.629478
20117.395020	-90.520271
20122.778320	-80.296982
20128.161621	-75.720215
20133.544922	-73.147865
20138.928223	-71.491501
20144.311523	-70.396919
20149.694824	-69.760918
20155.078125	-69.571991
20160.461426	-69.893860
20165.844727	-70.692917
20171.228027	-72.102142
20176.611328	-74.328346
20181.994629	-77.759094
20187.377930	-83.717377
20192.761230	-89.210991
20198.144531	-81.009476
20203.527832	-76.754654
20208.911133	-74.429054
20214.294434	-73.158669
20219.677734	-72.602371
20225.061035	-72.481491
20230.444336	-72.866348
20235.827637	-73.679726
20241.210938	-75.335205
20246.594238	-77.650505
20251.977539	-80.464813
20257.360840	-82.260338
20262.744141	-83.082687
20268.127441	-83.740311
20273.510742	-85.744354
20278.894043	-90.859184
20284.277344	-99.257790
20289.660645	-88.373741
20295.043945	-82.712563
20300.427246	-79.400558
20305.810547	-76.698189
20311.193848	-74.812347
20316.577148	-73.461533
20321.960449	-72.376144
20327.343750	-71.412209
20332.727051	-70.789703
20338.110352	-70.269615
20343.493652	-70.064072
20348.876953	-70.083984
20354.260254	-70.483513
20359.643555	-71.254440
20365.026855	-72.543190
20370.410156	-74.040901
20375.793457	-75.186157
20381.176758	-75.290436
20386.560059	-74.631790
20391.943359	-73.889008
20397.326660	-73.395287
20402.709961	-73.530869
20408.093262	-74.152481
20413.476562	-75.628281
20418.859863	-78.173584
20424.243164	-83.267876
20429.626465	-92.058220
20435.009766	-81.850250
20440.393066	-76.488297
20445.776367	-73.159401
20451.159668	-71.224709
20456.542969	-70.070091
20461.926270	-69.480972
20467.309570	-69.240196
20472.692871	-69.331482
20478.076172	-69.867981
20483.459473	-71.217377
20488.842773	-73.544739
20494.226074	-77.273773
20499.609375	-83.214439
20504.992676	-94.733948
20510.375977	-89.878418
20515.759277	-85.178795
20521.142578	-82.522369
20526.525879	-79.700317
20531.909180	-77.218330
20537.292480	-75.364571
20542.675781	-74.276367
20548.059082	-73.680939
20553.442383	-73.951096
20558.825684	-74.867233
20564.208984	-76.671150
20569.592285	-79.370789
20574.975586	-83.291176
20580.358887	-85.005310
20585.742188	-81.750771
20591.125488	-78.715569
20596.508789	-77.033295
20601.892090	-76.497696
20607.275391	-76.866074
20612.658691	-78.119896
20618.041992	-79.605507
20623.425293	-79.596428
20628.808594	-77.711578
20634.191895	-75.990540
20639.575195	-75.088837
20644.958496	-75.169800
20650.341797	-75.954819
20655.725098	-77.616348
20661.108398	-79.867233
20666.491699	-82.842781
20671.875000	-85.491127
20677.258301	-87.334938
20682.641602	-87.220833
20688.024902	-87.990501
20693.408203	-87.847374
20698.791504	-85.704651
20704.174805	-82.372482
20709.558105	-79.640694
20714.941406	-77.246185
20720.324707	-75.700089
20725.708008	-74.615540
20731.091309	-74.023499
20736.474609	-73.699135
20741.857910	-73.852882
20747.241211	-74.176567
20752.624512	-74.429855
20758.007812	-74.331451
20763.391113	-73.826042
20768.774414	-72.699799
20774.157715	-71.552628
20779.541016	-70.578796
20784.924316	-70.106850
20790.307617	-69.987801
20795.690918	-70.381233
20801.074219	-71.205193
20806.457520	-72.632454
20811.840820	-74.471664
20817.224121	-76.568443
20822.607422	-77.817039
20827.990723	-77.500526
20833.374023	-76.470985
20838.757324	-75.607849
20844.140625	-75.202644
20849.523926	-75.076752
20854.907227	-75.353256
20860.290527	-75.577667
20865.673828	-75.146698
20871.057129	-73.556694
20876.440430	-71.896645
20881.823730	-70.403908
20887.207031	-69.384766
20892.590332	-68.886383
20897.973633	-68.936760
20903.356934	-69.570488
20908.740234	-70.517891
20914.123535	-71.617920
20919.506836	-73.658951
20924.890137	-77.139267
20930.273438	-83.822029
20935.656738	-91.131760
20941.040039	-79.894699
20946.423340	-75.668495
20951.806641	-73.556534
20957.189941	-72.756653
20962.573242	-72.856049
20967.956543	-73.675438
20973.339844	-74.369591
20978.723145	-74.265610
20984.106445	-73.083893
20989.489746	-71.848152
20994.873047	-71.085861
21000.256348	-71.098701
21005.639648	-71.652611
21011.022949	-72.470688
21016.406250	-72.375717
21021.789551	-71.043777
21027.172852	-69.232544
21032.556152	-67.584335
21037.939453	-66.443672
21043.322754	-65.814354
21048.706055	-65.702324
21054.089355	-66.057518
21059.472656	-66.962730
21064.855957	-68.428490
21070.239258	-70.522469
21075.622559	-72.907715
21081.005859	-74.402458
21086.389160	-73.286629
21091.772461	-71.007980
21097.155762	-68.922386
21102.539062	-67.443596
21107.922363	-66.538834
21113.305664	-66.181679
21118.688965	-66.338768
21124.072266	-67.005310
21129.455566	-68.108894
21134.838867	-69.534027
21140.222168	-70.932899
21145.605469	-71.658409
21150.988770	-71.576881
21156.372070	-71.005074
21161.755371	-70.620697
21167.138672	-70.452492
21172.521973	-70.548996
21177.905273	-70.610001
21183.288574	-70.650635
21188.671875	-70.509064
21194.055176	-70.191765
21199.438477	-69.811630
21204.821777	-69.499191
21210.205078	-69.318398
21215.588379	-69.303001
21220.971680	-69.513222
21226.354980	-69.918312
21231.738281	-70.589561
21237.121582	-71.218994
21242.504883	-71.468315
21247.888184	-70.709534
21253.271484	-69.172874
21258.654785	-67.441246
21264.038086	-65.987717
21269.421387	-64.925209
21274.804688	-64.371101
21280.187988	-64.334717
21285.571289	-64.876511
21290.954590	-65.935974
21296.337891	-67.645622
21301.721191	-69.973450
21307.104492	-72.455765
21312.487793	-73.554932
21317.871094	-72.298363
21323.254395	-70.415298
21328.637695	-68.742882
21334.020996	-67.520653
21339.404297	-66.583244
21344.787598	-65.920204
21350.170898	-65.442024
21355.554199	-65.173935
21360.937500	-65.051491
21366.320801	-65.187424
21371.704102	-65.534859
21377.087402	-66.123024
21382.470703	-66.935143
21387.854004	-67.862930
21393.237305	-68.399620
21398.620605	-68.206436
21404.003906	-67.338028
21409.387207	-66.217110
21414.770508	-65.240944
21420.153809	-64.528671
21425.537109	-64.176147
21430.920410	-64.105003
21436.303711	-64.389755
21441.687012	-65.000366
21447.070312	-66.053986
21452.453613	-67.525620
21457.836914	-69.391953
21463.220215	-70.973312
21468.603516	-71.242218
21473.986816	-69.922531
21479.370117	-68.207527
21484.753418	-66.802734
21490.136719	-65.872856
21495.520020	-65.415810
21500.903320	-65.391212
21506.286621	-65.761795
21511.669922	-66.439301
21517.053223	-67.381622
21522.436523	-68.403122
21527.819824	-69.259796
21533.203125	-69.590736
21538.586426	-69.456268
21543.969727	-68.973938
21549.353027	-68.512283
21554.736328	-68.154030
21560.119629	-68.066162
21565.502930	-68.187881
21570.886230	-68.404427
21576.269531	-68.430054
21581.652832	-68.058487
21587.036133	-67.378105
21592.419434	-66.615494
21597.802734	-66.023422
21603.186035	-65.687645
21608.569336	-65.711685
21613.952637	-66.031555
21619.335938	-66.646667
21624.719238	-67.381783
21630.102539	-68.244972
21635.485840	-68.946320
21640.869141	-69.436707
21646.252441	-69.662666
21651.635742	-69.723167
21657.019043	-69.618179
21662.402344	-69.605125
21667.785645	-69.722244
21673.168945	-70.096947
21678.552246	-70.732384
21683.935547	-71.436554
21689.318848	-72.041260
21694.702148	-72.301430
21700.085449	-72.388260
21705.468750	-72.298576
21710.852051	-72.298088
21716.235352	-72.515991
21721.618652	-73.253998
21727.001953	-74.548607
21732.385254	-76.477074
21737.768555	-78.436256
21743.151855	-79.405777
21748.535156	-78.078102
21753.918457	-76.053535
21759.301758	-74.386322
21764.685059	-73.202484
21770.068359	-72.476395
21775.451660	-71.957298
21780.834961	-71.760590
21786.218262	-71.666183
21791.601562	-71.828308
21796.984863	-72.285782
21802.368164	-73.259041
21807.751465	-74.524025
21813.134766	-76.166595
21818.518066	-77.116600
21823.901367	-76.271660
21829.284668	-74.075104
21834.667969	-71.818443
21840.051270	-69.774223
21845.434570	-68.022903
21850.817871	-66.615829
21856.201172	-65.541466
21861.584473	-64.830444
21866.967773	-64.469231
21872.351074	-64.510086
21877.734375	-64.987785
21883.117676	-65.991882
21888.500977	-67.661583
21893.884277	-70.217461
21899.267578	-74.179108
21904.650879	-78.502808
21910.034180	-75.685410
21915.417480	-71.333549
21920.800781	-68.612556
21926.184082	-66.941895
21931.567383	-65.979576
21936.950684	-65.618950
21942.333984	-65.793839
21947.717285	-66.478882
21953.100586	-67.648399
21958.483887	-69.361771
21963.867188	-71.674057
21969.250488	-74.768852
21974.633789	-77.829254
21980.017090	-78.177277
21985.400391	-75.843864
21990.783691	-73.710876
21996.166992	-72.219490
22001.550293	-71.298836
22006.933594	-70.860008
22012.316895	-70.831619
22017.700195	-71.187523
22023.083496	-71.934494
22028.466797	-73.140251
22033.850098	-74.941895
22039.233398	-77.538986
22044.616699	-80.991989
