Frequency (Hz)	Level (dB)
5.383301	-27.302593
10.766602	-24.263142
16.149902	-22.758669
21.533203	-22.166550
26.916504	-21.712460
32.299805	-21.713030
37.683105	-21.366737
43.066406	-21.838942
48.449707	-21.770926
53.833008	-22.430651
59.216309	-22.592743
64.599609	-23.242157
69.982910	-23.247833
75.366211	-23.762848
80.749512	-24.046288
86.132812	-24.176035
91.516113	-24.507570
96.899414	-24.370802
102.282715	-24.924652
107.666016	-24.994307
113.049316	-25.796875
118.432617	-26.031433
123.815918	-27.107990
129.199219	-27.436214
134.582520	-28.567371
139.965820	-29.003180
145.349121	-29.870058
150.732422	-30.530844
156.115723	-30.941952
161.499023	-32.084320
166.882324	-32.283482
172.265625	-33.599751
177.648926	-33.753414
183.032227	-35.106293
188.415527	-35.573315
193.798828	-36.365547
199.182129	-37.164639
204.565430	-37.323174
209.948730	-37.884262
215.332031	-37.139595
220.715332	-37.815594
226.098633	-37.360291
231.481934	-37.977234
236.865234	-38.145283
242.248535	-38.083458
247.631836	-37.879417
253.015137	-37.238319
258.398438	-36.252419
263.781738	-35.935631
269.165039	-35.059784
274.548340	-34.807224
279.931641	-33.377296
285.314941	-33.196308
290.698242	-32.650738
296.081543	-32.788876
301.464844	-32.154263
306.848145	-32.519184
312.231445	-32.432373
317.614746	-32.772991
322.998047	-32.927349
328.381348	-32.980724
333.764648	-33.590984
339.147949	-33.531933
344.531250	-35.190918
349.914551	-36.662151
355.297852	-39.473145
360.681152	-38.035648
366.064453	-37.474556
371.447754	-37.200420
376.831055	-38.691891
382.214355	-39.101055
387.597656	-38.951603
392.980957	-40.322338
398.364258	-48.444740
403.747559	-45.224392
409.130859	-39.014027
414.514160	-39.113174
419.897461	-39.328480
425.280762	-39.549034
430.664062	-39.418167
436.047363	-39.436497
441.430664	-40.340862
446.813965	-40.242371
452.197266	-41.034412
457.580566	-42.291344
462.963867	-40.765823
468.347168	-42.473370
473.730469	-45.027378
479.113770	-44.247444
484.497070	-43.289062
489.880371	-44.482464
495.263672	-45.166977
500.646973	-48.792053
506.030273	-49.274673
511.413574	-46.892338
516.796875	-45.623116
522.180176	-45.076927
527.563477	-43.820587
532.946777	-42.413902
538.330078	-40.171890
543.713379	-37.612797
549.096680	-36.291775
554.479980	-36.113087
559.863281	-36.284046
565.246582	-36.882301
570.629883	-38.466282
576.013184	-39.864964
581.396484	-40.966942
586.779785	-41.883961
592.163086	-40.658157
597.546387	-40.187508
602.929688	-38.100548
608.312988	-37.925335
613.696289	-37.383316
619.079590	-36.976879
624.462891	-36.589893
629.846191	-36.813953
635.229492	-36.499199
640.612793	-37.211353
645.996094	-37.366348
651.379395	-38.099419
656.762695	-39.009678
662.145996	-38.916615
667.529297	-39.664837
672.912598	-40.791195
678.295898	-42.193516
683.679199	-43.768326
689.062500	-42.703468
694.445801	-43.398716
699.829102	-42.848118
705.212402	-42.670116
710.595703	-42.614998
715.979004	-41.727493
721.362305	-41.632893
726.745605	-41.023594
732.128906	-41.296066
737.512207	-40.519936
742.895508	-39.902588
748.278809	-38.584126
753.662109	-38.575249
759.045410	-38.057407
764.428711	-38.280937
769.812012	-38.598972
775.195312	-39.219219
780.578613	-40.112022
785.961914	-41.473610
791.345215	-43.022160
796.728516	-43.960903
802.111816	-44.811852
807.495117	-44.111092
812.878418	-45.772499
818.261719	-44.709980
823.645020	-45.044849
829.028320	-44.181782
834.411621	-44.727432
839.794922	-44.427925
845.178223	-44.686771
850.561523	-44.759701
855.944824	-45.209576
861.328125	-45.568836
866.711426	-46.325718
872.094727	-47.120296
877.478027	-46.854725
882.861328	-47.723282
888.244629	-47.169922
893.627930	-48.045204
899.011230	-48.389565
904.394531	-49.428886
909.777832	-49.715832
915.161133	-50.762459
920.544434	-50.788223
925.927734	-52.413998
931.311035	-52.416534
936.694336	-54.545937
942.077637	-55.193802
947.460938	-53.671238
952.844238	-52.598858
958.227539	-51.231300
963.610840	-49.558212
968.994141	-48.607246
974.377441	-47.253426
979.760742	-46.951035
985.144043	-46.015213
990.527344	-45.595768
995.910645	-44.505978
1001.293945	-44.164677
1006.677246	-43.291080
1012.060547	-43.182415
1017.443848	-42.625698
1022.827148	-42.530407
1028.210449	-42.237221
1033.593750	-42.088272
1038.977051	-41.997269
1044.360352	-41.929413
1049.743652	-42.029488
1055.126953	-42.131821
1060.510254	-42.470284
1065.893555	-42.559574
1071.276855	-42.895473
1076.660156	-42.834240
1082.043457	-43.039593
1087.426758	-43.739391
1092.810059	-44.645855
1098.193359	-45.784176
1103.576660	-46.480450
1108.959961	-47.344578
1114.343262	-48.484207
1119.726562	-50.385902
1125.109863	-51.508671
1130.493164	-52.254307
1135.876465	-52.795784
1141.259766	-52.771332
1146.643066	-51.749195
1152.026367	-50.434536
1157.409668	-49.546127
1162.792969	-48.483368
1168.176270	-47.717625
1173.559570	-46.853600
1178.942871	-46.179615
1184.326172	-45.506252
1189.709473	-45.354877
1195.092773	-44.851303
1200.476074	-45.132820
1205.859375	-45.091427
1211.242676	-45.483234
1216.625977	-45.745632
1222.009277	-46.577446
1227.392578	-47.372860
1232.775879	-48.222057
1238.159180	-49.068565
1243.542480	-51.340588
1248.925781	-52.502922
1254.309082	-53.598640
1259.692383	-53.154713
1265.075684	-52.043472
1270.458984	-51.889019
1275.842285	-50.315006
1281.225586	-49.031311
1286.608887	-47.100502
1291.992188	-46.003212
1297.375488	-44.352146
1302.758789	-43.524536
1308.142090	-42.255848
1313.525391	-41.858410
1318.908691	-41.364586
1324.291992	-41.394058
1329.675293	-41.338860
1335.058594	-41.643951
1340.441895	-41.820545
1345.825195	-42.008873
1351.208496	-42.254093
1356.591797	-42.346558
1361.975098	-43.544662
1367.358398	-43.866695
1372.741699	-44.776051
1378.125000	-45.163624
1383.508301	-46.176647
1388.891602	-46.580002
1394.274902	-47.872425
1399.658203	-48.783112
1405.041504	-48.922714
1410.424805	-49.290474
1415.808105	-48.185303
1421.191406	-48.813431
1426.574707	-48.521446
1431.958008	-48.333775
1437.341309	-46.574753
1442.724609	-46.022923
1448.107910	-43.566620
1453.491211	-43.582016
1458.874512	-42.275944
1464.257812	-41.678925
1469.641113	-40.680122
1475.024414	-41.540493
1480.407715	-42.453686
1485.791016	-44.420513
1491.174316	-45.204239
1496.557617	-46.133984
1501.940918	-46.216240
1507.324219	-47.490051
1512.707520	-47.753559
1518.090820	-48.974442
1523.474121	-48.424179
1528.857422	-48.570946
1534.240723	-47.861908
1539.624023	-46.921890
1545.007324	-46.066822
1550.390625	-45.263550
1555.773926	-44.559391
1561.157227	-43.875546
1566.540527	-43.319611
1571.923828	-43.022041
1577.307129	-42.829071
1582.690430	-42.745758
1588.073730	-43.058949
1593.457031	-42.964920
1598.840332	-43.433430
1604.223633	-43.903255
1609.606934	-44.684784
1614.990234	-45.954910
1620.373535	-47.166492
1625.756836	-47.938148
1631.140137	-48.383472
1636.523438	-48.988476
1641.906738	-48.286854
1647.290039	-48.812748
1652.673340	-48.464310
1658.056641	-48.495163
1663.439941	-47.678196
1668.823242	-48.466778
1674.206543	-49.062721
1679.589844	-49.048286
1684.973145	-50.187981
1690.356445	-50.399788
1695.739746	-51.489456
1701.123047	-51.440678
1706.506348	-50.770844
1711.889648	-49.622349
1717.272949	-49.869850
1722.656250	-49.522472
1728.039551	-48.537590
1733.422852	-48.619827
1738.806152	-48.451229
1744.189453	-48.474697
1749.572754	-47.593662
1754.956055	-48.149185
1760.339355	-47.869644
1765.722656	-47.898811
1771.105957	-47.844646
1776.489258	-48.636086
1781.872559	-48.957718
1787.255859	-48.563343
1792.639160	-48.741776
1798.022461	-48.559265
1803.405762	-46.592186
1808.789062	-40.727348
1814.172363	-43.859520
1819.555664	-46.130371
1824.938965	-47.142780
1830.322266	-47.777893
1835.705566	-48.732079
1841.088867	-49.675541
1846.472168	-50.611927
1851.855469	-51.459469
1857.238770	-52.149326
1862.622070	-51.845886
1868.005371	-50.851894
1873.388672	-50.866447
1878.771973	-50.454803
1884.155273	-49.948486
1889.538574	-49.935932
1894.921875	-50.323467
1900.305176	-49.872257
1905.688477	-49.867973
1911.071777	-49.953690
1916.455078	-49.579426
1921.838379	-49.378635
1927.221680	-49.964252
1932.604980	-50.651325
1937.988281	-51.586784
1943.371582	-52.062546
1948.754883	-51.588940
1954.138184	-51.274048
1959.521484	-52.402279
1964.904785	-52.401413
1970.288086	-52.320103
1975.671387	-53.585995
1981.054688	-53.871563
1986.437988	-52.870964
1991.821289	-52.483185
1997.204590	-54.496910
2002.587891	-53.669819
2007.971191	-53.711285
2013.354492	-53.614346
2018.737793	-55.107353
2024.121094	-55.255016
2029.504395	-55.439068
2034.887695	-55.388435
2040.270996	-53.951790
2045.654297	-54.375885
2051.037598	-54.176239
2056.420898	-55.582191
2061.804199	-56.287346
2067.187500	-55.760311
2072.570801	-55.308125
2077.954102	-56.751518
2083.337402	-58.883694
2088.720703	-58.417698
2094.104004	-59.977200
2099.487305	-58.858101
2104.870605	-59.478527
2110.253906	-58.332813
2115.637207	-58.248302
2121.020508	-57.096012
2126.403809	-54.744827
2131.787109	-52.162815
2137.170410	-53.161655
2142.553711	-52.909775
2147.937012	-52.400017
2153.320312	-50.652832
2158.703613	-49.384949
2164.086914	-48.723782
2169.470215	-48.568871
2174.853516	-48.213818
2180.236816	-47.227962
2185.620117	-46.713409
2191.003418	-46.276936
2196.386719	-47.352596
2201.770020	-47.453068
2207.153320	-46.928997
2212.536621	-46.434052
2217.919922	-46.001873
2223.303223	-45.050072
2228.686523	-45.511055
2234.069824	-46.456806
2239.453125	-47.655537
2244.836426	-48.467068
2250.219727	-50.045635
2255.603027	-48.457119
2260.986328	-45.833088
2266.369629	-46.810680
2271.752930	-47.420052
2277.136230	-46.749180
2282.519531	-46.400986
2287.902832	-48.676666
2293.286133	-51.711414
2298.669434	-55.456188
2304.052734	-53.622795
2309.436035	-49.681206
2314.819336	-49.907837
2320.202637	-50.015457
2325.585938	-49.684406
2330.969238	-48.886921
2336.352539	-49.343491
2341.735840	-49.006733
2347.119141	-48.092747
2352.502441	-48.716442
2357.885742	-49.516972
2363.269043	-50.472988
2368.652344	-52.006001
2374.035645	-51.357838
2379.418945	-50.144520
2384.802246	-49.487545
2390.185547	-49.427059
2395.568848	-50.077347
2400.952148	-50.689674
2406.335449	-50.524971
2411.718750	-52.247337
2417.102051	-51.422321
2422.485352	-50.093758
2427.868652	-49.773865
2433.251953	-49.640694
2438.635254	-49.850998
2444.018555	-50.542660
2449.401855	-51.249466
2454.785156	-46.419491
2460.168457	-45.230629
2465.551758	-45.785458
2470.935059	-47.565205
2476.318359	-50.858242
2481.701660	-49.746689
2487.084961	-46.515045
2492.468262	-45.593605
2497.851562	-45.191235
2503.234863	-43.130219
2508.618164	-43.907623
2514.001465	-46.332657
2519.384766	-50.427856
2524.768066	-50.838703
2530.151367	-51.093670
2535.534668	-50.340092
2540.917969	-48.811012
2546.301270	-47.633278
2551.684570	-45.581585
2557.067871	-45.273140
2562.451172	-45.016235
2567.834473	-45.838898
2573.217773	-44.638641
2578.601074	-44.852501
2583.984375	-45.350700
2589.367676	-45.669189
2594.750977	-45.617939
2600.134277	-47.047447
2605.517578	-46.719517
2610.900879	-46.882839
2616.284180	-47.358814
2621.667480	-48.280415
2627.050781	-47.535164
2632.434082	-48.333141
2637.817383	-49.011074
2643.200684	-48.474632
2648.583984	-49.043362
2653.967285	-47.986305
2659.350586	-47.213100
2664.733887	-46.621815
2670.117188	-46.387341
2675.500488	-45.934082
2680.883789	-46.257069
2686.267090	-47.037838
2691.650391	-45.249165
2697.033691	-43.355145
2702.416992	-43.333218
2707.800293	-42.823231
2713.183594	-45.250938
2718.566895	-46.991138
2723.950195	-46.752716
2729.333496	-44.572376
2734.716797	-46.413563
2740.100098	-46.477486
2745.483398	-46.530910
2750.866699	-44.913826
2756.250000	-42.520496
2761.633301	-41.175632
2767.016602	-39.715244
2772.399902	-36.445599
2777.783203	-32.915096
2783.166504	-33.630985
2788.549805	-38.725792
2793.933105	-44.091385
2799.316406	-41.012695
2804.699707	-34.096172
2810.083008	-31.737808
2815.466309	-33.800907
2820.849609	-36.560413
2826.232910	-38.815590
2831.616211	-39.011543
2836.999512	-40.114063
2842.382812	-40.797668
2847.766113	-41.260166
2853.149414	-40.954967
2858.532715	-40.829365
2863.916016	-41.706089
2869.299316	-41.162529
2874.682617	-41.706364
2880.065918	-42.150120
2885.449219	-43.274052
2890.832520	-43.450047
2896.215820	-42.743549
2901.599121	-43.344700
2906.982422	-44.801659
2912.365723	-46.691994
2917.749023	-48.419846
2923.132324	-50.672791
2928.515625	-50.750027
2933.898926	-48.970188
2939.282227	-48.796196
2944.665527	-50.931355
2950.048828	-50.800297
2955.432129	-51.200195
2960.815430	-51.324841
2966.198730	-50.738182
2971.582031	-50.332397
2976.965332	-52.464970
2982.348633	-51.199970
2987.731934	-50.947670
2993.115234	-54.335739
2998.498535	-49.600422
3003.881836	-50.638756
3009.265137	-51.027023
3014.648438	-51.685207
3020.031738	-48.967216
3025.415039	-48.397381
3030.798340	-50.423180
3036.181641	-51.849255
3041.564941	-52.201237
3046.948242	-49.848598
3052.331543	-48.919613
3057.714844	-48.114304
3063.098145	-50.130363
3068.481445	-50.117359
3073.864746	-49.404350
3079.248047	-50.737186
3084.631348	-51.090515
3090.014648	-49.396854
3095.397949	-50.892910
3100.781250	-52.320099
3106.164551	-54.095959
3111.547852	-51.280033
3116.931152	-51.123268
3122.314453	-50.085808
3127.697754	-50.493282
3133.081055	-54.739498
3138.464355	-56.465355
3143.847656	-54.542030
3149.230957	-58.593918
3154.614258	-57.670837
3159.997559	-53.607525
3165.380859	-52.969501
3170.764160	-54.051861
3176.147461	-53.544289
3181.530762	-55.696228
3186.914062	-53.794334
3192.297363	-53.597408
3197.680664	-54.319393
3203.063965	-56.273987
3208.447266	-56.788441
3213.830566	-57.498981
3219.213867	-56.628029
3224.597168	-54.677364
3229.980469	-54.122116
3235.363770	-54.424030
3240.747070	-55.567852
3246.130371	-54.740597
3251.513672	-57.842876
3256.896973	-59.038612
3262.280273	-59.160450
3267.663574	-59.818413
3273.046875	-58.291729
3278.430176	-53.786736
3283.813477	-53.177460
3289.196777	-58.555191
3294.580078	-59.382038
3299.963379	-54.696785
3305.346680	-51.851170
3310.729980	-52.696358
3316.113281	-53.698124
3321.496582	-52.152721
3326.879883	-51.154297
3332.263184	-53.307457
3337.646484	-53.423229
3343.029785	-54.329433
3348.413086	-56.152683
3353.796387	-56.368034
3359.179688	-56.322384
3364.562988	-56.114922
3369.946289	-55.879238
3375.329590	-54.901558
3380.712891	-53.943790
3386.096191	-52.223976
3391.479492	-52.217949
3396.862793	-52.319935
3402.246094	-53.088943
3407.629395	-54.127335
3413.012695	-54.190693
3418.395996	-51.955345
3423.779297	-53.753586
3429.162598	-58.580788
3434.545898	-55.629166
3439.929199	-58.745815
3445.312500	-57.211670
3450.695801	-58.877239
3456.079102	-61.513401
3461.462402	-61.972111
3466.845703	-60.454422
3472.229004	-56.412045
3477.612305	-54.941833
3482.995605	-55.146469
3488.378906	-56.619171
3493.762207	-56.150154
3499.145508	-55.560028
3504.528809	-55.845127
3509.912109	-58.123478
3515.295410	-57.323521
3520.678711	-57.238636
3526.062012	-56.692978
3531.445312	-51.182064
3536.828613	-49.489555
3542.211914	-52.532394
3547.595215	-52.218254
3552.978516	-51.354275
3558.361816	-51.080433
3563.745117	-50.685295
3569.128418	-51.091198
3574.511719	-49.430630
3579.895020	-49.487545
3585.278320	-47.614300
3590.661621	-44.672600
3596.044922	-43.667122
3601.428223	-43.460751
3606.811523	-44.370480
3612.194824	-45.099693
3617.578125	-47.279060
3622.961426	-49.544533
3628.344727	-51.077888
3633.728027	-51.986294
3639.111328	-52.321789
3644.494629	-53.972889
3649.877930	-54.653645
3655.261230	-52.473881
3660.644531	-51.155972
3666.027832	-50.665634
3671.411133	-50.054359
3676.794434	-51.175308
3682.177734	-52.178368
3687.561035	-52.545612
3692.944336	-52.294884
3698.327637	-50.358932
3703.710938	-50.377056
3709.094238	-50.370037
3714.477539	-50.553032
3719.860840	-49.496525
3725.244141	-49.742203
3730.627441	-50.560589
3736.010742	-49.763145
3741.394043	-48.910690
3746.777344	-49.833103
3752.160645	-50.878883
3757.543945	-51.519886
3762.927246	-53.325146
3768.310547	-53.927238
3773.693848	-55.051613
3779.077148	-54.606102
3784.460449	-53.288631
3789.843750	-53.008896
3795.227051	-53.256794
3800.610352	-53.687744
3805.993652	-54.054111
3811.376953	-54.639145
3816.760254	-55.343239
3822.143555	-56.479580
3827.526855	-54.274792
3832.910156	-54.884338
3838.293457	-54.799213
3843.676758	-54.280102
3849.060059	-54.338982
3854.443359	-52.478207
3859.826660	-51.647758
3865.209961	-49.963245
3870.593262	-51.475941
3875.976562	-53.738762
3881.359863	-51.829605
3886.743164	-50.349720
3892.126465	-49.135143
3897.509766	-49.015957
3902.893066	-48.572731
3908.276367	-48.415337
3913.659668	-48.499443
3919.042969	-48.550610
3924.426270	-48.940304
3929.809570	-48.550236
3935.192871	-49.744453
3940.576172	-50.456978
3945.959473	-49.139561
3951.342773	-50.504696
3956.726074	-50.567173
3962.109375	-49.220928
3967.492676	-49.404251
3972.875977	-49.832104
3978.259277	-50.455593
3983.642578	-50.158001
3989.025879	-50.817787
3994.409180	-52.117805
3999.792480	-53.012138
4005.175781	-53.522121
4010.559082	-53.701366
4015.942383	-53.023502
4021.325684	-54.031372
4026.708984	-51.806637
4032.092285	-51.997574
4037.475586	-50.860184
4042.858887	-49.300518
4048.242188	-47.655846
4053.625488	-48.326916
4059.008789	-49.547024
4064.392090	-49.137707
4069.775391	-48.458591
4075.158691	-48.556061
4080.541992	-48.898338
4085.925293	-47.777061
4091.308594	-47.811710
4096.691895	-47.560986
4102.075195	-47.474945
4107.458496	-48.226982
4112.841797	-48.290260
4118.225098	-48.275764
4123.608398	-48.425076
4128.991699	-49.742622
4134.375000	-49.169563
4139.758301	-49.763569
4145.141602	-50.501392
4150.524902	-51.556099
4155.908203	-51.975254
4161.291504	-51.520794
4166.674805	-53.458263
4172.058105	-54.328907
4177.441406	-54.543003
4182.824707	-54.182995
4188.208008	-53.002117
4193.591309	-53.764389
4198.974609	-51.744621
4204.357910	-45.555172
4209.741211	-42.240612
4215.124512	-37.210178
4220.507812	-40.467133
4225.891113	-50.836033
4231.274414	-58.343754
4236.657715	-55.636887
4242.041016	-54.499092
4247.424316	-58.244404
4252.807617	-58.470432
4258.190918	-58.101986
4263.574219	-59.193626
4268.957520	-59.900040
4274.340820	-56.963417
4279.724121	-57.607960
4285.107422	-58.550236
4290.490723	-58.506973
4295.874023	-59.569180
4301.257324	-58.121960
4306.640625	-57.062737
4312.023926	-56.115280
4317.407227	-55.257847
4322.790527	-56.651142
4328.173828	-55.251686
4333.557129	-55.151516
4338.940430	-54.010880
4344.323730	-52.128384
4349.707031	-52.869625
4355.090332	-51.989738
4360.473633	-52.630253
4365.856934	-52.088593
4371.240234	-51.708069
4376.623535	-51.634502
4382.006836	-50.517544
4387.390137	-50.671036
4392.773438	-49.770088
4398.156738	-49.343960
4403.540039	-51.047913
4408.923340	-50.560200
4414.306641	-50.953495
4419.689941	-50.684280
4425.073242	-50.397659
4430.456543	-49.841213
4435.839844	-48.286205
4441.223145	-54.189110
4446.606445	-51.876369
4451.989746	-47.360249
4457.373047	-42.679577
4462.756348	-42.947376
4468.139648	-45.983891
4473.522949	-49.141865
4478.906250	-51.332123
4484.289551	-51.219501
4489.672852	-51.304619
4495.056152	-51.121708
4500.439453	-51.374512
4505.822754	-50.953594
4511.206055	-49.702621
4516.589355	-49.676979
4521.972656	-48.848171
4527.355957	-48.509037
4532.739258	-46.583351
4538.122559	-46.323212
4543.505859	-47.318146
4548.889160	-46.568439
4554.272461	-47.724445
4559.655762	-46.863094
4565.039062	-46.194538
4570.422363	-46.111053
4575.805664	-46.035183
4581.188965	-48.120609
4586.572266	-48.315426
4591.955566	-48.432465
4597.338867	-47.938946
4602.722168	-46.044815
4608.105469	-45.148357
4613.488770	-43.984531
4618.872070	-44.477921
4624.255371	-44.077118
4629.638672	-45.624443
4635.021973	-44.164860
4640.405273	-43.187023
4645.788574	-43.495377
4651.171875	-41.636368
4656.555176	-42.464645
4661.938477	-45.674870
4667.321777	-42.721012
4672.705078	-36.017483
4678.088379	-33.703159
4683.471680	-31.813969
4688.854980	-31.924191
4694.238281	-32.710335
4699.621582	-33.111244
4705.004883	-34.130573
4710.388184	-33.772579
4715.771484	-33.978409
4721.154785	-34.083649
4726.538086	-34.138115
4731.921387	-35.134930
4737.304688	-35.304363
4742.687988	-35.829494
4748.071289	-36.515583
4753.454590	-36.198795
4758.837891	-36.938854
4764.221191	-36.262894
4769.604492	-35.851460
4774.987793	-34.413380
4780.371094	-34.464909
4785.754395	-34.640945
4791.137695	-35.408031
4796.520996	-35.139587
4801.904297	-34.184357
4807.287598	-36.102901
4812.670898	-37.262703
4818.054199	-40.502789
4823.437500	-42.599533
4828.820801	-44.400589
4834.204102	-41.375813
4839.587402	-40.416561
4844.970703	-39.060478
4850.354004	-38.846306
4855.737305	-39.085587
4861.120605	-38.565140
4866.503906	-38.405884
4871.887207	-39.037266
4877.270508	-38.870327
4882.653809	-39.424820
4888.037109	-38.084011
4893.420410	-38.420525
4898.803711	-38.324795
4904.187012	-36.930710
4909.570312	-37.089153
4914.953613	-36.027710
4920.336914	-35.982426
4925.720215	-34.526810
4931.103516	-34.107086
4936.486816	-33.022423
4941.870117	-33.833458
4947.253418	-34.350624
4952.636719	-35.004196
4958.020020	-35.299839
4963.403320	-32.485813
4968.786621	-32.930176
4974.169922	-33.080917
4979.553223	-34.168289
4984.936523	-35.376450
4990.319824	-36.432270
4995.703125	-37.527649
5001.086426	-39.520592
5006.469727	-40.479340
5011.853027	-39.576233
5017.236328	-40.826836
5022.619629	-41.212967
5028.002930	-42.415253
5033.386230	-43.849411
5038.769531	-44.215675
5044.152832	-45.754646
5049.536133	-45.171062
5054.919434	-45.926407
5060.302734	-46.481739
5065.686035	-48.639008
5071.069336	-49.854969
5076.452637	-49.570988
5081.835938	-48.404274
5087.219238	-47.691910
5092.602539	-47.069721
5097.985840	-47.378597
5103.369141	-49.417351
5108.752441	-48.747845
5114.135742	-49.753967
5119.519043	-48.701733
5124.902344	-46.436520
5130.285645	-47.411304
5135.668945	-46.061775
5141.052246	-45.789524
5146.435547	-46.088238
5151.818848	-45.999866
5157.202148	-47.633575
5162.585449	-46.473709
5167.968750	-47.517872
5173.352051	-47.188057
5178.735352	-47.809402
5184.118652	-48.592781
5189.501953	-48.439880
5194.885254	-49.508968
5200.268555	-48.729721
5205.651855	-49.690083
5211.035156	-50.207184
5216.418457	-49.173923
5221.801758	-50.012947
5227.185059	-49.441170
5232.568359	-53.634525
5237.951660	-52.663212
5243.334961	-51.770195
5248.718262	-49.249886
5254.101562	-50.692970
5259.484863	-49.060028
5264.868164	-49.756012
5270.251465	-50.192734
5275.634766	-48.516155
5281.018066	-49.114456
5286.401367	-47.925045
5291.784668	-49.202385
5297.167969	-48.788059
5302.551270	-48.981632
5307.934570	-48.775440
5313.317871	-48.716118
5318.701172	-49.757645
5324.084473	-50.040592
5329.467773	-50.016037
5334.851074	-49.495178
5340.234375	-49.906570
5345.617676	-51.438652
5351.000977	-51.801266
5356.384277	-52.649681
5361.767578	-54.898880
5367.150879	-52.990425
5372.534180	-51.922729
5377.917480	-51.546474
5383.300781	-50.801437
5388.684082	-50.301613
5394.067383	-50.813732
5399.450684	-50.281551
5404.833984	-49.667179
5410.217285	-49.485840
5415.600586	-49.884468
5420.983887	-49.023659
5426.367188	-48.208851
5431.750488	-49.212597
5437.133789	-48.063744
5442.517090	-48.454044
5447.900391	-47.873932
5453.283691	-48.460808
5458.666992	-48.994438
5464.050293	-47.942825
5469.433594	-49.015167
5474.816895	-48.183632
5480.200195	-49.491573
5485.583496	-49.099468
5490.966797	-48.515034
5496.350098	-47.573067
5501.733398	-47.242294
5507.116699	-45.468838
5512.500000	-41.541283
5517.883301	-41.952522
5523.266602	-46.168476
5528.649902	-45.677719
5534.033203	-45.338745
5539.416504	-45.127182
5544.799805	-45.271931
5550.183105	-45.289860
5555.566406	-44.542446
5560.949707	-43.822201
5566.333008	-44.311745
5571.716309	-44.437878
5577.099609	-43.576973
5582.482910	-44.410133
5587.866211	-43.461353
5593.249512	-44.738846
5598.632812	-44.766270
5604.016113	-44.774994
5609.399414	-44.998264
5614.782715	-45.519958
5620.166016	-46.513840
5625.549316	-47.026947
5630.932617	-47.525146
5636.315918	-46.901062
5641.699219	-47.613102
5647.082520	-48.043949
5652.465820	-48.868874
5657.849121	-48.568893
5663.232422	-50.350895
5668.615723	-50.956596
5673.999023	-49.998867
5679.382324	-48.975662
5684.765625	-46.543739
5690.148926	-46.923698
5695.532227	-47.633347
5700.915527	-46.762264
5706.298828	-48.389652
5711.682129	-47.335602
5717.065430	-48.116623
5722.448730	-48.215961
5727.832031	-48.655201
5733.215332	-49.275864
5738.598633	-48.419701
5743.981934	-48.446312
5749.365234	-47.996727
5754.748535	-48.300896
5760.131836	-48.130856
5765.515137	-48.427776
5770.898438	-49.174541
5776.281738	-50.079842
5781.665039	-50.581463
5787.048340	-52.317055
5792.431641	-51.710785
5797.814941	-51.934879
5803.198242	-51.870026
5808.581543	-51.541580
5813.964844	-51.683281
5819.348145	-50.678005
5824.731445	-48.762066
5830.114746	-48.184017
5835.498047	-52.574856
5840.881348	-53.388084
5846.264648	-55.047527
5851.647949	-55.309971
5857.031250	-55.750088
5862.414551	-53.797649
5867.797852	-54.359169
5873.181152	-52.761280
5878.564453	-53.340557
5883.947754	-52.879745
5889.331055	-53.345490
5894.714355	-56.400944
5900.097656	-53.816032
5905.480957	-53.267776
5910.864258	-53.423695
5916.247559	-52.628853
5921.630859	-53.522038
5927.014160	-53.092735
5932.397461	-53.154526
5937.780762	-52.217140
5943.164062	-51.643719
5948.547363	-50.581432
5953.930664	-50.267532
5959.313965	-49.384819
5964.697266	-49.948601
5970.080566	-49.994602
5975.463867	-49.776859
5980.847168	-49.905876
5986.230469	-48.718414
5991.613770	-49.575378
5996.997070	-48.695412
6002.380371	-50.070618
6007.763672	-49.500072
6013.146973	-49.364185
6018.530273	-49.229023
6023.913574	-47.415928
6029.296875	-47.615322
6034.680176	-44.830353
6040.063477	-38.801319
6045.446777	-36.934334
6050.830078	-42.485405
6056.213379	-45.716187
6061.596680	-47.645660
6066.979980	-48.766182
6072.363281	-49.895405
6077.746582	-49.652836
6083.129883	-49.527473
6088.513184	-48.042282
6093.896484	-47.181675
6099.279785	-46.060577
6104.663086	-45.489403
6110.046387	-44.047073
6115.429688	-42.663742
6120.812988	-40.729347
6126.196289	-38.826859
6131.579590	-37.759220
6136.962891	-35.959023
6142.346191	-34.971142
6147.729492	-34.003651
6153.112793	-33.071594
6158.496094	-32.782688
6163.879395	-33.106930
6169.262695	-33.505871
6174.645996	-35.435032
6180.029297	-37.205105
6185.412598	-39.978149
6190.795898	-44.373035
6196.179199	-46.189110
6201.562500	-52.130100
6206.945801	-50.668137
6212.329102	-49.587696
6217.712402	-46.244217
6223.095703	-43.915688
6228.479004	-42.695351
6233.862305	-39.755081
6239.245605	-37.790260
6244.628906	-36.461117
6250.012207	-34.305557
6255.395508	-33.783619
6260.778809	-32.395546
6266.162109	-31.426308
6271.545410	-30.791550
6276.928711	-29.963137
6282.312012	-29.926672
6287.695312	-30.597738
6293.078613	-30.892330
6298.461914	-32.487595
6303.845215	-33.820404
6309.228516	-35.453331
6314.611816	-37.466789
6319.995117	-38.914780
6325.378418	-39.943169
6330.761719	-40.527939
6336.145020	-40.619114
6341.528320	-41.452919
6346.911621	-44.534477
6352.294922	-46.658417
6357.678223	-49.577404
6363.061523	-49.649170
6368.444824	-47.662182
6373.828125	-47.585651
6379.211426	-48.533566
6384.594727	-48.632538
6389.978027	-50.049530
6395.361328	-51.600533
6400.744629	-52.955967
6406.127930	-55.374424
6411.511230	-55.803246
6416.894531	-53.657486
6422.277832	-51.040379
6427.661133	-47.907608
6433.044434	-45.821133
6438.427734	-43.851830
6443.811035	-42.637177
6449.194336	-41.371006
6454.577637	-41.259655
6459.960938	-41.090744
6465.344238	-42.681332
6470.727539	-44.250401
6476.110840	-44.955479
6481.494141	-45.893417
6486.877441	-48.697311
6492.260742	-51.074181
6497.644043	-53.539177
6503.027344	-55.495590
6508.410645	-57.541664
6513.793945	-59.646217
6519.177246	-60.663090
6524.560547	-58.586277
6529.943848	-59.435741
6535.327148	-56.406445
6540.710449	-59.464806
6546.093750	-56.096596
6551.477051	-56.876808
6556.860352	-54.289337
6562.243652	-54.416599
6567.626953	-53.475307
6573.010254	-52.853081
6578.393555	-52.765316
6583.776855	-51.941910
6589.160156	-51.944298
6594.543457	-51.230225
6599.926758	-51.314796
6605.310059	-50.490318
6610.693359	-51.099724
6616.076660	-50.663284
6621.459961	-50.960281
6626.843262	-51.159031
6632.226562	-50.823204
6637.609863	-51.032486
6642.993164	-51.043007
6648.376465	-51.520618
6653.759766	-51.012863
6659.143066	-51.042751
6664.526367	-51.244011
6669.909668	-50.748188
6675.292969	-50.735126
6680.676270	-50.493027
6686.059570	-50.542915
6691.442871	-50.345558
6696.826172	-50.742344
6702.209473	-50.509132
6707.592773	-50.455479
6712.976074	-50.491188
6718.359375	-50.171738
6723.742676	-50.989761
6729.125977	-51.183723
6734.509277	-52.553047
6739.892578	-52.242855
6745.275879	-53.142891
6750.659180	-53.742119
6756.042480	-54.654812
6761.425781	-55.230000
6766.809082	-56.372353
6772.192383	-57.886738
6777.575684	-60.624630
6782.958984	-60.281498
6788.342285	-60.521099
6793.725586	-58.212708
6799.108887	-57.395943
6804.492188	-56.945698
6809.875488	-54.515572
6815.258789	-54.183052
6820.642090	-53.518742
6826.025391	-51.485744
6831.408691	-51.191631
6836.791992	-50.541237
6842.175293	-49.844685
6847.558594	-49.452568
6852.941895	-48.395306
6858.325195	-48.507324
6863.708496	-48.683231
6869.091797	-48.040955
6874.475098	-48.687801
6879.858398	-48.473080
6885.241699	-49.251801
6890.625000	-49.251434
6896.008301	-49.687115
6901.391602	-49.865582
6906.774902	-50.093571
6912.158203	-51.066448
6917.541504	-51.037235
6922.924805	-51.525616
6928.308105	-51.811497
6933.691406	-53.216484
6939.074707	-51.158298
6944.458008	-51.110241
6949.841309	-50.610317
6955.224609	-49.479134
6960.607910	-49.663960
6965.991211	-47.590836
6971.374512	-47.689087
6976.757812	-47.037079
6982.141113	-47.157101
6987.524414	-47.853775
6992.907715	-47.255886
6998.291016	-48.058235
7003.674316	-48.010353
7009.057617	-48.476486
7014.440918	-48.194054
7019.824219	-48.842335
7025.207520	-49.530098
7030.590820	-49.455070
7035.974121	-50.619221
7041.357422	-49.545349
7046.740723	-50.227219
7052.124023	-49.568745
7057.507324	-50.454231
7062.890625	-50.961411
7068.273926	-51.240520
7073.657227	-51.173882
7079.040527	-50.629505
7084.423828	-50.327187
7089.807129	-50.132198
7095.190430	-50.581558
7100.573730	-50.489986
7105.957031	-50.900101
7111.340332	-50.152813
7116.723633	-50.342060
7122.106934	-49.697159
7127.490234	-50.090572
7132.873535	-49.852104
7138.256836	-50.309124
7143.640137	-50.102081
7149.023438	-50.162666
7154.406738	-49.672852
7159.790039	-50.050266
7165.173340	-49.934357
7170.556641	-49.896507
7175.939941	-50.379097
7181.323242	-50.035034
7186.706543	-50.893139
7192.089844	-50.551167
7197.473145	-51.549171
7202.856445	-51.121990
7208.239746	-51.632378
7213.623047	-50.768265
7219.006348	-50.725052
7224.389648	-49.932896
7229.772949	-49.922874
7235.156250	-49.474545
7240.539551	-48.782604
7245.922852	-48.180046
7251.306152	-47.670345
7256.689453	-47.383232
7262.072754	-47.068890
7267.456055	-46.889423
7272.839355	-46.015285
7278.222656	-46.190170
7283.605957	-46.820709
7288.989258	-47.779728
7294.372559	-48.258823
7299.755859	-47.452766
7305.139160	-46.135052
7310.522461	-45.411808
7315.905762	-45.300262
7321.289062	-45.753967
7326.672363	-45.942749
7332.055664	-45.964134
7337.438965	-46.504494
7342.822266	-47.921692
7348.205566	-49.831554
7353.588867	-53.056896
7358.972168	-56.385742
7364.355469	-60.076279
7369.738770	-60.527496
7375.122070	-58.320187
7380.505371	-56.852654
7385.888672	-55.471954
7391.271973	-54.051178
7396.655273	-54.653240
7402.038574	-54.129860
7407.421875	-54.045361
7412.805176	-54.118885
7418.188477	-52.966305
7423.571777	-53.709217
7428.955078	-54.195652
7434.338379	-54.819576
7439.721680	-55.211685
7445.104980	-55.656071
7450.488281	-55.664192
7455.871582	-55.984962
7461.254883	-55.690712
7466.638184	-56.540565
7472.021484	-56.816452
7477.404785	-56.700840
7482.788086	-56.178097
7488.171387	-55.714661
7493.554688	-55.958248
7498.937988	-54.943192
7504.321289	-54.261936
7509.704590	-52.926403
7515.087891	-51.473850
7520.471191	-50.226360
7525.854492	-49.657288
7531.237793	-48.858398
7536.621094	-48.124039
7542.004395	-47.324879
7547.387695	-46.449921
7552.770996	-46.584343
7558.154297	-48.364655
7563.537598	-50.560234
7568.920898	-46.819172
7574.304199	-44.383278
7579.687500	-43.565781
7585.070801	-43.971207
7590.454102	-45.635166
7595.837402	-48.142441
7601.220703	-50.023750
7606.604004	-52.303562
7611.987305	-53.127121
7617.370605	-54.207966
7622.753906	-55.066063
7628.137207	-57.379093
7633.520508	-57.765991
7638.903809	-56.646832
7644.287109	-58.616585
7649.670410	-58.522888
7655.053711	-56.692402
7660.437012	-54.297752
7665.820312	-53.689484
7671.203613	-53.778339
7676.586914	-53.909523
7681.970215	-53.278419
7687.353516	-52.501797
7692.736816	-51.077297
7698.120117	-50.640903
7703.503418	-50.708309
7708.886719	-51.601910
7714.270020	-50.967400
7719.653320	-51.682880
7725.036621	-52.522629
7730.419922	-53.196510
7735.803223	-53.280396
7741.186523	-53.113762
7746.569824	-53.565594
7751.953125	-53.989353
7757.336426	-53.984974
7762.719727	-51.928093
7768.103027	-51.535480
7773.486328	-53.072552
7778.869629	-53.730564
7784.252930	-54.258961
7789.636230	-54.704796
7795.019531	-55.032513
7800.402832	-55.043144
7805.786133	-55.452141
7811.169434	-55.866611
7816.552734	-56.798042
7821.936035	-57.016968
7827.319336	-58.123219
7832.702637	-58.149052
7838.085938	-57.942108
7843.469238	-58.462128
7848.852539	-59.060230
7854.235840	-57.520237
7859.619141	-53.716278
7865.002441	-54.241432
7870.385742	-57.594334
7875.769043	-61.556545
7881.152344	-62.779388
7886.535645	-61.454872
7891.918945	-60.082329
7897.302246	-59.234276
7902.685547	-59.824997
7908.068848	-60.540352
7913.452148	-60.943192
7918.835449	-60.531784
7924.218750	-60.956402
7929.602051	-60.653351
7934.985352	-61.220440
7940.368652	-61.246544
7945.751953	-62.097328
7951.135254	-62.000454
7956.518555	-62.456112
7961.901855	-62.170582
7967.285156	-62.439068
7972.668457	-62.701851
7978.051758	-63.012836
7983.435059	-63.365097
7988.818359	-63.965244
7994.201660	-63.813919
7999.584961	-63.898506
8004.968262	-63.933636
8010.351562	-64.897522
8015.734863	-64.434700
8021.118164	-64.295975
8026.501465	-64.504951
8031.884766	-63.920761
8037.268066	-64.246338
8042.651367	-63.342800
8048.034668	-64.217705
8053.417969	-63.313980
8058.801270	-64.375885
8064.184570	-63.768570
8069.567871	-64.510368
8074.951172	-64.427460
8080.334473	-64.741943
8085.717773	-65.251495
8091.101074	-64.794655
8096.484375	-66.955719
8101.867676	-66.563705
8107.250977	-66.185959
8112.634277	-65.476746
8118.017578	-64.499741
8123.400879	-64.309631
8128.784180	-63.024113
8134.167480	-64.070442
8139.550781	-62.593651
8144.934082	-63.305222
8150.317383	-61.766846
8155.700684	-62.014793
8161.083984	-61.209270
8166.467285	-60.961433
8171.850586	-60.716255
8177.233887	-59.653179
8182.617188	-59.752369
8188.000488	-58.697895
8193.383789	-59.271820
8198.767090	-58.744453
8204.150391	-59.156456
8209.533691	-58.605682
8214.916992	-58.771595
8220.300293	-58.537930
8225.683594	-58.545635
8231.066895	-58.657486
8236.450195	-58.549057
8241.833496	-59.096867
8247.216797	-59.130066
8252.600098	-59.883694
8257.983398	-59.550156
8263.366699	-60.315289
8268.750000	-60.224033
8274.133301	-60.943489
8279.516602	-61.132454
8284.899902	-61.857510
8290.283203	-62.490295
8295.666504	-62.873360
8301.049805	-63.459660
8306.433105	-62.824966
8311.816406	-63.162148
8317.199707	-62.063442
8322.583008	-62.473717
8327.966309	-61.760918
8333.349609	-61.533791
8338.732910	-61.273186
8344.116211	-60.762310
8349.499512	-61.013790
8354.882812	-60.635521
8360.266113	-61.028431
8365.649414	-60.495876
8371.032715	-61.179695
8376.416016	-60.673038
8381.799316	-61.101639
8387.182617	-60.644547
8392.565918	-60.868526
8397.949219	-60.688229
8403.332520	-60.323711
8408.715820	-59.932159
8414.099121	-59.503613
8419.482422	-60.274525
8424.865723	-61.543701
8430.249023	-62.467632
8435.632324	-62.055386
8441.015625	-62.850319
8446.398926	-62.067455
8451.782227	-62.853001
8457.165527	-62.090931
8462.548828	-61.937309
8467.932129	-61.118237
8473.315430	-60.879665
8478.698730	-60.740967
8484.082031	-60.147572
8489.465332	-60.247387
8494.848633	-59.120590
8500.231934	-59.136658
8505.615234	-57.634682
8510.998535	-57.960659
8516.381836	-56.856651
8521.765137	-57.325737
8527.148438	-56.594425
8532.531738	-56.352119
8537.915039	-55.566990
8543.298340	-54.811512
8548.681641	-54.457191
8554.064941	-53.962776
8559.448242	-52.834553
8564.831543	-50.672493
8570.214844	-51.120060
8575.598145	-52.875641
8580.981445	-55.376125
8586.364746	-56.214195
8591.748047	-57.899971
8597.131348	-57.872723
8602.514648	-59.634346
8607.897949	-61.001400
8613.281250	-60.223938
8618.664551	-59.932713
8624.047852	-58.452686
8629.431152	-58.709980
8634.814453	-58.301441
8640.197754	-59.714031
8645.581055	-59.853687
8650.964355	-60.473907
8656.347656	-60.090633
8661.730957	-61.059086
8667.114258	-62.198639
8672.497559	-64.180168
8677.880859	-67.673119
8683.264160	-69.279846
8688.647461	-70.534042
8694.030762	-68.033920
8699.414062	-67.421799
8704.797363	-65.303200
8710.180664	-65.338966
8715.563965	-64.547783
8720.947266	-64.500732
8726.330566	-64.120117
8731.713867	-64.246910
8737.097168	-64.224014
8742.480469	-64.436081
8747.863770	-64.758659
8753.247070	-65.465752
8758.630371	-65.727058
8764.013672	-66.530342
8769.396973	-66.757843
8774.780273	-67.971367
8780.163574	-68.550957
8785.546875	-69.673523
8790.930176	-70.509155
8796.313477	-72.262466
8801.696777	-72.791069
8807.080078	-71.475502
8812.463379	-69.132149
8817.846680	-67.296501
8823.229980	-65.980247
8828.613281	-65.649940
8833.996582	-65.496140
8839.379883	-65.804764
8844.763184	-65.239952
8850.146484	-65.182762
8855.529785	-63.590771
8860.913086	-64.275154
8866.296387	-63.324322
8871.679688	-64.112968
8877.062988	-63.366993
8882.446289	-63.531738
8887.829590	-62.894459
8893.212891	-62.356632
8898.596191	-61.919472
8903.979492	-61.231491
8909.362793	-61.510044
8914.746094	-60.800121
8920.129395	-61.144314
8925.512695	-60.301853
8930.895996	-59.515930
8936.279297	-58.044426
8941.662598	-57.148941
8947.045898	-56.282516
8952.429199	-55.205173
8957.812500	-53.525925
8963.195801	-52.634041
8968.579102	-53.132866
8973.962402	-55.896175
8979.345703	-58.380054
8984.729004	-61.142818
8990.112305	-62.496552
8995.495605	-63.014481
9000.878906	-62.693180
9006.262207	-62.674397
9011.645508	-62.879341
9017.028809	-62.860493
9022.412109	-62.974861
9027.795410	-64.627113
9033.178711	-67.985535
9038.562012	-66.976974
9043.945312	-67.545860
9049.328613	-68.269585
9054.711914	-66.217140
9060.095215	-63.309414
9065.478516	-62.983593
9070.861816	-62.211708
9076.245117	-62.810020
9081.628418	-62.317749
9087.011719	-62.589787
9092.395020	-61.871525
9097.778320	-62.258961
9103.161621	-61.480145
9108.544922	-62.314899
9113.928223	-62.212585
9119.311523	-64.002953
9124.694824	-63.712593
9130.078125	-64.703392
9135.461426	-62.021866
9140.844727	-61.998512
9146.228027	-61.329853
9151.611328	-61.555973
9156.994629	-62.049023
9162.377930	-62.586803
9167.761230	-63.506386
9173.144531	-63.624794
9178.527832	-63.619644
9183.911133	-63.553635
9189.294434	-64.129028
9194.677734	-63.621742
9200.061035	-64.722931
9205.444336	-63.977047
9210.827637	-65.611259
9216.210938	-64.644081
9221.594238	-65.853104
9226.977539	-64.694611
9232.360840	-65.058197
9237.744141	-64.283203
9243.127441	-63.789341
9248.510742	-63.806553
9253.894043	-63.655994
9259.277344	-62.254513
9264.660645	-60.939514
9270.043945	-61.249554
9275.427246	-61.086231
9280.810547	-60.714912
9286.193848	-60.497589
9291.577148	-59.558434
9296.960449	-59.565487
9302.343750	-58.870972
9307.727051	-59.035000
9313.110352	-58.329933
9318.493652	-58.236755
9323.876953	-57.358742
9329.260254	-57.337460
9334.643555	-56.748371
9340.026855	-56.631973
9345.410156	-56.114250
9350.793457	-55.526875
9356.176758	-55.493488
9361.560059	-55.541019
9366.943359	-56.045155
9372.326660	-56.100933
9377.709961	-56.971996
9383.093262	-56.537281
9388.476562	-57.111488
9393.859863	-56.181541
9399.243164	-56.964561
9404.626465	-56.505474
9410.009766	-58.265266
9415.393066	-58.160183
9420.776367	-59.207825
9426.159668	-58.817852
9431.542969	-59.236897
9436.926270	-57.951492
9442.309570	-55.140854
9447.692871	-54.469212
9453.076172	-53.187263
9458.459473	-53.724281
9463.842773	-53.555435
9469.226074	-54.692547
9474.609375	-54.708019
9479.992676	-55.399109
9485.375977	-55.249805
9490.759277	-55.864159
9496.142578	-55.866013
9501.525879	-56.698750
9506.909180	-57.003345
9512.292480	-57.333652
9517.675781	-57.458836
9523.059082	-56.832218
9528.442383	-57.423042
9533.825684	-56.988911
9539.208984	-58.029392
9544.592285	-57.571156
9549.975586	-58.523743
9555.358887	-58.207901
9560.742188	-58.296917
9566.125488	-57.681797
9571.508789	-56.835583
9576.892090	-57.005543
9582.275391	-56.340649
9587.658691	-56.695107
9593.041992	-55.751450
9598.425293	-56.187340
9603.808594	-55.271435
9609.191895	-55.715790
9614.575195	-55.200699
9619.958496	-55.893478
9625.341797	-55.882835
9630.725098	-56.619244
9636.108398	-56.906994
9641.491699	-56.951809
9646.875000	-56.982719
9652.258301	-55.537464
9657.641602	-55.497429
9663.024902	-55.174107
9668.408203	-56.329914
9673.791504	-56.323132
9679.174805	-57.228046
9684.558105	-56.908459
9689.941406	-57.738037
9695.324707	-57.596050
9700.708008	-58.516533
9706.091309	-58.860256
9711.474609	-59.866867
9716.857910	-60.752972
9722.241211	-61.318565
9727.624512	-61.591087
9733.007812	-62.306061
9738.391113	-61.932785
9743.774414	-62.269192
9749.157715	-61.171989
9754.541016	-60.463303
9759.924316	-59.501228
9765.307617	-59.499695
9770.690918	-58.984310
9776.074219	-58.541142
9781.457520	-58.771149
9786.840820	-59.379948
9792.224121	-60.235035
9797.607422	-60.065952
9802.990723	-60.414486
9808.374023	-59.741623
9813.757324	-60.282619
9819.140625	-59.023560
9824.523926	-59.108227
9829.907227	-58.443447
9835.290527	-59.714531
9840.673828	-59.959866
9846.057129	-60.204247
9851.440430	-59.846691
9856.823730	-59.675472
9862.207031	-59.366676
9867.590332	-59.307678
9872.973633	-59.227089
9878.356934	-59.469669
9883.740234	-59.608646
9889.123535	-59.085777
9894.506836	-59.637512
9899.890137	-58.899601
9905.273438	-60.114555
9910.656738	-59.887012
9916.040039	-61.809944
9921.423340	-61.590244
9926.806641	-62.838963
9932.189941	-62.354511
9937.573242	-62.738705
9942.956543	-62.517204
9948.339844	-62.430397
9953.723145	-62.593506
9959.106445	-61.654957
9964.489746	-62.135288
9969.873047	-60.771145
9975.256348	-61.340336
9980.639648	-60.326344
9986.022949	-60.535248
9991.406250	-60.031574
9996.789551	-60.141701
10002.172852	-60.255375
10007.556152	-60.169331
10012.939453	-60.683407
10018.322754	-60.490849
10023.706055	-60.962559
10029.089355	-60.350975
10034.472656	-60.630341
10039.855957	-60.054295
10045.239258	-60.146736
10050.622559	-59.759632
10056.005859	-59.590607
10061.389160	-59.667896
10066.772461	-58.875221
10072.155762	-58.670742
10077.539062	-57.788380
10082.922363	-57.712654
10088.305664	-57.145645
10093.688965	-57.169918
10099.072266	-56.674255
10104.455566	-56.748638
10109.838867	-56.443996
10115.222168	-56.576057
10120.605469	-56.539577
10125.988770	-56.665741
10131.372070	-57.018101
10136.755371	-57.264984
10142.138672	-58.078201
10147.521973	-58.494434
10152.905273	-59.528725
10158.288574	-59.656441
10163.671875	-60.581978
10169.055176	-60.282097
10174.438477	-61.167229
10179.821777	-60.953854
10185.205078	-62.156010
10190.588379	-61.995361
10195.971680	-63.084770
10201.354980	-62.955036
10206.738281	-63.899471
10212.121582	-63.536888
10217.504883	-64.038033
10222.888184	-63.547737
10228.271484	-63.054203
10233.654785	-63.212479
10239.038086	-63.960373
10244.421387	-64.325447
10249.804688	-65.569656
10255.187988	-65.680565
10260.571289	-65.512589
10265.954590	-65.887192
10271.337891	-65.173004
10276.721191	-65.251320
10282.104492	-64.462944
10287.487793	-64.673431
10292.871094	-64.562416
10298.254395	-64.528160
10303.637695	-63.387943
10309.020996	-64.087364
10314.404297	-63.121155
10319.787598	-63.827229
10325.170898	-62.336544
10330.554199	-62.019188
10335.937500	-60.165482
10341.320801	-62.367332
10346.704102	-64.207596
10352.087402	-66.708679
10357.470703	-65.373482
10362.854004	-66.241959
10368.237305	-65.172096
10373.620605	-65.946579
10379.003906	-65.339851
10384.387207	-62.833557
10389.770508	-61.984936
10395.153809	-59.948387
10400.537109	-59.171879
10405.920410	-57.549454
10411.303711	-57.279621
10416.687012	-56.883438
10422.070312	-57.729397
10427.453613	-58.151257
10432.836914	-59.223145
10438.220215	-59.435829
10443.603516	-59.685158
10448.986816	-59.660557
10454.370117	-60.101566
10459.753418	-60.796131
10465.136719	-61.880569
10470.520020	-63.126118
10475.903320	-64.278862
10481.286621	-66.702164
10486.669922	-71.644279
10492.053223	-65.008682
10497.436523	-61.109051
10502.819824	-62.095047
10508.203125	-62.139515
10513.586426	-66.146790
10518.969727	-70.343460
10524.353027	-69.709526
10529.736328	-68.715424
10535.119629	-66.332352
10540.502930	-66.486809
10545.886230	-65.728188
10551.269531	-66.084511
10556.652832	-65.008179
10562.036133	-65.046616
10567.419434	-64.118652
10572.802734	-63.774792
10578.186035	-63.165897
10583.569336	-62.457085
10588.952637	-61.301865
10594.335938	-60.845390
10599.719238	-59.617733
10605.102539	-59.830025
10610.485840	-59.470322
10615.869141	-60.609428
10621.252441	-61.201328
10626.635742	-62.005573
10632.019043	-61.347973
10637.402344	-62.253773
10642.785645	-62.239578
10648.168945	-63.155128
10653.552246	-63.307144
10658.935547	-63.274349
10664.318848	-63.624016
10669.702148	-63.249012
10675.085449	-63.930943
10680.468750	-63.678131
10685.852051	-64.611626
10691.235352	-64.187744
10696.618652	-65.065292
10702.001953	-64.250114
10707.385254	-64.716560
10712.768555	-63.633762
10718.151855	-63.414852
10723.535156	-62.601974
10728.918457	-62.506031
10734.301758	-62.249699
10739.685059	-62.815063
10745.068359	-63.269691
10750.451660	-63.476032
10755.834961	-63.856979
10761.218262	-64.351196
10766.601562	-64.076706
10771.984863	-63.803257
10777.368164	-63.645664
10782.751465	-63.051853
10788.134766	-63.430378
10793.518066	-62.837112
10798.901367	-63.364037
10804.284668	-62.935310
10809.667969	-63.333763
10815.051270	-62.687466
10820.434570	-62.164513
10825.817871	-61.094639
10831.201172	-59.969505
10836.584473	-58.922512
10841.967773	-57.486420
10847.351074	-56.815487
10852.734375	-56.046253
10858.117676	-55.952843
10863.500977	-55.658295
10868.884277	-55.862316
10874.267578	-55.684429
10879.650879	-55.895924
10885.034180	-56.059170
10890.417480	-56.425564
10895.800781	-57.403198
10901.184082	-58.152843
10906.567383	-60.351650
10911.950684	-61.734196
10917.333984	-64.833275
10922.717285	-65.107979
10928.100586	-64.416412
10933.483887	-62.355541
10938.867188	-60.027161
10944.250488	-59.132076
10949.633789	-57.586964
10955.017090	-57.370556
10960.400391	-56.709938
10965.783691	-56.920300
10971.166992	-57.316719
10976.550293	-58.067631
10981.933594	-59.481129
10987.316895	-60.775856
10992.700195	-62.650192
10998.083496	-64.250244
11003.466797	-65.827744
11008.850098	-66.105881
11014.233398	-65.249077
11019.616699	-63.852585
11025.000000	-63.246723
11030.383301	-62.802780
11035.766602	-62.171776
11041.149902	-62.747921
11046.533203	-62.397789
11051.916504	-61.244133
11057.299805	-60.626755
11062.683105	-60.806690
11068.066406	-61.551872
11073.449707	-62.049541
11078.833008	-62.737350
11084.216309	-62.476868
11089.599609	-62.279095
11094.982910	-61.731823
11100.366211	-61.153217
11105.749512	-60.999256
11111.132812	-60.395325
11116.516113	-60.604900
11121.899414	-59.975136
11127.282715	-60.358688
11132.666016	-59.574173
11138.049316	-59.996529
11143.432617	-59.144791
11148.815918	-59.333981
11154.199219	-58.709297
11159.582520	-58.826309
11164.965820	-58.447823
11170.349121	-58.488140
11175.732422	-58.269192
11181.115723	-58.423828
11186.499023	-58.543648
11191.882324	-58.803207
11197.265625	-59.370037
11202.648926	-59.723030
11208.032227	-60.627869
11213.415527	-60.837326
11218.798828	-61.457245
11224.182129	-60.769810
11229.565430	-60.496227
11234.948730	-59.059624
11240.332031	-58.665447
11245.715332	-57.613762
11251.098633	-57.496120
11256.481934	-57.001331
11261.865234	-57.251316
11267.248535	-57.168388
11272.631836	-57.772404
11278.015137	-57.907158
11283.398438	-58.720264
11288.781738	-59.066551
11294.165039	-59.728443
11299.548340	-60.358196
11304.931641	-60.736824
11310.314941	-61.672977
11315.698242	-61.613674
11321.081543	-62.545509
11326.464844	-62.121296
11331.848145	-62.906670
11337.231445	-62.256405
11342.614746	-62.171597
11347.998047	-61.885143
11353.381348	-61.590248
11358.764648	-62.037601
11364.147949	-61.659985
11369.531250	-62.708801
11374.914551	-62.356361
11380.297852	-63.018002
11385.681152	-62.495708
11391.064453	-63.701099
11396.447754	-63.862419
11401.831055	-63.935745
11407.214355	-64.023239
11412.597656	-63.156311
11417.980957	-63.627258
11423.364258	-63.209320
11428.747559	-64.134422
11434.130859	-64.023575
11439.514160	-64.194145
11444.897461	-64.751396
11450.280762	-63.995140
11455.664062	-64.436462
11461.047363	-63.139706
11466.430664	-63.634537
11471.813965	-62.770233
11477.197266	-63.003384
11482.580566	-62.726196
11487.963867	-62.476326
11493.347168	-62.880993
11498.730469	-62.267872
11504.113770	-63.254101
11509.497070	-62.666691
11514.880371	-64.105568
11520.263672	-63.599842
11525.646973	-64.843224
11531.030273	-64.551529
11536.413574	-64.784294
11541.796875	-64.868546
11547.180176	-64.630348
11552.563477	-65.057442
11557.946777	-64.515419
11563.330078	-64.983124
11568.713379	-64.772141
11574.096680	-65.203423
11579.479980	-65.593491
11584.863281	-64.699234
11590.246582	-65.171227
11595.629883	-64.634743
11601.013184	-65.637222
11606.396484	-65.482422
11611.779785	-67.079247
11617.163086	-67.022888
11622.546387	-69.194176
11627.929688	-68.688087
11633.312988	-71.649124
11638.696289	-70.693375
11644.079590	-74.086311
11649.462891	-72.155312
11654.846191	-72.358810
11660.229492	-69.715698
11665.612793	-69.064789
11670.996094	-67.822540
11676.379395	-66.996422
11681.762695	-66.704918
11687.145996	-65.886566
11692.529297	-65.905258
11697.912598	-65.419800
11703.295898	-65.081650
11708.679199	-64.479897
11714.062500	-64.168289
11719.445801	-64.269295
11724.829102	-63.558834
11730.212402	-63.735977
11735.595703	-63.042610
11740.979004	-63.081177
11746.362305	-62.649017
11751.745605	-62.717045
11757.128906	-62.554836
11762.512207	-62.369526
11767.895508	-61.893250
11773.278809	-61.244846
11778.662109	-61.125408
11784.045410	-60.698673
11789.428711	-60.588375
11794.812012	-59.919987
11800.195312	-60.055866
11805.578613	-59.619225
11810.961914	-59.883209
11816.345215	-59.470852
11821.728516	-59.749462
11827.111816	-59.383183
11832.495117	-59.584534
11837.878418	-59.333405
11843.261719	-59.462891
11848.645020	-59.547699
11854.028320	-59.661789
11859.411621	-60.087173
11864.794922	-60.055691
11870.178223	-60.845005
11875.561523	-60.852715
11880.944824	-61.985153
11886.328125	-62.053123
11891.711426	-63.358929
11897.094727	-63.645809
11902.478027	-64.971115
11907.861328	-65.714127
11913.244629	-66.898300
11918.627930	-68.128418
11924.011230	-69.177277
11929.394531	-70.457306
11934.777832	-71.666801
11940.161133	-71.424377
11945.544434	-72.897148
11950.927734	-70.495750
11956.311035	-71.328972
11961.694336	-68.591240
11967.077637	-68.889313
11972.460938	-67.068504
11977.844238	-66.973236
11983.227539	-66.174599
11988.610840	-65.994850
11993.994141	-65.911453
11999.377441	-65.248192
12004.760742	-65.169838
12010.144043	-64.556892
12015.527344	-64.571503
12020.910645	-64.417984
12026.293945	-64.717606
12031.677246	-64.965454
12037.060547	-65.329369
12042.443848	-65.605141
12047.827148	-65.884315
12053.210449	-66.191917
12058.593750	-66.744400
12063.977051	-67.105194
12069.360352	-67.646133
12074.743652	-67.865547
12080.126953	-68.025833
12085.510254	-67.883369
12090.893555	-66.852676
12096.276855	-66.501381
12101.660156	-65.268059
12107.043457	-64.790192
12112.426758	-63.405067
12117.810059	-63.054592
12123.193359	-61.899185
12128.576660	-61.779274
12133.959961	-61.089706
12139.343262	-61.352047
12144.726562	-61.147324
12150.109863	-61.385750
12155.493164	-61.227711
12160.876465	-61.189976
12166.259766	-61.209164
12171.643066	-61.306370
12177.026367	-61.751316
12182.409668	-61.890461
12187.792969	-62.469780
12193.176270	-62.129311
12198.559570	-63.018776
12203.942871	-62.705578
12209.326172	-63.945461
12214.709473	-63.839199
12220.092773	-66.082222
12225.476074	-66.747993
12230.859375	-68.292320
12236.242676	-69.121376
12241.625977	-70.707817
12247.009277	-71.789017
12252.392578	-72.056358
12257.775879	-69.285049
12263.159180	-67.706238
12268.542480	-65.929230
12273.925781	-65.066345
12279.309082	-63.839134
12284.692383	-63.424538
12290.075684	-62.649960
12295.458984	-62.472710
12300.842285	-62.301163
12306.225586	-62.184265
12311.608887	-62.726772
12316.992188	-62.712578
12322.375488	-63.864067
12327.758789	-63.697895
12333.142090	-64.572289
12338.525391	-63.729752
12343.908691	-64.219727
12349.291992	-63.299225
12354.675293	-63.268299
12360.058594	-62.686203
12365.441895	-62.362862
12370.825195	-62.137928
12376.208496	-61.694141
12381.591797	-61.691166
12386.975098	-61.453362
12392.358398	-61.602882
12397.741699	-61.659714
12403.125000	-61.786327
12408.508301	-62.013454
12413.891602	-62.280884
12419.274902	-62.666061
12424.658203	-62.945343
12430.041504	-63.095169
12435.424805	-62.767056
12440.808105	-62.366871
12446.191406	-61.857140
12451.574707	-61.348984
12456.958008	-61.115334
12462.341309	-60.964554
12467.724609	-61.050598
12473.107910	-61.401978
12478.491211	-61.850441
12483.874512	-62.422321
12489.257812	-63.165249
12494.641113	-63.737926
12500.024414	-64.586273
12505.407715	-65.096893
12510.791016	-65.966080
12516.174316	-66.742622
12521.557617	-67.158852
12526.940918	-67.049629
12532.324219	-65.884193
12537.707520	-64.282387
12543.090820	-62.584209
12548.474121	-61.477947
12553.857422	-60.580044
12559.240723	-60.721539
12564.624023	-60.499889
12570.007324	-60.218647
12575.390625	-60.926704
12580.773926	-60.309845
12586.157227	-58.580898
12591.540527	-58.692356
12596.923828	-59.663555
12602.307129	-60.166908
12607.690430	-60.460339
12613.073730	-60.526409
12618.457031	-59.980556
12623.840332	-60.080540
12629.223633	-59.509689
12634.606934	-59.864010
12639.990234	-59.357674
12645.373535	-59.707180
12650.756836	-59.373631
12656.140137	-59.613441
12661.523438	-59.678207
12666.906738	-60.313530
12672.290039	-61.285152
12677.673340	-62.214165
12683.056641	-63.074448
12688.439941	-63.059315
12693.823242	-63.856853
12699.206543	-63.986610
12704.589844	-64.704628
12709.973145	-64.995140
12715.356445	-65.030174
12720.739746	-64.996864
12726.123047	-64.176765
12731.506348	-64.636101
12736.889648	-64.820007
12742.272949	-66.139130
12747.656250	-66.418404
12753.039551	-67.581001
12758.422852	-67.854095
12763.806152	-68.091545
12769.189453	-68.339249
12774.572754	-67.850395
12779.956055	-68.185402
12785.339355	-67.810867
12790.722656	-68.396469
12796.105957	-68.344917
12801.489258	-69.164696
12806.872559	-69.228050
12812.255859	-69.477989
12817.639160	-68.105560
12823.022461	-65.502800
12828.405762	-63.028645
12833.789062	-60.250790
12839.172363	-58.203697
12844.555664	-56.438133
12849.938965	-55.886833
12855.322266	-55.555676
12860.705566	-56.002708
12866.088867	-56.193481
12871.472168	-57.162556
12876.855469	-57.855827
12882.238770	-59.581554
12887.622070	-60.845165
12893.005371	-62.773232
12898.388672	-64.222198
12903.771973	-65.796562
12909.155273	-67.101555
12914.538574	-67.811150
12919.921875	-68.383102
12925.305176	-68.651115
12930.688477	-67.993706
12936.071777	-68.542519
12941.455078	-67.087242
12946.838379	-68.067780
12952.221680	-66.452515
12957.604980	-67.729744
12962.988281	-66.638809
12968.371582	-67.519241
12973.754883	-67.700615
12979.138184	-67.190689
12984.521484	-67.527702
12989.904785	-67.758255
12995.288086	-67.965515
13000.671387	-69.040260
13006.054688	-69.156403
13011.437988	-69.911270
13016.821289	-69.496338
13022.204590	-68.654091
13027.587891	-67.606377
13032.971191	-67.239288
13038.354492	-66.431145
13043.737793	-65.724251
13049.121094	-64.613983
13054.504395	-64.396660
13059.887695	-62.612934
13065.270996	-63.233135
13070.654297	-61.464165
13076.037598	-61.691692
13081.420898	-60.296741
13086.804199	-60.640728
13092.187500	-60.032455
13097.570801	-60.435265
13102.954102	-60.002399
13108.337402	-60.466766
13113.720703	-60.280704
13119.104004	-60.972782
13124.487305	-61.036987
13129.870605	-60.953075
13135.253906	-60.734684
13140.637207	-60.333290
13146.020508	-60.437618
13151.403809	-60.019127
13156.787109	-60.434368
13162.170410	-59.988190
13167.553711	-60.452034
13172.937012	-59.902493
13178.320312	-60.466362
13183.703613	-59.961079
13189.086914	-60.719379
13194.470215	-60.539856
13199.853516	-62.068985
13205.236816	-62.575363
13210.620117	-64.434006
13216.003418	-64.819672
13221.386719	-65.524933
13226.770020	-65.027412
13232.153320	-65.513390
13237.536621	-65.036255
13242.919922	-65.708076
13248.303223	-65.043800
13253.686523	-65.241264
13259.069824	-64.505554
13264.453125	-64.027046
13269.836426	-63.528099
13275.219727	-63.115047
13280.603027	-63.603493
13285.986328	-64.270081
13291.369629	-65.609787
13296.752930	-66.070282
13302.136230	-67.402817
13307.519531	-66.675926
13312.902832	-68.213860
13318.286133	-67.545090
13323.669434	-67.946472
13329.052734	-66.226082
13334.436035	-63.705528
13339.819336	-61.881031
13345.202637	-59.354393
13350.585938	-57.712399
13355.969238	-55.779438
13361.352539	-55.549473
13366.735840	-55.683971
13372.119141	-57.152870
13377.502441	-58.436420
13382.885742	-59.879593
13388.269043	-60.189117
13393.652344	-60.766983
13399.035645	-60.643459
13404.418945	-61.548626
13409.802246	-61.845955
13415.185547	-63.239086
13420.568848	-63.886806
13425.952148	-64.933838
13431.335449	-65.067978
13436.718750	-65.132034
13442.102051	-64.868172
13447.485352	-64.039009
13452.868652	-63.980789
13458.251953	-64.530823
13463.635254	-65.773079
13469.018555	-66.817703
13474.401855	-68.476501
13479.785156	-69.423424
13485.168457	-71.801476
13490.551758	-72.107506
13495.935059	-73.338654
13501.318359	-72.719650
13506.701660	-72.431297
13512.084961	-72.489761
13517.468262	-71.829216
13522.851562	-72.433617
13528.234863	-72.063866
13533.618164	-72.760178
13539.001465	-71.034286
13544.384766	-70.479118
13549.768066	-68.982559
13555.151367	-68.377808
13560.534668	-68.019135
13565.917969	-67.903610
13571.301270	-68.844269
13576.684570	-69.758636
13582.067871	-71.097908
13587.451172	-72.006744
13592.834473	-69.691589
13598.217773	-68.835312
13603.601074	-66.810043
13608.984375	-65.757729
13614.367676	-65.048477
13619.750977	-64.661819
13625.134277	-65.026611
13630.517578	-65.401855
13635.900879	-66.340034
13641.284180	-67.032883
13646.667480	-67.036568
13652.050781	-66.251930
13657.434082	-64.989922
13662.817383	-64.170372
13668.200684	-63.556763
13673.583984	-62.580700
13678.967285	-61.192699
13684.350586	-59.474411
13689.733887	-57.950882
13695.117188	-57.537575
13700.500488	-58.272720
13705.883789	-62.848602
13711.267090	-65.183647
13716.650391	-61.973640
13722.033691	-58.561016
13727.416992	-56.266716
13732.800293	-54.954487
13738.183594	-54.289196
13743.566895	-54.436279
13748.950195	-54.902729
13754.333496	-55.608398
13759.716797	-56.125099
13765.100098	-56.565983
13770.483398	-56.816360
13775.866699	-57.331783
13781.250000	-57.669800
13786.633301	-57.836594
13792.016602	-57.895809
13797.399902	-57.893581
13802.783203	-58.415974
13808.166504	-59.419788
13813.549805	-61.261387
13818.933105	-62.707973
13824.316406	-64.020805
13829.699707	-64.129135
13835.083008	-65.348030
13840.466309	-65.634598
13845.849609	-67.602592
13851.232910	-68.380852
13856.616211	-70.814476
13861.999512	-70.320145
13867.382812	-69.233185
13872.766113	-67.522064
13878.149414	-65.569641
13883.532715	-64.501976
13888.916016	-63.465721
13894.299316	-62.459705
13899.682617	-61.607552
13905.065918	-60.857609
13910.449219	-59.997356
13915.832520	-59.522263
13921.215820	-58.990627
13926.599121	-58.895668
13931.982422	-58.545830
13937.365723	-58.797775
13942.749023	-58.842815
13948.132324	-59.245842
13953.515625	-58.997559
13958.898926	-59.794216
13964.282227	-59.757309
13969.665527	-61.104599
13975.048828	-61.190826
13980.432129	-62.390015
13985.815430	-62.106808
13991.198730	-62.089756
13996.582031	-60.897823
14001.965332	-60.474674
14007.348633	-59.770123
14012.731934	-59.734032
14018.115234	-59.519318
14023.498535	-59.533283
14028.881836	-59.400906
14034.265137	-58.677986
14039.648438	-58.681538
14045.031738	-58.814224
14050.415039	-59.809307
14055.798340	-59.901783
14061.181641	-59.812679
14066.564941	-59.296619
14071.948242	-58.940582
14077.331543	-58.939434
14082.714844	-59.092590
14088.098145	-59.541801
14093.481445	-60.099529
14098.864746	-60.868721
14104.248047	-61.468479
14109.631348	-62.470432
14115.014648	-64.476540
14120.397949	-66.675911
14125.781250	-67.412254
14131.164551	-65.327164
14136.547852	-64.105247
14141.931152	-62.416557
14147.314453	-62.288109
14152.697754	-60.624020
14158.081055	-60.995461
14163.464355	-61.302227
14168.847656	-63.332886
14174.230957	-65.709587
14179.614258	-68.517448
14184.997559	-69.749809
14190.380859	-68.357323
14195.764160	-66.192993
14201.147461	-63.797787
14206.530762	-62.059406
14211.914062	-60.178162
14217.297363	-57.816723
14222.680664	-55.583618
14228.063965	-53.552547
14233.447266	-52.177269
14238.830566	-51.970612
14244.213867	-52.844666
14249.597168	-54.630108
14254.980469	-56.792786
14260.363770	-59.537369
14265.747070	-61.792904
14271.130371	-63.934811
14276.513672	-64.596329
14281.896973	-65.212273
14287.280273	-64.957489
14292.663574	-66.877129
14298.046875	-67.347343
14303.430176	-67.465958
14308.813477	-63.203674
14314.196777	-60.206642
14319.580078	-58.878067
14324.963379	-58.026840
14330.346680	-58.348022
14335.729980	-58.216675
14341.113281	-58.489632
14346.496582	-58.412998
14351.879883	-58.561951
14357.263184	-58.965473
14362.646484	-59.455620
14368.029785	-60.160740
14373.413086	-60.335583
14378.796387	-60.657276
14384.179688	-60.270237
14389.562988	-60.210484
14394.946289	-59.583317
14400.329590	-59.342255
14405.712891	-58.779930
14411.096191	-58.095329
14416.479492	-57.317028
14421.862793	-56.499306
14427.246094	-56.141903
14432.629395	-56.185242
14438.012695	-56.807232
14443.395996	-57.772495
14448.779297	-59.332058
14454.162598	-61.145050
14459.545898	-62.596428
14464.929199	-63.666771
14470.312500	-64.897453
14475.695801	-65.990623
14481.079102	-67.788727
14486.462402	-69.934067
14491.845703	-69.734528
14497.229004	-71.022011
14502.612305	-72.070251
14507.995605	-71.405968
14513.378906	-69.890625
14518.762207	-67.883629
14524.145508	-66.716293
14529.528809	-66.191925
14534.912109	-65.181671
14540.295410	-64.048462
14545.678711	-62.674957
14551.062012	-61.727753
14556.445312	-60.905552
14561.828613	-60.629513
14567.211914	-60.304108
14572.595215	-60.200050
14577.978516	-60.123749
14583.361816	-60.202526
14588.745117	-60.288372
14594.128418	-60.438679
14599.511719	-60.920975
14604.895020	-61.203045
14610.278320	-61.810455
14615.661621	-61.971989
14621.044922	-62.379887
14626.428223	-62.552868
14631.811523	-63.276222
14637.194824	-63.439800
14642.578125	-64.333977
14647.961426	-64.341270
14653.344727	-64.882324
14658.728027	-64.862915
14664.111328	-64.872246
14669.494629	-65.021095
14674.877930	-64.615883
14680.261230	-64.953613
14685.644531	-64.615967
14691.027832	-65.243080
14696.411133	-64.656532
14701.794434	-65.960388
14707.177734	-65.537971
14712.561035	-67.037277
14717.944336	-66.246513
14723.327637	-67.393486
14728.710938	-66.208160
14734.094238	-65.960129
14739.477539	-64.194794
14744.860840	-62.913643
14750.244141	-61.368896
14755.627441	-59.971016
14761.010742	-58.642494
14766.394043	-57.442070
14771.777344	-56.448929
14777.160645	-55.631859
14782.543945	-55.177952
14787.927246	-54.647388
14793.310547	-54.526741
14798.693848	-54.050896
14804.077148	-53.843761
14809.460449	-53.351482
14814.843750	-53.153992
14820.227051	-52.973198
14825.610352	-53.182755
14830.993652	-53.538746
14836.376953	-54.078705
14841.760254	-54.634968
14847.143555	-55.545689
14852.526855	-56.435879
14857.910156	-57.746979
14863.293457	-59.271141
14868.676758	-60.686092
14874.060059	-62.473949
14879.443359	-63.653152
14884.826660	-65.499107
14890.209961	-67.713684
14895.593262	-68.779381
14900.976562	-69.617783
14906.359863	-68.993073
14911.743164	-68.639069
14917.126465	-68.437164
14922.509766	-67.115318
14927.893066	-65.835251
14933.276367	-64.362190
14938.659668	-63.256439
14944.042969	-61.986069
14949.426270	-60.953381
14954.809570	-59.793892
14960.192871	-59.274178
14965.576172	-59.305435
14970.959473	-59.334297
14976.342773	-58.688667
14981.726074	-58.157913
14987.109375	-57.575836
14992.492676	-57.403549
14997.875977	-57.000156
15003.259277	-57.385971
15008.642578	-57.469990
15014.025879	-58.026775
15019.409180	-58.219269
15024.792480	-58.060490
15030.175781	-57.178211
15035.559082	-56.018166
15040.942383	-55.231113
15046.325684	-55.520161
15051.708984	-56.663250
15057.092285	-57.731655
15062.475586	-58.704536
15067.858887	-58.464626
15073.242188	-58.493492
15078.625488	-59.104061
15084.008789	-58.038734
15089.392090	-54.618141
15094.775391	-51.963631
15100.158691	-50.512295
15105.541992	-50.307430
15110.925293	-50.542011
15116.308594	-51.578094
15121.691895	-52.535019
15127.075195	-54.306877
15132.458496	-56.227005
15137.841797	-58.554882
15143.225098	-59.784595
15148.608398	-61.362202
15153.991699	-61.736858
15159.375000	-61.600601
15164.758301	-61.060955
15170.141602	-60.199001
15175.524902	-59.941982
15180.908203	-58.966740
15186.291504	-58.616287
15191.674805	-58.785748
15197.058105	-59.426167
15202.441406	-60.251476
15207.824707	-61.205959
15213.208008	-59.806305
15218.591309	-58.010956
15223.974609	-55.806942
15229.357910	-54.469585
15234.741211	-53.501049
15240.124512	-53.058453
15245.507812	-52.958813
15250.891113	-53.124325
15256.274414	-53.306133
15261.657715	-53.003685
15267.041016	-52.429565
15272.424316	-51.657955
15277.807617	-51.101963
15283.190918	-51.001850
15288.574219	-51.265892
15293.957520	-51.753410
15299.340820	-52.176929
15304.724121	-52.576611
15310.107422	-52.882683
15315.490723	-53.368607
15320.874023	-54.028896
15326.257324	-54.969501
15331.640625	-55.870663
15337.023926	-56.827286
15342.407227	-57.910564
15347.790527	-59.002762
15353.173828	-60.283714
15358.557129	-61.517044
15363.940430	-63.070820
15369.323730	-63.859871
15374.707031	-63.877434
15380.090332	-62.814789
15385.473633	-62.481995
15390.856934	-62.225765
15396.240234	-62.968956
15401.623535	-63.770409
15407.006836	-65.722878
15412.390137	-67.248497
15417.773438	-66.650665
15423.156738	-66.219765
15428.540039	-65.176018
15433.923340	-64.241798
15439.306641	-63.285362
15444.689941	-62.337734
15450.073242	-61.519768
15455.456543	-61.090305
15460.839844	-60.860149
15466.223145	-60.640034
15471.606445	-60.961891
15476.989746	-60.926003
15482.373047	-62.044018
15487.756348	-62.281197
15493.139648	-63.450832
15498.522949	-63.588619
15503.906250	-65.019402
15509.289551	-65.466393
15514.672852	-67.498878
15520.056152	-68.425156
15525.439453	-69.548714
15530.822754	-68.035095
15536.206055	-67.394432
15541.589355	-64.976974
15546.972656	-63.191498
15552.355957	-60.500889
15557.739258	-59.035065
15563.122559	-57.307083
15568.505859	-56.707565
15573.889160	-56.159729
15579.272461	-56.713390
15584.655762	-57.281113
15590.039062	-58.908112
15595.422363	-60.555248
15600.805664	-61.825722
15606.188965	-62.547752
15611.572266	-63.065742
15616.955566	-63.503658
15622.338867	-63.087078
15627.722168	-62.596203
15633.105469	-61.802155
15638.488770	-61.730732
15643.872070	-61.425823
15649.255371	-61.212357
15654.638672	-61.381229
15660.021973	-64.728500
15665.405273	-68.071487
15670.788574	-68.877563
15676.171875	-66.964737
15681.555176	-66.345894
15686.938477	-66.131790
15692.321777	-64.305046
15697.705078	-63.921211
15703.088379	-63.452076
15708.471680	-63.572689
15713.854980	-63.395466
15719.238281	-63.966045
15724.621582	-64.023102
15730.004883	-65.762596
15735.388184	-66.726028
15740.771484	-68.462883
15746.154785	-67.598038
15751.538086	-65.834549
15756.921387	-64.327026
15762.304688	-62.395340
15767.687988	-61.037331
15773.071289	-59.253262
15778.454590	-57.918251
15783.837891	-56.714138
15789.221191	-55.671432
15794.604492	-54.373436
15799.987793	-52.990509
15805.371094	-51.452904
15810.754395	-49.914219
15816.137695	-48.702110
15821.520996	-47.606083
15826.904297	-46.837112
15832.287598	-46.277699
15837.670898	-46.164413
15843.054199	-46.162994
15848.437500	-46.749588
15853.820801	-47.849537
15859.204102	-49.048565
15864.587402	-48.703590
15869.970703	-47.773529
15875.354004	-46.634251
15880.737305	-45.950909
15886.120605	-45.685192
15891.503906	-46.375278
15896.887207	-47.353493
15902.270508	-48.210720
15907.653809	-48.656567
15913.037109	-48.933445
15918.420410	-49.498062
15923.803711	-50.367290
15929.187012	-51.381226
15934.570312	-52.360203
15939.953613	-53.387108
15945.336914	-54.036194
15950.720215	-54.632092
15956.103516	-54.821285
15961.486816	-55.289158
15966.870117	-55.581791
15972.253418	-56.008423
15977.636719	-56.152077
15983.020020	-56.422035
15988.403320	-56.282204
15993.786621	-56.272003
15999.169922	-56.056313
16004.553223	-55.838921
16009.936523	-55.950832
16015.319824	-55.541046
16020.703125	-55.364819
16026.086426	-54.599613
16031.469727	-54.265797
16036.853027	-53.589275
16042.236328	-53.434231
16047.619629	-53.146152
16053.002930	-53.532475
16058.386230	-53.984268
16063.769531	-55.109470
16069.152832	-56.244789
16074.536133	-57.545631
16079.919434	-58.640350
16085.302734	-59.744987
16090.686035	-60.512466
16096.069336	-61.604588
16101.452637	-62.375713
16106.835938	-63.819912
16112.219238	-64.062302
16117.602539	-63.981998
16122.985840	-63.761242
16128.369141	-62.805973
16133.752441	-63.039665
16139.135742	-62.295479
16144.519043	-62.295418
16149.902344	-62.094894
16155.285645	-62.063011
16160.668945	-61.260784
16166.052246	-61.072407
16171.435547	-60.409073
16176.818848	-60.037754
16182.202148	-59.350922
16187.585449	-58.535461
16192.968750	-57.798702
16198.352051	-57.133793
16203.735352	-57.023983
16209.118652	-56.986660
16214.501953	-57.336071
16219.885254	-57.751198
16225.268555	-58.575272
16230.651855	-59.458969
16236.035156	-61.322201
16241.418457	-63.461834
16246.801758	-66.652679
16252.185059	-69.340553
16257.568359	-73.076859
16262.951660	-73.893730
16268.334961	-71.857910
16273.718262	-71.832085
16279.101562	-70.321045
16284.484863	-69.987747
16289.868164	-68.923439
16295.251465	-69.130745
16300.634766	-68.660950
16306.018066	-69.304680
16311.401367	-68.870247
16316.784668	-68.725334
16322.167969	-68.553284
16327.551270	-68.514839
16332.934570	-68.709160
16338.317871	-68.583015
16343.701172	-67.830139
16349.084473	-66.656174
16354.467773	-64.306183
16359.851074	-62.499905
16365.234375	-60.452229
16370.617676	-58.739552
16376.000977	-57.257149
16381.384277	-55.742882
16386.767578	-54.937206
16392.150879	-54.711254
16397.534180	-55.082436
16402.917480	-55.819965
16408.300781	-57.718662
16413.684082	-59.835617
16419.067383	-59.859196
16424.450684	-59.322956
16429.833984	-58.532360
16435.217285	-58.589600
16440.600586	-58.507122
16445.983887	-58.091026
16451.367188	-57.189743
16456.750488	-56.547470
16462.133789	-55.958508
16467.517090	-55.250362
16472.900391	-54.450592
16478.283691	-53.497795
16483.666992	-52.517643
16489.050293	-51.520088
16494.433594	-50.961716
16499.816895	-50.623013
16505.200195	-50.466091
16510.583496	-50.218975
16515.966797	-50.548599
16521.350098	-51.355713
16526.733398	-52.799099
16532.116699	-54.717220
16537.500000	-56.989040
16542.883301	-58.928268
16548.266602	-59.452492
16553.649902	-58.593338
16559.033203	-58.333210
16564.416504	-58.535137
16569.799805	-59.389236
16575.183105	-59.978283
16580.566406	-60.236336
16585.949707	-60.067043
16591.333008	-59.690918
16596.716309	-59.603153
16602.099609	-59.601894
16607.482910	-60.000999
16612.866211	-60.053677
16618.249512	-60.293430
16623.632812	-59.997398
16629.016113	-60.103416
16634.399414	-59.780220
16639.782715	-59.914268
16645.166016	-59.642853
16650.549316	-59.597107
16655.932617	-59.449207
16661.315918	-59.617241
16666.699219	-59.537907
16672.082520	-59.385765
16677.465820	-59.469299
16682.849121	-59.357864
16688.232422	-59.663971
16693.615723	-59.501194
16698.999023	-60.116920
16704.382324	-60.342045
16709.765625	-61.578514
16715.148926	-62.445988
16720.532227	-64.251030
16725.915527	-65.154510
16731.298828	-67.389503
16736.682129	-67.665443
16742.065430	-69.023079
16747.448730	-68.299461
16752.832031	-68.614273
16758.215332	-67.611031
16763.598633	-67.448349
16768.981934	-66.642540
16774.365234	-66.052917
16779.748535	-65.557236
16785.131836	-65.212006
16790.515137	-65.118530
16795.898438	-65.191322
16801.281738	-65.701904
16806.665039	-66.090263
16812.048340	-67.276566
16817.431641	-67.468857
16822.814941	-69.162674
16828.198242	-69.149658
16833.581543	-70.762810
16838.964844	-70.254288
16844.348145	-70.486427
16849.731445	-70.506340
16855.114746	-69.064011
16860.498047	-68.947037
16865.881348	-67.079567
16871.264648	-66.219124
16876.647949	-64.775307
16882.031250	-63.924980
16887.414551	-63.068607
16892.797852	-62.889973
16898.181152	-62.442875
16903.564453	-62.992027
16908.947754	-63.194084
16914.331055	-63.734634
16919.714355	-64.358299
16925.097656	-64.337418
16930.480957	-65.333107
16935.864258	-65.593887
16941.247559	-66.750603
16946.630859	-67.176140
16952.014160	-67.698708
16957.397461	-67.138260
16962.780762	-66.472237
16968.164062	-65.380638
16973.547363	-64.682579
16978.930664	-63.628235
16984.313965	-62.970860
16989.697266	-62.160114
16995.080566	-61.709118
17000.463867	-60.880970
17005.847168	-60.259182
17011.230469	-59.506443
17016.613770	-59.031464
17021.997070	-58.265434
17027.380371	-57.715466
17032.763672	-57.136703
17038.146973	-56.676884
17043.530273	-56.479450
17048.913574	-56.444267
17054.296875	-56.631042
17059.680176	-56.776978
17065.063477	-57.333782
17070.446777	-57.848156
17075.830078	-58.994576
17081.213379	-59.819202
17086.596680	-60.999012
17091.979980	-61.653599
17097.363281	-63.029118
17102.746582	-63.887459
17108.129883	-65.662796
17113.513184	-66.594452
17118.896484	-68.749466
17124.279785	-70.010902
17129.663086	-72.147690
17135.046387	-72.577232
17140.429688	-73.074112
17145.812988	-72.637062
17151.196289	-73.231476
17156.579590	-72.840363
17161.962891	-72.831718
17167.346191	-71.325165
17172.729492	-69.445831
17178.112793	-68.097542
17183.496094	-66.639061
17188.879395	-66.656273
17194.262695	-66.152412
17199.645996	-66.400673
17205.029297	-65.689529
17210.412598	-65.841896
17215.795898	-65.134399
17221.179199	-65.283470
17226.562500	-64.911217
17231.945801	-65.858582
17237.329102	-65.567871
17242.712402	-66.438797
17248.095703	-65.590996
17253.479004	-65.787582
17258.862305	-64.793816
17264.245605	-64.369453
17269.628906	-63.555115
17275.012207	-63.262814
17280.395508	-63.052933
17285.778809	-63.142513
17291.162109	-63.041832
17296.545410	-62.593876
17301.928711	-62.149223
17307.312012	-61.775970
17312.695312	-61.928326
17318.078613	-61.959602
17323.461914	-62.258236
17328.845215	-62.266010
17334.228516	-62.214218
17339.611816	-61.974602
17344.995117	-61.763233
17350.378418	-61.732151
17355.761719	-61.590645
17361.145020	-61.499432
17366.528320	-61.303932
17371.911621	-61.000370
17377.294922	-60.852520
17382.678223	-60.735069
17388.061523	-60.977978
17393.444824	-61.143520
17398.828125	-61.483177
17404.211426	-61.497845
17409.594727	-61.534260
17414.978027	-60.881172
17420.361328	-60.386887
17425.744629	-59.496979
17431.127930	-58.866688
17436.511230	-58.274811
17441.894531	-58.019375
17447.277832	-57.836113
17452.661133	-57.871742
17458.044434	-58.058376
17463.427734	-58.317673
17468.811035	-58.663925
17474.194336	-58.756626
17479.577637	-58.990196
17484.960938	-59.019505
17490.344238	-59.405323
17495.727539	-59.444267
17501.110840	-60.017487
17506.494141	-60.365479
17511.877441	-61.128151
17517.260742	-61.797539
17522.644043	-62.477268
17528.027344	-63.203102
17533.410645	-64.006577
17538.793945	-64.761444
17544.177246	-65.146973
17549.560547	-65.933998
17554.943848	-66.560051
17560.327148	-67.263771
17565.710449	-68.086182
17571.093750	-69.186256
17576.477051	-70.135490
17581.860352	-71.607040
17587.243652	-73.282356
17592.626953	-73.879280
17598.010254	-73.600388
17603.393555	-72.210800
17608.776855	-72.174950
17614.160156	-71.012909
17619.543457	-71.384277
17624.926758	-70.715477
17630.310059	-70.690453
17635.693359	-69.987061
17641.076660	-68.925911
17646.459961	-67.662842
17651.843262	-65.674408
17657.226562	-64.906120
17662.609863	-63.646549
17667.993164	-63.488350
17673.376465	-62.941277
17678.759766	-63.435822
17684.143066	-63.084126
17689.526367	-63.228436
17694.909668	-63.003960
17700.292969	-63.237286
17705.676270	-63.574417
17711.059570	-64.022636
17716.442871	-64.791412
17721.826172	-65.054962
17727.209473	-66.029160
17732.592773	-65.869835
17737.976074	-67.020706
17743.359375	-66.368835
17748.742676	-67.077393
17754.125977	-65.948776
17759.509277	-66.177826
17764.892578	-65.208763
17770.275879	-65.373627
17775.659180	-64.764809
17781.042480	-64.721924
17786.425781	-64.411591
17791.809082	-64.375893
17797.192383	-64.339165
17802.575684	-63.894928
17807.958984	-63.803833
17813.342285	-62.818401
17818.725586	-62.669365
17824.108887	-61.787991
17829.492188	-61.795288
17834.875488	-61.168690
17840.258789	-61.202526
17845.642090	-60.722969
17851.025391	-60.473785
17856.408691	-60.212334
17861.791992	-59.931194
17867.175293	-59.937740
17872.558594	-59.688992
17877.941895	-60.164268
17883.325195	-60.267891
17888.708496	-61.264011
17894.091797	-61.435856
17899.475098	-62.153847
17904.858398	-61.951653
17910.241699	-62.155754
17915.625000	-61.905262
17921.008301	-61.878910
17926.391602	-61.858425
17931.774902	-61.706085
17937.158203	-61.769848
17942.541504	-61.461525
17947.924805	-61.686703
17953.308105	-61.521111
17958.691406	-61.859009
17964.074707	-61.763187
17969.458008	-62.214691
17974.841309	-62.229107
17980.224609	-62.686073
17985.607910	-62.721596
17990.991211	-63.120407
17996.374512	-63.101856
18001.757812	-63.272324
18007.141113	-63.195847
18012.524414	-63.221516
18017.907715	-63.345570
18023.291016	-63.542820
18028.674316	-64.125542
18034.057617	-64.500252
18039.440918	-65.659264
18044.824219	-66.087723
18050.207520	-67.420242
18055.590820	-66.893219
18060.974121	-67.412758
18066.357422	-66.079704
18071.740723	-65.993874
18077.124023	-64.966438
18082.507324	-64.826385
18087.890625	-64.429184
18093.273926	-64.434799
18098.657227	-64.586159
18104.040527	-64.721474
18109.423828	-65.125671
18114.807129	-64.830231
18120.190430	-64.909134
18125.573730	-64.379166
18130.957031	-64.870842
18136.340332	-64.719398
18141.723633	-65.095810
18147.106934	-65.060585
18152.490234	-65.039635
18157.873535	-65.222862
18163.256836	-64.988121
18168.640137	-65.388657
18174.023438	-65.035797
18179.406738	-65.774345
18184.790039	-65.668182
18190.173340	-66.519646
18195.556641	-66.562744
18200.939941	-66.905685
18206.323242	-66.830429
18211.706543	-66.527557
18217.089844	-66.539696
18222.473145	-66.058365
18227.856445	-66.414253
18233.239746	-66.238014
18238.623047	-66.949440
18244.006348	-67.018143
18249.389648	-67.842896
18254.772949	-68.040443
18260.156250	-68.689842
18265.539551	-69.082855
18270.922852	-69.671211
18276.306152	-70.475204
18281.689453	-71.003738
18287.072754	-71.895439
18292.456055	-72.595657
18297.839355	-73.517876
18303.222656	-73.635429
18308.605957	-73.925018
18313.989258	-72.912384
18319.372559	-71.778023
18324.755859	-70.550133
18330.139160	-69.960602
18335.522461	-69.727005
18340.905762	-70.286133
18346.289062	-70.811295
18351.672363	-70.975060
18357.055664	-71.219872
18362.438965	-70.972298
18367.822266	-70.929848
18373.205566	-71.199051
18378.588867	-71.144821
18383.972168	-71.427353
18389.355469	-70.582298
18394.738770	-70.298126
18400.122070	-69.172958
18405.505371	-68.860672
18410.888672	-68.138885
18416.271973	-68.040123
18421.655273	-68.063972
18427.038574	-68.923508
18432.421875	-69.709824
18437.805176	-71.162788
18443.188477	-71.756111
18448.571777	-72.207253
18453.955078	-73.032814
18459.338379	-73.311958
18464.721680	-73.766907
18470.104980	-72.651604
18475.488281	-71.793930
18480.871582	-70.449944
18486.254883	-69.883820
18491.638184	-68.566788
18497.021484	-68.345421
18502.404785	-66.877892
18507.788086	-66.926559
18513.171387	-65.717369
18518.554688	-65.863472
18523.937988	-65.205582
18529.321289	-65.796555
18534.704590	-65.781487
18540.087891	-66.085007
18545.471191	-65.977234
18550.854492	-65.879929
18556.237793	-65.553436
18561.621094	-65.438293
18567.004395	-65.653923
18572.387695	-65.761322
18577.770996	-65.729355
18583.154297	-65.482788
18588.537598	-65.231956
18593.920898	-64.870659
18599.304199	-64.846252
18604.687500	-64.890274
18610.070801	-65.316933
18615.454102	-65.549286
18620.837402	-66.130745
18626.220703	-66.248543
18631.604004	-66.771080
18636.987305	-66.674019
18642.370605	-66.972145
18647.753906	-66.706703
18653.137207	-67.007706
18658.520508	-66.874565
18663.903809	-66.937660
18669.287109	-66.686523
18674.670410	-66.464851
18680.053711	-66.375809
18685.437012	-66.146172
18690.820312	-66.222374
18696.203613	-65.749725
18701.586914	-65.973389
18706.970215	-65.433815
18712.353516	-65.532433
18717.736816	-64.634796
18723.120117	-64.737061
18728.503418	-63.990891
18733.886719	-63.989796
18739.270020	-63.373283
18744.653320	-63.065830
18750.036621	-62.653900
18755.419922	-62.291218
18760.803223	-62.279312
18766.186523	-61.929119
18771.569824	-62.199242
18776.953125	-61.863564
18782.336426	-62.439793
18787.719727	-62.094330
18793.103027	-62.604652
18798.486328	-62.217957
18803.869629	-62.816238
18809.252930	-62.642746
18814.636230	-63.344109
18820.019531	-63.532204
18825.402832	-64.171494
18830.786133	-64.647057
18836.169434	-65.391403
18841.552734	-65.883461
18846.936035	-66.661583
18852.319336	-66.968575
18857.702637	-67.521797
18863.085938	-67.660805
18868.469238	-67.961815
18873.852539	-67.923950
18879.235840	-67.638786
18884.619141	-67.545479
18890.002441	-67.576920
18895.385742	-67.972992
18900.769043	-68.478210
18906.152344	-69.514153
18911.535645	-69.891075
18916.918945	-71.254494
18922.302246	-70.813828
18927.685547	-71.769379
18933.068848	-70.768181
18938.452148	-71.271393
18943.835449	-70.251900
18949.218750	-70.877495
18954.602051	-69.995766
18959.985352	-69.881363
18965.368652	-68.725334
18970.751953	-68.127609
18976.135254	-67.044647
18981.518555	-66.158585
18986.901855	-65.192207
18992.285156	-64.341187
18997.668457	-63.590702
19003.051758	-63.093639
19008.435059	-62.622940
19013.818359	-62.153576
19019.201660	-61.729225
19024.584961	-61.321838
19029.968262	-61.110085
19035.351562	-60.914696
19040.734863	-60.906914
19046.118164	-60.875942
19051.501465	-61.400414
19056.884766	-61.937466
19062.268066	-63.441132
19067.651367	-64.823380
19073.034668	-67.312096
19078.417969	-68.819153
19083.801270	-72.077042
19089.184570	-72.205002
19094.567871	-73.305420
19099.951172	-71.141792
19105.334473	-68.874092
19110.717773	-67.178253
19116.101074	-65.306168
19121.484375	-64.568344
19126.867676	-63.777962
19132.250977	-63.594830
19137.634277	-63.406593
19143.017578	-63.550400
19148.400879	-63.841129
19153.784180	-64.229401
19159.167480	-64.935059
19164.550781	-65.203087
19169.934082	-66.344986
19175.317383	-66.582062
19180.700684	-67.955048
19186.083984	-67.552574
19191.467285	-68.959160
19196.850586	-68.239830
19202.233887	-69.245972
19207.617188	-68.554253
19213.000488	-68.972763
19218.383789	-68.398216
19223.767090	-68.653687
19229.150391	-69.326881
19234.533691	-69.545052
19239.916992	-70.430901
19245.300293	-69.933960
19250.683594	-70.914612
19256.066895	-68.789162
19261.450195	-68.641266
19266.833496	-66.291443
19272.216797	-65.923332
19277.600098	-64.383102
19282.983398	-64.301628
19288.366699	-63.405373
19293.750000	-63.501106
19299.133301	-62.849632
19304.516602	-63.365948
19309.899902	-63.226147
19315.283203	-64.148010
19320.666504	-64.224373
19326.049805	-65.542419
19331.433105	-65.828339
19336.816406	-67.159637
19342.199707	-67.499825
19347.583008	-68.917679
19352.966309	-69.479523
19358.349609	-69.981628
19363.732910	-69.921204
19369.116211	-68.777641
19374.499512	-69.094162
19379.882812	-68.165077
19385.266113	-68.840157
19390.649414	-67.928429
19396.032715	-68.538879
19401.416016	-67.597069
19406.799316	-68.246262
19412.182617	-67.598938
19417.565918	-68.466057
19422.949219	-68.167892
19428.332520	-69.053917
19433.715820	-68.912407
19439.099121	-69.900528
19444.482422	-69.959793
19449.865723	-71.382492
19455.249023	-71.519051
19460.632324	-72.553818
19466.015625	-71.875031
19471.398926	-72.841484
19476.782227	-71.883934
19482.165527	-72.499565
19487.548828	-71.732445
19492.932129	-71.688980
19498.315430	-70.841873
19503.698730	-70.774040
19509.082031	-69.841911
19514.465332	-69.622620
19519.848633	-68.394440
19525.231934	-68.668625
19530.615234	-67.971809
19535.998535	-68.584854
19541.381836	-68.464478
19546.765137	-69.293221
19552.148438	-69.813065
19557.531738	-70.621399
19562.915039	-71.738503
19568.298340	-71.900475
19573.681641	-72.857780
19579.064941	-71.617073
19584.448242	-70.649956
19589.831543	-69.198006
19595.214844	-68.311523
19600.598145	-67.666183
19605.981445	-66.980789
19611.364746	-66.974724
19616.748047	-66.504097
19622.131348	-66.717690
19627.514648	-66.109398
19632.897949	-66.222641
19638.281250	-65.775543
19643.664551	-65.668411
19649.047852	-65.309746
19654.431152	-65.248573
19659.814453	-65.195259
19665.197754	-65.125244
19670.581055	-65.252480
19675.964355	-65.136421
19681.347656	-65.290649
19686.730957	-65.168541
19692.114258	-65.377548
19697.497559	-65.437508
19702.880859	-65.734970
19708.264160	-65.982780
19713.647461	-66.468002
19719.030762	-66.970329
19724.414062	-67.694756
19729.797363	-68.404465
19735.180664	-69.262314
19740.563965	-69.689148
19745.947266	-70.308342
19751.330566	-70.391785
19756.713867	-70.693024
19762.097168	-70.266304
19767.480469	-70.469658
19772.863770	-70.561577
19778.247070	-71.424973
19783.630371	-71.915817
19789.013672	-72.695847
19794.396973	-73.547905
19799.780273	-74.535461
19805.163574	-76.192589
19810.546875	-77.908302
19815.930176	-81.107521
19821.313477	-83.396950
19826.696777	-86.483131
19832.080078	-84.714867
19837.463379	-80.465057
19842.846680	-77.368187
19848.229980	-74.168701
19853.613281	-72.459709
19858.996582	-70.510658
19864.379883	-69.567657
19869.763184	-68.364006
19875.146484	-68.087708
19880.529785	-67.636322
19885.913086	-67.725746
19891.296387	-67.611298
19896.679688	-67.652733
19902.062988	-67.445396
19907.446289	-67.123894
19912.829590	-66.726234
19918.212891	-66.153519
19923.596191	-65.809486
19928.979492	-65.513611
19934.362793	-65.419403
19939.746094	-65.257668
19945.129395	-65.079987
19950.512695	-64.898750
19955.895996	-64.894203
19961.279297	-64.859833
19966.662598	-65.055786
19972.045898	-65.097565
19977.429199	-65.353828
19982.812500	-65.405006
19988.195801	-65.700829
19993.579102	-65.682747
19998.962402	-65.788040
20004.345703	-65.614578
20009.729004	-65.306053
20015.112305	-65.416138
20020.495605	-65.323174
20025.878906	-65.845428
20031.262207	-65.755577
20036.645508	-66.013664
20042.028809	-65.217758
20047.412109	-64.952805
20052.795410	-64.033981
20058.178711	-63.655174
20063.562012	-63.097973
20068.945312	-62.813381
20074.328613	-62.629234
20079.711914	-62.772106
20085.095215	-62.941795
20090.478516	-63.226913
20095.861816	-63.712322
20101.245117	-63.873169
20106.628418	-64.208847
20112.011719	-63.815399
20117.395020	-63.978577
20122.778320	-63.270512
20128.161621	-63.377285
20133.544922	-62.679161
20138.928223	-62.909142
20144.311523	-62.367893
20149.694824	-62.770599
20155.078125	-62.387070
20160.461426	-62.894432
20165.844727	-62.850983
20171.228027	-63.547112
20176.611328	-63.764992
20181.994629	-64.392059
20187.377930	-64.818192
20192.761230	-65.351364
20198.144531	-66.065079
20203.527832	-66.517914
20208.911133	-67.547829
20214.294434	-67.628716
20219.677734	-68.496132
20225.061035	-68.210022
20230.444336	-68.479095
20235.827637	-67.711327
20241.210938	-67.606781
20246.594238	-67.020264
20251.977539	-67.066475
20257.360840	-66.918869
20262.744141	-67.155609
20268.127441	-67.362137
20273.510742	-67.613731
20278.894043	-68.036987
20284.277344	-68.330048
20289.660645	-68.921280
20295.043945	-69.235336
20300.427246	-69.860565
20305.810547	-69.957191
20311.193848	-70.223137
20316.577148	-70.118103
20321.960449	-69.820358
20327.343750	-69.433029
20332.727051	-69.018593
20338.110352	-68.379684
20343.493652	-67.876068
20348.876953	-67.367363
20354.260254	-67.098183
20359.643555	-66.852798
20365.026855	-66.736473
20370.410156	-66.215210
20375.793457	-65.804909
20381.176758	-65.193520
20386.560059	-64.113113
20391.943359	-63.125664
20397.326660	-62.287086
20402.709961	-61.925457
20408.093262	-61.515320
20413.476562	-61.495419
20418.859863	-61.297020
20424.243164	-61.536831
20429.626465	-61.499050
20435.009766	-61.559525
20440.393066	-61.319775
20445.776367	-61.413036
20451.159668	-61.229912
20456.542969	-61.354435
20461.926270	-61.742100
20467.309570	-62.593132
20472.692871	-63.630135
20478.076172	-65.020134
20483.459473	-66.455826
20488.842773	-68.103065
20494.226074	-69.751083
20499.609375	-71.360802
20504.992676	-72.569138
20510.375977	-73.978012
20515.759277	-74.424408
20521.142578	-75.414169
20526.525879	-74.774979
20531.909180	-75.089523
20537.292480	-74.003716
20542.675781	-73.867615
20548.059082	-72.968987
20553.442383	-72.848816
20558.825684	-71.855957
20564.208984	-72.195404
20569.592285	-71.958046
20574.975586	-72.915909
20580.358887	-73.044472
20585.742188	-73.532288
20591.125488	-73.457314
20596.508789	-73.178337
20601.892090	-72.901520
20607.275391	-72.174881
20612.658691	-71.561165
20618.041992	-70.899017
20623.425293	-70.763847
20628.808594	-70.564018
20634.191895	-70.697205
20639.575195	-71.012993
20644.958496	-71.342796
20650.341797	-71.666618
20655.725098	-72.184036
20661.108398	-73.132538
20666.491699	-74.109589
20671.875000	-75.254463
20677.258301	-76.198174
20682.641602	-77.075417
20688.024902	-76.572083
20693.408203	-76.200027
20698.791504	-74.858368
20704.174805	-73.956581
20709.558105	-72.634476
20714.941406	-71.677322
20720.324707	-70.616631
20725.708008	-69.728081
20731.091309	-69.416946
20736.474609	-69.134460
20741.857910	-69.435440
20747.241211	-69.460487
20752.624512	-70.348778
20758.007812	-70.730080
20763.391113	-72.502014
20768.774414	-73.404510
20774.157715	-76.271667
20779.541016	-77.661858
20784.924316	-79.100525
20790.307617	-78.139832
20795.690918	-76.358940
20801.074219	-76.500534
20806.457520	-75.823715
20811.840820	-76.695541
20817.224121	-76.273048
20822.607422	-76.450401
20827.990723	-76.076622
20833.374023	-75.601036
20838.757324	-75.454575
20844.140625	-75.233612
20849.523926	-75.364975
20854.907227	-75.623917
20860.290527	-76.003044
20865.673828	-76.262001
20871.057129	-76.648727
20876.440430	-76.258583
20881.823730	-76.236626
20887.207031	-75.417618
20892.590332	-75.071632
20897.973633	-74.424683
20903.356934	-74.572800
20908.740234	-73.978119
20914.123535	-74.166534
20919.506836	-74.237045
20924.890137	-75.023071
20930.273438	-76.219986
20935.656738	-77.404213
20941.040039	-78.612640
20946.423340	-77.685448
20951.806641	-77.320457
20957.189941	-76.074989
20962.573242	-76.283096
20967.956543	-76.194389
20973.339844	-76.527626
20978.723145	-76.998894
20984.106445	-77.142426
20989.489746	-78.209465
20994.873047	-78.292725
21000.256348	-79.317657
21005.639648	-79.360100
21011.022949	-80.444710
21016.406250	-81.133484
21021.789551	-81.914894
21027.172852	-81.159630
21032.556152	-80.499733
21037.939453	-78.210587
21043.322754	-77.415268
21048.706055	-75.789330
21054.089355	-75.671997
21059.472656	-74.857773
21064.855957	-74.907104
21070.239258	-74.800407
21075.622559	-74.352814
21081.005859	-74.324814
21086.389160	-73.409904
21091.772461	-73.504486
21097.155762	-72.877266
21102.539062	-73.244598
21107.922363	-72.982445
21113.305664	-73.128250
21118.688965	-72.879875
21124.072266	-72.786888
21129.455566	-72.836876
21134.838867	-72.253296
21140.222168	-72.730164
21145.605469	-72.233864
21150.988770	-73.360207
21156.372070	-73.327530
21161.755371	-74.719139
21167.138672	-75.052437
21172.521973	-75.993401
21177.905273	-75.947052
21183.288574	-75.651863
21188.671875	-75.976967
21194.055176	-75.479988
21199.438477	-76.412399
21204.821777	-76.286797
21210.205078	-77.315994
21215.588379	-77.082146
21220.971680	-77.827156
21226.354980	-77.786186
21231.738281	-78.277046
21237.121582	-78.568085
21242.504883	-78.235619
21247.888184	-78.071129
21253.271484	-77.466225
21258.654785	-76.787468
21264.038086	-76.156570
21269.421387	-75.109100
21274.804688	-74.617805
21280.187988	-73.621452
21285.571289	-73.491028
21290.954590	-72.745705
21296.337891	-72.705666
21301.721191	-72.146210
21307.104492	-71.934090
21312.487793	-71.691162
21317.871094	-71.557892
21323.254395	-71.418846
21328.637695	-71.026939
21334.020996	-70.869400
21339.404297	-70.216537
21344.787598	-70.160652
21350.170898	-69.475235
21355.554199	-69.565437
21360.937500	-69.047630
21366.320801	-68.963715
21371.704102	-68.477661
21377.087402	-68.113525
21382.470703	-67.880157
21387.854004	-67.595490
21393.237305	-67.875809
21398.620605	-67.965759
21404.003906	-68.847404
21409.387207	-69.177818
21414.770508	-70.431923
21420.153809	-70.827713
21425.537109	-72.388611
21430.920410	-73.043312
21436.303711	-74.309380
21441.687012	-75.523735
21447.070312	-76.282814
21452.453613	-77.919456
21457.836914	-77.762634
21463.220215	-80.027870
21468.603516	-78.890747
21473.986816	-81.245689
21479.370117	-78.670494
21484.753418	-79.998695
21490.136719	-77.351341
21495.520020	-77.477028
21500.903320	-74.931435
21506.286621	-74.612579
21511.669922	-72.689568
21517.053223	-72.194839
21522.436523	-70.903259
21527.819824	-70.667831
21533.203125	-70.217613
21538.586426	-70.405739
21543.969727	-70.696007
21549.353027	-70.748947
21554.736328	-71.288719
21560.119629	-71.043297
21565.502930	-71.830528
21570.886230	-71.469818
21576.269531	-72.056297
21581.652832	-71.582779
21587.036133	-71.962433
21592.419434	-71.882187
21597.802734	-72.383308
21603.186035	-73.047096
21608.569336	-73.303413
21613.952637	-74.506615
21619.335938	-74.927811
21624.719238	-76.686783
21630.102539	-77.376579
21635.485840	-79.992096
21640.869141	-81.044113
21646.252441	-83.943741
21651.635742	-83.461754
21657.019043	-84.190002
21662.402344	-81.729492
21667.785645	-80.234100
21673.168945	-78.248421
21678.552246	-76.549477
21683.935547	-75.137291
21689.318848	-73.845222
21694.702148	-72.951607
21700.085449	-72.042580
21705.468750	-71.636581
21710.852051	-71.352440
21716.235352	-71.587959
21721.618652	-71.306732
21727.001953	-71.183655
21732.385254	-70.602440
21737.768555	-70.321060
21743.151855	-70.116333
21748.535156	-70.263474
21753.918457	-70.671341
21759.301758	-71.110550
21764.685059	-71.405922
21770.068359	-71.542320
21775.451660	-71.456184
21780.834961	-71.523132
21786.218262	-70.771996
21791.601562	-70.473610
21796.984863	-70.035973
21802.368164	-69.965569
21807.751465	-69.425774
21813.134766	-69.332581
21818.518066	-68.797150
21823.901367	-68.557030
21829.284668	-67.988815
21834.667969	-67.713699
21840.051270	-67.214569
21845.434570	-66.865067
21850.817871	-66.455994
21856.201172	-66.108612
21861.584473	-65.863808
21866.967773	-65.494125
21872.351074	-65.286530
21877.734375	-64.830841
21883.117676	-64.744659
21888.500977	-64.313904
21893.884277	-64.311813
21899.267578	-63.921963
21904.650879	-63.915005
21910.034180	-63.747421
21915.417480	-63.930859
21920.800781	-64.099304
21926.184082	-64.527763
21931.567383	-65.079247
21936.950684	-65.660088
21942.333984	-66.586617
21947.717285	-67.481712
21953.100586	-68.887733
21958.483887	-70.094711
21963.867188	-72.222565
21969.250488	-74.005005
21974.633789	-77.308723
21980.017090	-80.205009
21985.400391	-85.259789
21990.783691	-88.018623
21996.166992	-93.178246
22001.550293	-90.810730
22006.933594	-93.306793
22012.316895	-87.517998
22017.700195	-88.134544
22023.083496	-86.041306
22028.466797	-85.741516
22033.850098	-86.508354
22039.233398	-84.637154
22044.616699	-87.107147
