Frequency (Hz)	Level (dB)
5.383301	-25.607092
10.766602	-23.586760
16.149902	-24.871742
21.533203	-28.254555
26.916504	-23.637808
32.299805	-19.723001
37.683105	-18.536940
43.066406	-19.436533
48.449707	-22.790535
53.833008	-26.968052
59.216309	-24.052792
64.599609	-21.444193
69.982910	-21.056284
75.366211	-22.275640
80.749512	-25.895504
86.132812	-32.198231
91.516113	-31.430683
96.899414	-26.713814
102.282715	-24.178545
107.666016	-23.570328
113.049316	-24.781528
118.432617	-27.777391
123.815918	-33.965157
129.199219	-34.364662
134.582520	-29.445200
139.965820	-28.370472
145.349121	-28.796732
150.732422	-31.141243
156.115723	-35.692200
161.499023	-36.755062
166.882324	-36.158112
172.265625	-36.046852
177.648926	-37.019722
183.032227	-42.123718
188.415527	-47.640583
193.798828	-41.277416
199.182129	-36.710182
204.565430	-33.152706
209.948730	-31.146664
215.332031	-31.748192
220.715332	-33.800243
226.098633	-36.084709
231.481934	-36.170891
236.865234	-33.221668
242.248535	-30.829710
247.631836	-29.752563
253.015137	-29.288620
258.398438	-29.712149
263.781738	-32.414219
269.165039	-37.941757
274.548340	-39.078949
279.931641	-35.112495
285.314941	-32.445900
290.698242	-31.222073
296.081543	-31.352226
301.464844	-31.613708
306.848145	-32.536167
312.231445	-35.299473
317.614746	-39.023216
322.998047	-44.181957
328.381348	-41.170952
333.764648	-35.243320
339.147949	-32.408680
344.531250	-31.162174
349.914551	-31.320173
355.297852	-33.456837
360.681152	-37.961563
366.064453	-41.243202
371.447754	-35.910011
376.831055	-32.126141
382.214355	-30.502964
387.597656	-30.804619
392.980957	-33.474461
398.364258	-39.186615
403.747559	-40.324875
409.130859	-34.668488
414.514160	-32.761665
419.897461	-33.671898
425.280762	-36.079838
430.664062	-37.163055
436.047363	-34.905945
441.430664	-32.074589
446.813965	-31.280117
452.197266	-31.490681
457.580566	-32.869850
462.963867	-34.368359
468.347168	-34.519062
473.730469	-34.069500
479.113770	-33.741653
484.497070	-33.866268
489.880371	-33.951931
495.263672	-34.141037
500.646973	-35.631069
506.030273	-37.416759
511.413574	-37.191433
516.796875	-35.992809
522.180176	-34.183163
527.563477	-33.402012
532.946777	-34.022926
538.330078	-35.628849
543.713379	-39.116035
549.096680	-38.427349
554.479980	-35.952408
559.863281	-35.560074
565.246582	-36.704918
570.629883	-38.902889
576.013184	-41.388783
581.396484	-44.183945
586.779785	-39.985439
592.163086	-36.940739
597.546387	-34.753784
602.929688	-34.494293
608.312988	-35.931488
613.696289	-38.173183
619.079590	-37.735546
624.462891	-39.671341
629.846191	-42.803226
635.229492	-41.275169
640.612793	-40.925564
645.996094	-41.274899
651.379395	-42.934124
656.762695	-44.033863
662.145996	-45.081814
667.529297	-44.684185
672.912598	-43.780281
678.295898	-42.721939
683.679199	-40.071732
689.062500	-38.993713
694.445801	-37.950127
699.829102	-37.875423
705.212402	-40.280075
710.595703	-43.899426
715.979004	-48.122906
721.362305	-44.315701
726.745605	-39.910290
732.128906	-39.044830
737.512207	-38.927254
742.895508	-36.542458
748.278809	-33.152752
753.662109	-31.971085
759.045410	-33.227470
764.428711	-36.081547
769.812012	-38.981491
775.195312	-39.073196
780.578613	-38.002586
785.961914	-37.380882
791.345215	-38.550228
796.728516	-39.622097
802.111816	-38.688908
807.495117	-38.233410
812.878418	-39.473656
818.261719	-41.858704
823.645020	-39.453884
829.028320	-36.536026
834.411621	-35.054379
839.794922	-35.767334
845.178223	-37.362473
850.561523	-39.586208
855.944824	-42.641495
861.328125	-47.696938
866.711426	-47.367561
872.094727	-41.564537
877.478027	-38.453739
882.861328	-38.731922
888.244629	-40.628078
893.627930	-44.255383
899.011230	-51.170761
904.394531	-43.264919
909.777832	-38.249863
915.161133	-36.620903
920.544434	-36.464825
925.927734	-37.035736
931.311035	-37.305916
936.694336	-37.572090
942.077637	-37.007866
947.460938	-35.905300
952.844238	-34.091740
958.227539	-32.620499
963.610840	-32.117287
968.994141	-32.190319
974.377441	-32.963860
979.760742	-34.732574
985.144043	-37.378925
990.527344	-41.104092
995.910645	-40.832546
1001.293945	-37.363884
1006.677246	-35.737770
1012.060547	-36.633789
1017.443848	-40.169582
1022.827148	-43.249622
1028.210449	-40.721016
1033.593750	-38.808487
1038.977051	-39.126617
1044.360352	-41.767483
1049.743652	-42.187977
1055.126953	-39.313290
1060.510254	-37.090420
1065.893555	-36.286854
1071.276855	-36.233910
1076.660156	-37.317604
1082.043457	-40.596958
1087.426758	-47.198849
1092.810059	-46.349007
1098.193359	-41.907421
1103.576660	-40.105534
1108.959961	-40.133484
1114.343262	-42.744225
1119.726562	-45.349499
1125.109863	-40.968098
1130.493164	-37.428329
1135.876465	-36.372601
1141.259766	-37.238003
1146.643066	-40.081200
1152.026367	-44.936817
1157.409668	-42.727215
1162.792969	-38.460857
1168.176270	-36.707123
1173.559570	-36.744335
1178.942871	-38.444748
1184.326172	-42.207523
1189.709473	-45.529926
1195.092773	-42.359028
1200.476074	-40.965656
1205.859375	-40.863503
1211.242676	-40.631931
1216.625977	-40.993404
1222.009277	-41.294930
1227.392578	-40.728619
1232.775879	-40.664711
1238.159180	-40.903522
1243.542480	-40.687759
1248.925781	-40.410007
1254.309082	-39.028439
1259.692383	-37.668812
1265.075684	-39.640949
1270.458984	-44.048149
1275.842285	-45.394882
1281.225586	-43.797707
1286.608887	-43.245232
1291.992188	-44.204037
1297.375488	-49.050415
1302.758789	-55.462116
1308.142090	-54.098335
1313.525391	-52.183064
1318.908691	-52.232571
1324.291992	-52.501595
1329.675293	-51.217434
1335.058594	-49.262688
1340.441895	-48.519821
1345.825195	-47.323689
1351.208496	-45.835300
1356.591797	-45.453999
1361.975098	-45.218575
1367.358398	-45.280930
1372.741699	-46.300579
1378.125000	-47.507908
1383.508301	-47.208279
1388.891602	-46.280987
1394.274902	-45.662937
1399.658203	-45.041595
1405.041504	-45.409382
1410.424805	-47.578835
1415.808105	-52.367393
1421.191406	-50.350513
1426.574707	-46.649826
1431.958008	-44.354347
1437.341309	-42.415417
1442.724609	-41.816601
1448.107910	-43.444569
1453.491211	-46.458851
1458.874512	-46.118702
1464.257812	-41.841312
1469.641113	-39.424240
1475.024414	-38.515499
1480.407715	-37.771164
1485.791016	-38.289478
1491.174316	-39.799870
1496.557617	-41.998413
1501.940918	-43.976395
1507.324219	-44.657452
1512.707520	-43.744354
1518.090820	-43.219982
1523.474121	-43.224873
1528.857422	-43.949398
1534.240723	-45.685730
1539.624023	-48.360737
1545.007324	-51.057518
1550.390625	-47.595501
1555.773926	-43.767529
1561.157227	-42.634109
1566.540527	-42.790180
1571.923828	-44.146313
1577.307129	-46.007568
1582.690430	-47.743584
1588.073730	-49.242729
1593.457031	-47.465679
1598.840332	-45.197765
1604.223633	-43.924255
1609.606934	-43.598366
1614.990234	-43.063961
1620.373535	-43.278217
1625.756836	-46.116859
1631.140137	-46.575043
1636.523438	-41.464302
1641.906738	-37.372025
1647.290039	-31.339119
1652.673340	-28.867493
1658.056641	-35.749573
1663.439941	-38.288151
1668.823242	-38.054176
1674.206543	-38.883823
1679.589844	-41.451084
1684.973145	-44.040539
1690.356445	-43.657986
1695.739746	-41.085827
1701.123047	-39.503952
1706.506348	-39.808189
1711.889648	-41.501991
1717.272949	-44.752998
1722.656250	-46.494942
1728.039551	-41.690113
1733.422852	-39.150661
1738.806152	-38.802608
1744.189453	-40.024532
1749.572754	-44.016300
1754.956055	-44.559505
1760.339355	-40.035168
1765.722656	-38.272964
1771.105957	-38.542892
1776.489258	-40.117447
1781.872559	-43.151478
1787.255859	-45.463104
1792.639160	-44.468513
1798.022461	-38.105648
1803.405762	-27.724354
1808.789062	-22.169256
1814.172363	-27.206181
1819.555664	-32.074001
1824.938965	-33.850025
1830.322266	-35.660580
1835.705566	-37.452328
1841.088867	-38.771706
1846.472168	-40.818008
1851.855469	-43.705154
1857.238770	-47.522053
1862.622070	-47.971725
1868.005371	-43.776142
1873.388672	-42.621433
1878.771973	-40.751251
1884.155273	-40.272484
1889.538574	-39.164036
1894.921875	-36.454781
1900.305176	-28.669069
1905.688477	-30.732201
1911.071777	-42.012081
1916.455078	-46.280415
1921.838379	-50.106857
1927.221680	-47.914230
1932.604980	-44.464260
1937.988281	-43.440731
1943.371582	-44.455952
1948.754883	-48.823967
1954.138184	-53.126850
1959.521484	-50.144527
1964.904785	-47.984478
1970.288086	-47.017979
1975.671387	-48.684372
1981.054688	-50.965542
1986.437988	-49.804707
1991.821289	-47.534649
1997.204590	-47.249706
2002.587891	-50.030804
2007.971191	-50.423298
2013.354492	-46.590614
2018.737793	-45.241665
2024.121094	-46.824944
2029.504395	-48.114677
2034.887695	-48.311836
2040.270996	-47.434479
2045.654297	-45.828083
2051.037598	-44.810490
2056.420898	-44.689220
2061.804199	-45.911034
2067.187500	-46.501961
2072.570801	-42.928459
2077.954102	-42.306374
2083.337402	-40.707386
2088.720703	-40.612625
2094.104004	-43.638638
2099.487305	-48.344814
2104.870605	-47.737492
2110.253906	-43.824764
2115.637207	-41.787403
2121.020508	-42.772511
2126.403809	-45.552006
2131.787109	-49.322617
2137.170410	-49.948441
2142.553711	-47.006859
2147.937012	-46.219460
2153.320312	-47.980415
2158.703613	-50.623585
2164.086914	-49.070499
2169.470215	-46.018585
2174.853516	-45.553162
2180.236816	-46.926487
2185.620117	-50.633373
2191.003418	-54.991364
2196.386719	-49.893822
2201.770020	-48.081024
2207.153320	-47.157108
2212.536621	-47.903805
2217.919922	-51.268517
2223.303223	-52.702381
2228.686523	-48.130295
2234.069824	-39.069633
2239.453125	-40.922527
2244.836426	-47.809029
2250.219727	-50.858528
2255.603027	-54.240162
2260.986328	-52.883919
2266.369629	-49.382015
2271.752930	-47.090851
2277.136230	-48.186813
2282.519531	-51.502956
2287.902832	-54.490200
2293.286133	-55.030479
2298.669434	-51.364761
2304.052734	-51.602924
2309.436035	-55.824726
2314.819336	-56.318211
2320.202637	-55.577503
2325.585938	-55.991726
2330.969238	-54.517994
2336.352539	-48.834679
2341.735840	-46.577393
2347.119141	-44.046589
2352.502441	-43.271416
2357.885742	-45.490517
2363.269043	-46.345329
2368.652344	-47.288868
2374.035645	-44.481392
2379.418945	-41.584988
2384.802246	-40.359268
2390.185547	-40.706451
2395.568848	-40.851688
2400.952148	-37.090347
2406.335449	-33.439613
2411.718750	-31.557127
2417.102051	-33.458900
2422.485352	-34.424900
2427.868652	-34.823296
2433.251953	-34.872044
2438.635254	-30.632130
2444.018555	-24.757547
2449.401855	-23.262854
2454.785156	-27.780600
2460.168457	-36.263512
2465.551758	-39.103691
2470.935059	-42.837677
2476.318359	-44.003601
2481.701660	-44.733185
2487.084961	-47.490524
2492.468262	-49.259613
2497.851562	-46.957600
2503.234863	-44.290653
2508.618164	-45.436714
2514.001465	-47.528824
2519.384766	-47.187286
2524.768066	-46.976139
2530.151367	-46.512791
2535.534668	-46.924572
2540.917969	-48.687347
2546.301270	-50.520096
2551.684570	-50.020557
2557.067871	-48.625183
2562.451172	-47.222534
2567.834473	-46.866272
2573.217773	-47.920540
2578.601074	-50.479095
2583.984375	-54.678017
2589.367676	-50.621876
2594.750977	-48.666859
2600.134277	-47.318069
2605.517578	-48.184731
2610.900879	-50.536621
2616.284180	-52.961662
2621.667480	-57.806194
2627.050781	-55.233597
2632.434082	-53.090607
2637.817383	-50.754555
2643.200684	-47.925911
2648.583984	-45.505508
2653.967285	-45.586941
2659.350586	-46.949532
2664.733887	-48.865807
2670.117188	-43.457993
2675.500488	-39.804829
2680.883789	-38.797527
2686.267090	-39.508286
2691.650391	-37.123734
2697.033691	-31.683187
2702.416992	-30.316820
2707.800293	-31.324589
2713.183594	-36.123135
2718.566895	-38.882961
2723.950195	-41.364388
2729.333496	-42.379917
2734.716797	-43.348560
2740.100098	-47.102005
2745.483398	-53.567406
2750.866699	-52.040810
2756.250000	-44.400497
2761.633301	-40.986080
2767.016602	-39.567429
2772.399902	-40.951931
2777.783203	-42.221081
2783.166504	-47.093563
2788.549805	-48.753185
2793.933105	-44.716103
2799.316406	-42.210926
2804.699707	-43.678616
2810.083008	-46.452946
2815.466309	-51.259201
2820.849609	-53.463757
2826.232910	-49.528629
2831.616211	-48.893017
2836.999512	-51.811710
2842.382812	-54.897419
2847.766113	-53.447620
2853.149414	-47.999287
2858.532715	-45.269611
2863.916016	-45.489727
2869.299316	-47.422401
2874.682617	-52.306961
2880.065918	-58.656864
2885.449219	-52.129692
2890.832520	-49.860485
2896.215820	-48.803097
2901.599121	-49.121387
2906.982422	-51.260750
2912.365723	-52.475773
2917.749023	-52.934364
2923.132324	-51.047234
2928.515625	-50.849113
2933.898926	-51.194923
2939.282227	-54.174919
2944.665527	-57.133087
2950.048828	-52.687626
2955.432129	-48.515041
2960.815430	-47.730309
2966.198730	-48.625053
2971.582031	-51.589195
2976.965332	-54.982262
2982.348633	-50.828884
2987.731934	-47.407936
2993.115234	-46.620926
2998.498535	-47.022469
3003.881836	-47.306767
3009.265137	-47.573814
3014.648438	-47.243370
3020.031738	-46.713604
3025.415039	-47.473854
3030.798340	-49.498325
3036.181641	-50.295242
3041.564941	-49.507000
3046.948242	-48.442894
3052.331543	-48.556953
3057.714844	-49.342758
3063.098145	-50.860119
3068.481445	-53.266571
3073.864746	-56.477631
3079.248047	-60.444866
3084.631348	-62.895191
3090.014648	-58.469826
3095.397949	-53.180027
3100.781250	-50.341404
3106.164551	-48.250095
3111.547852	-48.076736
3116.931152	-50.137184
3122.314453	-53.329670
3127.697754	-59.620163
3133.081055	-55.483788
3138.464355	-51.129860
3143.847656	-49.703796
3149.230957	-50.488842
3154.614258	-53.187397
3159.997559	-54.306156
3165.380859	-54.583111
3170.764160	-56.914749
3176.147461	-61.920979
3181.530762	-58.721638
3186.914062	-52.732349
3192.297363	-50.574337
3197.680664	-50.049042
3203.063965	-50.538456
3208.447266	-51.521717
3213.830566	-51.159698
3219.213867	-52.528088
3224.597168	-55.421326
3229.980469	-58.089241
3235.363770	-58.293461
3240.747070	-52.664978
3246.130371	-48.150688
3251.513672	-46.562195
3256.896973	-46.348503
3262.280273	-47.625332
3267.663574	-51.708820
3273.046875	-55.033611
3278.430176	-51.999596
3283.813477	-49.109947
3289.196777	-46.541382
3294.580078	-46.268967
3299.963379	-45.737694
3305.346680	-42.885078
3310.729980	-39.807487
3316.113281	-37.868374
3321.496582	-32.599918
3326.879883	-33.630173
3332.263184	-44.670296
3337.646484	-52.317917
3343.029785	-52.662838
3348.413086	-51.964340
3353.796387	-52.125523
3359.179688	-52.872692
3364.562988	-54.636604
3369.946289	-56.647579
3375.329590	-58.040245
3380.712891	-56.387100
3386.096191	-54.947113
3391.479492	-56.352180
3396.862793	-56.963978
3402.246094	-61.582863
3407.629395	-61.391830
3413.012695	-55.238098
3418.395996	-51.443844
3423.779297	-48.285061
3429.162598	-47.605350
3434.545898	-48.978600
3439.929199	-53.200676
3445.312500	-55.096199
3450.695801	-49.006962
3456.079102	-45.963120
3461.462402	-45.872341
3466.845703	-46.960201
3472.229004	-48.191204
3477.612305	-50.030602
3482.995605	-51.744061
3488.378906	-51.865158
3493.762207	-51.223583
3499.145508	-48.751106
3504.528809	-47.477123
3509.912109	-48.260738
3515.295410	-46.598743
3520.678711	-41.034035
3526.062012	-36.112621
3531.445312	-30.889574
3536.828613	-30.898951
3542.211914	-37.585476
3547.595215	-38.285477
3552.978516	-35.006897
3558.361816	-33.573318
3563.745117	-41.572674
3569.128418	-47.486214
3574.511719	-47.336636
3579.895020	-47.732944
3585.278320	-47.251007
3590.661621	-46.107094
3596.044922	-45.216785
3601.428223	-43.084927
3606.811523	-42.346523
3612.194824	-42.520912
3617.578125	-41.533821
3622.961426	-45.769665
3628.344727	-45.139450
3633.728027	-42.343075
3639.111328	-42.717091
3644.494629	-42.580441
3649.877930	-43.922390
3655.261230	-46.156895
3660.644531	-46.927021
3666.027832	-46.129269
3671.411133	-43.378712
3676.794434	-39.588867
3682.177734	-36.774750
3687.561035	-34.414608
3692.944336	-33.544819
3698.327637	-30.477779
3703.710938	-25.115580
3709.094238	-23.939253
3714.477539	-25.677719
3719.860840	-27.419188
3725.244141	-28.446503
3730.627441	-28.557663
3736.010742	-26.080700
3741.394043	-26.632740
3746.777344	-31.314007
3752.160645	-33.027077
3757.543945	-34.613056
3762.927246	-35.964779
3768.310547	-38.496231
3773.693848	-42.250954
3779.077148	-45.195061
3784.460449	-43.717331
3789.843750	-40.043026
3795.227051	-37.410397
3800.610352	-39.121700
3805.993652	-43.500587
3811.376953	-46.197056
3816.760254	-48.524677
3822.143555	-48.539207
3827.526855	-48.325321
3832.910156	-48.507870
3838.293457	-47.959599
3843.676758	-46.385639
3849.060059	-45.136368
3854.443359	-46.051113
3859.826660	-47.709751
3865.209961	-50.725346
3870.593262	-51.100422
3875.976562	-46.607761
3881.359863	-44.416828
3886.743164	-44.560493
3892.126465	-48.677155
3897.509766	-53.340096
3902.893066	-49.064873
3908.276367	-46.991680
3913.659668	-38.800922
3919.042969	-30.946785
3924.426270	-31.990250
3929.809570	-37.119938
3935.192871	-39.027336
3940.576172	-38.148594
3945.959473	-38.363884
3951.342773	-40.540131
3956.726074	-44.494614
3962.109375	-46.521721
3967.492676	-44.727325
3972.875977	-41.976433
3978.259277	-44.364044
3983.642578	-43.200691
3989.025879	-41.581791
3994.409180	-40.064270
3999.792480	-38.267792
4005.175781	-35.872540
4010.559082	-34.167118
4015.942383	-34.804237
4021.325684	-38.332230
4026.708984	-43.074902
4032.092285	-43.259090
4037.475586	-45.240540
4042.858887	-46.992199
4048.242188	-46.627522
4053.625488	-46.676670
4059.008789	-46.693718
4064.392090	-48.169441
4069.775391	-50.492554
4075.158691	-48.084633
4080.541992	-45.877541
4085.925293	-45.441502
4091.308594	-45.769730
4096.691895	-48.017353
4102.075195	-52.347141
4107.458496	-54.864117
4112.841797	-49.646759
4118.225098	-48.662155
4123.608398	-49.986752
4128.991699	-52.308014
4134.375000	-55.474426
4139.758301	-48.442856
4145.141602	-50.939362
4150.524902	-54.535973
4155.908203	-52.939461
4161.291504	-52.684559
4166.674805	-54.384792
4172.058105	-55.075867
4177.441406	-48.536945
4182.824707	-43.796730
4188.208008	-40.797752
4193.591309	-40.335442
4198.974609	-41.833260
4204.357910	-46.187782
4209.741211	-48.471046
4215.124512	-42.960239
4220.507812	-39.594593
4225.891113	-39.394657
4231.274414	-40.549004
4236.657715	-43.898426
4242.041016	-48.386108
4247.424316	-48.482510
4252.807617	-46.521984
4258.190918	-45.571613
4263.574219	-46.100983
4268.957520	-47.911350
4274.340820	-50.759300
4279.724121	-50.762798
4285.107422	-53.629623
4290.490723	-50.594997
4295.874023	-49.015003
4301.257324	-47.813847
4306.640625	-46.823334
4312.023926	-48.054859
4317.407227	-47.578613
4322.790527	-46.292324
4328.173828	-44.768608
4333.557129	-45.331127
4338.940430	-46.904194
4344.323730	-48.629108
4349.707031	-47.132469
4355.090332	-46.431732
4360.473633	-46.603027
4365.856934	-45.511051
4371.240234	-45.992744
4376.623535	-45.833538
4382.006836	-46.221607
4387.390137	-46.718285
4392.773438	-46.998535
4398.156738	-44.008739
4403.540039	-40.298920
4408.923340	-42.414722
4414.306641	-44.533459
4419.689941	-46.732277
4425.073242	-45.405178
4430.456543	-41.943016
4435.839844	-41.050461
4441.223145	-43.131168
4446.606445	-41.745541
4451.989746	-43.174988
4457.373047	-43.105110
4462.756348	-41.265888
4468.139648	-39.851944
4473.522949	-36.852230
4478.906250	-35.569149
4484.289551	-34.922394
4489.672852	-33.079708
4495.056152	-32.485649
4500.439453	-32.041588
4505.822754	-30.158697
4511.206055	-27.412184
4516.589355	-26.687000
4521.972656	-26.117006
4527.355957	-23.813065
4532.739258	-25.107063
4538.122559	-25.294128
4543.505859	-27.039885
4548.889160	-32.370480
4554.272461	-31.506723
4559.655762	-33.489979
4565.039062	-34.901539
4570.422363	-34.714367
4575.805664	-36.223309
4581.188965	-38.757336
4586.572266	-36.193493
4591.955566	-37.671307
4597.338867	-36.003975
4602.722168	-34.472988
4608.105469	-34.280594
4613.488770	-36.348423
4618.872070	-34.632439
4624.255371	-36.629135
4629.638672	-33.467495
4635.021973	-32.226048
4640.405273	-32.555950
4645.788574	-32.317196
4651.171875	-31.580511
4656.555176	-32.605774
4661.938477	-32.469894
4667.321777	-29.783655
4672.705078	-28.638844
4678.088379	-28.172810
4683.471680	-29.305864
4688.854980	-30.190762
4694.238281	-32.142845
4699.621582	-35.620750
4705.004883	-39.592175
4710.388184	-42.151798
4715.771484	-41.196545
4721.154785	-41.477474
4726.538086	-42.126633
4731.921387	-40.625317
4737.304688	-41.633278
4742.687988	-43.422947
4748.071289	-44.031891
4753.454590	-41.193264
4758.837891	-39.519100
4764.221191	-38.104637
4769.604492	-36.794109
4774.987793	-35.895351
4780.371094	-33.522099
4785.754395	-31.046934
4791.137695	-32.855618
4796.520996	-39.415333
4801.904297	-42.034340
4807.287598	-41.759399
4812.670898	-40.830807
4818.054199	-41.872639
4823.437500	-41.062626
4828.820801	-41.893211
4834.204102	-44.345158
4839.587402	-41.456619
4844.970703	-40.014996
4850.354004	-39.109131
4855.737305	-38.307434
4861.120605	-40.049065
4866.503906	-40.727654
4871.887207	-42.333511
4877.270508	-44.485062
4882.653809	-42.034332
4888.037109	-40.452229
4893.420410	-38.575413
4898.803711	-37.709778
4904.187012	-39.601250
4909.570312	-42.354057
4914.953613	-44.096886
4920.336914	-43.568844
4925.720215	-40.626625
4931.103516	-40.583191
4936.486816	-40.032272
4941.870117	-37.444305
4947.253418	-35.894756
4952.636719	-34.602730
4958.020020	-34.244503
4963.403320	-32.812172
4968.786621	-31.992292
4974.169922	-34.758923
4979.553223	-38.505386
4984.936523	-39.888084
4990.319824	-40.039639
4995.703125	-39.777996
5001.086426	-41.348892
5006.469727	-42.985004
5011.853027	-42.949203
5017.236328	-44.881653
5022.619629	-48.121021
5028.002930	-48.827305
5033.386230	-48.216305
5038.769531	-46.771439
5044.152832	-46.847187
5049.536133	-47.821548
5054.919434	-47.628471
5060.302734	-47.623615
5065.686035	-49.981785
5071.069336	-49.868557
5076.452637	-47.806885
5081.835938	-47.779335
5087.219238	-48.734512
5092.602539	-51.058197
5097.985840	-49.985073
5103.369141	-48.700253
5108.752441	-48.905506
5114.135742	-48.183033
5119.519043	-49.645325
5124.902344	-46.304611
5130.285645	-44.909779
5135.668945	-46.562923
5141.052246	-44.492313
5146.435547	-45.105907
5151.818848	-47.330311
5157.202148	-50.195938
5162.585449	-52.241489
5167.968750	-48.466949
5173.352051	-45.497463
5178.735352	-45.850636
5184.118652	-46.134007
5189.501953	-48.244293
5194.885254	-49.828884
5200.268555	-43.576359
5205.651855	-41.168034
5211.035156	-39.262260
5216.418457	-38.780460
5221.801758	-37.150318
5227.185059	-37.370815
5232.568359	-42.171181
5237.951660	-43.515800
5243.334961	-41.745068
5248.718262	-41.024109
5254.101562	-41.957436
5259.484863	-44.462215
5264.868164	-50.505619
5270.251465	-51.877911
5275.634766	-46.965996
5281.018066	-44.711445
5286.401367	-43.774277
5291.784668	-45.052483
5297.167969	-48.547737
5302.551270	-52.478973
5307.934570	-53.932083
5313.317871	-50.352577
5318.701172	-49.388664
5324.084473	-49.998894
5329.467773	-50.792759
5334.851074	-53.091496
5340.234375	-46.750816
5345.617676	-47.717747
5351.000977	-49.803333
5356.384277	-50.119041
5361.767578	-51.182301
5367.150879	-51.404522
5372.534180	-52.350422
5377.917480	-51.943386
5383.300781	-54.212917
5388.684082	-51.426666
5394.067383	-48.484432
5399.450684	-48.780724
5404.833984	-50.600224
5410.217285	-50.918095
5415.600586	-51.849457
5420.983887	-52.887932
5426.367188	-52.952492
5431.750488	-51.968693
5437.133789	-49.717117
5442.517090	-49.739578
5447.900391	-51.655685
5453.283691	-55.631489
5458.666992	-55.977905
5464.050293	-53.617851
5469.433594	-52.219131
5474.816895	-49.179779
5480.200195	-48.229511
5485.583496	-49.331985
5490.966797	-49.760628
5496.350098	-51.093735
5501.733398	-52.868961
5507.116699	-52.491673
5512.500000	-55.788857
5517.883301	-56.675148
5523.266602	-53.170376
5528.649902	-52.202751
5534.033203	-50.090698
5539.416504	-48.427448
5544.799805	-48.502144
5550.183105	-48.940266
5555.566406	-53.509098
5560.949707	-54.680477
5566.333008	-53.185242
5571.716309	-50.997143
5577.099609	-50.286453
5582.482910	-46.783009
5587.866211	-43.068665
5593.249512	-40.257084
5598.632812	-41.441040
5604.016113	-40.911060
5609.399414	-44.256664
5614.782715	-44.641655
5620.166016	-43.487701
5625.549316	-43.731331
5630.932617	-45.386127
5636.315918	-48.019955
5641.699219	-47.971764
5647.082520	-43.393379
5652.465820	-38.378025
5657.849121	-34.696522
5663.232422	-35.360409
5668.615723	-39.163879
5673.999023	-40.034176
5679.382324	-40.716610
5684.765625	-42.994259
5690.148926	-46.526539
5695.532227	-46.420242
5700.915527	-44.574543
5706.298828	-43.325947
5711.682129	-41.407345
5717.065430	-35.502747
5722.448730	-31.612013
5727.832031	-30.904383
5733.215332	-34.729355
5738.598633	-36.107113
5743.981934	-36.566280
5749.365234	-37.109905
5754.748535	-39.057049
5760.131836	-41.991138
5765.515137	-45.620163
5770.898438	-50.208885
5776.281738	-47.350502
5781.665039	-43.932320
5787.048340	-44.652763
5792.431641	-45.576756
5797.814941	-42.426933
5803.198242	-38.921398
5808.581543	-41.531464
5813.964844	-43.011234
5819.348145	-43.696812
5824.731445	-44.545506
5830.114746	-47.559891
5835.498047	-51.110035
5840.881348	-50.858109
5846.264648	-48.658188
5851.647949	-45.453983
5857.031250	-45.785892
5862.414551	-48.797943
5867.797852	-52.261360
5873.181152	-55.463715
5878.564453	-56.914665
5883.947754	-53.511299
5889.331055	-51.970558
5894.714355	-52.089325
5900.097656	-51.456539
5905.480957	-53.432243
5910.864258	-57.334835
5916.247559	-59.581593
5921.630859	-57.616913
5927.014160	-56.451912
5932.397461	-56.640194
5937.780762	-55.308048
5943.164062	-53.884628
5948.547363	-54.602798
5953.930664	-55.853859
5959.313965	-55.588451
5964.697266	-54.440731
5970.080566	-52.542053
5975.463867	-52.153175
5980.847168	-54.256203
5986.230469	-59.407700
5991.613770	-55.712364
5996.997070	-53.453861
6002.380371	-51.354042
6007.763672	-49.632572
6013.146973	-49.974850
6018.530273	-51.965816
6023.913574	-54.317841
6029.296875	-52.165131
6034.680176	-47.693886
6040.063477	-45.931042
6045.446777	-48.298550
6050.830078	-46.364937
6056.213379	-46.074875
6061.596680	-46.212574
6066.979980	-46.311172
6072.363281	-47.879326
6077.746582	-51.742138
6083.129883	-56.194180
6088.513184	-58.600307
6093.896484	-52.897594
6099.279785	-49.946789
6104.663086	-49.423851
6110.046387	-49.769073
6115.429688	-50.414970
6120.812988	-52.069263
6126.196289	-47.859409
6131.579590	-45.065258
6136.962891	-44.621128
6142.346191	-45.210468
6147.729492	-45.427677
6153.112793	-44.190575
6158.496094	-40.361359
6163.879395	-38.002220
6169.262695	-37.090023
6174.645996	-39.750439
6180.029297	-42.093384
6185.412598	-38.081512
6190.795898	-35.998089
6196.179199	-35.637093
6201.562500	-36.616661
6206.945801	-38.802856
6212.329102	-38.701778
6217.712402	-38.882050
6223.095703	-40.176388
6228.479004	-41.053925
6233.862305	-40.644226
6239.245605	-40.100571
6244.628906	-41.620911
6250.012207	-41.290180
6255.395508	-42.107841
6260.778809	-43.823280
6266.162109	-43.583298
6271.545410	-41.584389
6276.928711	-41.387226
6282.312012	-44.376041
6287.695312	-45.265762
6293.078613	-42.813316
6298.461914	-39.282982
6303.845215	-38.000900
6309.228516	-39.704983
6314.611816	-41.558849
6319.995117	-44.367714
6325.378418	-43.098221
6330.761719	-43.342800
6336.145020	-38.834969
6341.528320	-33.598946
6346.911621	-33.113411
6352.294922	-38.061916
6357.678223	-39.799702
6363.061523	-39.240627
6368.444824	-39.783913
6373.828125	-42.925125
6379.211426	-45.386341
6384.594727	-41.557049
6389.978027	-38.422691
6395.361328	-36.536972
6400.744629	-36.118649
6406.127930	-38.545467
6411.511230	-41.006725
6416.894531	-43.195572
6422.277832	-39.636414
6427.661133	-33.650379
6433.044434	-30.947376
6438.427734	-33.313671
6443.811035	-34.723064
6449.194336	-34.059265
6454.577637	-34.473858
6459.960938	-36.298637
6465.344238	-34.703636
6470.727539	-32.248329
6476.110840	-36.018929
6481.494141	-39.745422
6486.877441	-43.024048
6492.260742	-46.235806
6497.644043	-44.421322
6503.027344	-43.067932
6508.410645	-44.011494
6513.793945	-44.530231
6519.177246	-46.863609
6524.560547	-49.476276
6529.943848	-47.491661
6535.327148	-46.589905
6540.710449	-40.846691
6546.093750	-36.103859
6551.477051	-34.580479
6556.860352	-35.514919
6562.243652	-39.740295
6567.626953	-44.136738
6573.010254	-42.678177
6578.393555	-43.875229
6583.776855	-47.058117
6589.160156	-48.533199
6594.543457	-56.532227
6599.926758	-51.575836
6605.310059	-47.431408
6610.693359	-45.782349
6616.076660	-45.891365
6621.459961	-47.890408
6626.843262	-50.275230
6632.226562	-45.966988
6637.609863	-42.135777
6642.993164	-40.720680
6648.376465	-42.233551
6653.759766	-45.259155
6659.143066	-47.923943
6664.526367	-51.093704
6669.909668	-53.183838
6675.292969	-49.999210
6680.676270	-52.794350
6686.059570	-55.100407
6691.442871	-52.524124
6696.826172	-50.470741
6702.209473	-50.737980
6707.592773	-52.888039
6712.976074	-53.175205
6718.359375	-55.046089
6723.742676	-54.023766
6729.125977	-57.172539
6734.509277	-57.261799
6739.892578	-54.769783
6745.275879	-54.841053
6750.659180	-54.274529
6756.042480	-56.445789
6761.425781	-53.974400
6766.809082	-54.007523
6772.192383	-55.447052
6777.575684	-55.315460
6782.958984	-54.777931
6788.342285	-53.214096
6793.725586	-52.946995
6799.108887	-55.352528
6804.492188	-52.696106
6809.875488	-53.096542
6815.258789	-52.066734
6820.642090	-52.229683
6826.025391	-51.885292
6831.408691	-50.047623
6836.791992	-51.178421
6842.175293	-50.543472
6847.558594	-47.362976
6852.941895	-46.641853
6858.325195	-44.395611
6863.708496	-45.661575
6869.091797	-48.189701
6874.475098	-50.761421
6879.858398	-47.808754
6885.241699	-46.616096
6890.625000	-46.306198
6896.008301	-47.372189
6901.391602	-51.442589
6906.774902	-56.739849
6912.158203	-53.000130
6917.541504	-49.399300
6922.924805	-47.330711
6928.308105	-47.508293
6933.691406	-51.519840
6939.074707	-55.832142
6944.458008	-56.335045
6949.841309	-57.162464
6955.224609	-61.664982
6960.607910	-55.173714
6965.991211	-51.470337
6971.374512	-50.069134
6976.757812	-50.080803
6982.141113	-53.403828
6987.524414	-54.349812
6992.907715	-51.368484
6998.291016	-49.082382
7003.674316	-48.718235
7009.057617	-50.436813
7014.440918	-53.417564
7019.824219	-56.336460
7025.207520	-56.185791
7030.590820	-55.850117
7035.974121	-54.306923
7041.357422	-52.551388
7046.740723	-52.148098
7052.124023	-51.927231
7057.507324	-53.007904
7062.890625	-56.854317
7068.273926	-57.548096
7073.657227	-54.057987
7079.040527	-51.574123
7084.423828	-50.764626
7089.807129	-52.195526
7095.190430	-55.396358
7100.573730	-57.593948
7105.957031	-54.667728
7111.340332	-51.144375
7116.723633	-50.045666
7122.106934	-50.940273
7127.490234	-53.864807
7132.873535	-55.519409
7138.256836	-50.759823
7143.640137	-48.259251
7149.023438	-48.255531
7154.406738	-49.533417
7159.790039	-52.771008
7165.173340	-54.708820
7170.556641	-51.997662
7175.939941	-51.252533
7181.323242	-52.294083
7186.706543	-54.342594
7192.089844	-54.794968
7197.473145	-52.752773
7202.856445	-50.513412
7208.239746	-50.635914
7213.623047	-54.552483
7219.006348	-52.428463
7224.389648	-50.089870
7229.772949	-47.467922
7235.156250	-44.846272
7240.539551	-46.217960
7245.922852	-47.520119
7251.306152	-47.251411
7256.689453	-46.879269
7262.072754	-45.801731
7267.456055	-44.344292
7272.839355	-44.595829
7278.222656	-44.789131
7283.605957	-45.207832
7288.989258	-45.431774
7294.372559	-45.389301
7299.755859	-45.311279
7305.139160	-43.955444
7310.522461	-46.016140
7315.905762	-46.520222
7321.289062	-45.625191
7326.672363	-46.079594
7332.055664	-45.259640
7337.438965	-43.252739
7342.822266	-43.160843
7348.205566	-43.276352
7353.588867	-41.931667
7358.972168	-42.543556
7364.355469	-42.070381
7369.738770	-42.723316
7375.122070	-44.745575
7380.505371	-45.665405
7385.888672	-45.887257
7391.271973	-45.677544
7396.655273	-46.164772
7402.038574	-45.098106
7407.421875	-44.064838
7412.805176	-45.128609
7418.188477	-47.611851
7423.571777	-50.345070
7428.955078	-52.145267
7434.338379	-54.956078
7439.721680	-51.870483
7445.104980	-49.933609
7450.488281	-49.049377
7455.871582	-49.354378
7461.254883	-51.026268
7466.638184	-53.505573
7472.021484	-54.459759
7477.404785	-53.968742
7482.788086	-53.758186
7488.171387	-52.637115
7493.554688	-51.819077
7498.937988	-51.936058
7504.321289	-53.162392
7509.704590	-54.203400
7515.087891	-53.923386
7520.471191	-53.135975
7525.854492	-52.431362
7531.237793	-51.090088
7536.621094	-48.459305
7542.004395	-47.762150
7547.387695	-48.947605
7552.770996	-51.510918
7558.154297	-55.667763
7563.537598	-48.055607
7568.920898	-47.630146
7574.304199	-46.937244
7579.687500	-47.547035
7585.070801	-50.925583
7590.454102	-55.703808
7595.837402	-54.324730
7601.220703	-50.925278
7606.604004	-49.229565
7611.987305	-48.511093
7617.370605	-49.387505
7622.753906	-53.231289
7628.137207	-54.693405
7633.520508	-47.879997
7638.903809	-44.806885
7644.287109	-44.152340
7649.670410	-42.068398
7655.053711	-42.323761
7660.437012	-43.329063
7665.820312	-42.504398
7671.203613	-42.803703
7676.586914	-42.653790
7681.970215	-42.090824
7687.353516	-42.533096
7692.736816	-44.702484
7698.120117	-47.372898
7703.503418	-53.273270
7708.886719	-56.653851
7714.270020	-55.782089
7719.653320	-57.265823
7725.036621	-58.084347
7730.419922	-54.321533
7735.803223	-52.602627
7741.186523	-51.324650
7746.569824	-50.565746
7751.953125	-51.223171
7757.336426	-53.177280
7762.719727	-56.671108
7768.103027	-65.456345
7773.486328	-61.418934
7778.869629	-57.363155
7784.252930	-56.547760
7789.636230	-56.599598
7795.019531	-58.062653
7800.402832	-61.671169
7805.786133	-64.941795
7811.169434	-62.455746
7816.552734	-58.811783
7821.936035	-55.708870
7827.319336	-54.133766
7832.702637	-53.866833
7838.085938	-54.660843
7843.469238	-58.025227
7848.852539	-61.287605
7854.235840	-55.788975
7859.619141	-53.101528
7865.002441	-52.696548
7870.385742	-53.658417
7875.769043	-57.176418
7881.152344	-62.267910
7886.535645	-57.460884
7891.918945	-53.200195
7897.302246	-51.262238
7902.685547	-51.060333
7908.068848	-52.332592
7913.452148	-54.582024
7918.835449	-56.125793
7924.218750	-55.165768
7929.602051	-53.129280
7934.985352	-51.752167
7940.368652	-50.537872
7945.751953	-50.186577
7951.135254	-50.810009
7956.518555	-52.790218
7961.901855	-56.163807
7967.285156	-56.421124
7972.668457	-52.943760
7978.051758	-50.769695
7983.435059	-50.628567
7988.818359	-52.511242
7994.201660	-55.592583
7999.584961	-56.858829
8004.968262	-54.124680
8010.351562	-52.283588
8015.734863	-52.165562
8021.118164	-53.288204
8026.501465	-55.813992
8031.884766	-56.767017
8037.268066	-54.362278
8042.651367	-52.731258
8048.034668	-52.430595
8053.417969	-53.483944
8058.801270	-56.126045
8064.184570	-58.800949
8069.567871	-56.569530
8074.951172	-54.105148
8080.334473	-53.841621
8085.717773	-55.325104
8091.101074	-57.086716
8096.484375	-57.914192
8101.867676	-59.834324
8107.250977	-63.275711
8112.634277	-61.750942
8118.017578	-58.616539
8123.400879	-56.956810
8128.784180	-57.063686
8134.167480	-59.307796
8139.550781	-62.455082
8144.934082	-60.110901
8150.317383	-56.110886
8155.700684	-54.985828
8161.083984	-56.285881
8166.467285	-59.749729
8171.850586	-62.279507
8177.233887	-56.304207
8182.617188	-53.066372
8188.000488	-52.168377
8193.383789	-53.620525
8198.767090	-57.814754
8204.150391	-61.739716
8209.533691	-57.716999
8214.916992	-53.418430
8220.300293	-51.621517
8225.683594	-51.849251
8231.066895	-52.617352
8236.450195	-53.923840
8241.833496	-56.137657
8247.216797	-57.742962
8252.600098	-59.282669
8257.983398	-56.493408
8263.366699	-54.456436
8268.750000	-54.935410
8274.133301	-58.559349
8279.516602	-63.519035
8284.899902	-59.737457
8290.283203	-56.703579
8295.666504	-56.077431
8301.049805	-58.532726
8306.433105	-63.951565
8311.816406	-61.279011
8317.199707	-56.562004
8322.583008	-54.637276
8327.966309	-54.598133
8333.349609	-55.512905
8338.732910	-56.254635
8344.116211	-54.382595
8349.499512	-52.568886
8354.882812	-51.658886
8360.266113	-51.655491
8365.649414	-52.384586
8371.032715	-53.656322
8376.416016	-55.254642
8381.799316	-56.420071
8387.182617	-56.372082
8392.565918	-55.488873
8397.949219	-55.361938
8403.332520	-57.988167
8408.715820	-63.481323
8414.099121	-58.208218
8419.482422	-53.016239
8424.865723	-50.923496
8430.249023	-50.526974
8435.632324	-51.161079
8441.015625	-51.014595
8446.398926	-49.788105
8451.782227	-48.636990
8457.165527	-48.720905
8462.548828	-50.850189
8467.932129	-53.148323
8473.315430	-51.163925
8478.698730	-48.816971
8484.082031	-48.115341
8489.465332	-49.599564
8494.848633	-53.697227
8500.231934	-56.365982
8505.615234	-52.687077
8510.998535	-49.989281
8516.381836	-49.274834
8521.765137	-50.457932
8527.148438	-53.605362
8532.531738	-57.657852
8537.915039	-55.707310
8543.298340	-52.023415
8548.681641	-50.819038
8554.064941	-51.829121
8559.448242	-55.174152
8564.831543	-61.206734
8570.214844	-60.683590
8575.598145	-56.492329
8580.981445	-55.060390
8586.364746	-56.168915
8591.748047	-58.907608
8597.131348	-61.133938
8602.514648	-58.981968
8607.897949	-57.509151
8613.281250	-58.078083
8618.664551	-58.774834
8624.047852	-57.004307
8629.431152	-54.418346
8634.814453	-53.183479
8640.197754	-53.838085
8645.581055	-56.922344
8650.964355	-59.977699
8656.347656	-56.240402
8661.730957	-53.248428
8667.114258	-52.276081
8672.497559	-52.583138
8677.880859	-54.213276
8683.264160	-58.061962
8688.647461	-63.974472
8694.030762	-66.326866
8699.414062	-64.930489
8704.797363	-62.168667
8710.180664	-61.187729
8715.563965	-56.063251
8720.947266	-53.447628
8726.330566	-52.119331
8731.713867	-52.265312
8737.097168	-54.353378
8742.480469	-59.220284
8747.863770	-61.847382
8753.247070	-56.819069
8758.630371	-53.702808
8764.013672	-53.096619
8769.396973	-54.845978
8774.780273	-59.263680
8780.163574	-63.579529
8785.546875	-57.289333
8790.930176	-52.836380
8796.313477	-51.528320
8801.696777	-52.814766
8807.080078	-56.107529
8812.463379	-60.275059
8817.846680	-56.341454
8823.229980	-52.910564
8828.613281	-52.026768
8833.996582	-53.630558
8839.379883	-57.533943
8844.763184	-60.655289
8850.146484	-56.942039
8855.529785	-54.515121
8860.913086	-54.030067
8866.296387	-55.633713
8871.679688	-59.162792
8877.062988	-59.319138
8882.446289	-57.080070
8887.829590	-55.776600
8893.212891	-55.132290
8898.596191	-55.709877
8903.979492	-57.482628
8909.362793	-58.823399
8914.746094	-57.647816
8920.129395	-56.147591
8925.512695	-54.799797
8930.895996	-54.461998
8936.279297	-54.641411
8941.662598	-54.360615
8947.045898	-53.741047
8952.429199	-53.415245
8957.812500	-54.486366
8963.195801	-55.360462
8968.579102	-54.894421
8973.962402	-53.550774
8979.345703	-52.650127
8984.729004	-53.567154
8990.112305	-55.589851
8995.495605	-55.501846
9000.878906	-52.545494
9006.262207	-50.984985
9011.645508	-51.654942
9017.028809	-54.413620
9022.412109	-57.866135
9027.795410	-53.612782
9033.178711	-49.954315
9038.562012	-49.028152
9043.945312	-50.360550
9049.328613	-53.824833
9054.711914	-52.001595
9060.095215	-47.977276
9065.478516	-46.452568
9070.861816	-46.866600
9076.245117	-49.389870
9081.628418	-51.541740
9087.011719	-49.282238
9092.395020	-47.060413
9097.778320	-46.627651
9103.161621	-48.430103
9108.544922	-52.383808
9113.928223	-55.556824
9119.311523	-52.372223
9124.694824	-49.726204
9130.078125	-49.641277
9135.461426	-51.683777
9140.844727	-56.214542
9146.228027	-60.800053
9151.611328	-56.560562
9156.994629	-54.501019
9162.377930	-54.363716
9167.761230	-55.118958
9173.144531	-57.410156
9178.527832	-62.119514
9183.911133	-66.723557
9189.294434	-64.328972
9194.677734	-59.854733
9200.061035	-57.953964
9205.444336	-59.568634
9210.827637	-60.979939
9216.210938	-57.092476
9221.594238	-53.485107
9226.977539	-51.640121
9232.360840	-52.044296
9237.744141	-55.219769
9243.127441	-59.959785
9248.510742	-56.496994
9253.894043	-52.045128
9259.277344	-50.945675
9264.660645	-52.594131
9270.043945	-55.108574
9275.427246	-57.279995
9280.810547	-56.796001
9286.193848	-55.480515
9291.577148	-54.589504
9296.960449	-53.975876
9302.343750	-53.957150
9307.727051	-55.079311
9313.110352	-54.154106
9318.493652	-51.524399
9323.876953	-49.630817
9329.260254	-49.493141
9334.643555	-51.374611
9340.026855	-54.053158
9345.410156	-55.700241
9350.793457	-53.276505
9356.176758	-50.775471
9361.560059	-50.601028
9366.943359	-53.007484
9372.326660	-58.443020
9377.709961	-56.295288
9383.093262	-51.419117
9388.476562	-49.668556
9393.859863	-50.268154
9399.243164	-53.170959
9404.626465	-56.766415
9410.009766	-52.885532
9415.393066	-49.204861
9420.776367	-48.040985
9426.159668	-48.665440
9431.542969	-51.345081
9436.926270	-55.985203
9442.309570	-54.388187
9447.692871	-51.106972
9453.076172	-49.578838
9458.459473	-50.014324
9463.842773	-52.268135
9469.226074	-56.836765
9474.609375	-62.394970
9479.992676	-60.754154
9485.375977	-58.168621
9490.759277	-57.097271
9496.142578	-58.001438
9501.525879	-60.174442
9506.909180	-64.164566
9512.292480	-66.633217
9517.675781	-60.798786
9523.059082	-57.592247
9528.442383	-57.724148
9533.825684	-60.720154
9539.208984	-61.504559
9544.592285	-56.409649
9549.975586	-53.910641
9555.358887	-53.842323
9560.742188	-55.981632
9566.125488	-60.992599
9571.508789	-60.054993
9576.892090	-55.872742
9582.275391	-54.267845
9587.658691	-54.727245
9593.041992	-58.423508
9598.425293	-63.946793
9603.808594	-58.142555
9609.191895	-54.097252
9614.575195	-52.738300
9619.958496	-53.270767
9625.341797	-56.124928
9630.725098	-62.191189
9636.108398	-60.554565
9641.491699	-56.143383
9646.875000	-54.441544
9652.258301	-54.997478
9657.641602	-56.316463
9663.024902	-57.207794
9668.408203	-57.410187
9673.791504	-58.150120
9679.174805	-59.951015
9684.558105	-65.060677
9689.941406	-64.523293
9695.324707	-59.318417
9700.708008	-57.438915
9706.091309	-58.203251
9711.474609	-61.242641
9716.857910	-60.196510
9722.241211	-56.534401
9727.624512	-54.908401
9733.007812	-54.925201
9738.391113	-57.811661
9743.774414	-64.375053
9749.157715	-63.857529
9754.541016	-59.261005
9759.924316	-58.710220
9765.307617	-60.544643
9770.690918	-61.469578
9776.074219	-59.028336
9781.457520	-57.205265
9786.840820	-56.817635
9792.224121	-57.611320
9797.607422	-58.716965
9802.990723	-57.802319
9808.374023	-57.382244
9813.757324	-58.756657
9819.140625	-61.365803
9824.523926	-62.485851
9829.907227	-63.046883
9835.290527	-62.849487
9840.673828	-63.845066
9846.057129	-66.908699
9851.440430	-70.656448
9856.823730	-77.004028
9862.207031	-76.182915
9867.590332	-68.814362
9872.973633	-65.382912
9878.356934	-64.104431
9883.740234	-63.732624
9889.123535	-59.892235
9894.506836	-56.414673
9899.890137	-54.777992
9905.273438	-55.395565
9910.656738	-57.850800
9916.040039	-59.745594
9921.423340	-56.704414
9926.806641	-53.590164
9932.189941	-52.262894
9937.573242	-53.053066
9942.956543	-56.259636
9948.339844	-62.289814
9953.723145	-60.786274
9959.106445	-56.486195
9964.489746	-55.069664
9969.873047	-55.834904
9975.256348	-59.039642
9980.639648	-60.573696
9986.022949	-57.506180
9991.406250	-56.092609
9996.789551	-56.325108
10002.172852	-57.349560
10007.556152	-58.105587
10012.939453	-57.207897
10018.322754	-55.836720
10023.706055	-55.257645
10029.089355	-56.328629
10034.472656	-58.539158
10039.855957	-58.856422
10045.239258	-56.833065
10050.622559	-56.038902
10056.005859	-55.642979
10061.389160	-55.542271
10066.772461	-56.755699
10072.155762	-59.410694
10077.539062	-63.012901
10082.922363	-60.132301
10088.305664	-56.614990
10093.688965	-54.366844
10099.072266	-53.533550
10104.455566	-55.355442
10109.838867	-59.934940
10115.222168	-60.587982
10120.605469	-55.082893
10125.988770	-52.238476
10131.372070	-51.956333
10136.755371	-53.705383
10142.138672	-57.821461
10147.521973	-58.600105
10152.905273	-53.907810
10158.288574	-51.598576
10163.671875	-50.888763
10169.055176	-51.617088
10174.438477	-53.343796
10179.821777	-54.361477
10185.205078	-54.431305
10190.588379	-54.721100
10195.971680	-55.657883
10201.354980	-55.803062
10206.738281	-54.583851
10212.121582	-53.942734
10217.504883	-54.315636
10222.888184	-56.165176
10228.271484	-61.071888
10233.654785	-64.311066
10239.038086	-60.588692
10244.421387	-58.823067
10249.804688	-59.837711
10255.187988	-62.254650
10260.571289	-60.893745
10265.954590	-60.202961
10271.337891	-60.124897
10276.721191	-57.330570
10282.104492	-53.951466
10287.487793	-53.386261
10292.871094	-55.039772
10298.254395	-57.801174
10303.637695	-56.940941
10309.020996	-54.475147
10314.404297	-54.060268
10319.787598	-55.301384
10325.170898	-58.438564
10330.554199	-59.503384
10335.937500	-57.442928
10341.320801	-57.981380
10346.704102	-60.031162
10352.087402	-59.832405
10357.470703	-57.505089
10362.854004	-55.762909
10368.237305	-55.657753
10373.620605	-56.168823
10379.003906	-57.668171
10384.387207	-57.945992
10389.770508	-56.564678
10395.153809	-57.014866
10400.537109	-57.285606
10405.920410	-57.612968
10411.303711	-56.858986
10416.687012	-56.425426
10422.070312	-57.565506
10427.453613	-60.493423
10432.836914	-58.178730
10438.220215	-55.180313
10443.603516	-54.289673
10448.986816	-54.868202
10454.370117	-59.364128
10459.753418	-62.890724
10465.136719	-59.803402
10470.520020	-57.121777
10475.903320	-54.817108
10481.286621	-52.973171
10486.669922	-54.136497
10492.053223	-57.069489
10497.436523	-60.597614
10502.819824	-61.950939
10508.203125	-58.683029
10513.586426	-56.201859
10518.969727	-56.429588
10524.353027	-58.046143
10529.736328	-62.697868
10535.119629	-64.588776
10540.502930	-59.682632
10545.886230	-56.986835
10551.269531	-56.251217
10556.652832	-56.922165
10562.036133	-58.092648
10567.419434	-60.451839
10572.802734	-61.138618
10578.186035	-59.108128
10583.569336	-57.809856
10588.952637	-56.815983
10594.335938	-56.997425
10599.719238	-58.131783
10605.102539	-59.481461
10610.485840	-59.431274
10615.869141	-57.668964
10621.252441	-56.481152
10626.635742	-56.510693
10632.019043	-57.917328
10637.402344	-59.342857
10642.785645	-57.697083
10648.168945	-55.973896
10653.552246	-55.798153
10658.935547	-57.484161
10664.318848	-60.593437
10669.702148	-58.130848
10675.085449	-54.264133
10680.468750	-52.496971
10685.852051	-52.783131
10691.235352	-55.256241
10696.618652	-59.215271
10702.001953	-58.337639
10707.385254	-56.146374
10712.768555	-57.015373
10718.151855	-61.167679
10723.535156	-61.393475
10728.918457	-56.125328
10734.301758	-54.057598
10739.685059	-54.780472
10745.068359	-58.064087
10750.451660	-62.998642
10755.834961	-60.780140
10761.218262	-57.935299
10766.601562	-57.407993
10771.984863	-59.050331
10777.368164	-62.668571
10782.751465	-65.279785
10788.134766	-63.056629
10793.518066	-61.017120
10798.901367	-60.812634
10804.284668	-61.975494
10809.667969	-65.288170
10815.051270	-68.412361
10820.434570	-65.188141
10825.817871	-63.123867
10831.201172	-63.660549
10836.584473	-65.748222
10841.967773	-71.389946
10847.351074	-69.464630
10852.734375	-64.458908
10858.117676	-61.776100
10863.500977	-60.800159
10868.884277	-61.908924
10874.267578	-63.999535
10879.650879	-62.977634
10885.034180	-59.180843
10890.417480	-57.556892
10895.800781	-58.279678
10901.184082	-61.132347
10906.567383	-64.146988
10911.950684	-60.715607
10917.333984	-57.014538
10922.717285	-55.835026
10928.100586	-56.531281
10933.483887	-58.941654
10938.867188	-64.076965
10944.250488	-63.733170
10949.633789	-59.169094
10955.017090	-56.708542
10960.400391	-55.399376
10965.783691	-56.030643
10971.166992	-59.476543
10976.550293	-65.643585
10981.933594	-61.864223
10987.316895	-56.489998
10992.700195	-53.960506
10998.083496	-53.476971
11003.466797	-55.101006
11008.850098	-57.811886
11014.233398	-57.800102
11019.616699	-55.813618
11025.000000	-54.876999
11030.383301	-54.992462
11035.766602	-55.626591
11041.149902	-55.761471
11046.533203	-56.053020
11051.916504	-57.597206
11057.299805	-59.639671
11062.683105	-57.719757
11068.066406	-54.199444
11073.449707	-52.871906
11078.833008	-53.742691
11084.216309	-57.366791
11089.599609	-57.740265
11094.982910	-54.433952
11100.366211	-53.294724
11105.749512	-54.349144
11111.132812	-58.573788
11116.516113	-60.580673
11121.899414	-55.300110
11127.282715	-52.714172
11132.666016	-52.469376
11138.049316	-54.144577
11143.432617	-59.004467
11148.815918	-62.143776
11154.199219	-57.169205
11159.582520	-54.552769
11164.965820	-54.306217
11170.349121	-56.124996
11175.732422	-60.588623
11181.115723	-66.359535
11186.499023	-63.738224
11191.882324	-62.125656
11197.265625	-62.905746
11202.648926	-64.523514
11208.032227	-65.035393
11213.415527	-64.198639
11218.798828	-64.801132
11224.182129	-67.112671
11229.565430	-68.975945
11234.948730	-70.597733
11240.332031	-68.039062
11245.715332	-65.493752
11251.098633	-63.455570
11256.481934	-63.276772
11261.865234	-63.068531
11267.248535	-61.514141
11272.631836	-60.473824
11278.015137	-60.649765
11283.398438	-62.550114
11288.781738	-61.819614
11294.165039	-58.575665
11299.548340	-56.256485
11304.931641	-55.758926
11310.314941	-57.242298
11315.698242	-60.045181
11321.081543	-59.651905
11326.464844	-55.907410
11331.848145	-54.068237
11337.231445	-55.185402
11342.614746	-58.302166
11347.998047	-60.998665
11353.381348	-58.786282
11358.764648	-55.736267
11364.147949	-54.948479
11369.531250	-55.797310
11374.914551	-57.830345
11380.297852	-58.858562
11385.681152	-56.281925
11391.064453	-54.564140
11396.447754	-54.793148
11401.831055	-56.976372
11407.214355	-61.009010
11412.597656	-61.876392
11417.980957	-59.902000
11423.364258	-59.007565
11428.747559	-59.617458
11434.130859	-60.649708
11439.514160	-58.948059
11444.897461	-57.289749
11450.280762	-57.443413
11455.664062	-59.444809
11461.047363	-63.966698
11466.430664	-66.133682
11471.813965	-64.039520
11477.197266	-62.796745
11482.580566	-61.467274
11487.963867	-59.387672
11493.347168	-57.809483
11498.730469	-58.033821
11504.113770	-60.579948
11509.497070	-64.413490
11514.880371	-59.346592
11520.263672	-55.392376
11525.646973	-54.340088
11531.030273	-55.198490
11536.413574	-58.204887
11541.796875	-62.911259
11547.180176	-63.613224
11552.563477	-61.197350
11557.946777	-60.204025
11563.330078	-61.115574
11568.713379	-63.196980
11574.096680	-65.327156
11579.479980	-68.719635
11584.863281	-70.149033
11590.246582	-67.923973
11595.629883	-65.530281
11601.013184	-64.266991
11606.396484	-65.241768
11611.779785	-66.163399
11617.163086	-63.995178
11622.546387	-61.489876
11627.929688	-60.468479
11633.312988	-60.413853
11638.696289	-59.746712
11644.079590	-58.183010
11649.462891	-56.682590
11654.846191	-56.166271
11660.229492	-56.862175
11665.612793	-59.347805
11670.996094	-62.363728
11676.379395	-59.857979
11681.762695	-56.542965
11687.145996	-55.085751
11692.529297	-55.219868
11697.912598	-56.976124
11703.295898	-61.825680
11708.679199	-64.690071
11714.062500	-58.496777
11719.445801	-55.344551
11724.829102	-54.478645
11730.212402	-55.709702
11735.595703	-58.599388
11740.979004	-59.202198
11746.362305	-56.165119
11751.745605	-53.809605
11757.128906	-52.913292
11762.512207	-52.939186
11767.895508	-52.967064
11773.278809	-52.764431
11778.662109	-52.372429
11784.045410	-52.287533
11789.428711	-52.843204
11794.812012	-52.687840
11800.195312	-51.685661
11805.578613	-51.098747
11810.961914	-51.421616
11816.345215	-52.968727
11821.728516	-54.913795
11827.111816	-55.403885
11832.495117	-54.844097
11837.878418	-54.778580
11843.261719	-56.453121
11848.645020	-60.765846
11854.028320	-67.766838
11859.411621	-66.561539
11864.794922	-61.533077
11870.178223	-58.719864
11875.561523	-57.176815
11880.944824	-57.020111
11886.328125	-58.692974
11891.711426	-63.346985
11897.094727	-64.730202
11902.478027	-57.887199
11907.861328	-55.012508
11913.244629	-54.583172
11918.627930	-56.568314
11924.011230	-62.167080
11929.394531	-62.707569
11934.777832	-57.796356
11940.161133	-55.891384
11945.544434	-56.802197
11950.927734	-60.848602
11956.311035	-66.789742
11961.694336	-63.123329
11967.077637	-59.567982
11972.460938	-58.819435
11977.844238	-60.699951
11983.227539	-64.618950
11988.610840	-68.158295
11993.994141	-66.062149
11999.377441	-63.092316
12004.760742	-60.927891
12010.144043	-59.557892
12015.527344	-59.887058
12020.910645	-62.061787
12026.293945	-66.297562
12031.677246	-70.977058
12037.060547	-67.233131
12042.443848	-64.233459
12047.827148	-62.850189
12053.210449	-61.646629
12058.593750	-60.544567
12063.977051	-59.462204
12069.360352	-59.562012
12074.743652	-60.996201
12080.126953	-63.822983
12085.510254	-65.299522
12090.893555	-60.344280
12096.276855	-56.779602
12101.660156	-55.296383
12107.043457	-55.303333
12112.426758	-57.521358
12117.810059	-61.847916
12123.193359	-59.444675
12128.576660	-55.086498
12133.959961	-52.904716
12139.343262	-52.492489
12144.726562	-53.837902
12150.109863	-56.937386
12155.493164	-58.641018
12160.876465	-54.825596
12166.259766	-52.119007
12171.643066	-51.518932
12177.026367	-52.777554
12182.409668	-56.282928
12187.792969	-62.454330
12193.176270	-62.359711
12198.559570	-59.021729
12203.942871	-57.396790
12209.326172	-57.686604
12214.709473	-60.032570
12220.092773	-63.758457
12225.476074	-69.123283
12230.859375	-70.178802
12236.242676	-64.391212
12241.625977	-61.014420
12247.009277	-59.325645
12252.392578	-59.008614
12257.775879	-60.220348
12263.159180	-63.280289
12268.542480	-67.485832
12273.925781	-63.231739
12279.309082	-60.435188
12284.692383	-60.074783
12290.075684	-60.959343
12295.458984	-64.884537
12300.842285	-69.286804
12306.225586	-62.581169
12311.608887	-59.190285
12316.992188	-58.061005
12322.375488	-58.782051
12327.758789	-61.583778
12333.142090	-66.353012
12338.525391	-67.287300
12343.908691	-64.803070
12349.291992	-63.292568
12354.675293	-63.923782
12360.058594	-66.387962
12365.441895	-66.723061
12370.825195	-65.691376
12376.208496	-64.303558
12381.591797	-63.865520
12386.975098	-63.265423
12392.358398	-62.263477
12397.741699	-61.735100
12403.125000	-62.257919
12408.508301	-64.397369
12413.891602	-64.441826
12419.274902	-61.411617
12424.658203	-59.166271
12430.041504	-58.753643
12435.424805	-59.878128
12440.808105	-62.216541
12446.191406	-64.777214
12451.574707	-64.059296
12456.958008	-62.834351
12462.341309	-62.711346
12467.724609	-63.143295
12473.107910	-63.030411
12478.491211	-62.608673
12483.874512	-63.719326
12489.257812	-67.032097
12494.641113	-67.858315
12500.024414	-64.838005
12505.407715	-62.326523
12510.791016	-61.800930
12516.174316	-63.285522
12521.557617	-67.462189
12526.940918	-74.896385
12532.324219	-68.787117
12537.707520	-65.208946
12543.090820	-63.524757
12548.474121	-64.782738
12553.857422	-68.776619
12559.240723	-72.954460
12564.624023	-66.645164
12570.007324	-62.397472
12575.390625	-61.045803
12580.773926	-62.338123
12586.157227	-67.323479
12591.540527	-68.971199
12596.923828	-61.215157
12602.307129	-57.084927
12607.690430	-54.936920
12613.073730	-54.320217
12618.457031	-55.054276
12623.840332	-57.313698
12629.223633	-61.793625
12634.606934	-66.057205
12639.990234	-60.499851
12645.373535	-56.539177
12650.756836	-54.692242
12656.140137	-54.258404
12661.523438	-55.197346
12666.906738	-57.593163
12672.290039	-61.150017
12677.673340	-60.794109
12683.056641	-57.709328
12688.439941	-56.250443
12693.823242	-56.464928
12699.206543	-58.402733
12704.589844	-62.722683
12709.973145	-63.966946
12715.356445	-59.754173
12720.739746	-57.877220
12726.123047	-58.673721
12731.506348	-61.621014
12736.889648	-62.528137
12742.272949	-59.280575
12747.656250	-57.241032
12753.039551	-57.354523
12758.422852	-59.644794
12763.806152	-63.288967
12769.189453	-59.874176
12774.572754	-56.321831
12779.956055	-55.707188
12785.339355	-57.540726
12790.722656	-61.667000
12796.105957	-62.277344
12801.489258	-57.708847
12806.872559	-55.172974
12812.255859	-55.097076
12817.639160	-57.994045
12823.022461	-63.188839
12828.405762	-60.415051
12833.789062	-56.127651
12839.172363	-54.485291
12844.555664	-54.815426
12849.938965	-57.199780
12855.322266	-62.015240
12860.705566	-61.646099
12866.088867	-57.670986
12871.472168	-56.161900
12876.855469	-56.614479
12882.238770	-58.682095
12887.622070	-62.888824
12893.005371	-66.333893
12898.388672	-60.786743
12903.771973	-58.762508
12909.155273	-58.347164
12914.538574	-59.009892
12919.921875	-62.364849
12925.305176	-63.681080
12930.688477	-60.049294
12936.071777	-57.707512
12941.455078	-57.572426
12946.838379	-58.923542
12952.221680	-62.293892
12957.604980	-66.359993
12962.988281	-64.182274
12968.371582	-61.851891
12973.754883	-62.285385
12979.138184	-65.080887
12984.521484	-70.104065
12989.904785	-72.081131
12995.288086	-72.113480
13000.671387	-73.255531
13006.054688	-73.309868
13011.437988	-67.288498
13016.821289	-62.962521
13022.204590	-62.046211
13027.587891	-64.832237
13032.971191	-66.814507
13038.354492	-61.847614
13043.737793	-59.569622
13049.121094	-59.989326
13054.504395	-63.065685
13059.887695	-68.106636
13065.270996	-66.493187
13070.654297	-61.879955
13076.037598	-59.830982
13081.420898	-60.144695
13086.804199	-62.541786
13092.187500	-65.609695
13097.570801	-62.824577
13102.954102	-58.864899
13108.337402	-58.130508
13113.720703	-57.390419
13119.104004	-57.874973
13124.487305	-60.206989
13129.870605	-62.557858
13135.253906	-64.190056
13140.637207	-62.715321
13146.020508	-61.300797
13151.403809	-61.680439
13156.787109	-64.598587
13162.170410	-69.478203
13167.553711	-67.569862
13172.937012	-64.555954
13178.320312	-63.297848
13183.703613	-64.528435
13189.086914	-66.966095
13194.470215	-66.631958
13199.853516	-65.212662
13205.236816	-65.307297
13210.620117	-67.201447
13216.003418	-71.987694
13221.386719	-80.395531
13226.770020	-73.184181
13232.153320	-67.946548
13237.536621	-64.922287
13242.919922	-64.352158
13248.303223	-65.439217
13253.686523	-66.522568
13259.069824	-64.614235
13264.453125	-61.545994
13269.836426	-60.093102
13275.219727	-59.972218
13280.603027	-61.228405
13285.986328	-64.436401
13291.369629	-65.580162
13296.752930	-61.838696
13302.136230	-59.370949
13307.519531	-58.185753
13312.902832	-57.820015
13318.286133	-58.539047
13323.669434	-60.309994
13329.052734	-63.530537
13334.436035	-69.436592
13339.819336	-67.932930
13345.202637	-62.855919
13350.585938	-59.652042
13355.969238	-57.523048
13361.352539	-56.136772
13366.735840	-55.688808
13372.119141	-56.769035
13377.502441	-59.995117
13382.885742	-65.513412
13388.269043	-63.317429
13393.652344	-58.895901
13399.035645	-57.124748
13404.418945	-57.414238
13409.802246	-59.767311
13415.185547	-63.352795
13420.568848	-61.574207
13425.952148	-58.059074
13431.335449	-56.598110
13436.718750	-57.327126
13442.102051	-60.321510
13447.485352	-63.973362
13452.868652	-60.884159
13458.251953	-57.244560
13463.635254	-55.773293
13469.018555	-56.301666
13474.401855	-58.687275
13479.785156	-62.447132
13485.168457	-64.083252
13490.551758	-61.844772
13495.935059	-61.271362
13501.318359	-62.276394
13506.701660	-63.946606
13512.084961	-65.625504
13517.468262	-66.922462
13522.851562	-69.005241
13528.234863	-72.277176
13533.618164	-75.066948
13539.001465	-74.491234
13544.384766	-72.453484
13549.768066	-67.943260
13555.151367	-64.662430
13560.534668	-63.822590
13565.917969	-65.501495
13571.301270	-67.340363
13576.684570	-62.993553
13582.067871	-59.019756
13587.451172	-57.428490
13592.834473	-58.005772
13598.217773	-60.834183
13603.601074	-63.922867
13608.984375	-59.707821
13614.367676	-56.583359
13619.750977	-55.646400
13625.134277	-56.691284
13630.517578	-60.162918
13635.900879	-66.288177
13641.284180	-65.795776
13646.667480	-61.868519
13652.050781	-60.470203
13657.434082	-59.938812
13662.817383	-60.002926
13668.200684	-60.964031
13673.583984	-63.340164
13678.967285	-68.864319
13684.350586	-66.568512
13689.733887	-59.924328
13695.117188	-56.375858
13700.500488	-55.169029
13705.883789	-55.896332
13711.267090	-58.264503
13716.650391	-63.211979
13722.033691	-67.017647
13727.416992	-62.519482
13732.800293	-60.136692
13738.183594	-60.193623
13743.566895	-62.472855
13748.950195	-66.764587
13754.333496	-71.560608
13759.716797	-70.497635
13765.100098	-68.688309
13770.483398	-69.450096
13775.866699	-70.501091
13781.250000	-70.639046
13786.633301	-69.649345
13792.016602	-69.983444
13797.399902	-72.370979
13802.783203	-71.176537
13808.166504	-69.751709
13813.549805	-70.426994
13818.933105	-75.227852
13824.316406	-71.763451
13829.699707	-67.390770
13835.083008	-65.422783
13840.466309	-65.253624
13845.849609	-66.478561
13851.232910	-66.999496
13856.616211	-64.879860
13861.999512	-62.529297
13867.382812	-61.913593
13872.766113	-63.282192
13878.149414	-66.767342
13883.532715	-71.752136
13888.916016	-68.715508
13894.299316	-65.392258
13899.682617	-64.199318
13905.065918	-64.427864
13910.449219	-65.792854
13915.832520	-68.863785
13921.215820	-70.174980
13926.599121	-68.865410
13931.982422	-66.587402
13937.365723	-64.211906
13942.749023	-62.694706
13948.132324	-61.874626
13953.515625	-61.272575
13958.898926	-61.591682
13964.282227	-62.336380
13969.665527	-61.757698
13975.048828	-59.934158
13980.432129	-58.392185
13985.815430	-58.225395
13991.198730	-59.629887
13996.582031	-62.666454
14001.965332	-63.851414
14007.348633	-60.659283
14012.731934	-58.505493
14018.115234	-58.070232
14023.498535	-59.540333
14028.881836	-62.908337
14034.265137	-65.049881
14039.648438	-61.442078
14045.031738	-59.204430
14050.415039	-58.860542
14055.798340	-59.709782
14061.181641	-60.607853
14066.564941	-60.510834
14071.948242	-60.518486
14077.331543	-61.395523
14082.714844	-63.887657
14088.098145	-67.832535
14093.481445	-67.939545
14098.864746	-65.578934
14104.248047	-64.228012
14109.631348	-63.895973
14115.014648	-64.528984
14120.397949	-66.150650
14125.781250	-68.986717
14131.164551	-69.607109
14136.547852	-63.952858
14141.931152	-60.677174
14147.314453	-59.513966
14152.697754	-60.189346
14158.081055	-62.726631
14163.464355	-67.534164
14168.847656	-72.192917
14174.230957	-70.010704
14179.614258	-69.874405
14184.997559	-73.508606
14190.380859	-77.214493
14195.764160	-67.164505
14201.147461	-61.968784
14206.530762	-59.490913
14211.914062	-58.762798
14217.297363	-59.183132
14222.680664	-59.671528
14228.063965	-58.908623
14233.447266	-57.280621
14238.830566	-56.177097
14244.213867	-55.950172
14249.597168	-56.840862
14254.980469	-58.536148
14260.363770	-59.630676
14265.747070	-59.277412
14271.130371	-58.481560
14276.513672	-58.495457
14281.896973	-59.422382
14287.280273	-60.516804
14292.663574	-60.371052
14298.046875	-59.587524
14303.430176	-59.625713
14308.813477	-60.657352
14314.196777	-62.364162
14319.580078	-63.235634
14324.963379	-63.120808
14330.346680	-62.910198
14335.729980	-63.418373
14341.113281	-65.764381
14346.496582	-68.908669
14351.879883	-67.639038
14357.263184	-66.139732
14362.646484	-65.265450
14368.029785	-65.481598
14373.413086	-65.866348
14378.796387	-64.491859
14384.179688	-62.060642
14389.562988	-60.389568
14394.946289	-59.853268
14400.329590	-60.548244
14405.712891	-62.600880
14411.096191	-64.665550
14416.479492	-63.845055
14421.862793	-61.943348
14427.246094	-61.132751
14432.629395	-61.612480
14438.012695	-62.774563
14443.395996	-63.854168
14448.779297	-64.590958
14454.162598	-66.224350
14459.545898	-68.848259
14464.929199	-68.076523
14470.312500	-64.517006
14475.695801	-62.002434
14481.079102	-61.476395
14486.462402	-63.106380
14491.845703	-67.666527
14497.229004	-69.619965
14502.612305	-63.841991
14507.995605	-60.986919
14513.378906	-60.365990
14518.762207	-61.554569
14524.145508	-64.763031
14529.528809	-70.626534
14534.912109	-71.517288
14540.295410	-67.617401
14545.678711	-65.610168
14551.062012	-65.290146
14556.445312	-66.604980
14561.828613	-69.799835
14567.211914	-74.613731
14572.595215	-73.470154
14577.978516	-68.952866
14583.361816	-66.484261
14588.745117	-65.625740
14594.128418	-67.033600
14599.511719	-71.430534
14604.895020	-70.821281
14610.278320	-65.468140
14615.661621	-63.025261
14621.044922	-63.000034
14626.428223	-65.197617
14631.811523	-68.602425
14637.194824	-66.971657
14642.578125	-63.707726
14647.961426	-62.673580
14653.344727	-63.800232
14658.728027	-66.237862
14664.111328	-66.439682
14669.494629	-64.868996
14674.877930	-64.117714
14680.261230	-64.874939
14685.644531	-66.234444
14691.027832	-64.973175
14696.411133	-63.301826
14701.794434	-63.304825
14707.177734	-65.375305
14712.561035	-68.375206
14717.944336	-66.398125
14723.327637	-62.877850
14728.710938	-62.125366
14734.094238	-64.309662
14739.477539	-66.073395
14744.860840	-63.421494
14750.244141	-61.742344
14755.627441	-61.955902
14761.010742	-62.676540
14766.394043	-61.402397
14771.777344	-59.079620
14777.160645	-57.487236
14782.543945	-57.242928
14787.927246	-57.692062
14793.310547	-58.020828
14798.693848	-58.173328
14804.077148	-58.363941
14809.460449	-58.302994
14814.843750	-57.558907
14820.227051	-56.183067
14825.610352	-55.436409
14830.993652	-56.161160
14836.376953	-59.024387
14841.760254	-63.947762
14847.143555	-63.708260
14852.526855	-60.353848
14857.910156	-59.173969
14863.293457	-60.683559
14868.676758	-65.512428
14874.060059	-67.729591
14879.443359	-62.296188
14884.826660	-59.766483
14890.209961	-59.433018
14895.593262	-60.151455
14900.976562	-60.869164
14906.359863	-61.014988
14911.743164	-61.747158
14917.126465	-63.499100
14922.509766	-65.348206
14927.893066	-67.217133
14933.276367	-70.162376
14938.659668	-72.390427
14944.042969	-70.846458
14949.426270	-68.938583
14954.809570	-67.385361
14960.192871	-66.137146
14965.576172	-65.697037
14970.959473	-64.472916
14976.342773	-63.004898
14981.726074	-62.383389
14987.109375	-62.378712
14992.492676	-62.962894
14997.875977	-64.218491
15003.259277	-65.652130
15008.642578	-66.657616
15014.025879	-68.040825
15019.409180	-69.591972
15024.792480	-70.042252
15030.175781	-67.311646
15035.559082	-64.614555
15040.942383	-63.492245
15046.325684	-64.136398
15051.708984	-67.743805
15057.092285	-69.539948
15062.475586	-63.548252
15067.858887	-60.034065
15073.242188	-59.122738
15078.625488	-60.713322
15084.008789	-65.530609
15089.392090	-67.930267
15094.775391	-61.374599
15100.158691	-57.826134
15105.541992	-56.406250
15110.925293	-56.909107
15116.308594	-59.373093
15121.691895	-63.058659
15127.075195	-60.637009
15132.458496	-56.811661
15137.841797	-55.963425
15143.225098	-57.434799
15148.608398	-59.833088
15153.991699	-60.887028
15159.375000	-58.612961
15164.758301	-56.001476
15170.141602	-54.652142
15175.524902	-54.554531
15180.908203	-55.308167
15186.291504	-56.782894
15191.674805	-59.098743
15197.058105	-62.524986
15202.441406	-67.580742
15207.824707	-65.880257
15213.208008	-62.536999
15218.591309	-61.721416
15223.974609	-63.090256
15229.357910	-65.942581
15234.741211	-64.559166
15240.124512	-61.475052
15245.507812	-60.588867
15250.891113	-61.986450
15256.274414	-65.891182
15261.657715	-69.574509
15267.041016	-65.463394
15272.424316	-63.972946
15277.807617	-65.344971
15283.190918	-69.792946
15288.574219	-69.417778
15293.957520	-65.493668
15299.340820	-64.250290
15304.724121	-64.121452
15310.107422	-64.623230
15315.490723	-64.970963
15320.874023	-66.182617
15326.257324	-68.756523
15331.640625	-70.937836
15337.023926	-71.077957
15342.407227	-68.702904
15347.790527	-67.223747
15353.173828	-66.926414
15358.557129	-67.537819
15363.940430	-68.631386
15369.323730	-70.199211
15374.707031	-71.463455
15380.090332	-67.103760
15385.473633	-63.656113
15390.856934	-62.277748
15396.240234	-62.255276
15401.623535	-64.350784
15407.006836	-69.327255
15412.390137	-72.924995
15417.773438	-68.170029
15423.156738	-64.530540
15428.540039	-63.489788
15433.923340	-63.816597
15439.306641	-65.153114
15444.689941	-67.177193
15450.073242	-68.847122
15455.456543	-67.567947
15460.839844	-64.910851
15466.223145	-63.361271
15471.606445	-63.411682
15476.989746	-65.820107
15482.373047	-70.617500
15487.756348	-69.863914
15493.139648	-66.501953
15498.522949	-64.124397
15503.906250	-62.926250
15509.289551	-63.812511
15514.672852	-66.593239
15520.056152	-68.434593
15525.439453	-69.369026
15530.822754	-66.046043
15536.206055	-63.754642
15541.589355	-63.946854
15546.972656	-65.150368
15552.355957	-65.748291
15557.739258	-65.073349
15563.122559	-63.869186
15568.505859	-64.046089
15573.889160	-66.000496
15579.272461	-68.290588
15584.655762	-67.200211
15590.039062	-64.448524
15595.422363	-63.331871
15600.805664	-63.945908
15606.188965	-66.584808
15611.572266	-71.730453
15616.955566	-69.817429
15622.338867	-65.102577
15627.722168	-63.485500
15633.105469	-63.827583
15638.488770	-65.893814
15643.872070	-70.071671
15649.255371	-73.439789
15654.638672	-73.043953
15660.021973	-73.144379
15665.405273	-74.920525
15670.788574	-73.694855
15676.171875	-73.715790
15681.555176	-77.445053
15686.938477	-77.323975
15692.321777	-74.787483
15697.705078	-74.616844
15703.088379	-74.114845
15708.471680	-72.808022
15713.854980	-69.871346
15719.238281	-67.622948
15724.621582	-67.341888
15730.004883	-69.686180
15735.388184	-73.017441
15740.771484	-69.594666
15746.154785	-66.060707
15751.538086	-64.482162
15756.921387	-65.141022
15762.304688	-68.697380
15767.687988	-73.595612
15773.071289	-69.929756
15778.454590	-65.583702
15783.837891	-64.586525
15789.221191	-66.156090
15794.604492	-68.106255
15799.987793	-65.324028
15805.371094	-62.350582
15810.754395	-61.218597
15816.137695	-61.839745
15821.520996	-64.418419
15826.904297	-65.574257
15832.287598	-62.985760
15837.670898	-61.006504
15843.054199	-60.282475
15848.437500	-60.302952
15853.820801	-61.034756
15859.204102	-62.912231
15864.587402	-64.022026
15869.970703	-63.700653
15875.354004	-63.813087
15880.737305	-65.084801
15886.120605	-68.053398
15891.503906	-73.003395
15896.887207	-70.554863
15902.270508	-65.007713
15907.653809	-63.205986
15913.037109	-63.799496
15918.420410	-65.971352
15923.803711	-69.052315
15929.187012	-71.822052
15934.570312	-72.561890
15939.953613	-72.424858
15945.336914	-72.561707
15950.720215	-72.165016
15956.103516	-71.921257
15961.486816	-70.068192
15966.870117	-67.067230
15972.253418	-65.934280
15977.636719	-67.501968
15983.020020	-69.328896
15988.403320	-67.048462
15993.786621	-64.035156
15999.169922	-62.618816
16004.553223	-63.293823
16009.936523	-65.744499
16015.319824	-65.383263
16020.703125	-61.595558
16026.086426	-59.295567
16031.469727	-58.572033
16036.853027	-59.442715
16042.236328	-61.796520
16047.619629	-63.318314
16053.002930	-61.421207
16058.386230	-59.223480
16063.769531	-58.520653
16069.152832	-59.398109
16074.536133	-61.316505
16079.919434	-62.386307
16085.302734	-61.498859
16090.686035	-60.701229
16096.069336	-61.328522
16101.452637	-64.031715
16106.835938	-67.250710
16112.219238	-65.149323
16117.602539	-62.889339
16122.985840	-62.725735
16128.369141	-64.082764
16133.752441	-68.151451
16139.135742	-67.664688
16144.519043	-63.710274
16149.902344	-61.431351
16155.285645	-60.304008
16160.668945	-61.451591
16166.052246	-64.542427
16171.435547	-64.908157
16176.818848	-61.568649
16182.202148	-59.919815
16187.585449	-60.287815
16192.968750	-63.154324
16198.352051	-69.071205
16203.735352	-64.284073
16209.118652	-60.570175
16214.501953	-59.357410
16219.885254	-60.108723
16225.268555	-63.145149
16230.651855	-69.045120
16236.035156	-68.457214
16241.418457	-64.301666
16246.801758	-62.482662
16252.185059	-61.892189
16257.568359	-61.706776
16262.951660	-62.107826
16268.334961	-63.396587
16273.718262	-66.063263
16279.101562	-71.039642
16284.484863	-68.167175
16289.868164	-63.233173
16295.251465	-60.924389
16300.634766	-60.493492
16306.018066	-61.785870
16311.401367	-64.900726
16316.784668	-68.853966
16322.167969	-67.127060
16327.551270	-64.633568
16332.934570	-63.981869
16338.317871	-65.098289
16343.701172	-67.757408
16349.084473	-70.552994
16354.467773	-71.363396
16359.851074	-69.823814
16365.234375	-68.857300
16370.617676	-68.848366
16376.000977	-70.237717
16381.384277	-74.138580
16386.767578	-75.350021
16392.150879	-67.878868
16397.534180	-64.320015
16402.917480	-63.350456
16408.300781	-64.841797
16413.684082	-69.945328
16419.067383	-69.716721
16424.450684	-63.764000
16429.833984	-60.821659
16435.217285	-60.232632
16440.600586	-61.912590
16445.983887	-65.602074
16451.367188	-69.172852
16456.750488	-66.807007
16462.133789	-65.020233
16467.517090	-65.639221
16472.900391	-69.348381
16478.283691	-73.484169
16483.666992	-67.603477
16489.050293	-63.025299
16494.433594	-60.253040
16499.816895	-59.224220
16505.200195	-59.704914
16510.583496	-61.953274
16515.966797	-64.608452
16521.350098	-62.145988
16526.733398	-58.715649
16532.116699	-57.315193
16537.500000	-57.932720
16542.883301	-60.884121
16548.266602	-66.875465
16553.649902	-65.041908
16559.033203	-60.947571
16564.416504	-59.559696
16569.799805	-60.280315
16575.183105	-63.303055
16580.566406	-67.694366
16585.949707	-66.995872
16591.333008	-63.627254
16596.716309	-62.519077
16602.099609	-63.566429
16607.482910	-67.110222
16612.866211	-71.292503
16618.249512	-66.276634
16623.632812	-62.874992
16629.016113	-61.665516
16634.399414	-62.259724
16639.782715	-64.908783
16645.166016	-69.075035
16650.549316	-67.713203
16655.932617	-64.203545
16661.315918	-62.781223
16666.699219	-63.203865
16672.082520	-64.999748
16677.465820	-67.207848
16682.849121	-67.566849
16688.232422	-65.983475
16693.615723	-65.047157
16698.999023	-65.408127
16704.382324	-66.389465
16709.765625	-67.973854
16715.148926	-69.230690
16720.532227	-68.940056
16725.915527	-68.019997
16731.298828	-67.932678
16736.682129	-68.780586
16742.065430	-70.646873
16747.448730	-73.515427
16752.832031	-75.189743
16758.215332	-73.339760
16763.598633	-71.546005
16768.981934	-71.007324
16774.365234	-71.991821
16779.748535	-74.039070
16785.131836	-76.613663
16790.515137	-74.120110
16795.898438	-69.663918
16801.281738	-66.705307
16806.665039	-65.334473
16812.048340	-65.607941
16817.431641	-67.463211
16822.814941	-71.324135
16828.198242	-74.777199
16833.581543	-69.680115
16838.964844	-66.137711
16844.348145	-64.684509
16849.731445	-64.985023
16855.114746	-67.015976
16860.498047	-70.183777
16865.881348	-70.207306
16871.264648	-67.039665
16876.647949	-65.226501
16882.031250	-65.080048
16887.414551	-66.898117
16892.797852	-70.259254
16898.181152	-69.717926
16903.564453	-66.669235
16908.947754	-65.020294
16914.331055	-65.168694
16919.714355	-67.092743
16925.097656	-71.190613
16930.480957	-75.180389
16935.864258	-72.142937
16941.247559	-69.509109
16946.630859	-69.285492
16952.014160	-71.654297
16957.397461	-76.140038
16962.780762	-75.591949
16968.164062	-71.867897
16973.547363	-70.347900
16978.930664	-70.565346
16984.313965	-72.834007
16989.697266	-77.363480
16995.080566	-79.069511
17000.463867	-73.813896
17005.847168	-70.001991
17011.230469	-68.499176
17016.613770	-68.777802
17021.997070	-70.240952
17027.380371	-68.922493
17032.763672	-65.489075
17038.146973	-63.470264
17043.530273	-63.211449
17048.913574	-65.023529
17054.296875	-68.400246
17059.680176	-67.810318
17065.063477	-64.548477
17070.446777	-63.134262
17075.830078	-63.834335
17081.213379	-67.262199
17086.596680	-73.329979
17091.979980	-69.588684
17097.363281	-65.701591
17102.746582	-64.817612
17108.129883	-66.207962
17113.513184	-69.143333
17118.896484	-71.920288
17124.279785	-71.092857
17129.663086	-69.732674
17135.046387	-69.017174
17140.429688	-68.413589
17145.812988	-68.012291
17151.196289	-68.022316
17156.579590	-69.355766
17161.962891	-72.198303
17167.346191	-72.515793
17172.729492	-68.608727
17178.112793	-65.764015
17183.496094	-64.400383
17188.879395	-64.228096
17194.262695	-65.485794
17199.645996	-67.302170
17205.029297	-67.096565
17210.412598	-64.816818
17215.795898	-63.004341
17221.179199	-63.066303
17226.562500	-65.218765
17231.945801	-69.941368
17237.329102	-71.870491
17242.712402	-67.116676
17248.095703	-64.921432
17253.479004	-65.095398
17258.862305	-66.656181
17264.245605	-66.635986
17269.628906	-65.817024
17275.012207	-66.133583
17280.395508	-68.240768
17285.778809	-70.267784
17291.162109	-66.980827
17296.545410	-64.838814
17301.928711	-64.985535
17307.312012	-67.803673
17312.695312	-71.730103
17318.078613	-68.716545
17323.461914	-66.083565
17328.845215	-65.572586
17334.228516	-66.979370
17339.611816	-67.257378
17344.995117	-65.252251
17350.378418	-64.701874
17355.761719	-67.231895
17361.145020	-71.768837
17366.528320	-67.938797
17371.911621	-63.474541
17377.294922	-61.696762
17382.678223	-61.317825
17388.061523	-61.389282
17393.444824	-60.787033
17398.828125	-59.728249
17404.211426	-58.801437
17409.594727	-57.856678
17414.978027	-57.258862
17420.361328	-57.342598
17425.744629	-58.458149
17431.127930	-60.931103
17436.511230	-63.439476
17441.894531	-62.454369
17447.277832	-60.281364
17452.661133	-59.732334
17458.044434	-60.906090
17463.427734	-62.394733
17468.811035	-61.116226
17474.194336	-58.781494
17479.577637	-57.831444
17484.960938	-58.371437
17490.344238	-59.973473
17495.727539	-61.063938
17501.110840	-60.914875
17506.494141	-60.831425
17511.877441	-61.493000
17517.260742	-62.499062
17522.644043	-62.145023
17528.027344	-61.183895
17533.410645	-61.530121
17538.793945	-63.953659
17544.177246	-67.539520
17549.560547	-65.407806
17554.943848	-62.002804
17560.327148	-60.937393
17565.710449	-62.260162
17571.093750	-65.978561
17576.477051	-69.571289
17581.860352	-66.651451
17587.243652	-64.541756
17592.626953	-64.796471
17598.010254	-67.274696
17603.393555	-71.125061
17608.776855	-70.889648
17614.160156	-68.766304
17619.543457	-68.140282
17624.926758	-68.933571
17630.310059	-71.610146
17635.693359	-76.017548
17641.076660	-75.916695
17646.459961	-71.279198
17651.843262	-68.286133
17657.226562	-67.724831
17662.609863	-68.557518
17667.993164	-69.987335
17673.376465	-69.956711
17678.759766	-67.889984
17684.143066	-67.242943
17689.526367	-68.240417
17694.909668	-70.287926
17700.292969	-68.715988
17705.676270	-66.154869
17711.059570	-65.225006
17716.442871	-66.245674
17721.826172	-70.144127
17727.209473	-73.351448
17732.592773	-70.740524
17737.976074	-68.271942
17743.359375	-67.592926
17748.742676	-68.948555
17754.125977	-71.007797
17759.509277	-73.338776
17764.892578	-74.739738
17770.275879	-71.205025
17775.659180	-67.888321
17781.042480	-66.470245
17786.425781	-67.271645
17791.809082	-70.924850
17797.192383	-75.614532
17802.575684	-71.717026
17807.958984	-68.882973
17813.342285	-69.408150
17818.725586	-72.385490
17824.108887	-73.804001
17829.492188	-70.550430
17834.875488	-68.937134
17840.258789	-70.251030
17845.642090	-74.281143
17851.025391	-76.956955
17856.408691	-73.209038
17861.791992	-72.218262
17867.175293	-74.407936
17872.558594	-78.888680
17877.941895	-78.061241
17883.325195	-74.092598
17888.708496	-72.696472
17894.091797	-70.820541
17899.475098	-67.959282
17904.858398	-66.084351
17910.241699	-66.030243
17915.625000	-68.060654
17921.008301	-71.223206
17926.391602	-67.975029
17931.774902	-64.239647
17937.158203	-62.730049
17942.541504	-63.476089
17947.924805	-66.789955
17953.308105	-70.623543
17958.691406	-66.799797
17964.074707	-63.526428
17969.458008	-62.669823
17974.841309	-63.001022
17980.224609	-63.362877
17985.607910	-62.989445
17990.991211	-62.785591
17996.374512	-63.811268
18001.757812	-65.668343
18007.141113	-65.509636
18012.524414	-63.000378
18017.907715	-61.635845
18023.291016	-62.067169
18028.674316	-64.544655
18034.057617	-67.796921
18039.440918	-65.884598
18044.824219	-63.044914
18050.207520	-62.025948
18055.590820	-63.055275
18060.974121	-66.132896
18066.357422	-69.990303
18071.740723	-68.332062
18077.124023	-65.475777
18082.507324	-64.921005
18087.890625	-66.109062
18093.273926	-69.052414
18098.657227	-74.162437
18104.040527	-80.691566
18109.423828	-80.460083
18114.807129	-76.503365
18120.190430	-73.546455
18125.573730	-72.082161
18130.957031	-71.763847
18136.340332	-72.904984
18141.723633	-74.482422
18147.106934	-75.628342
18152.490234	-76.545143
18157.873535	-76.359177
18163.256836	-77.108330
18168.640137	-77.971924
18174.023438	-77.779137
18179.406738	-74.184082
18184.790039	-71.869888
18190.173340	-70.859200
18195.556641	-70.749382
18200.939941	-69.881302
18206.323242	-67.929474
18211.706543	-66.864235
18217.089844	-66.995888
18222.473145	-68.535118
18227.856445	-68.494026
18233.239746	-66.021706
18238.623047	-64.196472
18244.006348	-64.256111
18249.389648	-66.634544
18254.772949	-69.759705
18260.156250	-66.938019
18265.539551	-63.242146
18270.922852	-61.735039
18276.306152	-62.036808
18281.689453	-64.132233
18287.072754	-68.511681
18292.456055	-71.414528
18297.839355	-67.456116
18303.222656	-64.502045
18308.605957	-63.495872
18313.989258	-63.809151
18319.372559	-65.355789
18324.755859	-68.800316
18330.139160	-74.698242
18335.522461	-76.791092
18340.905762	-72.123932
18346.289062	-69.384796
18351.672363	-68.323593
18357.055664	-68.206017
18362.438965	-68.698952
18367.822266	-69.726234
18373.205566	-71.665565
18378.588867	-75.077682
18383.972168	-78.536201
18389.355469	-74.817322
18394.738770	-70.665009
18400.122070	-68.508240
18405.505371	-68.077263
18410.888672	-69.064041
18416.271973	-71.542068
18421.655273	-75.688316
18427.038574	-77.686600
18432.421875	-74.746346
18437.805176	-71.765976
18443.188477	-70.151588
18448.571777	-69.192963
18453.955078	-69.018288
18459.338379	-70.327347
18464.721680	-73.364838
18470.104980	-76.114166
18475.488281	-71.686760
18480.871582	-68.096283
18486.254883	-66.508591
18491.638184	-66.841736
18497.021484	-68.996941
18502.404785	-71.901794
18507.788086	-71.229980
18513.171387	-67.646629
18518.554688	-65.451759
18523.937988	-64.495667
18529.321289	-64.903259
18534.704590	-66.775101
18540.087891	-68.611588
18545.471191	-67.159966
18550.854492	-64.390274
18556.237793	-63.363556
18561.621094	-64.082695
18567.004395	-66.257416
18572.387695	-67.091431
18577.770996	-64.481598
18583.154297	-62.483524
18588.537598	-61.946255
18593.920898	-62.656883
18599.304199	-63.426781
18604.687500	-63.154911
18610.070801	-62.206985
18615.454102	-61.484055
18620.837402	-61.140354
18626.220703	-60.885124
18631.604004	-61.214893
18636.987305	-62.525192
18642.370605	-64.972397
18647.753906	-66.467102
18653.137207	-64.248390
18658.520508	-62.043278
18663.903809	-61.369308
18669.287109	-62.559589
18674.670410	-65.781105
18680.053711	-71.974709
18685.437012	-73.326118
18690.820312	-68.359398
18696.203613	-66.186630
18701.586914	-65.570282
18706.970215	-66.243340
18712.353516	-67.661949
18717.736816	-69.846977
18723.120117	-74.085632
18728.503418	-78.437073
18733.886719	-75.248108
18739.270020	-70.823929
18744.653320	-67.599884
18750.036621	-66.091576
18755.419922	-66.120850
18760.803223	-67.469894
18766.186523	-70.202484
18771.569824	-73.523087
18776.953125	-69.340630
18782.336426	-65.520172
18787.719727	-64.051254
18793.103027	-64.119240
18798.486328	-65.909744
18803.869629	-70.659470
18809.252930	-73.397362
18814.636230	-67.802437
18820.019531	-65.478958
18825.402832	-65.338806
18830.786133	-66.887115
18836.169434	-71.036522
18841.552734	-73.063393
18846.936035	-68.566750
18852.319336	-66.888130
18857.702637	-67.144531
18863.085938	-68.151512
18868.469238	-70.620941
18873.852539	-74.138344
18879.235840	-73.023880
18884.619141	-72.176613
18890.002441	-71.440010
18895.385742	-69.493477
18900.769043	-69.379364
18906.152344	-71.507675
18911.535645	-71.833038
18916.918945	-69.193245
18922.302246	-66.646248
18927.685547	-65.072823
18933.068848	-64.654037
18938.452148	-65.148018
18943.835449	-65.141106
18949.218750	-64.713203
18954.602051	-64.242607
18959.985352	-63.166992
18965.368652	-62.368820
18970.751953	-62.179905
18976.135254	-62.433628
18981.518555	-63.187504
18986.901855	-64.344261
18992.285156	-64.798485
18997.668457	-64.034348
19003.051758	-63.124836
19008.435059	-62.466557
19013.818359	-62.821632
19019.201660	-64.692886
19024.584961	-68.288696
19029.968262	-70.717941
19035.351562	-66.623299
19040.734863	-63.723038
19046.118164	-62.932751
19051.501465	-64.177963
19056.884766	-67.177460
19062.268066	-70.407127
19067.651367	-69.435532
19073.034668	-67.102715
19078.417969	-66.454277
19083.801270	-67.808174
19089.184570	-72.119949
19094.567871	-78.814339
19099.951172	-74.509338
19105.334473	-71.123772
19110.717773	-70.530884
19116.101074	-72.772728
19121.484375	-77.583130
19126.867676	-78.687538
19132.250977	-77.539619
19137.634277	-80.266708
19143.017578	-79.356850
19148.400879	-72.798546
19153.784180	-70.169670
19159.167480	-70.731209
19164.550781	-71.423592
19169.934082	-67.978363
19175.317383	-64.115623
19180.700684	-62.346367
19186.083984	-62.483692
19191.467285	-64.366241
19196.850586	-66.412231
19202.233887	-64.523483
19207.617188	-62.465881
19213.000488	-62.200890
19218.383789	-64.067673
19223.767090	-68.172554
19229.150391	-69.646553
19234.533691	-66.741470
19239.916992	-65.703255
19245.300293	-67.822227
19250.683594	-73.151558
19256.066895	-71.638100
19261.450195	-67.412453
19266.833496	-66.805130
19272.216797	-69.122688
19277.600098	-71.756355
19282.983398	-67.731819
19288.366699	-64.469742
19293.750000	-63.657135
19299.133301	-64.649765
19304.516602	-66.907074
19309.899902	-68.081642
19315.283203	-67.453522
19320.666504	-66.470589
19326.049805	-66.004379
19331.433105	-66.194237
19336.816406	-66.890068
19342.199707	-68.999176
19347.583008	-72.490021
19352.966309	-71.490997
19358.349609	-67.278145
19363.732910	-65.315903
19369.116211	-64.923950
19374.499512	-66.029755
19379.882812	-68.566750
19385.266113	-70.028580
19390.649414	-67.984612
19396.032715	-65.011703
19401.416016	-63.217541
19406.799316	-62.838818
19412.182617	-64.403305
19417.565918	-68.637039
19422.949219	-71.059921
19428.332520	-65.314651
19433.715820	-62.133743
19439.099121	-61.557625
19444.482422	-63.057713
19449.865723	-67.268501
19455.249023	-73.088799
19460.632324	-68.942230
19466.015625	-65.937431
19471.398926	-65.721687
19476.782227	-67.961441
19482.165527	-72.202065
19487.548828	-77.358063
19492.932129	-77.441338
19498.315430	-75.989532
19503.698730	-74.182014
19509.082031	-73.068909
19514.465332	-74.214050
19519.848633	-78.656967
19525.231934	-78.019440
19530.615234	-71.079857
19535.998535	-67.846382
19541.381836	-66.859474
19546.765137	-68.217957
19552.148438	-72.402489
19557.531738	-74.694771
19562.915039	-68.605461
19568.298340	-65.365791
19573.681641	-64.562683
19579.064941	-65.647820
19584.448242	-69.227585
19589.831543	-73.087837
19595.214844	-68.731010
19600.598145	-65.346138
19605.981445	-64.086311
19611.364746	-64.867798
19616.748047	-67.145874
19622.131348	-69.962784
19627.514648	-69.013618
19632.897949	-65.869972
19638.281250	-64.088097
19643.664551	-63.713219
19649.047852	-64.926567
19654.431152	-67.970787
19659.814453	-71.403252
19665.197754	-68.073524
19670.581055	-64.516960
19675.964355	-63.066940
19681.347656	-63.273575
19686.730957	-65.334267
19692.114258	-69.759163
19697.497559	-73.711121
19702.880859	-70.043594
19708.264160	-68.176804
19713.647461	-68.777168
19719.030762	-71.323959
19724.414062	-74.824524
19729.797363	-75.172600
19735.180664	-76.188957
19740.563965	-77.690155
19745.947266	-71.648933
19751.330566	-67.231163
19756.713867	-65.425323
19762.097168	-66.076920
19767.480469	-69.046501
19772.863770	-71.983727
19778.247070	-67.986847
19783.630371	-64.767136
19789.013672	-63.727329
19794.396973	-64.055328
19799.780273	-64.741135
19805.163574	-64.668030
19810.546875	-64.387306
19815.930176	-64.555756
19821.313477	-65.258789
19826.696777	-65.332962
19832.080078	-63.643967
19837.463379	-62.354549
19842.846680	-62.143219
19848.229980	-63.060196
19853.613281	-64.953018
19858.996582	-66.569695
19864.379883	-66.358116
19869.763184	-65.427544
19875.146484	-65.117706
19880.529785	-64.811005
19885.913086	-64.394943
19891.296387	-64.132156
19896.679688	-64.594643
19902.062988	-66.863640
19907.446289	-71.032791
19912.829590	-71.103600
19918.212891	-66.973167
19923.596191	-64.551392
19928.979492	-63.925125
19934.362793	-64.897774
19939.746094	-67.012566
19945.129395	-68.218575
19950.512695	-67.556862
19955.895996	-66.176468
19961.279297	-65.660202
19966.662598	-65.897842
19972.045898	-65.750526
19977.429199	-65.226204
19982.812500	-65.147423
19988.195801	-66.206856
19993.579102	-68.294106
19998.962402	-70.457596
20004.345703	-70.148453
20009.729004	-68.399246
20015.112305	-68.260658
20020.495605	-70.694824
20025.878906	-74.512253
20031.262207	-76.317444
20036.645508	-73.786743
20042.028809	-71.858910
20047.412109	-73.396782
20052.795410	-77.807053
20058.178711	-77.593742
20063.562012	-76.262993
20068.945312	-76.729576
20074.328613	-78.455811
20079.711914	-80.448608
20085.095215	-77.227325
20090.478516	-75.127922
20095.861816	-76.547424
20101.245117	-76.784592
20106.628418	-73.417656
20112.011719	-70.391182
20117.395020	-68.790268
20122.778320	-69.157501
20128.161621	-70.684212
20133.544922	-71.626183
20138.928223	-70.407875
20144.311523	-68.909424
20149.694824	-68.625305
20155.078125	-69.760887
20160.461426	-72.936035
20165.844727	-76.860451
20171.228027	-76.605736
20176.611328	-76.865593
20181.994629	-78.374710
20187.377930	-74.456604
20192.761230	-69.117561
20198.144531	-66.240067
20203.527832	-64.980530
20208.911133	-65.451401
20214.294434	-67.824623
20219.677734	-69.793839
20225.061035	-68.390182
20230.444336	-65.862679
20235.827637	-64.898643
20241.210938	-65.715019
20246.594238	-68.098152
20251.977539	-71.289497
20257.360840	-71.293968
20262.744141	-69.879425
20268.127441	-69.966370
20273.510742	-72.372849
20278.894043	-77.687469
20284.277344	-80.859749
20289.660645	-74.393707
20295.043945	-70.494873
20300.427246	-68.771294
20305.810547	-68.398178
20311.193848	-70.205101
20316.577148	-73.265289
20321.960449	-71.915962
20327.343750	-68.469658
20332.727051	-66.774681
20338.110352	-67.298782
20343.493652	-70.024384
20348.876953	-74.671249
20354.260254	-71.967468
20359.643555	-68.543480
20365.026855	-67.765808
20370.410156	-69.448280
20375.793457	-74.420326
20381.176758	-74.753708
20386.560059	-69.247391
20391.943359	-66.831474
20397.326660	-66.852089
20402.709961	-69.084030
20408.093262	-72.730804
20413.476562	-71.682968
20418.859863	-68.335693
20424.243164	-67.019310
20429.626465	-67.555916
20435.009766	-70.118446
20440.393066	-73.792511
20445.776367	-74.596649
20451.159668	-73.985443
20456.542969	-74.998512
20461.926270	-77.272469
20467.309570	-76.927101
20472.692871	-75.090096
20478.076172	-76.039383
20483.459473	-80.271568
20488.842773	-76.497696
20494.226074	-71.394058
20499.609375	-69.191208
20504.992676	-69.582420
20510.375977	-72.853340
20515.759277	-77.875443
20521.142578	-72.038010
20526.525879	-68.000710
20531.909180	-66.705002
20537.292480	-67.449699
20542.675781	-70.616028
20548.059082	-73.434311
20553.442383	-70.467789
20558.825684	-66.989342
20564.208984	-65.121582
20569.592285	-64.427597
20574.975586	-64.602547
20580.358887	-65.785332
20585.742188	-67.134506
20591.125488	-66.915367
20596.508789	-64.977882
20601.892090	-63.703735
20607.275391	-63.925220
20612.658691	-65.633614
20618.041992	-68.084091
20623.425293	-67.272003
20628.808594	-65.339813
20634.191895	-64.925407
20639.575195	-66.752037
20644.958496	-71.005096
20650.341797	-71.297966
20655.725098	-68.024399
20661.108398	-67.086784
20666.491699	-69.383598
20671.875000	-74.874733
20677.258301	-73.199692
20682.641602	-68.982155
20688.024902	-68.093376
20693.408203	-70.449142
20698.791504	-75.376114
20704.174805	-73.371307
20709.558105	-69.785645
20714.941406	-69.425171
20720.324707	-72.375534
20725.708008	-77.905022
20731.091309	-73.658455
20736.474609	-70.551559
20741.857910	-70.175575
20747.241211	-72.223923
20752.624512	-74.084076
20758.007812	-71.233368
20763.391113	-69.157402
20768.774414	-68.788651
20774.157715	-70.838974
20779.541016	-75.282135
20784.924316	-76.990540
20790.307617	-74.131790
20795.690918	-72.646065
20801.074219	-73.833626
20806.457520	-77.040329
20811.840820	-82.874992
20817.224121	-84.443398
20822.607422	-76.694275
20827.990723	-71.741150
20833.374023	-69.532051
20838.757324	-69.429939
20844.140625	-71.785843
20849.523926	-77.022522
20854.907227	-72.198112
20860.290527	-66.835724
20865.673828	-64.279045
20871.057129	-63.884235
20876.440430	-65.304489
20881.823730	-69.253830
20887.207031	-75.642242
20892.590332	-70.864243
20897.973633	-66.995415
20903.356934	-65.506371
20908.740234	-66.068977
20914.123535	-68.451698
20919.506836	-72.112129
20924.890137	-72.657120
20930.273438	-70.254913
20935.656738	-69.330704
20941.040039	-70.220688
20946.423340	-72.421959
20951.806641	-72.445450
20957.189941	-70.607574
20962.573242	-69.855766
20967.956543	-70.908195
20973.339844	-74.059715
20978.723145	-78.677277
20984.106445	-74.236122
20989.489746	-69.625862
20994.873047	-66.995667
21000.256348	-65.871796
21005.639648	-66.366074
21011.022949	-68.565971
21016.406250	-72.034073
21021.789551	-70.795837
21027.172852	-67.379555
21032.556152	-65.772614
21037.939453	-65.938431
21043.322754	-68.177498
21048.706055	-72.543587
21054.089355	-78.115356
21059.472656	-76.690079
21064.855957	-74.658806
21070.239258	-74.244659
21075.622559	-72.503197
21081.005859	-70.427528
21086.389160	-70.027908
21091.772461	-71.292641
21097.155762	-74.528320
21102.539062	-75.123451
21107.922363	-70.258530
21113.305664	-67.279991
21118.688965	-66.066002
21124.072266	-66.732826
21129.455566	-69.231255
21134.838867	-73.061249
21140.222168	-72.675087
21145.605469	-69.134705
21150.988770	-67.598091
21156.372070	-67.877838
21161.755371	-70.144615
21167.138672	-74.101173
21172.521973	-77.160675
21177.905273	-76.830963
21183.288574	-76.457825
21188.671875	-77.657143
21194.055176	-76.498833
21199.438477	-75.206093
21204.821777	-75.175842
21210.205078	-78.042633
21215.588379	-82.006737
21220.971680	-77.435799
21226.354980	-74.298950
21231.738281	-73.527924
21237.121582	-75.352379
21242.504883	-79.483620
21247.888184	-85.451569
21253.271484	-86.895393
21258.654785	-88.118301
21264.038086	-88.410568
21269.421387	-83.428406
21274.804688	-80.701523
21280.187988	-78.804787
21285.571289	-76.865456
21290.954590	-74.998787
21296.337891	-74.229843
21301.721191	-75.615891
21307.104492	-77.751312
21312.487793	-74.269463
21317.871094	-70.466484
21323.254395	-68.530090
21328.637695	-68.404823
21334.020996	-69.605164
21339.404297	-71.891533
21344.787598	-72.354797
21350.170898	-69.820168
21355.554199	-66.983627
21360.937500	-64.878120
21366.320801	-63.912182
21371.704102	-64.212509
21377.087402	-66.344635
21382.470703	-69.528587
21387.854004	-68.025200
21393.237305	-64.467705
21398.620605	-62.650948
21404.003906	-62.805782
21409.387207	-64.742668
21414.770508	-68.968025
21420.153809	-72.453087
21425.537109	-68.959114
21430.920410	-66.704964
21436.303711	-66.428604
21441.687012	-68.095688
21447.070312	-71.568008
21452.453613	-77.666023
21457.836914	-79.257568
21463.220215	-74.101929
21468.603516	-71.565010
21473.986816	-71.180000
21479.370117	-73.352386
21484.753418	-78.217491
21490.136719	-78.565331
21495.520020	-73.937859
21500.903320	-72.383186
21506.286621	-73.367279
21511.669922	-76.822365
21517.053223	-76.167839
21522.436523	-71.908150
21527.819824	-69.606262
21533.203125	-69.726295
21538.586426	-72.376335
21543.969727	-75.123291
21549.353027	-71.414795
21554.736328	-67.482040
21560.119629	-65.898109
21565.502930	-66.110947
21570.886230	-67.687729
21576.269531	-69.423264
21581.652832	-68.353912
21587.036133	-66.392654
21592.419434	-65.764252
21597.802734	-66.730919
21603.186035	-68.586464
21608.569336	-69.064857
21613.952637	-67.423027
21619.335938	-66.457794
21624.719238	-66.908379
21630.102539	-69.040199
21635.485840	-74.178596
21640.869141	-80.475433
21646.252441	-75.588860
21651.635742	-71.988640
21657.019043	-70.466118
21662.402344	-69.931526
21667.785645	-70.160515
21673.168945	-71.749756
21678.552246	-75.068840
21683.935547	-80.704727
21689.318848	-77.161087
21694.702148	-72.277992
21700.085449	-69.966049
21705.468750	-69.226387
21710.852051	-70.449364
21716.235352	-73.767799
21721.618652	-78.052696
21727.001953	-74.576653
21732.385254	-70.530289
21737.768555	-69.157463
21743.151855	-69.799080
21748.535156	-72.618660
21753.918457	-76.146988
21759.301758	-72.747177
21764.685059	-69.874290
21770.068359	-69.164253
21775.451660	-70.924049
21780.834961	-75.349503
21786.218262	-76.066719
21791.601562	-71.708778
21796.984863	-69.736099
21802.368164	-70.629845
21807.751465	-74.309418
21813.134766	-78.045151
21818.518066	-73.584274
21823.901367	-70.768784
21829.284668	-71.083618
21834.667969	-73.813362
21840.051270	-77.451950
21845.434570	-73.098373
21850.817871	-69.800568
21856.201172	-69.129028
21861.584473	-70.406380
21866.967773	-74.454422
21872.351074	-76.884460
21877.734375	-72.924934
21883.117676	-70.687248
21888.500977	-70.540924
21893.884277	-72.257454
21899.267578	-74.094826
21904.650879	-75.407639
21910.034180	-76.494148
21915.417480	-77.881073
21920.800781	-72.939728
21926.184082	-68.508659
21931.567383	-66.306068
21936.950684	-65.991112
21942.333984	-68.206604
21947.717285	-73.254349
21953.100586	-71.565643
21958.483887	-66.413361
21963.867188	-64.167664
21969.250488	-64.501541
21974.633789	-67.238930
21980.017090	-72.750130
21985.400391	-70.416016
21990.783691	-66.195328
21996.166992	-65.168884
22001.550293	-66.851616
22006.933594	-71.590080
22012.316895	-72.217087
22017.700195	-67.689537
22023.083496	-66.221786
22028.466797	-67.758095
22033.850098	-72.409081
22039.233398	-72.214874
22044.616699	-67.629669
