Frequency (Hz)	Level (dB)
5.383301	-27.666294
10.766602	-24.290863
16.149902	-18.955420
21.533203	-20.338440
26.916504	-24.851984
32.299805	-17.440489
37.683105	-17.307154
43.066406	-25.262791
48.449707	-20.763111
53.833008	-17.547323
59.216309	-22.713638
64.599609	-25.758665
69.982910	-19.230165
75.366211	-20.341530
80.749512	-28.085590
86.132812	-23.318577
91.516113	-20.765755
96.899414	-24.968727
102.282715	-29.411377
107.666016	-23.980947
113.049316	-27.445396
118.432617	-33.003017
123.815918	-30.950096
129.199219	-31.541727
134.582520	-27.779615
139.965820	-26.189621
145.349121	-22.472410
150.732422	-24.641142
156.115723	-29.194780
161.499023	-27.324316
166.882324	-29.352703
172.265625	-32.197590
177.648926	-30.036667
183.032227	-33.711769
188.415527	-33.490501
193.798828	-34.996784
199.182129	-36.282406
204.565430	-31.052982
209.948730	-31.778751
215.332031	-37.861824
220.715332	-31.172150
226.098633	-29.790606
231.481934	-32.134796
236.865234	-32.305042
242.248535	-29.005730
247.631836	-29.436403
253.015137	-28.640099
258.398438	-28.789551
263.781738	-31.157507
269.165039	-32.477520
274.548340	-30.289499
279.931641	-31.606508
285.314941	-34.475677
290.698242	-32.939461
296.081543	-34.192829
301.464844	-34.224556
306.848145	-35.433216
312.231445	-44.638351
317.614746	-35.353947
322.998047	-34.578457
328.381348	-39.704163
333.764648	-34.284248
339.147949	-33.673714
344.531250	-39.346230
349.914551	-36.706322
355.297852	-34.138199
360.681152	-38.785561
366.064453	-34.014950
371.447754	-31.034166
376.831055	-34.181732
382.214355	-31.548517
387.597656	-30.746624
392.980957	-38.130928
398.364258	-34.557682
403.747559	-32.326290
409.130859	-35.613003
414.514160	-49.784988
419.897461	-38.857838
425.280762	-35.742836
430.664062	-38.716824
436.047363	-39.247078
441.430664	-35.136337
446.813965	-37.595402
452.197266	-42.339756
457.580566	-45.841820
462.963867	-40.227867
468.347168	-36.837601
473.730469	-40.700188
479.113770	-42.793175
484.497070	-38.449440
489.880371	-39.808895
495.263672	-47.477474
500.646973	-39.501621
506.030273	-37.440960
511.413574	-39.594925
516.796875	-40.013557
522.180176	-39.833633
527.563477	-41.041523
532.946777	-36.453953
538.330078	-37.309322
543.713379	-41.617645
549.096680	-36.588787
554.479980	-36.826515
559.863281	-42.115898
565.246582	-37.692333
570.629883	-36.383026
576.013184	-40.373966
581.396484	-43.609554
586.779785	-39.511826
592.163086	-43.673092
597.546387	-47.428543
602.929688	-46.133240
608.312988	-45.390209
613.696289	-39.111645
619.079590	-38.089302
624.462891	-37.683296
629.846191	-38.953072
635.229492	-40.652359
640.612793	-43.378246
645.996094	-41.427448
651.379395	-39.840359
656.762695	-37.875904
662.145996	-38.056316
667.529297	-38.845436
672.912598	-38.349648
678.295898	-40.549431
683.679199	-43.797745
689.062500	-44.626583
694.445801	-44.750294
699.829102	-48.202137
705.212402	-56.720772
710.595703	-50.489067
715.979004	-48.214619
721.362305	-47.281570
726.745605	-46.680099
732.128906	-45.541107
737.512207	-44.899700
742.895508	-50.705868
748.278809	-40.717224
753.662109	-38.361790
759.045410	-42.495056
764.428711	-50.604446
769.812012	-48.517044
775.195312	-56.035385
780.578613	-46.191528
785.961914	-43.708729
791.345215	-52.978405
796.728516	-37.964008
802.111816	-35.938404
807.495117	-41.564919
812.878418	-45.562008
818.261719	-43.049805
823.645020	-45.566422
829.028320	-49.555695
834.411621	-47.057026
839.794922	-48.344028
845.178223	-51.762707
850.561523	-50.710747
855.944824	-49.428570
861.328125	-45.525570
866.711426	-48.075882
872.094727	-42.467461
877.478027	-41.023232
882.861328	-42.272430
888.244629	-41.455536
893.627930	-33.893970
899.011230	-33.455444
904.394531	-38.968723
909.777832	-36.617336
915.161133	-37.672237
920.544434	-48.417568
925.927734	-42.741177
931.311035	-40.147511
936.694336	-44.560459
942.077637	-47.133102
947.460938	-45.611423
952.844238	-52.301819
958.227539	-45.536537
963.610840	-42.448429
968.994141	-45.118599
974.377441	-50.238266
979.760742	-42.435429
985.144043	-41.864838
990.527344	-46.413429
995.910645	-44.923489
1001.293945	-40.698334
1006.677246	-40.472816
1012.060547	-46.453407
1017.443848	-40.478222
1022.827148	-35.995678
1028.210449	-40.077797
1033.593750	-40.537369
1038.977051	-34.218296
1044.360352	-36.689217
1049.743652	-45.747803
1055.126953	-46.309582
1060.510254	-48.099342
1065.893555	-52.153965
1071.276855	-47.582790
1076.660156	-47.049461
1082.043457	-47.654137
1087.426758	-51.271488
1092.810059	-48.934875
1098.193359	-47.420124
1103.576660	-51.755154
1108.959961	-43.627140
1114.343262	-41.826260
1119.726562	-48.491444
1125.109863	-50.750496
1130.493164	-48.322231
1135.876465	-48.588661
1141.259766	-49.362648
1146.643066	-46.252056
1152.026367	-44.335945
1157.409668	-49.620922
1162.792969	-49.673965
1168.176270	-44.721607
1173.559570	-46.996010
1178.942871	-48.389774
1184.326172	-48.450279
1189.709473	-45.964619
1195.092773	-47.158768
1200.476074	-51.593277
1205.859375	-44.509052
1211.242676	-43.503952
1216.625977	-44.045704
1222.009277	-41.345222
1227.392578	-39.827267
1232.775879	-41.376637
1238.159180	-42.579632
1243.542480	-42.650986
1248.925781	-41.629471
1254.309082	-38.332981
1259.692383	-36.933319
1265.075684	-39.007336
1270.458984	-39.584248
1275.842285	-39.635395
1281.225586	-41.885765
1286.608887	-45.891212
1291.992188	-44.826706
1297.375488	-44.466450
1302.758789	-48.885441
1308.142090	-45.531570
1313.525391	-44.846859
1318.908691	-45.513855
1324.291992	-47.306740
1329.675293	-47.993912
1335.058594	-48.287956
1340.441895	-45.423695
1345.825195	-43.399361
1351.208496	-45.918064
1356.591797	-48.906479
1361.975098	-44.563084
1367.358398	-45.472946
1372.741699	-45.114857
1378.125000	-45.657684
1383.508301	-46.302090
1388.891602	-45.544765
1394.274902	-47.282974
1399.658203	-49.497723
1405.041504	-50.416679
1410.424805	-46.766964
1415.808105	-47.896141
1421.191406	-47.143261
1426.574707	-42.705437
1431.958008	-45.895054
1437.341309	-47.159309
1442.724609	-39.800110
1448.107910	-43.961964
1453.491211	-41.860142
1458.874512	-37.776035
1464.257812	-41.829361
1469.641113	-48.055561
1475.024414	-47.055176
1480.407715	-46.921963
1485.791016	-51.026909
1491.174316	-48.232700
1496.557617	-45.878693
1501.940918	-47.185139
1507.324219	-45.711658
1512.707520	-39.732788
1518.090820	-30.176033
1523.474121	-30.961130
1528.857422	-34.762867
1534.240723	-37.604633
1539.624023	-46.728561
1545.007324	-44.432205
1550.390625	-42.853268
1555.773926	-50.120956
1561.157227	-47.627800
1566.540527	-45.593784
1571.923828	-51.047726
1577.307129	-55.095448
1582.690430	-54.874672
1588.073730	-50.092640
1593.457031	-50.979488
1598.840332	-53.538921
1604.223633	-53.789108
1609.606934	-49.856464
1614.990234	-48.406189
1620.373535	-44.027290
1625.756836	-41.769329
1631.140137	-44.400806
1636.523438	-44.752598
1641.906738	-39.333015
1647.290039	-34.986446
1652.673340	-32.758492
1658.056641	-39.614731
1663.439941	-51.565495
1668.823242	-48.946419
1674.206543	-43.104919
1679.589844	-44.410301
1684.973145	-46.919266
1690.356445	-42.347828
1695.739746	-44.058544
1701.123047	-51.374660
1706.506348	-43.281879
1711.889648	-46.020134
1717.272949	-47.664833
1722.656250	-42.231808
1728.039551	-42.890907
1733.422852	-42.809490
1738.806152	-41.580353
1744.189453	-46.144367
1749.572754	-42.134918
1754.956055	-40.004456
1760.339355	-46.687225
1765.722656	-40.973930
1771.105957	-38.423828
1776.489258	-43.777908
1781.872559	-44.130871
1787.255859	-38.948559
1792.639160	-42.576237
1798.022461	-45.407215
1803.405762	-40.401371
1808.789062	-45.645428
1814.172363	-43.832375
1819.555664	-40.651669
1824.938965	-48.167145
1830.322266	-43.125965
1835.705566	-41.114891
1841.088867	-50.207272
1846.472168	-42.490364
1851.855469	-41.468651
1857.238770	-49.181503
1862.622070	-45.142811
1868.005371	-44.604626
1873.388672	-50.233208
1878.771973	-48.792042
1884.155273	-47.516777
1889.538574	-52.080757
1894.921875	-45.569389
1900.305176	-43.410297
1905.688477	-46.293701
1911.071777	-48.877319
1916.455078	-53.212727
1921.838379	-53.793495
1927.221680	-53.316059
1932.604980	-54.503197
1937.988281	-50.577251
1943.371582	-52.261600
1948.754883	-52.716656
1954.138184	-47.166981
1959.521484	-49.338017
1964.904785	-52.104908
1970.288086	-46.008984
1975.671387	-48.539593
1981.054688	-47.728863
1986.437988	-47.056904
1991.821289	-48.042213
1997.204590	-51.735161
2002.587891	-59.718151
2007.971191	-59.112572
2013.354492	-56.154388
2018.737793	-57.347836
2024.121094	-55.948898
2029.504395	-54.744553
2034.887695	-54.352993
2040.270996	-53.900032
2045.654297	-50.147297
2051.037598	-49.690098
2056.420898	-51.653656
2061.804199	-57.010792
2067.187500	-51.692532
2072.570801	-48.898121
2077.954102	-50.452217
2083.337402	-46.459099
2088.720703	-46.585857
2094.104004	-47.161472
2099.487305	-48.234234
2104.870605	-51.080662
2110.253906	-48.926750
2115.637207	-47.893219
2121.020508	-50.607807
2126.403809	-48.926319
2131.787109	-48.200123
2137.170410	-53.369576
2142.553711	-55.020622
2147.937012	-50.816147
2153.320312	-49.995533
2158.703613	-50.024460
2164.086914	-49.558964
2169.470215	-45.722378
2174.853516	-46.140316
2180.236816	-49.359669
2185.620117	-51.847099
2191.003418	-49.846741
2196.386719	-53.525158
2201.770020	-61.044910
2207.153320	-50.379200
2212.536621	-46.615204
2217.919922	-43.789845
2223.303223	-42.578785
2228.686523	-44.738567
2234.069824	-42.635452
2239.453125	-42.625042
2244.836426	-49.701092
2250.219727	-48.329647
2255.603027	-44.766361
2260.986328	-41.801765
2266.369629	-41.036293
2271.752930	-42.046345
2277.136230	-43.612984
2282.519531	-45.261528
2287.902832	-45.094822
2293.286133	-42.804173
2298.669434	-41.978714
2304.052734	-42.333050
2309.436035	-42.781590
2314.819336	-44.032795
2320.202637	-43.625633
2325.585938	-40.701851
2330.969238	-39.013462
2336.352539	-38.935444
2341.735840	-40.101967
2347.119141	-41.700684
2352.502441	-41.813095
2357.885742	-41.522095
2363.269043	-42.312263
2368.652344	-44.935898
2374.035645	-47.579372
2379.418945	-48.210960
2384.802246	-48.121925
2390.185547	-47.681091
2395.568848	-47.037586
2400.952148	-47.999504
2406.335449	-49.728256
2411.718750	-53.731186
2417.102051	-55.964329
2422.485352	-52.708988
2427.868652	-55.518528
2433.251953	-58.429985
2438.635254	-57.198849
2444.018555	-50.830914
2449.401855	-49.013264
2454.785156	-53.078682
2460.168457	-51.103077
2465.551758	-48.056072
2470.935059	-50.505337
2476.318359	-51.512058
2481.701660	-48.562916
2487.084961	-50.267887
2492.468262	-52.832005
2497.851562	-53.260288
2503.234863	-52.291870
2508.618164	-53.361095
2514.001465	-49.894997
2519.384766	-48.284878
2524.768066	-49.286293
2530.151367	-55.261974
2535.534668	-50.058022
2540.917969	-50.431351
2546.301270	-53.582390
2551.684570	-52.406456
2557.067871	-47.536003
2562.451172	-47.052925
2567.834473	-51.170303
2573.217773	-53.862743
2578.601074	-49.903336
2583.984375	-55.690128
2589.367676	-50.184540
2594.750977	-48.518856
2600.134277	-53.770157
2605.517578	-55.529545
2610.900879	-56.311054
2616.284180	-53.781273
2621.667480	-47.390556
2627.050781	-49.062828
2632.434082	-52.391724
2637.817383	-48.311398
2643.200684	-52.026257
2648.583984	-49.459675
2653.967285	-46.717880
2659.350586	-50.585430
2664.733887	-54.640602
2670.117188	-48.874989
2675.500488	-51.330540
2680.883789	-50.262360
2686.267090	-47.998268
2691.650391	-49.695774
2697.033691	-42.502674
2702.416992	-40.454048
2707.800293	-35.821911
2713.183594	-37.681210
2718.566895	-46.868404
2723.950195	-48.771927
2729.333496	-46.921734
2734.716797	-49.834087
2740.100098	-52.002800
2745.483398	-46.401966
2750.866699	-45.541672
2756.250000	-46.608582
2761.633301	-41.736771
2767.016602	-38.947155
2772.399902	-38.724079
2777.783203	-36.008244
2783.166504	-36.893288
2788.549805	-45.043484
2793.933105	-50.477341
2799.316406	-45.298576
2804.699707	-44.436935
2810.083008	-48.783691
2815.466309	-49.612255
2820.849609	-47.589870
2826.232910	-49.200195
2831.616211	-53.372505
2836.999512	-54.777149
2842.382812	-50.032677
2847.766113	-48.465370
2853.149414	-48.409245
2858.532715	-50.525879
2863.916016	-51.330334
2869.299316	-55.926838
2874.682617	-54.203796
2880.065918	-49.957542
2885.449219	-50.636387
2890.832520	-49.687798
2896.215820	-49.129795
2901.599121	-53.227425
2906.982422	-53.650604
2912.365723	-48.388977
2917.749023	-47.981838
2923.132324	-53.230377
2928.515625	-54.829605
2933.898926	-52.865986
2939.282227	-58.246380
2944.665527	-52.104557
2950.048828	-47.937275
2955.432129	-51.005550
2960.815430	-54.878372
2966.198730	-47.855659
2971.582031	-44.654469
2976.965332	-49.149033
2982.348633	-47.122608
2987.731934	-48.909428
2993.115234	-49.385464
2998.498535	-47.985184
3003.881836	-51.725407
3009.265137	-53.385643
3014.648438	-47.295467
3020.031738	-46.850914
3025.415039	-50.172348
3030.798340	-48.919804
3036.181641	-47.422539
3041.564941	-51.797466
3046.948242	-55.623508
3052.331543	-47.750755
3057.714844	-47.788502
3063.098145	-49.984425
3068.481445	-49.490604
3073.864746	-50.584927
3079.248047	-56.101780
3084.631348	-55.865585
3090.014648	-50.632069
3095.397949	-49.221123
3100.781250	-47.873310
3106.164551	-47.232388
3111.547852	-49.500793
3116.931152	-59.295784
3122.314453	-56.479519
3127.697754	-58.763836
3133.081055	-49.545044
3138.464355	-45.417397
3143.847656	-44.499794
3149.230957	-47.269760
3154.614258	-51.734650
3159.997559	-58.530651
3165.380859	-54.828316
3170.764160	-50.858845
3176.147461	-45.960045
3181.530762	-44.819057
3186.914062	-46.779694
3192.297363	-51.062534
3197.680664	-49.755219
3203.063965	-49.535572
3208.447266	-48.400059
3213.830566	-46.195522
3219.213867	-45.541222
3224.597168	-47.048691
3229.980469	-48.908478
3235.363770	-49.117855
3240.747070	-47.031788
3246.130371	-44.394333
3251.513672	-43.622036
3256.896973	-43.894745
3262.280273	-45.292767
3267.663574	-47.144531
3273.046875	-47.263210
3278.430176	-45.660641
3283.813477	-43.918457
3289.196777	-42.367485
3294.580078	-42.007301
3299.963379	-42.453091
3305.346680	-44.833958
3310.729980	-50.001053
3316.113281	-50.575527
3321.496582	-44.991142
3326.879883	-42.953979
3332.263184	-44.114391
3337.646484	-44.972351
3343.029785	-45.829720
3348.413086	-46.767654
3353.796387	-48.045715
3359.179688	-51.496021
3364.562988	-53.027256
3369.946289	-51.963436
3375.329590	-49.498505
3380.712891	-47.344116
3386.096191	-47.092232
3391.479492	-50.482731
3396.862793	-56.405640
3402.246094	-57.318676
3407.629395	-50.136215
3413.012695	-47.536812
3418.395996	-49.988865
3423.779297	-57.371151
3429.162598	-50.812973
3434.545898	-49.762367
3439.929199	-55.266766
3445.312500	-47.563519
3450.695801	-43.682087
3456.079102	-45.483898
3461.462402	-51.627956
3466.845703	-47.414684
3472.229004	-46.566246
3477.612305	-53.392738
3482.995605	-47.073029
3488.378906	-44.887043
3493.762207	-48.409130
3499.145508	-47.152275
3504.528809	-42.449062
3509.912109	-42.428455
3515.295410	-52.565544
3520.678711	-42.507915
3526.062012	-37.124836
3531.445312	-38.159847
3536.828613	-38.132370
3542.211914	-33.886272
3547.595215	-29.530706
3552.978516	-22.068584
3558.361816	-20.363804
3563.745117	-25.210863
3569.128418	-28.979696
3574.511719	-32.626888
3579.895020	-39.137096
3585.278320	-38.341312
3590.661621	-36.791180
3596.044922	-41.089142
3601.428223	-52.626938
3606.811523	-42.236320
3612.194824	-43.363049
3617.578125	-56.041012
3622.961426	-47.546028
3628.344727	-45.324455
3633.728027	-47.394947
3639.111328	-52.858982
3644.494629	-53.362720
3649.877930	-48.990906
3655.261230	-53.591347
3660.644531	-49.448498
3666.027832	-44.422459
3671.411133	-47.143002
3676.794434	-50.687607
3682.177734	-44.982380
3687.561035	-47.572762
3692.944336	-43.828430
3698.327637	-42.026020
3703.710938	-43.101742
3709.094238	-36.886635
3714.477539	-36.177643
3719.860840	-40.061253
3725.244141	-45.472389
3730.627441	-44.065983
3736.010742	-38.308781
3741.394043	-36.631454
3746.777344	-36.710506
3752.160645	-40.465061
3757.543945	-45.850029
3762.927246	-40.793835
3768.310547	-40.592388
3773.693848	-46.619587
3779.077148	-39.923840
3784.460449	-35.611073
3789.843750	-30.217146
3795.227051	-26.998095
3800.610352	-29.579523
3805.993652	-34.378849
3811.376953	-39.460659
3816.760254	-46.508610
3822.143555	-53.478539
3827.526855	-51.318085
3832.910156	-52.467728
3838.293457	-52.855015
3843.676758	-52.623463
3849.060059	-54.793743
3854.443359	-54.556091
3859.826660	-48.928673
3865.209961	-48.403587
3870.593262	-48.060444
3875.976562	-43.528328
3881.359863	-43.296177
3886.743164	-50.421463
3892.126465	-48.989052
3897.509766	-46.068363
3902.893066	-47.805096
3908.276367	-46.468075
3913.659668	-44.031464
3919.042969	-45.451141
3924.426270	-50.232227
3929.809570	-51.213913
3935.192871	-46.289356
3940.576172	-47.162228
3945.959473	-53.662296
3951.342773	-48.935955
3956.726074	-48.653111
3962.109375	-57.582897
3967.492676	-46.224087
3972.875977	-43.334732
3978.259277	-47.796429
3983.642578	-43.801121
3989.025879	-42.183010
3994.409180	-46.906906
3999.792480	-52.094406
4005.175781	-44.062832
4010.559082	-40.300247
4015.942383	-40.829121
4021.325684	-35.498562
4026.708984	-36.285358
4032.092285	-45.208046
4037.475586	-45.481709
4042.858887	-48.571140
4048.242188	-52.771748
4053.625488	-56.590092
4059.008789	-53.830650
4064.392090	-53.985119
4069.775391	-61.106968
4075.158691	-53.769802
4080.541992	-54.062557
4085.925293	-53.006359
4091.308594	-47.242794
4096.691895	-46.840714
4102.075195	-53.796532
4107.458496	-48.426140
4112.841797	-47.001122
4118.225098	-53.694340
4123.608398	-44.553112
4128.991699	-43.296505
4134.375000	-46.116177
4139.758301	-47.844994
4145.141602	-44.186676
4150.524902	-45.778133
4155.908203	-45.320545
4161.291504	-42.167000
4166.674805	-42.027451
4172.058105	-44.888348
4177.441406	-42.821251
4182.824707	-38.999561
4188.208008	-40.918144
4193.591309	-39.238022
4198.974609	-35.514282
4204.357910	-33.368896
4209.741211	-31.541210
4215.124512	-28.695566
4220.507812	-32.786583
4225.891113	-38.123867
4231.274414	-46.146015
4236.657715	-48.427105
4242.041016	-43.394871
4247.424316	-46.345539
4252.807617	-45.622849
4258.190918	-44.416958
4263.574219	-49.164875
4268.957520	-45.785233
4274.340820	-43.747143
4279.724121	-49.252380
4285.107422	-49.912071
4290.490723	-45.810810
4295.874023	-47.086887
4301.257324	-53.775452
4306.640625	-44.948181
4312.023926	-45.263218
4317.407227	-50.773777
4322.790527	-49.284817
4328.173828	-48.587158
4333.557129	-51.348160
4338.940430	-47.919815
4344.323730	-46.854778
4349.707031	-45.530411
4355.090332	-47.472336
4360.473633	-51.045433
4365.856934	-46.675945
4371.240234	-44.376122
4376.623535	-44.294758
4382.006836	-45.981049
4387.390137	-46.436096
4392.773438	-45.351433
4398.156738	-47.198479
4403.540039	-46.301601
4408.923340	-45.650684
4414.306641	-38.688454
4419.689941	-33.258266
4425.073242	-33.979630
4430.456543	-30.572496
4435.839844	-25.924995
4441.223145	-25.704496
4446.606445	-25.027489
4451.989746	-20.011723
4457.373047	-20.113720
4462.756348	-24.851109
4468.139648	-25.401262
4473.522949	-25.132940
4478.906250	-31.773355
4484.289551	-36.009293
4489.672852	-30.459732
4495.056152	-32.960194
4500.439453	-40.700775
4505.822754	-40.987915
4511.206055	-39.496456
4516.589355	-42.605053
4521.972656	-41.398510
4527.355957	-39.079998
4532.739258	-41.266705
4538.122559	-40.063259
4543.505859	-38.292984
4548.889160	-36.350899
4554.272461	-39.285885
4559.655762	-35.964016
4565.039062	-32.609383
4570.422363	-35.804024
4575.805664	-30.809353
4581.188965	-25.837723
4586.572266	-30.356474
4591.955566	-23.831011
4597.338867	-19.572981
4602.722168	-23.945866
4608.105469	-28.687210
4613.488770	-29.153509
4618.872070	-29.946705
4624.255371	-36.765614
4629.638672	-38.210842
4635.021973	-36.364746
4640.405273	-37.159023
4645.788574	-43.938324
4651.171875	-44.539860
4656.555176	-38.937130
4661.938477	-36.084656
4667.321777	-40.902775
4672.705078	-39.910778
4678.088379	-40.772369
4683.471680	-40.039333
4688.854980	-36.294254
4694.238281	-37.861866
4699.621582	-38.567768
4705.004883	-39.273556
4710.388184	-42.793797
4715.771484	-35.209480
4721.154785	-33.246044
4726.538086	-35.852169
4731.921387	-40.536705
4737.304688	-38.246185
4742.687988	-37.115963
4748.071289	-34.449375
4753.454590	-37.578270
4758.837891	-39.595520
4764.221191	-35.630600
4769.604492	-34.413864
4774.987793	-34.492832
4780.371094	-37.724957
4785.754395	-35.611511
4791.137695	-31.854753
4796.520996	-31.834841
4801.904297	-30.867893
4807.287598	-31.028111
4812.670898	-33.825497
4818.054199	-32.347996
4823.437500	-31.514006
4828.820801	-34.515820
4834.204102	-34.409126
4839.587402	-32.813557
4844.970703	-33.630840
4850.354004	-33.452740
4855.737305	-33.293583
4861.120605	-34.138680
4866.503906	-35.516712
4871.887207	-37.656342
4877.270508	-37.625259
4882.653809	-39.234257
4888.037109	-39.768436
4893.420410	-38.566746
4898.803711	-36.868668
4904.187012	-36.593395
4909.570312	-35.346668
4914.953613	-36.065788
4920.336914	-36.868511
4925.720215	-38.196728
4931.103516	-42.214504
4936.486816	-42.401653
4941.870117	-39.121063
4947.253418	-39.400059
4952.636719	-37.988892
4958.020020	-36.828373
4963.403320	-39.534241
4968.786621	-38.230732
4974.169922	-39.521889
4979.553223	-41.308258
4984.936523	-39.077488
4990.319824	-42.462955
4995.703125	-45.774971
5001.086426	-41.550385
5006.469727	-43.607124
5011.853027	-39.856308
5017.236328	-38.862144
5022.619629	-40.702396
5028.002930	-43.265068
5033.386230	-46.000542
5038.769531	-45.387493
5044.152832	-44.588818
5049.536133	-42.038895
5054.919434	-40.462299
5060.302734	-44.263859
5065.686035	-45.679932
5071.069336	-43.585930
5076.452637	-47.714478
5081.835938	-44.777664
5087.219238	-42.695965
5092.602539	-46.502506
5097.985840	-48.976757
5103.369141	-46.546661
5108.752441	-49.873138
5114.135742	-44.841354
5119.519043	-44.392944
5124.902344	-44.866619
5130.285645	-46.535980
5135.668945	-50.482391
5141.052246	-49.540852
5146.435547	-46.456829
5151.818848	-47.089901
5157.202148	-47.185844
5162.585449	-50.518471
5167.968750	-51.789101
5173.352051	-51.351864
5178.735352	-57.152851
5184.118652	-50.733051
5189.501953	-49.462685
5194.885254	-52.967323
5200.268555	-52.351902
5205.651855	-50.965973
5211.035156	-60.641365
5216.418457	-48.912605
5221.801758	-45.946289
5227.185059	-47.793755
5232.568359	-46.414726
5237.951660	-46.878738
5243.334961	-49.734390
5248.718262	-50.189064
5254.101562	-46.150040
5259.484863	-44.846207
5264.868164	-45.678299
5270.251465	-48.912365
5275.634766	-48.064171
5281.018066	-47.823521
5286.401367	-51.298527
5291.784668	-47.127678
5297.167969	-44.198101
5302.551270	-47.191574
5307.934570	-55.947033
5313.317871	-49.313751
5318.701172	-52.571712
5324.084473	-53.418205
5329.467773	-47.449558
5334.851074	-50.014885
5340.234375	-57.789207
5345.617676	-61.916157
5351.000977	-56.360909
5356.384277	-54.507740
5361.767578	-54.628063
5367.150879	-57.391567
5372.534180	-54.648205
5377.917480	-49.765652
5383.300781	-49.220539
5388.684082	-53.697227
5394.067383	-59.596615
5399.450684	-53.611515
5404.833984	-47.717300
5410.217285	-45.588104
5415.600586	-48.976875
5420.983887	-57.685364
5426.367188	-54.201023
5431.750488	-51.140190
5437.133789	-45.132648
5442.517090	-43.899948
5447.900391	-49.673885
5453.283691	-56.575054
5458.666992	-49.802303
5464.050293	-48.388973
5469.433594	-48.366974
5474.816895	-47.015770
5480.200195	-46.210487
5485.583496	-53.005005
5490.966797	-49.682999
5496.350098	-44.569248
5501.733398	-47.570999
5507.116699	-47.777081
5512.500000	-42.264309
5517.883301	-43.439102
5523.266602	-48.265251
5528.649902	-49.140690
5534.033203	-47.196552
5539.416504	-47.626339
5544.799805	-50.582748
5550.183105	-53.751972
5555.566406	-54.699604
5560.949707	-54.837791
5566.333008	-52.984589
5571.716309	-51.488255
5577.099609	-50.861179
5582.482910	-51.495617
5587.866211	-50.629402
5593.249512	-51.888805
5598.632812	-55.192963
5604.016113	-55.384369
5609.399414	-52.995422
5614.782715	-49.203888
5620.166016	-47.354416
5625.549316	-48.223511
5630.932617	-54.917522
5636.315918	-51.815472
5641.699219	-51.088982
5647.082520	-53.083523
5652.465820	-49.167343
5657.849121	-47.540443
5663.232422	-47.185375
5668.615723	-50.010132
5673.999023	-48.937466
5679.382324	-45.218002
5684.765625	-45.404457
5690.148926	-49.931160
5695.532227	-47.752777
5700.915527	-45.460617
5706.298828	-51.011047
5711.682129	-47.623192
5717.065430	-43.774052
5722.448730	-39.814430
5727.832031	-36.537617
5733.215332	-39.894791
5738.598633	-44.643017
5743.981934	-44.909794
5749.365234	-47.505123
5754.748535	-51.162056
5760.131836	-52.909073
5765.515137	-54.066845
5770.898438	-50.101349
5776.281738	-48.846329
5781.665039	-53.100513
5787.048340	-50.670567
5792.431641	-47.952843
5797.814941	-46.943325
5803.198242	-44.580723
5808.581543	-46.733875
5813.964844	-56.196735
5819.348145	-42.365154
5824.731445	-35.881569
5830.114746	-34.750645
5835.498047	-38.195793
5840.881348	-41.477135
5846.264648	-43.275848
5851.647949	-44.326202
5857.031250	-46.111240
5862.414551	-48.748238
5867.797852	-54.836605
5873.181152	-52.063053
5878.564453	-50.181023
5883.947754	-50.893108
5889.331055	-45.650501
5894.714355	-44.955627
5900.097656	-48.473801
5905.480957	-47.584385
5910.864258	-46.593285
5916.247559	-47.490677
5921.630859	-48.760185
5927.014160	-53.430626
5932.397461	-48.807766
5937.780762	-46.556335
5943.164062	-51.779701
5948.547363	-49.784264
5953.930664	-46.410679
5959.313965	-52.502712
5964.697266	-50.803650
5970.080566	-45.398682
5975.463867	-49.126301
5980.847168	-48.768814
5986.230469	-45.086086
5991.613770	-46.915401
5996.997070	-48.461071
6002.380371	-46.362286
6007.763672	-45.371513
6013.146973	-50.691628
6018.530273	-48.425442
6023.913574	-46.999825
6029.296875	-46.211769
6034.680176	-46.662151
6040.063477	-52.401619
6045.446777	-43.510574
6050.830078	-42.644466
6056.213379	-44.872395
6061.596680	-47.646961
6066.979980	-50.576004
6072.363281	-51.033348
6077.746582	-49.047619
6083.129883	-47.759312
6088.513184	-46.776318
6093.896484	-45.426819
6099.279785	-45.125622
6104.663086	-45.349735
6110.046387	-47.279911
6115.429688	-47.167313
6120.812988	-46.047630
6126.196289	-46.114525
6131.579590	-45.617710
6136.962891	-44.310501
6142.346191	-45.810673
6147.729492	-44.959576
6153.112793	-43.562424
6158.496094	-44.036510
6163.879395	-44.967659
6169.262695	-44.777622
6174.645996	-44.289337
6180.029297	-46.520969
6185.412598	-45.609074
6190.795898	-41.557495
6196.179199	-43.363197
6201.562500	-42.414452
6206.945801	-40.045288
6212.329102	-41.092335
6217.712402	-42.550507
6223.095703	-40.426826
6228.479004	-38.701683
6233.862305	-39.606827
6239.245605	-38.751450
6244.628906	-35.290817
6250.012207	-36.902863
6255.395508	-36.915028
6260.778809	-33.208187
6266.162109	-35.931015
6271.545410	-39.526463
6276.928711	-35.848804
6282.312012	-40.535835
6287.695312	-45.167294
6293.078613	-40.391300
6298.461914	-46.482334
6303.845215	-47.952961
6309.228516	-45.525463
6314.611816	-46.343803
6319.995117	-46.777092
6325.378418	-43.929684
6330.761719	-41.836578
6336.145020	-42.746609
6341.528320	-42.786945
6346.911621	-42.703995
6352.294922	-45.226501
6357.678223	-48.662758
6363.061523	-46.425430
6368.444824	-47.950035
6373.828125	-56.468170
6379.211426	-49.297951
6384.594727	-49.693573
6389.978027	-58.714760
6395.361328	-45.194275
6400.744629	-43.857563
6406.127930	-46.968048
6411.511230	-42.218975
6416.894531	-44.132751
6422.277832	-42.275517
6427.661133	-40.277077
6433.044434	-40.472374
6438.427734	-42.016720
6443.811035	-40.220772
6449.194336	-44.887550
6454.577637	-47.781525
6459.960938	-43.164848
6465.344238	-47.541634
6470.727539	-50.390816
6476.110840	-49.539890
6481.494141	-50.215500
6486.877441	-52.437519
6492.260742	-50.356647
6497.644043	-50.162769
6503.027344	-48.267967
6508.410645	-48.998779
6513.793945	-52.112740
6519.177246	-48.456150
6524.560547	-49.868546
6529.943848	-53.167980
6535.327148	-46.948952
6540.710449	-47.306740
6546.093750	-52.461071
6551.477051	-47.361870
6556.860352	-49.234718
6562.243652	-53.201828
6567.626953	-55.951450
6573.010254	-50.955490
6578.393555	-51.571651
6583.776855	-57.066330
6589.160156	-57.709221
6594.543457	-56.124805
6599.926758	-57.935505
6605.310059	-54.625835
6610.693359	-56.653179
6616.076660	-56.099518
6621.459961	-54.999252
6626.843262	-56.490353
6632.226562	-57.560265
6637.609863	-55.457253
6642.993164	-54.773163
6648.376465	-62.001518
6653.759766	-55.857407
6659.143066	-52.784084
6664.526367	-53.191185
6669.909668	-56.310513
6675.292969	-55.036507
6680.676270	-56.744522
6686.059570	-60.619236
6691.442871	-55.287167
6696.826172	-48.761253
6702.209473	-51.168114
6707.592773	-48.997692
6712.976074	-49.699615
6718.359375	-58.234619
6723.742676	-55.056259
6729.125977	-55.088936
6734.509277	-59.097649
6739.892578	-58.645847
6745.275879	-53.748310
6750.659180	-54.169540
6756.042480	-56.277428
6761.425781	-56.478374
6766.809082	-54.283142
6772.192383	-55.671207
6777.575684	-62.362144
6782.958984	-55.584587
6788.342285	-53.455708
6793.725586	-53.920094
6799.108887	-55.930958
6804.492188	-58.540417
6809.875488	-58.018997
6815.258789	-58.317547
6820.642090	-55.751793
6826.025391	-53.992733
6831.408691	-52.385670
6836.791992	-53.256218
6842.175293	-54.973885
6847.558594	-55.188927
6852.941895	-52.876812
6858.325195	-54.077084
6863.708496	-51.069107
6869.091797	-51.512486
6874.475098	-50.637928
6879.858398	-54.871620
6885.241699	-54.194912
6890.625000	-51.243973
6896.008301	-52.950436
6901.391602	-52.942909
6906.774902	-50.119236
6912.158203	-51.725468
6917.541504	-51.061550
6922.924805	-50.204147
6928.308105	-49.098301
6933.691406	-50.247059
6939.074707	-51.140827
6944.458008	-52.333748
6949.841309	-52.077576
6955.224609	-50.564026
6960.607910	-50.177830
6965.991211	-55.326038
6971.374512	-51.195614
6976.757812	-49.934872
6982.141113	-53.304916
6987.524414	-53.615452
6992.907715	-51.674000
6998.291016	-53.019173
7003.674316	-54.061199
7009.057617	-52.879105
7014.440918	-52.481544
7019.824219	-56.761780
7025.207520	-55.160576
7030.590820	-53.919521
7035.974121	-53.989548
7041.357422	-52.639706
7046.740723	-58.694241
7052.124023	-60.560596
7057.507324	-56.695145
7062.890625	-63.001678
7068.273926	-58.978100
7073.657227	-56.821098
7079.040527	-63.349682
7084.423828	-64.061234
7089.807129	-61.526802
7095.190430	-56.431282
7100.573730	-55.645565
7105.957031	-60.390907
7111.340332	-62.126995
7116.723633	-60.906761
7122.106934	-60.359020
7127.490234	-53.378166
7132.873535	-50.372940
7138.256836	-56.075542
7143.640137	-58.471977
7149.023438	-51.957199
7154.406738	-53.377617
7159.790039	-58.237961
7165.173340	-52.336601
7170.556641	-54.020283
7175.939941	-59.839767
7181.323242	-57.833664
7186.706543	-62.437214
7192.089844	-59.176273
7197.473145	-57.258389
7202.856445	-60.065807
7208.239746	-56.572704
7213.623047	-54.533009
7219.006348	-56.879662
7224.389648	-50.634953
7229.772949	-50.977581
7235.156250	-56.516243
7240.539551	-53.428825
7245.922852	-49.566845
7251.306152	-53.099884
7256.689453	-54.718002
7262.072754	-49.579971
7267.456055	-49.768047
7272.839355	-60.236622
7278.222656	-53.732697
7283.605957	-49.816673
7288.989258	-51.514091
7294.372559	-58.266830
7299.755859	-51.219273
7305.139160	-48.810726
7310.522461	-51.958916
7315.905762	-55.886242
7321.289062	-50.920700
7326.672363	-51.429085
7332.055664	-56.255379
7337.438965	-50.751114
7342.822266	-53.180233
7348.205566	-53.723457
7353.588867	-49.009987
7358.972168	-49.617710
7364.355469	-55.652424
7369.738770	-56.326038
7375.122070	-47.525673
7380.505371	-47.039948
7385.888672	-56.011654
7391.271973	-52.523647
7396.655273	-51.177155
7402.038574	-52.203594
7407.421875	-62.593903
7412.805176	-57.293629
7418.188477	-53.030766
7423.571777	-56.916412
7428.955078	-62.520924
7434.338379	-54.897163
7439.721680	-56.191692
7445.104980	-63.081509
7450.488281	-57.154747
7455.871582	-57.837116
7461.254883	-59.861523
7466.638184	-59.082142
7472.021484	-66.036797
7477.404785	-58.047470
7482.788086	-56.070679
7488.171387	-65.353569
7493.554688	-55.508774
7498.937988	-54.578392
7504.321289	-62.762783
7509.704590	-53.373638
7515.087891	-51.879639
7520.471191	-55.739716
7525.854492	-54.858944
7531.237793	-53.753899
7536.621094	-54.596981
7542.004395	-54.401268
7547.387695	-54.515446
7552.770996	-54.282711
7558.154297	-55.465405
7563.537598	-53.440674
7568.920898	-56.492588
7574.304199	-57.541683
7579.687500	-54.416004
7585.070801	-56.909851
7590.454102	-58.681164
7595.837402	-54.997784
7601.220703	-57.423698
7606.604004	-56.335518
7611.987305	-59.022518
7617.370605	-60.032799
7622.753906	-57.185055
7628.137207	-61.532043
7633.520508	-63.936581
7638.903809	-61.044949
7644.287109	-59.770523
7649.670410	-63.015163
7655.053711	-63.506920
7660.437012	-57.229641
7665.820312	-60.776310
7671.203613	-57.085361
7676.586914	-53.993210
7681.970215	-63.744385
7687.353516	-54.326981
7692.736816	-53.041374
7698.120117	-54.511692
7703.503418	-52.644028
7708.886719	-53.097950
7714.270020	-57.917862
7719.653320	-51.926704
7725.036621	-52.461849
7730.419922	-53.403740
7735.803223	-49.435627
7741.186523	-50.741356
7746.569824	-55.131325
7751.953125	-49.090240
7757.336426	-50.028660
7762.719727	-50.431774
7768.103027	-47.838306
7773.486328	-49.917805
7778.869629	-52.412350
7784.252930	-55.336002
7789.636230	-55.219334
7795.019531	-53.529148
7800.402832	-54.152645
7805.786133	-58.488514
7811.169434	-57.378353
7816.552734	-54.028236
7821.936035	-56.955753
7827.319336	-60.470093
7832.702637	-54.403004
7838.085938	-53.600101
7843.469238	-58.630814
7848.852539	-59.325451
7854.235840	-53.394470
7859.619141	-54.165363
7865.002441	-61.900242
7870.385742	-55.197395
7875.769043	-54.602310
7881.152344	-58.905060
7886.535645	-52.830952
7891.918945	-51.234882
7897.302246	-54.992729
7902.685547	-55.079491
7908.068848	-52.963928
7913.452148	-58.660229
7918.835449	-58.236984
7924.218750	-54.286434
7929.602051	-59.484493
7934.985352	-58.330326
7940.368652	-53.723076
7945.751953	-56.452614
7951.135254	-63.030178
7956.518555	-55.577118
7961.901855	-55.733376
7967.285156	-63.793652
7972.668457	-58.332653
7978.051758	-57.616123
7983.435059	-63.497833
7988.818359	-60.375153
7994.201660	-56.486523
7999.584961	-59.245552
8004.968262	-56.472168
8010.351562	-53.461479
8015.734863	-55.988323
8021.118164	-59.886627
8026.501465	-54.546150
8031.884766	-53.703617
8037.268066	-57.890224
8042.651367	-63.015072
8048.034668	-55.259998
8053.417969	-53.980659
8058.801270	-59.051094
8064.184570	-56.884048
8069.567871	-52.590927
8074.951172	-54.996845
8080.334473	-60.995495
8085.717773	-53.228760
8091.101074	-53.618843
8096.484375	-58.590172
8101.867676	-51.843212
8107.250977	-50.790581
8112.634277	-57.109348
8118.017578	-54.529449
8123.400879	-51.134014
8128.784180	-55.714870
8134.167480	-58.394676
8139.550781	-53.529003
8144.934082	-55.881710
8150.317383	-57.440704
8155.700684	-50.970787
8161.083984	-53.318306
8166.467285	-58.659279
8171.850586	-52.239670
8177.233887	-52.774113
8182.617188	-59.563892
8188.000488	-57.666004
8193.383789	-55.205902
8198.767090	-54.787617
8204.150391	-55.742954
8209.533691	-60.744850
8214.916992	-56.207199
8220.300293	-54.110184
8225.683594	-60.321735
8231.066895	-56.029591
8236.450195	-54.110954
8241.833496	-56.994499
8247.216797	-60.049065
8252.600098	-61.514763
8257.983398	-59.811291
8263.366699	-63.102615
8268.750000	-54.051949
8274.133301	-52.404438
8279.516602	-59.155781
8284.899902	-54.722130
8290.283203	-51.131603
8295.666504	-56.130276
8301.049805	-58.629829
8306.433105	-53.470882
8311.816406	-58.534405
8317.199707	-60.599442
8322.583008	-55.827698
8327.966309	-58.864990
8333.349609	-66.026382
8338.732910	-58.521313
8344.116211	-58.771305
8349.499512	-67.656143
8354.882812	-55.810230
8360.266113	-53.924583
8365.649414	-58.794075
8371.032715	-54.446751
8376.416016	-52.465218
8381.799316	-55.408463
8387.182617	-52.232994
8392.565918	-49.592148
8397.949219	-50.726627
8403.332520	-53.863293
8408.715820	-55.350723
8414.099121	-51.897453
8419.482422	-52.303356
8424.865723	-57.040962
8430.249023	-56.331062
8435.632324	-52.317432
8441.015625	-54.602806
8446.398926	-65.682327
8451.782227	-53.466541
8457.165527	-51.505947
8462.548828	-55.558018
8467.932129	-53.052513
8473.315430	-49.521950
8478.698730	-52.480938
8484.082031	-55.918377
8489.465332	-51.137188
8494.848633	-52.368504
8500.231934	-58.862129
8505.615234	-54.686184
8510.998535	-52.641678
8516.381836	-55.785408
8521.765137	-63.811626
8527.148438	-57.565022
8532.531738	-54.291100
8537.915039	-57.879799
8543.298340	-63.067955
8548.681641	-53.493668
8554.064941	-52.456482
8559.448242	-59.726593
8564.831543	-55.482014
8570.214844	-51.112808
8575.598145	-54.890190
8580.981445	-60.913055
8586.364746	-51.527988
8591.748047	-52.241261
8597.131348	-61.248432
8602.514648	-55.105637
8607.897949	-52.539707
8613.281250	-56.480835
8618.664551	-67.206017
8624.047852	-54.306995
8629.431152	-53.081985
8634.814453	-55.882797
8640.197754	-54.187229
8645.581055	-52.711018
8650.964355	-52.822506
8656.347656	-52.171394
8661.730957	-50.443230
8667.114258	-51.448032
8672.497559	-54.081203
8677.880859	-52.329037
8683.264160	-52.362591
8688.647461	-58.173920
8694.030762	-55.744827
8699.414062	-52.573017
8704.797363	-56.226440
8710.180664	-56.272762
8715.563965	-51.531189
8720.947266	-53.424961
8726.330566	-58.636677
8731.713867	-52.135292
8737.097168	-51.919243
8742.480469	-59.151073
8747.863770	-52.804718
8753.247070	-50.054852
8758.630371	-54.549118
8764.013672	-55.872803
8769.396973	-50.934166
8774.780273	-53.149487
8780.163574	-59.955868
8785.546875	-53.314896
8790.930176	-52.391552
8796.313477	-57.339352
8801.696777	-57.738018
8807.080078	-57.149071
8812.463379	-64.617973
8817.846680	-60.572495
8823.229980	-59.774872
8828.613281	-58.347702
8833.996582	-56.777729
8839.379883	-59.652775
8844.763184	-60.631947
8850.146484	-59.457970
8855.529785	-59.071068
8860.913086	-56.284039
8866.296387	-60.799961
8871.679688	-55.343132
8877.062988	-54.043980
8882.446289	-60.887905
8887.829590	-62.097229
8893.212891	-53.319675
8898.596191	-51.581024
8903.979492	-51.470516
8909.362793	-51.906620
8914.746094	-56.495659
8920.129395	-61.364201
8925.512695	-63.250755
8930.895996	-63.930569
8936.279297	-56.615421
8941.662598	-53.214470
8947.045898	-58.839245
8952.429199	-52.860168
8957.812500	-48.599846
8963.195801	-52.696911
8968.579102	-53.316822
8973.962402	-48.785027
8979.345703	-51.814030
8984.729004	-51.923405
8990.112305	-47.785526
8995.495605	-48.584267
9000.878906	-49.817585
9006.262207	-48.598286
9011.645508	-49.229244
9017.028809	-49.963806
9022.412109	-50.853012
9027.795410	-51.928177
9033.178711	-49.910751
9038.562012	-48.741608
9043.945312	-50.148621
9049.328613	-49.592327
9054.711914	-52.998459
9060.095215	-58.793594
9065.478516	-56.439400
9070.861816	-51.413963
9076.245117	-54.083969
9081.628418	-56.444412
9087.011719	-48.571339
9092.395020	-50.211788
9097.778320	-55.363457
9103.161621	-47.542042
9108.544922	-48.398453
9113.928223	-56.623993
9119.311523	-49.335445
9124.694824	-48.838993
9130.078125	-55.815456
9135.461426	-51.758217
9140.844727	-48.903259
9146.228027	-52.516678
9151.611328	-56.920609
9156.994629	-50.106438
9162.377930	-52.878689
9167.761230	-58.799019
9173.144531	-52.515152
9178.527832	-53.309456
9183.911133	-61.149109
9189.294434	-52.684292
9194.677734	-53.516247
9200.061035	-61.970409
9205.444336	-54.275257
9210.827637	-55.786732
9216.210938	-63.625065
9221.594238	-52.176857
9226.977539	-50.167110
9232.360840	-54.232365
9237.744141	-54.584042
9243.127441	-48.695339
9248.510742	-49.934124
9253.894043	-56.319527
9259.277344	-48.671261
9264.660645	-47.793060
9270.043945	-54.551273
9275.427246	-52.293575
9280.810547	-49.198479
9286.193848	-51.710224
9291.577148	-52.981789
9296.960449	-50.253807
9302.343750	-49.361790
9307.727051	-51.575451
9313.110352	-53.554207
9318.493652	-50.506916
9323.876953	-49.647049
9329.260254	-51.959412
9334.643555	-52.238705
9340.026855	-49.857204
9345.410156	-50.213184
9350.793457	-53.383209
9356.176758	-49.686550
9361.560059	-49.257671
9366.943359	-52.463127
9372.326660	-50.464577
9377.709961	-48.633427
9383.093262	-49.752979
9388.476562	-51.552036
9393.859863	-51.108398
9399.243164	-49.173420
9404.626465	-51.098923
9410.009766	-49.531567
9415.393066	-49.577942
9420.776367	-51.074230
9426.159668	-50.825409
9431.542969	-50.417530
9436.926270	-51.651485
9442.309570	-54.562668
9447.692871	-54.942558
9453.076172	-53.834656
9458.459473	-58.952126
9463.842773	-54.623470
9469.226074	-56.154404
9474.609375	-60.203510
9479.992676	-55.877804
9485.375977	-58.822189
9490.759277	-63.833733
9496.142578	-57.108681
9501.525879	-58.732403
9506.909180	-68.347984
9512.292480	-63.822388
9517.675781	-60.867603
9523.059082	-61.113899
9528.442383	-61.018757
9533.825684	-58.374706
9539.208984	-57.907059
9544.592285	-57.572342
9549.975586	-59.258038
9555.358887	-58.789906
9560.742188	-55.460770
9566.125488	-56.173378
9571.508789	-58.551800
9576.892090	-54.245895
9582.275391	-55.939182
9587.658691	-58.766396
9593.041992	-54.114349
9598.425293	-54.115234
9603.808594	-56.197289
9609.191895	-52.127003
9614.575195	-53.394161
9619.958496	-53.469559
9625.341797	-50.433002
9630.725098	-50.518326
9636.108398	-50.248165
9641.491699	-47.792965
9646.875000	-49.281872
9652.258301	-51.781643
9657.641602	-47.553162
9663.024902	-48.141243
9668.408203	-55.577141
9673.791504	-48.414513
9679.174805	-48.195747
9684.558105	-57.899551
9689.941406	-52.209568
9695.324707	-49.632439
9700.708008	-53.347366
9706.091309	-57.260635
9711.474609	-51.120232
9716.857910	-51.272099
9722.241211	-64.587189
9727.624512	-53.127468
9733.007812	-52.280727
9738.391113	-59.935715
9743.774414	-56.779842
9749.157715	-53.368603
9754.541016	-55.248501
9759.924316	-58.211452
9765.307617	-56.906124
9770.690918	-53.083328
9776.074219	-54.041218
9781.457520	-62.135853
9786.840820	-52.924019
9792.224121	-52.899742
9797.607422	-59.244297
9802.990723	-55.448586
9808.374023	-52.257172
9813.757324	-53.794788
9819.140625	-58.432995
9824.523926	-53.210453
9829.907227	-52.982059
9835.290527	-58.244793
9840.673828	-53.755928
9846.057129	-55.136181
9851.440430	-59.219627
9856.823730	-53.536755
9862.207031	-55.865437
9867.590332	-64.898682
9872.973633	-55.319252
9878.356934	-54.872604
9883.740234	-59.049141
9889.123535	-59.126186
9894.506836	-54.732807
9899.890137	-57.214096
9905.273438	-58.595428
9910.656738	-54.596550
9916.040039	-57.384914
9921.423340	-60.689579
9926.806641	-54.547256
9932.189941	-57.298607
9937.573242	-64.650322
9942.956543	-55.672031
9948.339844	-56.842033
9953.723145	-64.259468
9959.106445	-57.651619
9964.489746	-57.542236
9969.873047	-60.664848
9975.256348	-60.825413
9980.639648	-58.437687
9986.022949	-56.728397
9991.406250	-58.199448
9996.789551	-60.911983
10002.172852	-58.212406
10007.556152	-58.588017
10012.939453	-63.295811
10018.322754	-59.923382
10023.706055	-58.618633
10029.089355	-63.215889
10034.472656	-64.471710
10039.855957	-58.637402
10045.239258	-59.878403
10050.622559	-64.623360
10056.005859	-56.896427
10061.389160	-54.882435
10066.772461	-59.610291
10072.155762	-62.432915
10077.539062	-55.873856
10082.922363	-57.159290
10088.305664	-67.639915
10093.688965	-58.877907
10099.072266	-57.129974
10104.455566	-61.744293
10109.838867	-66.756989
10115.222168	-58.686630
10120.605469	-60.062321
10125.988770	-69.065941
10131.372070	-59.632305
10136.755371	-59.805870
10142.138672	-66.759232
10147.521973	-64.192322
10152.905273	-67.326279
10158.288574	-67.737595
10163.671875	-65.939270
10169.055176	-64.755692
10174.438477	-62.486176
10179.821777	-64.758331
10185.205078	-61.676830
10190.588379	-60.688816
10195.971680	-64.596291
10201.354980	-63.890549
10206.738281	-61.304855
10212.121582	-64.340500
10217.504883	-67.746498
10222.888184	-65.718483
10228.271484	-67.030846
10233.654785	-70.967346
10239.038086	-74.840103
10244.421387	-64.224998
10249.804688	-64.625038
10255.187988	-71.753151
10260.571289	-63.050018
10265.954590	-61.162136
10271.337891	-63.899277
10276.721191	-59.290604
10282.104492	-55.808292
10287.487793	-58.988369
10292.871094	-65.938225
10298.254395	-59.208462
10303.637695	-62.593044
10309.020996	-62.746941
10314.404297	-56.537563
10319.787598	-60.998558
10325.170898	-61.450775
10330.554199	-56.377319
10335.937500	-59.483421
10341.320801	-57.048450
10346.704102	-55.289623
10352.087402	-59.518837
10357.470703	-57.763393
10362.854004	-55.820690
10368.237305	-61.445286
10373.620605	-61.379143
10379.003906	-57.523506
10384.387207	-61.855541
10389.770508	-64.433632
10395.153809	-59.872028
10400.537109	-61.219391
10405.920410	-60.834316
10411.303711	-57.993355
10416.687012	-57.252289
10422.070312	-56.375557
10427.453613	-56.882553
10432.836914	-58.270924
10438.220215	-58.271561
10443.603516	-59.377586
10448.986816	-56.161053
10454.370117	-54.738705
10459.753418	-59.699677
10465.136719	-57.798016
10470.520020	-53.608963
10475.903320	-57.949974
10481.286621	-57.347713
10486.669922	-52.563240
10492.053223	-55.270515
10497.436523	-61.222885
10502.819824	-53.968735
10508.203125	-52.625477
10513.586426	-60.116375
10518.969727	-57.227856
10524.353027	-52.632282
10529.736328	-57.434120
10535.119629	-59.384846
10540.502930	-54.163052
10545.886230	-55.058311
10551.269531	-62.050472
10556.652832	-56.384853
10562.036133	-54.209259
10567.419434	-60.506653
10572.802734	-59.763981
10578.186035	-54.580414
10583.569336	-58.979076
10588.952637	-62.940620
10594.335938	-55.087162
10599.719238	-56.922997
10605.102539	-63.110130
10610.485840	-56.202232
10615.869141	-54.890076
10621.252441	-59.718254
10626.635742	-58.293869
10632.019043	-55.473812
10637.402344	-58.692329
10642.785645	-68.067986
10648.168945	-57.501308
10653.552246	-57.426167
10658.935547	-64.075493
10664.318848	-61.341202
10669.702148	-57.308235
10675.085449	-60.069027
10680.468750	-64.042343
10685.852051	-56.639553
10691.235352	-57.586796
10696.618652	-63.812611
10702.001953	-55.490086
10707.385254	-56.639816
10712.768555	-61.957100
10718.151855	-54.024345
10723.535156	-55.004650
10728.918457	-59.191341
10734.301758	-56.359615
10739.685059	-56.698662
10745.068359	-58.416275
10750.451660	-62.188709
10755.834961	-60.071625
10761.218262	-57.276062
10766.601562	-61.777775
10771.984863	-61.047611
10777.368164	-58.669785
10782.751465	-64.345940
10788.134766	-60.230377
10793.518066	-57.101761
10798.901367	-61.905903
10804.284668	-61.317104
10809.667969	-59.742882
10815.051270	-65.295288
10820.434570	-58.855923
10825.817871	-60.888519
10831.201172	-63.545433
10836.584473	-57.803249
10841.967773	-59.317314
10847.351074	-59.778618
10852.734375	-56.108349
10858.117676	-59.036743
10863.500977	-58.609303
10868.884277	-56.938728
10874.267578	-63.115387
10879.650879	-57.399132
10885.034180	-55.730602
10890.417480	-63.539425
10895.800781	-56.161251
10901.184082	-54.708992
10906.567383	-61.696812
10911.950684	-54.329388
10917.333984	-54.550743
10922.717285	-58.386555
10928.100586	-53.065674
10933.483887	-54.069553
10938.867188	-56.737740
10944.250488	-51.066990
10949.633789	-52.360519
10955.017090	-55.480659
10960.400391	-48.837791
10965.783691	-49.874454
10971.166992	-56.848804
10976.550293	-48.449200
10981.933594	-48.180683
10987.316895	-57.476467
10992.700195	-49.052486
10998.083496	-47.414658
11003.466797	-53.943626
11008.850098	-51.105885
11014.233398	-48.343662
11019.616699	-52.488892
11025.000000	-54.062031
11030.383301	-51.186348
11035.766602	-53.120426
11041.149902	-55.721935
11046.533203	-54.731663
11051.916504	-54.233002
11057.299805	-58.505505
11062.683105	-57.460705
11068.066406	-56.086674
11073.449707	-64.103531
11078.833008	-58.115948
11084.216309	-57.317791
11089.599609	-66.452545
11094.982910	-56.727882
11100.366211	-57.441780
11105.749512	-63.214184
11111.132812	-55.421963
11116.516113	-56.860878
11121.899414	-62.520012
11127.282715	-56.879124
11132.666016	-57.059296
11138.049316	-62.692348
11143.432617	-58.290085
11148.815918	-56.813038
11154.199219	-61.512676
11159.582520	-58.345974
11164.965820	-57.342258
11170.349121	-62.314850
11175.732422	-59.138245
11181.115723	-56.052666
11186.499023	-60.497749
11191.882324	-60.774143
11197.265625	-54.640060
11202.648926	-56.771889
11208.032227	-59.992798
11213.415527	-53.348591
11218.798828	-54.032116
11224.182129	-56.346569
11229.565430	-53.801315
11234.948730	-53.789291
11240.332031	-55.721706
11245.715332	-54.940285
11251.098633	-54.265980
11256.481934	-55.556877
11261.865234	-58.032108
11267.248535	-56.169403
11272.631836	-58.352589
11278.015137	-66.457436
11283.398438	-57.911091
11288.781738	-58.688961
11294.165039	-69.967110
11299.548340	-59.756145
11304.931641	-58.474171
11310.314941	-61.971897
11315.698242	-62.209812
11321.081543	-57.508190
11326.464844	-57.588848
11331.848145	-65.792137
11337.231445	-57.565655
11342.614746	-55.707664
11347.998047	-64.604027
11353.381348	-57.788189
11358.764648	-54.378483
11364.147949	-59.473068
11369.531250	-58.821381
11374.914551	-54.045216
11380.297852	-56.505665
11385.681152	-61.762966
11391.064453	-55.107231
11396.447754	-55.348476
11401.831055	-65.493820
11407.214355	-58.250309
11412.597656	-54.848034
11417.980957	-59.977200
11423.364258	-61.925205
11428.747559	-55.841122
11434.130859	-58.142639
11439.514160	-63.946861
11444.897461	-57.960743
11450.280762	-58.063389
11455.664062	-65.862396
11461.047363	-63.534882
11466.430664	-59.242027
11471.813965	-63.903809
11477.197266	-66.910698
11482.580566	-60.251030
11487.963867	-61.102757
11493.347168	-65.472816
11498.730469	-62.797050
11504.113770	-62.195858
11509.497070	-65.218895
11514.880371	-64.589157
11520.263672	-64.671867
11525.646973	-64.345581
11531.030273	-64.107140
11536.413574	-64.487175
11541.796875	-63.103954
11547.180176	-62.824860
11552.563477	-62.290878
11557.946777	-64.050156
11563.330078	-63.929306
11568.713379	-63.257565
11574.096680	-68.200111
11579.479980	-65.759552
11584.863281	-64.457359
11590.246582	-63.238228
11595.629883	-62.243462
11601.013184	-64.941406
11606.396484	-62.757233
11611.779785	-61.893799
11617.163086	-61.990936
11622.546387	-64.202782
11627.929688	-67.056183
11633.312988	-60.794510
11638.696289	-60.702293
11644.079590	-65.005653
11649.462891	-63.401623
11654.846191	-58.258785
11660.229492	-58.208775
11665.612793	-67.030182
11670.996094	-58.004589
11676.379395	-56.185406
11681.762695	-64.521843
11687.145996	-61.749245
11692.529297	-58.356194
11697.912598	-63.031513
11703.295898	-64.086784
11708.679199	-60.352005
11714.062500	-61.790661
11719.445801	-62.405243
11724.829102	-60.969841
11730.212402	-65.263847
11735.595703	-63.105282
11740.979004	-60.353107
11746.362305	-64.149208
11751.745605	-68.219055
11757.128906	-61.616100
11762.512207	-60.447395
11767.895508	-66.417435
11773.278809	-63.155281
11778.662109	-59.448975
11784.045410	-62.380798
11789.428711	-61.080921
11794.812012	-59.289364
11800.195312	-59.844418
11805.578613	-58.764690
11810.961914	-60.389648
11816.345215	-60.938347
11821.728516	-59.134045
11827.111816	-62.007805
11832.495117	-62.661518
11837.878418	-62.198097
11843.261719	-64.293831
11848.645020	-68.220139
11854.028320	-65.681435
11859.411621	-65.627815
11864.794922	-67.311668
11870.178223	-67.335297
11875.561523	-71.269737
11880.944824	-66.590752
11886.328125	-65.200401
11891.711426	-69.428055
11897.094727	-66.418419
11902.478027	-61.125813
11907.861328	-63.281563
11913.244629	-63.948673
11918.627930	-57.233788
11924.011230	-59.210560
11929.394531	-64.635551
11934.777832	-55.809399
11940.161133	-56.657574
11945.544434	-64.426224
11950.927734	-56.208492
11956.311035	-55.829815
11961.694336	-64.804031
11967.077637	-58.725006
11972.460938	-56.769516
11977.844238	-62.800663
11983.227539	-63.800697
11988.610840	-60.235420
11993.994141	-63.208008
11999.377441	-63.962807
12004.760742	-62.223793
12010.144043	-63.400517
12015.527344	-60.834419
12020.910645	-61.047703
12026.293945	-66.258804
12031.677246	-62.071346
12037.060547	-59.502171
12042.443848	-64.189056
12047.827148	-64.853683
12053.210449	-58.923782
12058.593750	-61.329899
12063.977051	-65.729446
12069.360352	-60.147923
12074.743652	-61.471001
12080.126953	-64.248672
12085.510254	-62.332703
12090.893555	-62.098343
12096.276855	-63.794758
12101.660156	-66.818604
12107.043457	-64.928619
12112.426758	-64.287491
12117.810059	-66.795967
12123.193359	-70.950676
12128.576660	-67.942154
12133.959961	-64.861336
12139.343262	-66.176826
12144.726562	-70.907784
12150.109863	-69.973671
12155.493164	-63.388371
12160.876465	-61.831017
12166.259766	-69.400414
12171.643066	-66.102684
12177.026367	-61.763889
12182.409668	-64.384087
12187.792969	-68.265511
12193.176270	-65.977280
12198.559570	-64.105461
12203.942871	-68.221832
12209.326172	-74.119965
12214.709473	-70.585999
12220.092773	-64.977287
12225.476074	-61.264954
12230.859375	-67.426102
12236.242676	-62.730072
12241.625977	-58.155663
12247.009277	-60.165325
12252.392578	-65.178055
12257.775879	-57.736919
12263.159180	-57.211697
12268.542480	-64.976189
12273.925781	-60.162380
12279.309082	-57.603428
12284.692383	-61.763226
12290.075684	-61.765705
12295.458984	-59.305237
12300.842285	-58.852695
12306.225586	-59.893112
12311.608887	-61.554104
12316.992188	-58.887642
12322.375488	-57.825047
12327.758789	-59.395813
12333.142090	-60.961918
12338.525391	-57.913902
12343.908691	-56.835693
12349.291992	-59.734032
12354.675293	-61.494839
12360.058594	-56.292347
12365.441895	-55.658707
12370.825195	-62.516697
12376.208496	-59.418091
12381.591797	-55.224052
12386.975098	-58.459023
12392.358398	-64.765808
12397.741699	-57.564049
12403.125000	-56.316761
12408.508301	-59.473808
12413.891602	-60.548523
12419.274902	-56.383450
12424.658203	-56.823223
12430.041504	-58.792824
12435.424805	-57.225609
12440.808105	-57.007439
12446.191406	-56.143696
12451.574707	-56.084396
12456.958008	-58.515114
12462.341309	-55.628948
12467.724609	-54.354900
12473.107910	-59.227497
12478.491211	-56.644466
12483.874512	-54.078419
12489.257812	-58.260281
12494.641113	-59.452457
12500.024414	-55.735058
12505.407715	-58.437038
12510.791016	-61.802620
12516.174316	-58.926300
12521.557617	-61.488811
12526.940918	-62.164383
12532.324219	-61.714569
12537.707520	-65.406090
12543.090820	-60.450966
12548.474121	-60.722614
12553.857422	-69.989532
12559.240723	-59.816032
12564.624023	-58.167168
12570.007324	-65.856689
12575.390625	-60.066105
12580.773926	-56.735168
12586.157227	-59.998474
12591.540527	-60.571999
12596.923828	-58.217033
12602.307129	-58.116127
12607.690430	-63.405655
12613.073730	-62.651146
12618.457031	-58.163860
12623.840332	-61.908035
12629.223633	-70.168083
12634.606934	-60.476742
12639.990234	-62.036129
12645.373535	-65.703621
12650.756836	-61.346111
12656.140137	-61.759178
12661.523438	-62.155491
12666.906738	-59.956551
12672.290039	-59.814190
12677.673340	-61.638100
12683.056641	-59.713169
12688.439941	-57.711784
12693.823242	-60.249973
12699.206543	-62.280289
12704.589844	-58.426178
12709.973145	-58.664551
12715.356445	-63.621643
12720.739746	-62.419823
12726.123047	-58.082348
12731.506348	-60.116482
12736.889648	-69.477303
12742.272949	-59.641983
12747.656250	-58.266380
12753.039551	-65.050308
12758.422852	-63.721905
12763.806152	-58.787643
12769.189453	-62.546555
12774.572754	-68.836815
12779.956055	-62.867874
12785.339355	-61.451698
12790.722656	-64.905540
12796.105957	-69.421745
12801.489258	-61.178516
12806.872559	-61.896603
12812.255859	-68.281464
12817.639160	-63.442318
12823.022461	-63.177788
12828.405762	-66.356163
12833.789062	-64.827278
12839.172363	-65.035515
12844.555664	-68.371605
12849.938965	-66.672340
12855.322266	-66.603836
12860.705566	-71.600700
12866.088867	-71.864738
12871.472168	-65.339981
12876.855469	-67.887894
12882.238770	-65.244919
12887.622070	-62.616547
12893.005371	-62.427280
12898.388672	-61.919792
12903.771973	-60.289196
12909.155273	-61.072224
12914.538574	-63.731342
12919.921875	-59.345348
12925.305176	-62.457531
12930.688477	-65.613220
12936.071777	-58.852325
12941.455078	-61.279385
12946.838379	-63.382404
12952.221680	-60.006123
12957.604980	-60.318802
12962.988281	-60.346558
12968.371582	-62.249382
12973.754883	-59.933121
12979.138184	-59.350296
12984.521484	-63.918121
12989.904785	-59.106167
12995.288086	-59.794250
13000.671387	-61.959339
13006.054688	-59.724998
13011.437988	-60.950756
13016.821289	-59.906628
13022.204590	-59.973892
13027.587891	-60.915222
13032.971191	-58.313251
13038.354492	-60.909435
13043.737793	-59.543442
13049.121094	-57.396210
13054.504395	-61.363472
13059.887695	-58.358604
13065.270996	-57.691559
13070.654297	-60.688347
13076.037598	-59.773449
13081.420898	-58.690788
13086.804199	-60.266159
13092.187500	-62.627220
13097.570801	-61.577938
13102.954102	-61.352905
13108.337402	-62.600712
13113.720703	-64.814690
13119.104004	-61.309654
13124.487305	-60.774693
13129.870605	-64.016678
13135.253906	-61.317825
13140.637207	-58.943569
13146.020508	-62.337204
13151.403809	-61.872128
13156.787109	-59.034351
13162.170410	-61.833809
13167.553711	-64.126656
13172.937012	-61.760098
13178.320312	-60.230675
13183.703613	-62.483742
13189.086914	-65.149590
13194.470215	-60.030380
13199.853516	-61.712376
13205.236816	-65.746498
13210.620117	-60.631439
13216.003418	-62.769840
13221.386719	-68.323036
13226.770020	-62.063770
13232.153320	-64.545258
13237.536621	-68.044388
13242.919922	-62.330502
13248.303223	-64.576431
13253.686523	-73.327667
13259.069824	-63.586895
13264.453125	-65.084450
13269.836426	-73.128365
13275.219727	-67.380371
13280.603027	-66.088554
13285.986328	-65.233780
13291.369629	-65.940735
13296.752930	-65.236031
13302.136230	-62.596840
13307.519531	-62.891396
13312.902832	-63.288422
13318.286133	-61.876331
13323.669434	-62.376900
13329.052734	-64.691338
13334.436035	-63.253395
13339.819336	-62.642284
13345.202637	-67.095268
13350.585938	-64.766998
13355.969238	-61.881863
13361.352539	-64.674301
13366.735840	-65.604942
13372.119141	-63.372471
13377.502441	-65.203117
13382.885742	-67.712135
13388.269043	-65.278358
13393.652344	-66.896675
13399.035645	-70.188927
13404.418945	-69.712234
13409.802246	-71.121254
13415.185547	-70.771164
13420.568848	-72.230011
13425.952148	-77.326118
13431.335449	-71.320534
13436.718750	-70.169266
13442.102051	-72.304016
13447.485352	-70.427490
13452.868652	-69.115974
13458.251953	-68.544884
13463.635254	-69.002007
13469.018555	-67.602791
13474.401855	-66.872154
13479.785156	-68.179169
13485.168457	-66.717552
13490.551758	-68.436134
13495.935059	-68.033936
13501.318359	-68.925156
13506.701660	-76.076820
13512.084961	-67.986038
13517.468262	-67.739006
13522.851562	-70.798195
13528.234863	-65.849838
13533.618164	-65.196457
13539.001465	-64.872253
13544.384766	-63.388683
13549.768066	-65.404976
13555.151367	-63.052158
13560.534668	-61.881893
13565.917969	-66.335899
13571.301270	-64.593002
13576.684570	-62.593670
13582.067871	-67.626434
13587.451172	-69.908440
13592.834473	-66.338570
13598.217773	-69.740448
13603.601074	-79.228256
13608.984375	-71.197487
13614.367676	-70.831779
13619.750977	-71.692062
13625.134277	-66.048164
13630.517578	-67.764107
13635.900879	-69.440567
13641.284180	-61.458336
13646.667480	-63.072578
13652.050781	-68.773140
13657.434082	-59.532818
13662.817383	-61.184231
13668.200684	-71.209465
13673.583984	-59.974514
13678.967285	-61.144436
13684.350586	-72.345612
13689.733887	-61.833500
13695.117188	-61.374332
13700.500488	-66.418373
13705.883789	-67.559677
13711.267090	-62.820961
13716.650391	-62.870625
13722.033691	-73.861885
13727.416992	-64.709496
13732.800293	-62.378658
13738.183594	-67.520737
13743.566895	-66.169838
13748.950195	-64.553894
13754.333496	-65.703903
13759.716797	-65.713562
13765.100098	-65.526558
13770.483398	-64.015923
13775.866699	-63.526596
13781.250000	-62.837429
13786.633301	-63.046570
13792.016602	-64.639702
13797.399902	-62.141487
13802.783203	-63.273579
13808.166504	-69.028069
13813.549805	-62.931343
13818.933105	-62.091721
13824.316406	-66.724937
13829.699707	-65.592178
13835.083008	-62.355858
13840.466309	-63.224739
13845.849609	-70.170914
13851.232910	-63.033634
13856.616211	-60.465389
13861.999512	-67.185349
13867.382812	-63.615265
13872.766113	-59.844139
13878.149414	-64.288528
13883.532715	-68.555283
13888.916016	-60.471516
13894.299316	-61.339504
13899.682617	-67.470741
13905.065918	-61.470348
13910.449219	-59.191570
13915.832520	-62.870613
13921.215820	-63.695721
13926.599121	-59.933910
13931.982422	-61.815533
13937.365723	-64.853508
13942.749023	-62.970688
13948.132324	-62.373779
13953.515625	-65.734047
13958.898926	-65.321854
13964.282227	-63.853600
13969.665527	-68.128204
13975.048828	-65.405128
13980.432129	-65.051559
13985.815430	-69.223022
13991.198730	-63.974724
13996.582031	-65.891930
14001.965332	-69.395012
14007.348633	-63.320961
14012.731934	-65.103577
14018.115234	-67.603210
14023.498535	-62.634762
14028.881836	-62.891048
14034.265137	-67.221008
14039.648438	-64.740898
14045.031738	-61.213406
14050.415039	-62.935791
14055.798340	-64.833572
14061.181641	-60.382408
14066.564941	-60.675392
14071.948242	-63.227169
14077.331543	-60.988148
14082.714844	-60.172558
14088.098145	-62.100933
14093.481445	-61.209415
14098.864746	-60.641632
14104.248047	-61.628029
14109.631348	-60.066315
14115.014648	-59.126999
14120.397949	-60.448009
14125.781250	-59.908195
14131.164551	-59.964520
14136.547852	-61.425655
14141.931152	-63.662125
14147.314453	-62.067566
14152.697754	-60.750748
14158.081055	-63.643513
14163.464355	-62.458279
14168.847656	-61.442833
14174.230957	-65.774551
14179.614258	-65.225029
14184.997559	-64.399567
14190.380859	-63.581749
14195.764160	-63.862316
14201.147461	-64.318939
14206.530762	-59.683556
14211.914062	-60.525555
14217.297363	-62.751545
14222.680664	-58.960953
14228.063965	-59.864594
14233.447266	-63.906204
14238.830566	-60.260151
14244.213867	-59.766529
14249.597168	-64.930420
14254.980469	-65.281418
14260.363770	-61.813648
14265.747070	-62.929585
14271.130371	-70.781860
14276.513672	-66.207191
14281.896973	-62.202339
14287.280273	-63.346218
14292.663574	-66.561363
14298.046875	-64.357819
14303.430176	-60.817520
14308.813477	-63.741768
14314.196777	-67.361130
14319.580078	-62.996181
14324.963379	-66.703735
14330.346680	-68.347511
14335.729980	-62.821194
14341.113281	-66.546371
14346.496582	-64.643265
14351.879883	-61.599831
14357.263184	-62.746712
14362.646484	-62.881115
14368.029785	-61.387779
14373.413086	-63.752487
14378.796387	-65.121559
14384.179688	-63.807224
14389.562988	-68.844086
14394.946289	-72.407272
14400.329590	-69.979630
14405.712891	-69.104187
14411.096191	-71.157272
14416.479492	-65.853256
14421.862793	-62.192375
14427.246094	-64.916367
14432.629395	-61.363220
14438.012695	-59.527843
14443.395996	-63.200909
14448.779297	-59.691616
14454.162598	-58.533546
14459.545898	-61.462322
14464.929199	-58.801289
14470.312500	-57.252640
14475.695801	-61.226212
14481.079102	-59.305912
14486.462402	-57.045086
14491.845703	-60.608360
14497.229004	-60.501026
14502.612305	-58.401009
14507.995605	-60.864304
14513.378906	-63.340027
14518.762207	-62.611004
14524.145508	-63.363770
14529.528809	-66.557549
14534.912109	-71.806992
14540.295410	-66.583282
14545.678711	-67.716042
14551.062012	-70.622650
14556.445312	-72.350639
14561.828613	-66.648926
14567.211914	-65.220062
14572.595215	-74.740120
14577.978516	-65.783363
14583.361816	-63.277817
14588.745117	-70.221581
14594.128418	-66.314217
14599.511719	-63.402756
14604.895020	-69.597595
14610.278320	-66.654884
14615.661621	-63.771996
14621.044922	-68.228928
14626.428223	-66.549210
14631.811523	-63.550190
14637.194824	-65.992172
14642.578125	-65.549500
14647.961426	-63.759785
14653.344727	-67.021896
14658.728027	-66.005913
14664.111328	-65.187668
14669.494629	-69.858437
14674.877930	-67.852501
14680.261230	-66.947792
14685.644531	-70.935333
14691.027832	-68.286667
14696.411133	-67.397171
14701.794434	-67.362373
14707.177734	-67.194748
14712.561035	-68.369141
14717.944336	-63.752506
14723.327637	-65.104980
14728.710938	-71.006149
14734.094238	-61.583862
14739.477539	-61.942127
14744.860840	-69.813461
14750.244141	-61.880524
14755.627441	-60.799297
14761.010742	-66.111855
14766.394043	-66.564445
14771.777344	-61.543152
14777.160645	-62.024044
14782.543945	-70.809456
14787.927246	-62.083523
14793.310547	-60.745743
14798.693848	-66.492081
14804.077148	-63.852341
14809.460449	-62.653996
14814.843750	-65.086609
14820.227051	-68.855690
14825.610352	-64.330750
14830.993652	-66.146446
14836.376953	-71.344681
14841.760254	-65.233025
14847.143555	-67.003944
14852.526855	-73.473801
14857.910156	-65.934906
14863.293457	-66.439064
14868.676758	-75.036186
14874.060059	-68.866943
14879.443359	-65.872269
14884.826660	-69.621078
14890.209961	-72.507690
14895.593262	-66.794685
14900.976562	-68.246941
14906.359863	-73.407852
14911.743164	-67.018204
14917.126465	-68.806702
14922.509766	-72.625778
14927.893066	-66.455635
14933.276367	-67.785965
14938.659668	-71.030937
14944.042969	-64.254173
14949.426270	-63.761883
14954.809570	-68.631584
14960.192871	-62.372658
14965.576172	-60.996719
14970.959473	-66.095001
14976.342773	-61.561970
14981.726074	-59.011139
14987.109375	-62.839237
14992.492676	-61.553692
14997.875977	-58.242332
15003.259277	-61.285942
15008.642578	-62.453320
15014.025879	-59.315861
15019.409180	-61.312283
15024.792480	-64.156769
15030.175781	-60.346519
15035.559082	-60.588787
15040.942383	-62.753105
15046.325684	-60.225529
15051.708984	-60.668255
15057.092285	-64.151031
15062.475586	-63.204674
15067.858887	-60.724403
15073.242188	-63.898384
15078.625488	-67.074661
15084.008789	-62.537399
15089.392090	-65.025963
15094.775391	-73.555305
15100.158691	-63.645828
15105.541992	-61.757088
15110.925293	-64.395935
15116.308594	-64.475983
15121.691895	-63.005867
15127.075195	-64.410851
15132.458496	-67.624252
15137.841797	-64.574860
15143.225098	-64.634743
15148.608398	-64.321190
15153.991699	-63.781597
15159.375000	-65.380936
15164.758301	-64.696098
15170.141602	-64.450516
15175.524902	-65.407478
15180.908203	-64.605576
15186.291504	-64.285294
15191.674805	-63.729900
15197.058105	-64.089943
15202.441406	-64.020905
15207.824707	-64.259171
15213.208008	-64.553162
15218.591309	-65.647285
15223.974609	-66.313850
15229.357910	-66.656418
15234.741211	-67.547913
15240.124512	-66.705292
15245.507812	-64.184143
15250.891113	-69.916084
15256.274414	-65.162712
15261.657715	-61.572834
15267.041016	-66.518166
15272.424316	-62.576996
15277.807617	-60.847321
15283.190918	-64.503029
15288.574219	-63.473320
15293.957520	-62.186790
15299.340820	-66.991341
15304.724121	-63.509834
15310.107422	-65.408386
15315.490723	-68.976425
15320.874023	-61.760422
15326.257324	-69.313171
15331.640625	-64.994507
15337.023926	-63.918751
15342.407227	-72.129021
15347.790527	-64.964256
15353.173828	-65.865372
15358.557129	-70.303757
15363.940430	-66.833900
15369.323730	-69.356659
15374.707031	-67.553703
15380.090332	-65.940292
15385.473633	-71.936333
15390.856934	-64.859497
15396.240234	-64.045975
15401.623535	-66.157692
15407.006836	-62.153732
15412.390137	-62.806244
15417.773438	-62.286015
15423.156738	-59.496761
15428.540039	-62.541397
15433.923340	-60.517387
15439.306641	-57.833298
15444.689941	-63.205997
15450.073242	-60.549328
15455.456543	-57.980782
15460.839844	-65.447174
15466.223145	-61.879498
15471.606445	-60.463940
15476.989746	-66.184898
15482.373047	-65.369370
15487.756348	-64.282242
15493.139648	-64.162056
15498.522949	-69.846985
15503.906250	-67.455490
15509.289551	-62.963909
15514.672852	-65.786133
15520.056152	-66.607437
15525.439453	-63.304268
15530.822754	-61.378754
15536.206055	-64.389954
15541.589355	-68.599510
15546.972656	-61.243069
15552.355957	-62.763161
15557.739258	-70.229599
15563.122559	-64.863197
15568.505859	-60.847328
15573.889160	-63.521450
15579.272461	-70.335938
15584.655762	-62.998039
15590.039062	-62.422100
15595.422363	-68.836693
15600.805664	-69.740799
15606.188965	-63.416000
15611.572266	-64.397881
15616.955566	-71.315727
15622.338867	-64.903091
15627.722168	-63.637535
15633.105469	-70.363647
15638.488770	-67.197037
15643.872070	-64.165314
15649.255371	-67.109322
15654.638672	-67.880424
15660.021973	-64.670525
15665.405273	-65.494911
15670.788574	-66.203621
15676.171875	-64.898170
15681.555176	-65.215317
15686.938477	-65.569344
15692.321777	-63.275227
15697.705078	-66.795326
15703.088379	-66.139534
15708.471680	-62.149506
15713.854980	-65.228630
15719.238281	-72.336899
15724.621582	-63.034775
15730.004883	-60.411541
15735.388184	-64.171310
15740.771484	-66.442924
15746.154785	-58.095169
15751.538086	-58.704441
15756.921387	-68.635796
15762.304688	-58.644814
15767.687988	-57.028370
15773.071289	-63.515053
15778.454590	-60.919434
15783.837891	-57.107994
15789.221191	-59.912983
15794.604492	-65.581970
15799.987793	-58.888420
15805.371094	-59.097080
15810.754395	-70.089554
15816.137695	-61.266285
15821.520996	-59.044121
15826.904297	-65.929344
15832.287598	-63.482262
15837.670898	-60.924473
15843.054199	-64.089584
15848.437500	-67.521606
15853.820801	-63.509796
15859.204102	-62.248569
15864.587402	-67.152245
15869.970703	-62.538467
15875.354004	-62.881260
15880.737305	-64.750908
15886.120605	-62.810051
15891.503906	-64.550018
15896.887207	-65.800125
15902.270508	-62.832767
15907.653809	-64.241966
15913.037109	-68.603081
15918.420410	-63.094471
15923.803711	-64.604149
15929.187012	-67.538361
15934.570312	-67.677826
15939.953613	-65.143021
15945.336914	-64.137787
15950.720215	-66.095879
15956.103516	-66.629539
15961.486816	-63.597389
15966.870117	-62.299252
15972.253418	-66.577187
15977.636719	-65.997253
15983.020020	-62.478909
15988.403320	-64.692749
15993.786621	-67.725716
15999.169922	-63.963081
16004.553223	-63.789452
16009.936523	-70.426857
16015.319824	-67.045334
16020.703125	-64.913773
16026.086426	-67.938698
16031.469727	-67.373718
16036.853027	-66.065208
16042.236328	-65.554260
16047.619629	-66.162003
16053.002930	-66.959381
16058.386230	-67.874191
16063.769531	-64.962723
16069.152832	-65.941345
16074.536133	-71.035286
16079.919434	-65.015068
16085.302734	-66.007469
16090.686035	-69.067551
16096.069336	-67.349724
16101.452637	-68.093513
16106.835938	-68.766747
16112.219238	-71.437057
16117.602539	-71.443230
16122.985840	-70.961983
16128.369141	-71.554214
16133.752441	-70.467697
16139.135742	-72.075714
16144.519043	-72.832062
16149.902344	-69.487305
16155.285645	-70.875641
16160.668945	-70.715073
16166.052246	-67.482796
16171.435547	-67.133774
16176.818848	-64.981308
16182.202148	-65.083023
16187.585449	-66.966782
16192.968750	-62.777401
16198.352051	-62.692699
16203.735352	-64.950294
16209.118652	-63.423664
16214.501953	-61.314175
16219.885254	-63.040657
16225.268555	-64.957039
16230.651855	-63.073681
16236.035156	-62.591778
16241.418457	-64.324104
16246.801758	-66.674149
16252.185059	-65.533607
16257.568359	-65.234055
16262.951660	-71.416008
16268.334961	-73.610107
16273.718262	-69.605492
16279.101562	-73.952568
16284.484863	-74.428665
16289.868164	-70.398148
16295.251465	-73.342010
16300.634766	-72.264915
16306.018066	-66.511734
16311.401367	-68.128586
16316.784668	-70.559143
16322.167969	-65.147369
16327.551270	-64.360657
16332.934570	-69.180443
16338.317871	-67.688255
16343.701172	-62.294586
16349.084473	-64.989632
16354.467773	-71.979843
16359.851074	-62.300579
16365.234375	-63.129398
16370.617676	-69.360535
16376.000977	-63.836430
16381.384277	-63.400734
16386.767578	-66.270325
16392.150879	-64.935959
16397.534180	-64.415947
16402.917480	-64.495872
16408.300781	-64.581963
16413.684082	-64.605446
16419.067383	-64.977577
16424.450684	-64.270737
16429.833984	-62.963657
16435.217285	-65.221542
16440.600586	-64.238327
16445.983887	-59.400738
16451.367188	-62.019455
16456.750488	-65.494698
16462.133789	-57.759026
16467.517090	-60.932533
16472.900391	-64.080719
16478.283691	-57.791603
16483.666992	-60.749569
16489.050293	-60.933159
16494.433594	-59.473545
16499.816895	-60.531872
16505.200195	-60.724110
16510.583496	-62.906506
16515.966797	-60.147293
16521.350098	-62.838459
16526.733398	-66.911552
16532.116699	-60.674011
16537.500000	-63.304932
16542.883301	-67.452919
16548.266602	-61.703312
16553.649902	-63.517540
16559.033203	-65.923088
16564.416504	-62.056324
16569.799805	-63.655453
16575.183105	-64.760468
16580.566406	-61.700939
16585.949707	-62.374134
16591.333008	-63.439598
16596.716309	-61.904083
16602.099609	-60.285435
16607.482910	-60.738312
16612.866211	-64.803879
16618.249512	-58.305550
16623.632812	-58.696819
16629.016113	-65.577690
16634.399414	-58.095833
16639.782715	-57.932858
16645.166016	-59.739998
16650.549316	-60.463478
16655.932617	-58.993282
16661.315918	-57.790066
16666.699219	-61.737133
16672.082520	-59.666748
16677.465820	-58.463917
16682.849121	-61.438046
16688.232422	-60.875538
16693.615723	-60.781120
16698.999023	-61.319031
16704.382324	-60.546730
16709.765625	-61.622482
16715.148926	-62.319481
16720.532227	-59.646713
16725.915527	-60.371243
16731.298828	-64.588890
16736.682129	-59.520657
16742.065430	-59.556175
16747.448730	-62.729469
16752.832031	-61.286858
16758.215332	-60.202820
16763.598633	-60.089062
16768.981934	-64.110901
16774.365234	-62.371635
16779.748535	-60.181889
16785.131836	-63.603935
16790.515137	-64.935593
16795.898438	-61.526863
16801.281738	-62.507019
16806.665039	-65.300339
16812.048340	-63.150108
16817.431641	-63.794724
16822.814941	-65.559181
16828.198242	-64.902122
16833.581543	-68.249313
16838.964844	-65.636383
16844.348145	-65.292839
16849.731445	-69.957588
16855.114746	-65.105103
16860.498047	-65.724388
16865.881348	-66.296577
16871.264648	-63.883980
16876.647949	-65.133430
16882.031250	-65.669418
16887.414551	-64.160721
16892.797852	-63.162769
16898.181152	-64.984657
16903.564453	-67.481384
16908.947754	-61.527596
16914.331055	-63.785915
16919.714355	-68.132668
16925.097656	-63.800858
16930.480957	-63.327873
16935.864258	-64.517082
16941.247559	-68.222427
16946.630859	-62.415508
16952.014160	-63.521336
16957.397461	-70.184395
16962.780762	-63.782726
16968.164062	-64.950188
16973.547363	-67.542236
16978.930664	-68.514168
16984.313965	-65.868446
16989.697266	-65.965515
16995.080566	-72.130379
17000.463867	-68.069031
17005.847168	-68.734421
17011.230469	-71.598427
17016.613770	-66.659927
17021.997070	-68.591972
17027.380371	-73.686371
17032.763672	-64.871056
17038.146973	-63.743553
17043.530273	-68.384705
17048.913574	-65.652580
17054.296875	-63.013596
17059.680176	-67.191162
17065.063477	-70.405258
17070.446777	-66.021751
17075.830078	-70.553185
17081.213379	-71.900078
17086.596680	-69.271255
17091.979980	-67.931763
17097.363281	-70.731155
17102.746582	-69.318893
17108.129883	-64.214615
17113.513184	-66.858711
17118.896484	-67.444618
17124.279785	-63.249340
17129.663086	-65.423439
17135.046387	-66.622375
17140.429688	-64.472878
17145.812988	-65.006798
17151.196289	-63.607555
17156.579590	-64.161293
17161.962891	-65.247490
17167.346191	-60.954063
17172.729492	-62.032158
17178.112793	-66.440475
17183.496094	-61.252304
17188.879395	-60.622189
17194.262695	-64.372124
17199.645996	-62.916904
17205.029297	-61.306984
17210.412598	-62.580315
17215.795898	-63.383812
17221.179199	-63.426605
17226.562500	-63.607151
17231.945801	-63.020893
17237.329102	-63.493774
17242.712402	-65.966576
17248.095703	-64.494629
17253.479004	-61.858932
17258.862305	-64.965782
17264.245605	-67.194374
17269.628906	-61.249146
17275.012207	-63.504242
17280.395508	-72.526855
17285.778809	-62.954441
17291.162109	-63.027618
17296.545410	-72.700043
17301.928711	-66.651642
17307.312012	-64.210197
17312.695312	-69.380730
17318.078613	-71.821335
17323.461914	-67.809502
17328.845215	-69.064911
17334.228516	-75.253609
17339.611816	-68.948143
17344.995117	-68.738808
17350.378418	-70.741066
17355.761719	-68.994812
17361.145020	-67.499847
17366.528320	-66.230431
17371.911621	-67.215218
17377.294922	-68.220795
17382.678223	-66.169670
17388.061523	-64.430443
17393.444824	-70.184166
17398.828125	-68.205109
17404.211426	-63.455494
17409.594727	-69.582275
17414.978027	-69.830635
17420.361328	-65.623428
17425.744629	-71.203659
17431.127930	-70.724564
17436.511230	-68.668137
17441.894531	-70.255890
17447.277832	-73.076714
17452.661133	-71.977661
17458.044434	-70.764938
17463.427734	-72.221581
17468.811035	-73.524826
17474.194336	-74.215561
17479.577637	-70.638222
17484.960938	-71.797432
17490.344238	-72.113121
17495.727539	-70.246483
17501.110840	-73.723396
17506.494141	-68.419952
17511.877441	-69.618385
17517.260742	-76.695312
17522.644043	-70.889229
17528.027344	-70.208954
17533.410645	-71.486237
17538.793945	-77.154770
17544.177246	-66.992897
17549.560547	-67.606316
17554.943848	-77.905136
17560.327148	-66.327576
17565.710449	-65.672226
17571.093750	-70.478378
17576.477051	-68.760223
17581.860352	-65.260757
17587.243652	-65.651466
17592.626953	-71.115013
17598.010254	-67.742233
17603.393555	-65.149918
17608.776855	-68.834480
17614.160156	-70.516457
17619.543457	-66.981743
17624.926758	-69.729851
17630.310059	-72.763908
17635.693359	-71.520912
17641.076660	-72.655273
17646.459961	-76.221497
17651.843262	-72.902428
17657.226562	-69.744064
17662.609863	-74.137657
17667.993164	-72.167366
17673.376465	-68.385506
17678.759766	-73.350746
17684.143066	-72.896324
17689.526367	-69.098289
17694.909668	-73.983398
17700.292969	-79.291016
17705.676270	-76.754539
17711.059570	-70.264160
17716.442871	-69.770988
17721.826172	-74.419411
17727.209473	-67.047783
17732.592773	-65.719894
17737.976074	-68.917274
17743.359375	-65.002556
17748.742676	-64.571602
17754.125977	-66.824707
17759.509277	-64.731003
17764.892578	-65.421013
17770.275879	-67.900085
17775.659180	-69.546219
17781.042480	-67.287766
17786.425781	-68.333534
17791.809082	-79.808113
17797.192383	-69.473251
17802.575684	-69.321808
17807.958984	-74.298523
17813.342285	-74.757095
17818.725586	-73.283768
17824.108887	-71.934227
17829.492188	-76.944412
17834.875488	-77.350578
17840.258789	-69.725708
17845.642090	-71.906647
17851.025391	-74.010117
17856.408691	-68.248840
17861.791992	-70.947914
17867.175293	-72.170586
17872.558594	-68.006401
17877.941895	-72.682770
17883.325195	-72.202644
17888.708496	-66.170273
17894.091797	-68.027588
17899.475098	-71.481491
17904.858398	-65.755959
17910.241699	-64.266457
17915.625000	-66.306854
17921.008301	-67.486229
17926.391602	-62.581261
17931.774902	-63.595623
17937.158203	-67.813377
17942.541504	-63.262344
17947.924805	-63.396412
17953.308105	-65.796242
17958.691406	-65.214249
17964.074707	-63.140537
17969.458008	-63.262177
17974.841309	-66.077873
17980.224609	-63.612347
17985.607910	-62.441879
17990.991211	-65.670731
17996.374512	-65.546127
18001.757812	-62.950432
18007.141113	-65.622459
18012.524414	-68.527466
18017.907715	-65.194427
18023.291016	-67.708565
18028.674316	-72.696312
18034.057617	-68.701965
18039.440918	-70.437141
18044.824219	-76.599274
18050.207520	-72.049973
18055.590820	-71.716110
18060.974121	-74.347893
18066.357422	-74.049095
18071.740723	-74.898636
18077.124023	-75.770653
18082.507324	-74.024216
18087.890625	-81.978645
18093.273926	-70.598007
18098.657227	-68.556175
18104.040527	-80.142159
18109.423828	-67.005806
18114.807129	-65.116501
18120.190430	-73.860054
18125.573730	-66.904083
18130.957031	-63.347645
18136.340332	-68.010162
18141.723633	-67.811928
18147.106934	-62.807613
18152.490234	-65.742554
18157.873535	-70.580017
18163.256836	-63.637901
18168.640137	-64.338509
18174.023438	-71.338867
18179.406738	-64.782578
18184.790039	-63.296505
18190.173340	-67.736412
18195.556641	-67.292603
18200.939941	-63.692364
18206.323242	-64.945656
18211.706543	-71.135773
18217.089844	-64.497879
18222.473145	-63.340054
18227.856445	-71.030296
18233.239746	-65.939392
18238.623047	-63.787613
18244.006348	-70.097031
18249.389648	-68.982109
18254.772949	-65.934662
18260.156250	-70.711838
18265.539551	-70.469177
18270.922852	-67.057831
18276.306152	-69.619728
18281.689453	-71.387688
18287.072754	-66.876556
18292.456055	-66.757370
18297.839355	-74.334709
18303.222656	-68.493240
18308.605957	-64.477753
18313.989258	-68.405258
18319.372559	-72.662849
18324.755859	-64.196754
18330.139160	-64.901924
18335.522461	-73.992752
18340.905762	-65.339996
18346.289062	-63.015579
18351.672363	-68.587570
18357.055664	-65.582146
18362.438965	-62.126751
18367.822266	-66.354561
18373.205566	-67.004501
18378.588867	-62.917038
18383.972168	-66.079941
18389.355469	-73.408379
18394.738770	-64.702255
18400.122070	-64.820976
18405.505371	-70.967033
18410.888672	-67.678246
18416.271973	-64.211670
18421.655273	-64.677002
18427.038574	-71.763252
18432.421875	-66.268524
18437.805176	-62.318810
18443.188477	-66.549240
18448.571777	-70.182297
18453.955078	-62.462353
18459.338379	-63.621700
18464.721680	-71.183609
18470.104980	-65.344711
18475.488281	-63.755871
18480.871582	-69.384369
18486.254883	-68.909378
18491.638184	-64.224937
18497.021484	-69.404831
18502.404785	-68.403725
18507.788086	-64.692894
18513.171387	-71.473351
18518.554688	-66.866867
18523.937988	-64.816460
18529.321289	-71.577759
18534.704590	-66.923256
18540.087891	-64.200203
18545.471191	-71.114517
18550.854492	-67.852753
18556.237793	-64.056511
18561.621094	-71.199440
18567.004395	-69.232735
18572.387695	-65.863449
18577.770996	-73.255028
18583.154297	-70.883072
18588.537598	-69.050072
18593.920898	-76.687820
18599.304199	-71.459549
18604.687500	-70.763756
18610.070801	-79.992607
18615.454102	-71.743965
18620.837402	-70.527771
18626.220703	-73.016945
18631.604004	-74.666534
18636.987305	-72.809578
18642.370605	-69.049980
18647.753906	-68.088020
18653.137207	-71.265862
18658.520508	-67.511650
18663.903809	-63.773956
18669.287109	-66.085884
18674.670410	-69.815636
18680.053711	-63.623810
18685.437012	-63.897400
18690.820312	-74.932816
18696.203613	-65.916046
18701.586914	-64.039360
18706.970215	-72.828606
18712.353516	-69.205704
18717.736816	-65.948341
18723.120117	-71.136612
18728.503418	-72.046677
18733.886719	-69.305008
18739.270020	-68.881081
18744.653320	-69.468414
18750.036621	-72.579323
18755.419922	-67.001610
18760.803223	-67.100632
18766.186523	-78.445465
18771.569824	-67.479630
18776.953125	-66.277092
18782.336426	-74.103348
18787.719727	-70.530067
18793.103027	-65.681580
18798.486328	-66.644539
18803.869629	-72.565987
18809.252930	-66.029022
18814.636230	-64.769539
18820.019531	-72.063347
18825.402832	-69.235909
18830.786133	-65.484970
18836.169434	-71.227348
18841.552734	-72.070847
18846.936035	-66.770470
18852.319336	-72.098831
18857.702637	-73.182701
18863.085938	-67.213165
18868.469238	-71.856659
18873.852539	-74.821373
18879.235840	-68.839760
18884.619141	-71.676010
18890.002441	-72.337227
18895.385742	-71.554214
18900.769043	-73.620483
18906.152344	-70.637810
18911.535645	-71.911865
18916.918945	-79.335709
18922.302246	-73.952110
18927.685547	-74.758179
18933.068848	-77.412270
18938.452148	-81.898857
18943.835449	-74.654694
18949.218750	-73.560989
18954.602051	-86.488533
18959.985352	-72.196114
18965.368652	-73.238564
18970.751953	-75.263153
18976.135254	-68.510910
18981.518555	-72.194550
18986.901855	-71.570068
18992.285156	-65.247780
18997.668457	-69.825485
19003.051758	-70.563232
19008.435059	-64.025314
19013.818359	-68.840096
19019.201660	-72.543076
19024.584961	-66.329933
19029.968262	-71.899986
19035.351562	-76.200340
19040.734863	-71.800713
19046.118164	-76.777946
19051.501465	-74.582451
19056.884766	-74.752159
19062.268066	-78.928993
19067.651367	-69.794632
19073.034668	-71.816673
19078.417969	-72.107376
19083.801270	-66.933220
19089.184570	-70.723442
19094.567871	-70.299438
19099.951172	-67.659981
19105.334473	-74.191414
19110.717773	-70.156006
19116.101074	-68.873840
19121.484375	-72.467018
19126.867676	-68.810120
19132.250977	-68.916336
19137.634277	-69.042313
19143.017578	-67.174896
19148.400879	-69.288437
19153.784180	-69.207008
19159.167480	-67.062279
19164.550781	-70.238716
19169.934082	-73.086754
19175.317383	-69.240677
19180.700684	-72.476639
19186.083984	-76.418701
19191.467285	-72.127022
19196.850586	-75.759933
19202.233887	-74.677368
19207.617188	-73.918251
19213.000488	-71.085114
19218.383789	-69.496262
19223.767090	-73.482529
19229.150391	-69.718384
19234.533691	-68.376137
19239.916992	-72.300568
19245.300293	-74.396179
19250.683594	-70.933044
19256.066895	-72.046730
19261.450195	-77.135826
19266.833496	-74.797722
19272.216797	-74.705200
19277.600098	-77.021049
19282.983398	-73.209206
19288.366699	-72.589005
19293.750000	-78.427116
19299.133301	-70.860344
19304.516602	-68.355400
19309.899902	-76.991699
19315.283203	-68.517548
19320.666504	-64.567574
19326.049805	-71.764206
19331.433105	-67.829025
19336.816406	-63.618973
19342.199707	-69.082352
19347.583008	-69.146606
19352.966309	-65.105698
19358.349609	-66.165054
19363.732910	-68.219231
19369.116211	-66.611809
19374.499512	-65.494865
19379.882812	-67.473640
19385.266113	-66.778862
19390.649414	-66.517609
19396.032715	-68.211403
19401.416016	-66.771141
19406.799316	-67.201477
19412.182617	-69.960739
19417.565918	-66.981865
19422.949219	-66.807579
19428.332520	-70.739655
19433.715820	-66.912331
19439.099121	-67.422058
19444.482422	-69.001961
19449.865723	-66.747528
19455.249023	-69.485596
19460.632324	-68.134468
19466.015625	-66.532524
19471.398926	-71.302345
19476.782227	-70.719528
19482.165527	-66.849869
19487.548828	-72.472084
19492.932129	-72.249352
19498.315430	-66.711380
19503.698730	-73.739502
19509.082031	-70.080040
19514.465332	-67.454979
19519.848633	-73.925835
19525.231934	-73.180664
19530.615234	-68.911842
19535.998535	-67.915298
19541.381836	-71.695084
19546.765137	-72.702576
19552.148438	-65.553108
19557.531738	-66.197578
19562.915039	-71.864441
19568.298340	-65.640434
19573.681641	-64.570801
19579.064941	-68.192192
19584.448242	-67.151596
19589.831543	-65.128143
19595.214844	-67.724503
19600.598145	-69.544746
19605.981445	-67.203873
19611.364746	-67.974190
19616.748047	-69.973694
19622.131348	-67.791435
19627.514648	-66.283707
19632.897949	-67.099464
19638.281250	-67.209229
19643.664551	-65.182770
19649.047852	-65.740913
19654.431152	-69.457710
19659.814453	-66.852440
19665.197754	-64.749634
19670.581055	-68.669319
19675.964355	-69.733116
19681.347656	-64.644356
19686.730957	-65.430992
19692.114258	-69.341385
19697.497559	-66.143578
19702.880859	-64.566406
19708.264160	-66.985504
19713.647461	-67.827354
19719.030762	-66.079735
19724.414062	-67.897079
19729.797363	-69.234612
19735.180664	-69.754349
19740.563965	-74.138847
19745.947266	-73.145538
19751.330566	-69.828514
19756.713867	-73.561142
19762.097168	-75.715141
19767.480469	-68.011398
19772.863770	-70.822609
19778.247070	-76.181419
19783.630371	-68.197983
19789.013672	-71.384789
19794.396973	-78.514313
19799.780273	-70.675293
19805.163574	-73.953415
19810.546875	-79.731644
19815.930176	-73.880806
19821.313477	-77.177429
19826.696777	-78.319656
19832.080078	-74.330788
19837.463379	-74.756950
19842.846680	-73.961990
19848.229980	-76.030945
19853.613281	-71.075516
19858.996582	-68.504341
19864.379883	-74.816750
19869.763184	-66.132179
19875.146484	-63.680225
19880.529785	-68.469673
19885.913086	-63.520485
19891.296387	-61.226948
19896.679688	-65.922852
19902.062988	-64.242058
19907.446289	-60.924927
19912.829590	-63.599976
19918.212891	-66.792824
19923.596191	-61.650959
19928.979492	-61.889690
19934.362793	-66.865738
19939.746094	-63.100048
19945.129395	-62.478512
19950.512695	-68.119980
19955.895996	-65.267128
19961.279297	-65.033234
19966.662598	-73.655724
19972.045898	-66.468155
19977.429199	-66.240166
19982.812500	-77.204437
19988.195801	-68.751472
19993.579102	-65.214119
19998.962402	-67.539238
20004.345703	-71.548134
20009.729004	-63.724209
20015.112305	-64.383308
20020.495605	-71.250732
20025.878906	-63.636036
20031.262207	-64.469765
20036.645508	-74.181145
20042.028809	-64.647156
20047.412109	-64.845016
20052.795410	-75.039162
20058.178711	-65.467323
20063.562012	-63.916702
20068.945312	-69.725388
20074.328613	-67.702477
20079.711914	-64.735977
20085.095215	-68.013039
20090.478516	-75.729652
20095.861816	-68.571190
20101.245117	-68.368538
20106.628418	-76.183197
20112.011719	-76.406708
20117.395020	-72.936340
20122.778320	-71.692642
20128.161621	-71.554619
20133.544922	-73.839767
20138.928223	-70.228111
20144.311523	-69.124825
20149.694824	-71.012878
20155.078125	-71.469307
20160.461426	-69.627106
20165.844727	-69.083382
20171.228027	-72.224258
20176.611328	-67.276001
20181.994629	-65.980019
20187.377930	-70.367058
20192.761230	-66.387032
20198.144531	-64.790054
20203.527832	-69.230560
20208.911133	-69.584427
20214.294434	-65.867134
20219.677734	-66.952423
20225.061035	-71.306763
20230.444336	-67.815010
20235.827637	-65.602470
20241.210938	-67.994881
20246.594238	-68.954788
20251.977539	-66.934738
20257.360840	-67.010971
20262.744141	-67.269958
20268.127441	-68.021866
20273.510742	-67.511200
20278.894043	-66.852730
20284.277344	-67.306183
20289.660645	-66.761681
20295.043945	-67.417381
20300.427246	-65.039551
20305.810547	-63.514606
20311.193848	-64.174164
20316.577148	-63.306717
20321.960449	-62.510612
20327.343750	-62.496605
20332.727051	-63.570744
20338.110352	-63.846844
20343.493652	-62.549492
20348.876953	-64.692886
20354.260254	-64.619972
20359.643555	-63.606159
20365.026855	-65.788193
20370.410156	-64.811615
20375.793457	-66.049736
20381.176758	-67.996246
20386.560059	-67.374039
20391.943359	-69.642479
20397.326660	-70.009224
20402.709961	-70.629692
20408.093262	-73.284882
20413.476562	-72.239098
20418.859863	-70.995567
20424.243164	-72.303200
20429.626465	-80.877342
20435.009766	-68.507538
20440.393066	-67.315536
20445.776367	-76.727699
20451.159668	-66.684952
20456.542969	-65.834419
20461.926270	-73.569565
20467.309570	-66.073906
20472.692871	-66.952026
20478.076172	-73.108253
20483.459473	-66.722931
20488.842773	-69.584946
20494.226074	-73.488449
20499.609375	-67.237000
20504.992676	-71.471977
20510.375977	-71.225349
20515.759277	-66.483322
20521.142578	-71.960388
20526.525879	-68.810944
20531.909180	-65.561058
20537.292480	-71.032532
20542.675781	-69.797142
20548.059082	-65.644890
20553.442383	-69.040588
20558.825684	-70.562935
20564.208984	-65.610191
20569.592285	-69.244545
20574.975586	-69.780914
20580.358887	-65.485451
20585.742188	-70.501740
20591.125488	-69.704674
20596.508789	-63.595512
20601.892090	-66.154648
20607.275391	-69.155212
20612.658691	-62.939022
20618.041992	-64.070671
20623.425293	-70.646111
20628.808594	-64.999054
20634.191895	-64.850143
20639.575195	-73.685905
20644.958496	-69.788963
20650.341797	-67.710899
20655.725098	-75.995682
20661.108398	-75.055038
20666.491699	-72.079659
20671.875000	-79.071976
20677.258301	-81.201508
20682.641602	-78.088409
20688.024902	-79.699432
20693.408203	-81.191185
20698.791504	-84.078880
20704.174805	-79.987663
20709.558105	-77.781372
20714.941406	-80.977005
20720.324707	-80.141594
20725.708008	-76.076355
20731.091309	-71.813431
20736.474609	-76.183365
20741.857910	-73.948967
20747.241211	-68.992233
20752.624512	-73.320747
20758.007812	-77.589622
20763.391113	-71.387161
20768.774414	-74.435394
20774.157715	-82.910690
20779.541016	-81.024567
20784.924316	-81.183281
20790.307617	-80.358284
20795.690918	-79.460114
20801.074219	-74.777039
20806.457520	-77.637390
20811.840820	-74.478622
20817.224121	-69.121918
20822.607422	-72.268036
20827.990723	-75.759972
20833.374023	-68.878151
20838.757324	-70.373856
20844.140625	-78.845123
20849.523926	-70.559525
20854.907227	-70.729301
20860.290527	-77.975166
20865.673828	-72.981422
20871.057129	-75.316948
20876.440430	-73.010750
20881.823730	-71.851936
20887.207031	-78.716042
20892.590332	-69.121033
20897.973633	-68.290726
20903.356934	-75.538101
20908.740234	-69.418884
20914.123535	-67.306664
20919.506836	-72.297310
20924.890137	-71.371056
20930.273438	-67.832527
20935.656738	-70.397614
20941.040039	-72.414040
20946.423340	-69.728065
20951.806641	-71.724648
20957.189941	-73.910164
20962.573242	-71.479126
20967.956543	-73.974045
20973.339844	-74.461266
20978.723145	-69.037994
20984.106445	-71.408409
20989.489746	-76.424057
20994.873047	-68.042801
21000.256348	-68.441643
21005.639648	-76.605553
21011.022949	-70.251968
21016.406250	-66.121017
21021.789551	-68.764610
21027.172852	-71.760979
21032.556152	-65.563354
21037.939453	-66.985817
21043.322754	-72.055893
21048.706055	-66.855774
21054.089355	-68.016655
21059.472656	-75.738564
21064.855957	-67.168900
21070.239258	-68.631172
21075.622559	-78.523796
21081.005859	-67.504410
21086.389160	-69.645912
21091.772461	-78.613182
21097.155762	-69.663055
21102.539062	-71.229904
21107.922363	-74.360695
21113.305664	-69.502640
21118.688965	-71.929031
21124.072266	-70.797134
21129.455566	-67.511711
21134.838867	-70.406883
21140.222168	-68.274689
21145.605469	-67.124519
21150.988770	-67.104836
21156.372070	-67.148232
21161.755371	-68.667862
21167.138672	-65.270645
21172.521973	-65.743912
21177.905273	-72.151573
21183.288574	-66.521507
21188.671875	-64.872208
21194.055176	-71.088287
21199.438477	-70.393654
21204.821777	-65.345215
21210.205078	-68.674126
21215.588379	-74.809418
21220.971680	-68.067207
21226.354980	-69.182747
21231.738281	-80.004776
21237.121582	-72.250847
21242.504883	-69.552551
21247.888184	-75.774666
21253.271484	-72.492386
21258.654785	-68.409035
21264.038086	-73.735489
21269.421387	-71.458954
21274.804688	-67.173798
21280.187988	-71.283638
21285.571289	-73.616928
21290.954590	-66.433723
21296.337891	-67.340332
21301.721191	-74.316795
21307.104492	-65.799110
21312.487793	-65.992966
21317.871094	-72.781227
21323.254395	-66.501167
21328.637695	-67.215218
21334.020996	-78.501610
21339.404297	-68.840378
21344.787598	-67.397301
21350.170898	-72.056396
21355.554199	-72.618530
21360.937500	-66.851852
21366.320801	-67.298225
21371.704102	-74.914749
21377.087402	-67.676270
21382.470703	-66.174904
21387.854004	-73.743378
21393.237305	-68.468613
21398.620605	-67.551338
21404.003906	-74.636818
21409.387207	-69.147049
21414.770508	-70.729492
21420.153809	-75.353966
21425.537109	-70.347870
21430.920410	-73.021431
21436.303711	-80.021065
21441.687012	-71.541847
21447.070312	-70.007423
21452.453613	-75.987488
21457.836914	-75.010048
21463.220215	-69.227295
21468.603516	-70.016983
21473.986816	-76.164597
21479.370117	-71.385216
21484.753418	-67.383522
21490.136719	-71.213089
21495.520020	-74.766243
21500.903320	-67.602592
21506.286621	-70.503349
21511.669922	-78.148369
21517.053223	-68.580032
21522.436523	-70.467995
21527.819824	-73.940598
21533.203125	-68.463394
21538.586426	-71.535698
21543.969727	-69.547714
21549.353027	-66.847237
21554.736328	-72.653091
21560.119629	-68.822731
21565.502930	-66.576500
21570.886230	-72.526085
21576.269531	-73.629478
21581.652832	-68.761650
21587.036133	-71.251236
21592.419434	-77.197098
21597.802734	-71.748093
21603.186035	-72.462479
21608.569336	-76.447807
21613.952637	-74.794449
21619.335938	-76.218773
21624.719238	-80.893257
21630.102539	-77.771751
21635.485840	-77.129166
21640.869141	-83.196754
21646.252441	-82.025948
21651.635742	-81.030815
21657.019043	-85.543587
21662.402344	-79.328850
21667.785645	-79.574257
21673.168945	-74.471115
21678.552246	-69.535881
21683.935547	-72.803215
21689.318848	-69.259987
21694.702148	-65.382401
21700.085449	-69.329765
21705.468750	-69.873627
21710.852051	-65.405624
21716.235352	-68.525932
21721.618652	-73.567719
21727.001953	-67.714981
21732.385254	-68.775375
21737.768555	-71.082359
21743.151855	-70.224815
21748.535156	-71.857368
21753.918457	-71.747887
21759.301758	-73.553436
21764.685059	-79.419212
21770.068359	-74.533249
21775.451660	-76.969604
21780.834961	-81.845322
21786.218262	-74.172661
21791.601562	-77.673225
21796.984863	-78.828148
21802.368164	-74.185913
21807.751465	-80.229576
21813.134766	-80.689377
21818.518066	-75.602531
21823.901367	-73.439316
21829.284668	-76.063751
21834.667969	-74.088486
21840.051270	-69.778046
21845.434570	-72.888199
21850.817871	-77.415024
21856.201172	-72.918938
21861.584473	-75.266579
21866.967773	-84.691429
21872.351074	-79.250664
21877.734375	-76.248344
21883.117676	-79.169006
21888.500977	-75.228088
21893.884277	-70.848686
21899.267578	-72.158127
21904.650879	-75.120705
21910.034180	-69.379547
21915.417480	-67.999680
21920.800781	-73.362846
21926.184082	-72.349693
21931.567383	-66.413612
21936.950684	-69.182823
21942.333984	-76.069023
21947.717285	-66.511208
21953.100586	-67.947342
21958.483887	-77.085617
21963.867188	-68.346313
21969.250488	-67.330742
21974.633789	-72.810181
21980.017090	-69.682991
21985.400391	-66.700569
21990.783691	-71.315643
21996.166992	-68.877312
22001.550293	-66.801414
22006.933594	-71.910156
22012.316895	-68.791466
22017.700195	-67.134422
22023.083496	-72.160782
22028.466797	-72.440186
22033.850098	-68.820839
22039.233398	-72.560066
22044.616699	-74.974518
