Frequency (Hz)	Level (dB)
5.383301	-39.152580
10.766602	-34.427704
16.149902	-33.442249
21.533203	-33.973373
26.916504	-34.489620
32.299805	-35.558430
37.683105	-37.087841
43.066406	-37.222305
48.449707	-34.565414
53.833008	-35.282238
59.216309	-38.067646
64.599609	-38.157372
69.982910	-38.395947
75.366211	-38.764473
80.749512	-39.216053
86.132812	-40.097107
91.516113	-40.901596
96.899414	-39.960201
102.282715	-40.283741
107.666016	-41.585758
113.049316	-42.623932
118.432617	-46.161682
123.815918	-53.933147
129.199219	-60.852402
134.582520	-54.054642
139.965820	-49.097664
145.349121	-45.703312
150.732422	-43.531643
156.115723	-43.397522
161.499023	-44.133205
166.882324	-43.859997
172.265625	-43.556778
177.648926	-42.786678
183.032227	-42.573711
188.415527	-43.164364
193.798828	-42.953506
199.182129	-42.484592
204.565430	-43.304565
209.948730	-43.201824
215.332031	-42.064735
220.715332	-41.001179
226.098633	-40.250729
231.481934	-39.372200
236.865234	-38.696449
242.248535	-38.569088
247.631836	-38.549076
253.015137	-38.551991
258.398438	-38.954796
263.781738	-39.325222
269.165039	-39.769642
274.548340	-40.162594
279.931641	-40.203739
285.314941	-40.444889
290.698242	-40.982422
296.081543	-40.697628
301.464844	-40.244377
306.848145	-40.388847
312.231445	-40.236221
317.614746	-40.881561
322.998047	-42.357769
328.381348	-43.419838
333.764648	-43.074474
339.147949	-41.569920
344.531250	-40.106785
349.914551	-39.265919
355.297852	-39.134430
360.681152	-38.819176
366.064453	-38.582623
371.447754	-38.660698
376.831055	-39.149414
382.214355	-39.768658
387.597656	-40.544968
392.980957	-41.921089
398.364258	-43.305435
403.747559	-44.927742
409.130859	-45.980942
414.514160	-45.751259
419.897461	-45.755962
425.280762	-46.228062
430.664062	-46.726891
436.047363	-46.129025
441.430664	-45.959122
446.813965	-45.967575
452.197266	-46.172565
457.580566	-47.319080
462.963867	-50.199913
468.347168	-53.970833
473.730469	-56.085915
479.113770	-59.224167
484.497070	-60.076725
489.880371	-55.457722
495.263672	-53.284088
500.646973	-52.729801
506.030273	-51.287552
511.413574	-49.852364
516.796875	-49.075405
522.180176	-48.153934
527.563477	-47.083847
532.946777	-45.455833
538.330078	-42.464169
543.713379	-39.338657
549.096680	-36.851131
554.479980	-35.226746
559.863281	-35.083355
565.246582	-36.330975
570.629883	-38.235424
576.013184	-41.223915
581.396484	-42.991268
586.779785	-42.355419
592.163086	-43.845818
597.546387	-49.334858
602.929688	-52.354984
608.312988	-47.882351
613.696289	-45.889874
619.079590	-44.483757
624.462891	-44.361176
629.846191	-45.674198
635.229492	-45.000546
640.612793	-43.450050
645.996094	-44.102127
651.379395	-45.776054
656.762695	-46.562347
662.145996	-49.484001
667.529297	-52.166172
672.912598	-51.136517
678.295898	-51.717083
683.679199	-53.870495
689.062500	-54.365078
694.445801	-53.113235
699.829102	-52.779217
705.212402	-55.744595
710.595703	-62.175129
715.979004	-69.647171
721.362305	-69.989250
726.745605	-61.355110
732.128906	-58.640713
737.512207	-58.668255
742.895508	-59.414806
748.278809	-58.497276
753.662109	-57.949299
759.045410	-65.189468
764.428711	-65.729095
769.812012	-57.715256
775.195312	-55.519802
780.578613	-56.127300
785.961914	-55.072281
791.345215	-51.212662
796.728516	-49.022434
802.111816	-48.339031
807.495117	-46.779106
812.878418	-44.475109
818.261719	-42.555630
823.645020	-41.363308
829.028320	-40.717094
834.411621	-40.586483
839.794922	-41.451035
845.178223	-42.071510
850.561523	-45.025349
855.944824	-46.488983
861.328125	-52.674904
866.711426	-55.880505
872.094727	-52.051147
877.478027	-52.493176
882.861328	-48.222248
888.244629	-46.036053
893.627930	-44.390324
899.011230	-43.988415
904.394531	-44.329926
909.777832	-42.683628
915.161133	-41.525864
920.544434	-41.904793
925.927734	-42.223194
931.311035	-43.453922
936.694336	-47.351128
942.077637	-51.712246
947.460938	-50.495144
952.844238	-50.130100
958.227539	-53.232620
963.610840	-59.504452
968.994141	-61.835648
974.377441	-56.890995
979.760742	-54.273605
985.144043	-50.498314
990.527344	-49.223328
995.910645	-50.320206
1001.293945	-50.676277
1006.677246	-49.999516
1012.060547	-51.260731
1017.443848	-54.270588
1022.827148	-53.534573
1028.210449	-52.609467
1033.593750	-52.563889
1038.977051	-52.144451
1044.360352	-51.813862
1049.743652	-51.263760
1055.126953	-50.047359
1060.510254	-48.857735
1065.893555	-47.069103
1071.276855	-46.709007
1076.660156	-45.312458
1082.043457	-43.030006
1087.426758	-42.264748
1092.810059	-42.686359
1098.193359	-42.606369
1103.576660	-41.573250
1108.959961	-40.267513
1114.343262	-39.362915
1119.726562	-39.457893
1125.109863	-40.895180
1130.493164	-41.883728
1135.876465	-42.334969
1141.259766	-42.522221
1146.643066	-42.734207
1152.026367	-43.655289
1157.409668	-45.020454
1162.792969	-46.247868
1168.176270	-46.964676
1173.559570	-48.148148
1178.942871	-49.794823
1184.326172	-52.480396
1189.709473	-53.980133
1195.092773	-52.688919
1200.476074	-52.894905
1205.859375	-54.302036
1211.242676	-55.850121
1216.625977	-56.179390
1222.009277	-55.113041
1227.392578	-52.486713
1232.775879	-51.612530
1238.159180	-51.860451
1243.542480	-52.463615
1248.925781	-54.806431
1254.309082	-56.808372
1259.692383	-52.671955
1265.075684	-48.736740
1270.458984	-49.761909
1275.842285	-52.675579
1281.225586	-52.213871
1286.608887	-53.375397
1291.992188	-56.179337
1297.375488	-61.428051
1302.758789	-73.374580
1308.142090	-65.311401
1313.525391	-61.158283
1318.908691	-63.332920
1324.291992	-76.651054
1329.675293	-62.460941
1335.058594	-58.134430
1340.441895	-55.863117
1345.825195	-53.348976
1351.208496	-51.352570
1356.591797	-50.607986
1361.975098	-50.779026
1367.358398	-49.999702
1372.741699	-49.135361
1378.125000	-49.053722
1383.508301	-48.469887
1388.891602	-48.808472
1394.274902	-50.216541
1399.658203	-48.870705
1405.041504	-47.348747
1410.424805	-46.328411
1415.808105	-46.530472
1421.191406	-47.125660
1426.574707	-46.553513
1431.958008	-45.667507
1437.341309	-45.081654
1442.724609	-44.950916
1448.107910	-45.790901
1453.491211	-46.115322
1458.874512	-44.717670
1464.257812	-43.983841
1469.641113	-43.111431
1475.024414	-43.481136
1480.407715	-45.081581
1485.791016	-47.551136
1491.174316	-51.458252
1496.557617	-47.325279
1501.940918	-47.186516
1507.324219	-49.394413
1512.707520	-49.236732
1518.090820	-49.537106
1523.474121	-46.611828
1528.857422	-44.503273
1534.240723	-46.376125
1539.624023	-49.832428
1545.007324	-46.150158
1550.390625	-41.078808
1555.773926	-40.333904
1561.157227	-45.644115
1566.540527	-53.293274
1571.923828	-51.944046
1577.307129	-48.545094
1582.690430	-47.928043
1588.073730	-48.021885
1593.457031	-50.566204
1598.840332	-60.162422
1604.223633	-54.261848
1609.606934	-54.401390
1614.990234	-60.460419
1620.373535	-58.753517
1625.756836	-65.354485
1631.140137	-60.189816
1636.523438	-55.561226
1641.906738	-56.675308
1647.290039	-62.030487
1652.673340	-62.038631
1658.056641	-67.933578
1663.439941	-60.759079
1668.823242	-54.723080
1674.206543	-53.893166
1679.589844	-56.314529
1684.973145	-63.796555
1690.356445	-58.289223
1695.739746	-55.186153
1701.123047	-53.994041
1706.506348	-53.045616
1711.889648	-54.214287
1717.272949	-58.150146
1722.656250	-59.287025
1728.039551	-56.852509
1733.422852	-56.920162
1738.806152	-56.624981
1744.189453	-56.457680
1749.572754	-60.098167
1754.956055	-64.235123
1760.339355	-57.618351
1765.722656	-54.608765
1771.105957	-56.440849
1776.489258	-66.648827
1781.872559	-61.357677
1787.255859	-60.393974
1792.639160	-59.668236
1798.022461	-56.355053
1803.405762	-52.725979
1808.789062	-51.691185
1814.172363	-52.516052
1819.555664	-55.847881
1824.938965	-58.188080
1830.322266	-62.255463
1835.705566	-64.015274
1841.088867	-61.296921
1846.472168	-58.037094
1851.855469	-57.631763
1857.238770	-60.739986
1862.622070	-60.884380
1868.005371	-60.647774
1873.388672	-58.729156
1878.771973	-59.668175
1884.155273	-65.061317
1889.538574	-63.166332
1894.921875	-67.423752
1900.305176	-59.042530
1905.688477	-56.092194
1911.071777	-59.902611
1916.455078	-71.044197
1921.838379	-60.462532
1927.221680	-61.096470
1932.604980	-58.692608
1937.988281	-56.784828
1943.371582	-62.417904
1948.754883	-70.294365
1954.138184	-58.796982
1959.521484	-55.773891
1964.904785	-58.774956
1970.288086	-59.166965
1975.671387	-56.719425
1981.054688	-63.685146
1986.437988	-59.920273
1991.821289	-54.369423
1997.204590	-54.222698
2002.587891	-56.499702
2007.971191	-56.799732
2013.354492	-58.833721
2018.737793	-56.213947
2024.121094	-50.242661
2029.504395	-48.988720
2034.887695	-50.197872
2040.270996	-55.069122
2045.654297	-51.876251
2051.037598	-46.313778
2056.420898	-44.347961
2061.804199	-45.573685
2067.187500	-50.524784
2072.570801	-48.605057
2077.954102	-42.035332
2083.337402	-36.317139
2088.720703	-35.914719
2094.104004	-37.910442
2099.487305	-36.830177
2104.870605	-34.799900
2110.253906	-33.565605
2115.637207	-33.418701
2121.020508	-34.355209
2126.403809	-38.025932
2131.787109	-36.890743
2137.170410	-34.960846
2142.553711	-35.030308
2147.937012	-35.859760
2153.320312	-40.805206
2158.703613	-38.478203
2164.086914	-35.854244
2169.470215	-34.878700
2174.853516	-34.658840
2180.236816	-37.967316
2185.620117	-42.813572
2191.003418	-32.856762
2196.386719	-32.058510
2201.770020	-33.950027
2207.153320	-35.110184
2212.536621	-41.879345
2217.919922	-45.888779
2223.303223	-37.751892
2228.686523	-37.687523
2234.069824	-43.150917
2239.453125	-60.038944
2244.836426	-54.356487
2250.219727	-56.651806
2255.603027	-49.165272
2260.986328	-44.833267
2266.369629	-45.201340
2271.752930	-51.913933
2277.136230	-57.487976
2282.519531	-53.632477
2287.902832	-55.447830
2293.286133	-49.530067
2298.669434	-47.422180
2304.052734	-50.768120
2309.436035	-60.261208
2314.819336	-54.922623
2320.202637	-51.514889
2325.585938	-53.146473
2330.969238	-51.978043
2336.352539	-55.723133
2341.735840	-63.445107
2347.119141	-54.653183
2352.502441	-53.326569
2357.885742	-54.127239
2363.269043	-58.981525
2368.652344	-78.464584
2374.035645	-65.696442
2379.418945	-66.867088
2384.802246	-62.870590
2390.185547	-59.286945
2395.568848	-56.617825
2400.952148	-50.834648
2406.335449	-45.206192
2411.718750	-43.917782
2417.102051	-47.268505
2422.485352	-53.864956
2427.868652	-53.562057
2433.251953	-49.141068
2438.635254	-48.943653
2444.018555	-52.633667
2449.401855	-58.750553
2454.785156	-55.149773
2460.168457	-51.697136
2465.551758	-50.533989
2470.935059	-52.888893
2476.318359	-57.548611
2481.701660	-60.814034
2487.084961	-61.056442
2492.468262	-64.015663
2497.851562	-75.884773
2503.234863	-65.476852
2508.618164	-61.521320
2514.001465	-64.356407
2519.384766	-65.106056
2524.768066	-62.890282
2530.151367	-86.961578
2535.534668	-61.984329
2540.917969	-59.566097
2546.301270	-63.394554
2551.684570	-71.960815
2557.067871	-67.704102
2562.451172	-70.105515
2567.834473	-71.869049
2573.217773	-65.044403
2578.601074	-66.813423
2583.984375	-72.599358
2589.367676	-72.922768
2594.750977	-76.103592
2600.134277	-82.508720
2605.517578	-78.762657
2610.900879	-107.191597
2616.284180	-74.801048
2621.667480	-80.117905
2627.050781	-71.553581
2632.434082	-68.372681
2637.817383	-73.248672
2643.200684	-78.211227
2648.583984	-74.949089
2653.967285	-78.851715
2659.350586	-75.609299
2664.733887	-89.780090
2670.117188	-73.107368
2675.500488	-68.768524
2680.883789	-71.138351
2686.267090	-71.862267
2691.650391	-65.878983
2697.033691	-62.784420
2702.416992	-60.437080
2707.800293	-60.094196
2713.183594	-62.393017
2718.566895	-63.643776
2723.950195	-60.835884
2729.333496	-61.494507
2734.716797	-62.465748
2740.100098	-67.700554
2745.483398	-74.339706
2750.866699	-63.392776
2756.250000	-60.403843
2761.633301	-60.420544
2767.016602	-61.817474
2772.399902	-69.092583
2777.783203	-69.807358
2783.166504	-63.602459
2788.549805	-68.455704
2793.933105	-67.883835
2799.316406	-68.376793
2804.699707	-75.212349
2810.083008	-65.401764
2815.466309	-62.171902
2820.849609	-65.313660
2826.232910	-69.294754
2831.616211	-63.718235
2836.999512	-67.851250
2842.382812	-65.846329
2847.766113	-59.723854
2853.149414	-60.340042
2858.532715	-66.904716
2863.916016	-69.256149
2869.299316	-62.797977
2874.682617	-65.560036
2880.065918	-60.522472
2885.449219	-60.670292
2890.832520	-70.561897
2896.215820	-65.805542
2901.599121	-61.964153
2906.982422	-62.086304
2912.365723	-62.696011
2917.749023	-62.175903
2923.132324	-61.035583
2928.515625	-56.220440
2933.898926	-55.346474
2939.282227	-54.561943
2944.665527	-52.611553
2950.048828	-50.781513
2955.432129	-43.904072
2960.815430	-41.772106
2966.198730	-43.102886
2971.582031	-45.014080
2976.965332	-43.542179
2982.348633	-40.128853
2987.731934	-38.541351
2993.115234	-40.078548
2998.498535	-45.244118
3003.881836	-48.922821
3009.265137	-48.557026
3014.648438	-50.771645
3020.031738	-50.371635
3025.415039	-50.661728
3030.798340	-55.381008
3036.181641	-55.858841
3041.564941	-55.126949
3046.948242	-53.985336
3052.331543	-53.282536
3057.714844	-56.681858
3063.098145	-63.996571
3068.481445	-66.283905
3073.864746	-56.518589
3079.248047	-51.984539
3084.631348	-49.668304
3090.014648	-48.617546
3095.397949	-47.652462
3100.781250	-47.299435
3106.164551	-49.347248
3111.547852	-51.737949
3116.931152	-54.488304
3122.314453	-53.767365
3127.697754	-57.420208
3133.081055	-52.157337
3138.464355	-52.681156
3143.847656	-58.964172
3149.230957	-62.005787
3154.614258	-78.849648
3159.997559	-61.182682
3165.380859	-56.952648
3170.764160	-54.775414
3176.147461	-55.090954
3181.530762	-59.051544
3186.914062	-56.565483
3192.297363	-53.239677
3197.680664	-47.283176
3203.063965	-40.777325
3208.447266	-38.775242
3213.830566	-40.801525
3219.213867	-46.720501
3224.597168	-53.135586
3229.980469	-50.955944
3235.363770	-52.429913
3240.747070	-57.275787
3246.130371	-62.194668
3251.513672	-62.227806
3256.896973	-71.210030
3262.280273	-60.573132
3267.663574	-57.364876
3273.046875	-62.673103
3278.430176	-72.024429
3283.813477	-65.462883
3289.196777	-65.985176
3294.580078	-59.980106
3299.963379	-56.829487
3305.346680	-59.022774
3310.729980	-62.816143
3316.113281	-64.353920
3321.496582	-62.536362
3326.879883	-59.603756
3332.263184	-59.546333
3337.646484	-59.777737
3343.029785	-62.575523
3348.413086	-64.369972
3353.796387	-59.177074
3359.179688	-60.911186
3364.562988	-65.213570
3369.946289	-64.557564
3375.329590	-64.403961
3380.712891	-62.063072
3386.096191	-63.111622
3391.479492	-64.843575
3396.862793	-68.273544
3402.246094	-75.104317
3407.629395	-65.264435
3413.012695	-63.117039
3418.395996	-62.276840
3423.779297	-63.060532
3429.162598	-66.728722
3434.545898	-66.686661
3439.929199	-66.543015
3445.312500	-73.314667
3450.695801	-76.768356
3456.079102	-66.360939
3461.462402	-65.590034
3466.845703	-63.934868
3472.229004	-60.419651
3477.612305	-59.799938
3482.995605	-60.392982
3488.378906	-60.576458
3493.762207	-58.734928
3499.145508	-57.057381
3504.528809	-55.992077
3509.912109	-56.801407
3515.295410	-57.357552
3520.678711	-56.089748
3526.062012	-54.985191
3531.445312	-53.466042
3536.828613	-55.275627
3542.211914	-57.544704
3547.595215	-56.200581
3552.978516	-56.327770
3558.361816	-56.521328
3563.745117	-56.676880
3569.128418	-59.134148
3574.511719	-59.985817
3579.895020	-57.632805
3585.278320	-59.406204
3590.661621	-61.670025
3596.044922	-61.857922
3601.428223	-62.784935
3606.811523	-60.459419
3612.194824	-58.354698
3617.578125	-58.402058
3622.961426	-57.911343
3628.344727	-54.969070
3633.728027	-53.436897
3639.111328	-53.021023
3644.494629	-51.173420
3649.877930	-50.999825
3655.261230	-52.066257
3660.644531	-53.546669
3666.027832	-55.171543
3671.411133	-58.116795
3676.794434	-61.320099
3682.177734	-61.593700
3687.561035	-62.553715
3692.944336	-64.571594
3698.327637	-65.714424
3703.710938	-65.788460
3709.094238	-72.023285
3714.477539	-72.118011
3719.860840	-72.288170
3725.244141	-71.395920
3730.627441	-73.059036
3736.010742	-73.716492
3741.394043	-74.363541
3746.777344	-67.863075
3752.160645	-75.336754
3757.543945	-69.360802
3762.927246	-64.444504
3768.310547	-65.618942
3773.693848	-65.683075
3779.077148	-66.688766
3784.460449	-65.493797
3789.843750	-66.751221
3795.227051	-65.441307
3800.610352	-62.989201
3805.993652	-68.001221
3811.376953	-63.520638
3816.760254	-63.817577
3822.143555	-64.938904
3827.526855	-60.381031
3832.910156	-56.707397
3838.293457	-49.514523
3843.676758	-45.534782
3849.060059	-44.138573
3854.443359	-45.393444
3859.826660	-46.292728
3865.209961	-47.268471
3870.593262	-53.738342
3875.976562	-59.726994
3881.359863	-55.810001
3886.743164	-56.682957
3892.126465	-50.537251
3897.509766	-39.201954
3902.893066	-33.946980
3908.276367	-32.670483
3913.659668	-35.024174
3919.042969	-40.518040
3924.426270	-43.748966
3929.809570	-44.184372
3935.192871	-47.628635
3940.576172	-53.898903
3945.959473	-52.334782
3951.342773	-52.137619
3956.726074	-52.551411
3962.109375	-51.629181
3967.492676	-53.180367
3972.875977	-54.765678
3978.259277	-54.611153
3983.642578	-56.783768
3989.025879	-56.600780
3994.409180	-54.370041
3999.792480	-55.413403
4005.175781	-55.382053
4010.559082	-56.281322
4015.942383	-58.725708
4021.325684	-57.004555
4026.708984	-57.313896
4032.092285	-59.241951
4037.475586	-62.346992
4042.858887	-60.820667
4048.242188	-62.159428
4053.625488	-59.606480
4059.008789	-61.657612
4064.392090	-67.886360
4069.775391	-65.591896
4075.158691	-60.401958
4080.541992	-61.664017
4085.925293	-56.740395
4091.308594	-54.003746
4096.691895	-53.837601
4102.075195	-54.849289
4107.458496	-51.047825
4112.841797	-48.874424
4118.225098	-46.793350
4123.608398	-44.783596
4128.991699	-46.154728
4134.375000	-44.598537
4139.758301	-41.910606
4145.141602	-42.211590
4150.524902	-43.903698
4155.908203	-45.081074
4161.291504	-46.018452
4166.674805	-43.983055
4172.058105	-40.854942
4177.441406	-40.161507
4182.824707	-39.230953
4188.208008	-38.509861
4193.591309	-39.628387
4198.974609	-39.181221
4204.357910	-35.549500
4209.741211	-35.561756
4215.124512	-33.052353
4220.507812	-30.133551
4225.891113	-30.136759
4231.274414	-28.208685
4236.657715	-28.703098
4242.041016	-29.030289
4247.424316	-25.237398
4252.807617	-22.465725
4258.190918	-20.807535
4263.574219	-21.583330
4268.957520	-26.403864
4274.340820	-33.464336
4279.724121	-34.253319
4285.107422	-36.754734
4290.490723	-41.908531
4295.874023	-44.811287
4301.257324	-45.531219
4306.640625	-46.566772
4312.023926	-47.202557
4317.407227	-50.631962
4322.790527	-54.917362
4328.173828	-56.452427
4333.557129	-61.167107
4338.940430	-56.558674
4344.323730	-55.672291
4349.707031	-56.451515
4355.090332	-59.885254
4360.473633	-60.511181
4365.856934	-58.671684
4371.240234	-56.947895
4376.623535	-58.854748
4382.006836	-64.898552
4387.390137	-68.780869
4392.773438	-67.773438
4398.156738	-64.998024
4403.540039	-62.706161
4408.923340	-59.543636
4414.306641	-59.053791
4419.689941	-59.380768
4425.073242	-56.230698
4430.456543	-57.151752
4435.839844	-60.819439
4441.223145	-52.747768
4446.606445	-54.235035
4451.989746	-59.364624
4457.373047	-53.725414
4462.756348	-54.254536
4468.139648	-53.719296
4473.522949	-50.363811
4478.906250	-49.495014
4484.289551	-53.167694
4489.672852	-54.963120
4495.056152	-52.889091
4500.439453	-53.459911
4505.822754	-52.553909
4511.206055	-49.938118
4516.589355	-48.463505
4521.972656	-50.369247
4527.355957	-54.569862
4532.739258	-54.697754
4538.122559	-59.585751
4543.505859	-56.180622
4548.889160	-53.438545
4554.272461	-59.303795
4559.655762	-67.066689
4565.039062	-62.737015
4570.422363	-58.473560
4575.805664	-59.460484
4581.188965	-64.196800
4586.572266	-63.320930
4591.955566	-55.112473
4597.338867	-53.574486
4602.722168	-54.359703
4608.105469	-55.514179
4613.488770	-67.182121
4618.872070	-59.021591
4624.255371	-57.555481
4629.638672	-64.853889
4635.021973	-54.583847
4640.405273	-52.931725
4645.788574	-49.671253
4651.171875	-47.879162
4656.555176	-48.529057
4661.938477	-46.316029
4667.321777	-44.791119
4672.705078	-42.546921
4678.088379	-41.468540
4683.471680	-42.224899
4688.854980	-43.461960
4694.238281	-42.314953
4699.621582	-42.889694
4705.004883	-43.946674
4710.388184	-46.884686
4715.771484	-49.652431
4721.154785	-46.539066
4726.538086	-46.709011
4731.921387	-48.621292
4737.304688	-50.853283
4742.687988	-54.861767
4748.071289	-53.958027
4753.454590	-52.107761
4758.837891	-62.339897
4764.221191	-44.672157
4769.604492	-42.117847
4774.987793	-42.859535
4780.371094	-43.915501
4785.754395	-48.772602
4791.137695	-39.071968
4796.520996	-37.032585
4801.904297	-33.923943
4807.287598	-30.972557
4812.670898	-29.598631
4818.054199	-27.146330
4823.437500	-26.285681
4828.820801	-28.135845
4834.204102	-31.398464
4839.587402	-36.407303
4844.970703	-45.830555
4850.354004	-40.997791
4855.737305	-37.188488
4861.120605	-39.346848
4866.503906	-43.066189
4871.887207	-45.664459
4877.270508	-46.883305
4882.653809	-44.815399
4888.037109	-42.438797
4893.420410	-41.487320
4898.803711	-40.434536
4904.187012	-41.694302
4909.570312	-42.728344
4914.953613	-42.522556
4920.336914	-48.838436
4925.720215	-44.841389
4931.103516	-43.479507
4936.486816	-48.855682
4941.870117	-58.606129
4947.253418	-64.513458
4952.636719	-56.239555
4958.020020	-55.810276
4963.403320	-54.350315
4968.786621	-52.639862
4974.169922	-52.131313
4979.553223	-56.503437
4984.936523	-61.267830
4990.319824	-59.424969
4995.703125	-51.434170
5001.086426	-48.462063
5006.469727	-49.746281
5011.853027	-53.271156
5017.236328	-50.614002
5022.619629	-49.110840
5028.002930	-44.420601
5033.386230	-43.086113
5038.769531	-46.342243
5044.152832	-47.917549
5049.536133	-48.647064
5054.919434	-49.164230
5060.302734	-47.556866
5065.686035	-47.234814
5071.069336	-50.866024
5076.452637	-54.424149
5081.835938	-53.146076
5087.219238	-54.768349
5092.602539	-54.442486
5097.985840	-54.686897
5103.369141	-57.367817
5108.752441	-57.636127
5114.135742	-53.613724
5119.519043	-51.317101
5124.902344	-51.038139
5130.285645	-53.491875
5135.668945	-54.159126
5141.052246	-52.209114
5146.435547	-51.904449
5151.818848	-52.832405
5157.202148	-55.680885
5162.585449	-58.146740
5167.968750	-58.139664
5173.352051	-55.268650
5178.735352	-54.438057
5184.118652	-58.529781
5189.501953	-63.198654
5194.885254	-59.653526
5200.268555	-54.630058
5205.651855	-53.652390
5211.035156	-57.477810
5216.418457	-58.105824
5221.801758	-56.547871
5227.185059	-56.839802
5232.568359	-52.103985
5237.951660	-52.299004
5243.334961	-58.340755
5248.718262	-59.103817
5254.101562	-61.810211
5259.484863	-63.657040
5264.868164	-65.486488
5270.251465	-63.392632
5275.634766	-52.644932
5281.018066	-48.251530
5286.401367	-49.771538
5291.784668	-52.113186
5297.167969	-51.939350
5302.551270	-64.383789
5307.934570	-53.449436
5313.317871	-47.482849
5318.701172	-43.684406
5324.084473	-40.935715
5329.467773	-38.241711
5334.851074	-34.338829
5340.234375	-30.731106
5345.617676	-26.829880
5351.000977	-25.306376
5356.384277	-25.356083
5361.767578	-23.956326
5367.150879	-22.283741
5372.534180	-21.728689
5377.917480	-22.793846
5383.300781	-25.325357
5388.684082	-28.646330
5394.067383	-31.375040
5399.450684	-33.851364
5404.833984	-35.533100
5410.217285	-36.297489
5415.600586	-36.183128
5420.983887	-34.644016
5426.367188	-33.812149
5431.750488	-34.604721
5437.133789	-35.415085
5442.517090	-35.748852
5447.900391	-37.418419
5453.283691	-37.275158
5458.666992	-37.620739
5464.050293	-39.485958
5469.433594	-39.341812
5474.816895	-40.369419
5480.200195	-42.145054
5485.583496	-40.286709
5490.966797	-39.250698
5496.350098	-41.648869
5501.733398	-42.763615
5507.116699	-43.444241
5512.500000	-44.353401
5517.883301	-44.817238
5523.266602	-48.925789
5528.649902	-52.376541
5534.033203	-46.499054
5539.416504	-46.255596
5544.799805	-47.544247
5550.183105	-48.168655
5555.566406	-55.359215
5560.949707	-45.386543
5566.333008	-46.092178
5571.716309	-45.757858
5577.099609	-44.250854
5582.482910	-44.289127
5587.866211	-36.835625
5593.249512	-34.441833
5598.632812	-36.434063
5604.016113	-33.765976
5609.399414	-32.505196
5614.782715	-31.832716
5620.166016	-30.873013
5625.549316	-32.098671
5630.932617	-32.717247
5636.315918	-31.915131
5641.699219	-32.270138
5647.082520	-33.667027
5652.465820	-33.910999
5657.849121	-33.915867
5663.232422	-33.969875
5668.615723	-33.496090
5673.999023	-34.115921
5679.382324	-33.776711
5684.765625	-32.816837
5690.148926	-33.217758
5695.532227	-34.657063
5700.915527	-35.646851
5706.298828	-34.569832
5711.682129	-32.076157
5717.065430	-29.818989
5722.448730	-28.311333
5727.832031	-27.438665
5733.215332	-27.609858
5738.598633	-30.436186
5743.981934	-35.901207
5749.365234	-39.272888
5754.748535	-39.798580
5760.131836	-40.837627
5765.515137	-44.818130
5770.898438	-60.331566
5776.281738	-53.097679
5781.665039	-51.502033
5787.048340	-44.140663
5792.431641	-42.675598
5797.814941	-48.232269
5803.198242	-54.741066
5808.581543	-46.047859
5813.964844	-45.532032
5819.348145	-46.148319
5824.731445	-44.774349
5830.114746	-48.257763
5835.498047	-58.589970
5840.881348	-45.271862
5846.264648	-43.942429
5851.647949	-45.149910
5857.031250	-46.893265
5862.414551	-49.989822
5867.797852	-56.841736
5873.181152	-45.515961
5878.564453	-42.576569
5883.947754	-43.658970
5889.331055	-46.205055
5894.714355	-48.618881
5900.097656	-46.056953
5905.480957	-44.170067
5910.864258	-45.496033
5916.247559	-47.376122
5921.630859	-45.314369
5927.014160	-44.486423
5932.397461	-41.560585
5937.780762	-41.946453
5943.164062	-48.244881
5948.547363	-56.739754
5953.930664	-53.732655
5959.313965	-53.181808
5964.697266	-54.504581
5970.080566	-55.887650
5975.463867	-58.223732
5980.847168	-63.693470
5986.230469	-62.549095
5991.613770	-57.753036
5996.997070	-54.765865
6002.380371	-55.912201
6007.763672	-61.921841
6013.146973	-54.247883
6018.530273	-49.227875
6023.913574	-48.812656
6029.296875	-49.376892
6034.680176	-50.608295
6040.063477	-53.614010
6045.446777	-51.693363
6050.830078	-50.422852
6056.213379	-50.312889
6061.596680	-50.144562
6066.979980	-54.256973
6072.363281	-54.063931
6077.746582	-49.094799
6083.129883	-48.907661
6088.513184	-50.739677
6093.896484	-50.904564
6099.279785	-52.400703
6104.663086	-49.996178
6110.046387	-48.282307
6115.429688	-50.008228
6120.812988	-53.292023
6126.196289	-51.981308
6131.579590	-52.209686
6136.962891	-52.722576
6142.346191	-49.304348
6147.729492	-50.474361
6153.112793	-55.771446
6158.496094	-52.109070
6163.879395	-51.022823
6169.262695	-51.121056
6174.645996	-51.310410
6180.029297	-55.568501
6185.412598	-83.566666
6190.795898	-60.161221
6196.179199	-62.633362
6201.562500	-66.570709
6206.945801	-58.742470
6212.329102	-54.573532
6217.712402	-54.091801
6223.095703	-58.315014
6228.479004	-67.516045
6233.862305	-58.655224
6239.245605	-54.232182
6244.628906	-51.962166
6250.012207	-53.928123
6255.395508	-52.182171
6260.778809	-48.251240
6266.162109	-48.438427
6271.545410	-49.714695
6276.928711	-52.780640
6282.312012	-57.399601
6287.695312	-55.696003
6293.078613	-54.511776
6298.461914	-55.917366
6303.845215	-54.641159
6309.228516	-57.442223
6314.611816	-69.094467
6319.995117	-54.750717
6325.378418	-51.423851
6330.761719	-49.354446
6336.145020	-48.241459
6341.528320	-48.352810
6346.911621	-47.050163
6352.294922	-46.730869
6357.678223	-49.450401
6363.061523	-50.605145
6368.444824	-51.187695
6373.828125	-52.349846
6379.211426	-50.699047
6384.594727	-49.901611
6389.978027	-50.902962
6395.361328	-51.908722
6400.744629	-53.811050
6406.127930	-58.797443
6411.511230	-64.738449
6416.894531	-67.012978
6422.277832	-71.574707
6427.661133	-58.586884
6433.044434	-56.353840
6438.427734	-56.818565
6443.811035	-58.121716
6449.194336	-59.246258
6454.577637	-56.624199
6459.960938	-54.465446
6465.344238	-54.917316
6470.727539	-56.968555
6476.110840	-56.969456
6481.494141	-54.981476
6486.877441	-55.170029
6492.260742	-54.783035
6497.644043	-53.790756
6503.027344	-53.976154
6508.410645	-51.723156
6513.793945	-50.226200
6519.177246	-49.009571
6524.560547	-46.354343
6529.943848	-44.617935
6535.327148	-43.868942
6540.710449	-41.506084
6546.093750	-39.520279
6551.477051	-39.233871
6556.860352	-38.433731
6562.243652	-38.527805
6567.626953	-39.514931
6573.010254	-41.187160
6578.393555	-43.618771
6583.776855	-42.078571
6589.160156	-41.018089
6594.543457	-40.828899
6599.926758	-41.527615
6605.310059	-43.802330
6610.693359	-45.944992
6616.076660	-46.869141
6621.459961	-48.481640
6626.843262	-48.264847
6632.226562	-49.597088
6637.609863	-49.860668
6642.993164	-48.113148
6648.376465	-49.569103
6653.759766	-50.132946
6659.143066	-50.963268
6664.526367	-50.104469
6669.909668	-47.503819
6675.292969	-47.594471
6680.676270	-48.019699
6686.059570	-47.756405
6691.442871	-48.833710
6696.826172	-49.734623
6702.209473	-49.318634
6707.592773	-49.747818
6712.976074	-50.450779
6718.359375	-50.938194
6723.742676	-51.268391
6729.125977	-50.955070
6734.509277	-52.072102
6739.892578	-53.184032
6745.275879	-54.260624
6750.659180	-54.898472
6756.042480	-53.917881
6761.425781	-55.134892
6766.809082	-57.732723
6772.192383	-55.529408
6777.575684	-53.085472
6782.958984	-49.446484
6788.342285	-50.374157
6793.725586	-51.299149
6799.108887	-51.264515
6804.492188	-52.821087
6809.875488	-53.551754
6815.258789	-58.502674
6820.642090	-67.950577
6826.025391	-59.194820
6831.408691	-57.390289
6836.791992	-58.840244
6842.175293	-59.795494
6847.558594	-59.305889
6852.941895	-59.229641
6858.325195	-58.540638
6863.708496	-58.943035
6869.091797	-60.021137
6874.475098	-61.416077
6879.858398	-59.843464
6885.241699	-56.238285
6890.625000	-54.946358
6896.008301	-53.386562
6901.391602	-50.554691
6906.774902	-52.856342
6912.158203	-61.260567
6917.541504	-59.851768
6922.924805	-56.397484
6928.308105	-56.961720
6933.691406	-60.054436
6939.074707	-53.775127
6944.458008	-48.777039
6949.841309	-43.585670
6955.224609	-39.794781
6960.607910	-38.878849
6965.991211	-40.133091
6971.374512	-43.432705
6976.757812	-47.412453
6982.141113	-47.579136
6987.524414	-47.757748
6992.907715	-50.936264
6998.291016	-52.699104
7003.674316	-52.761974
7009.057617	-53.879711
7014.440918	-51.726555
7019.824219	-52.484512
7025.207520	-55.480564
7030.590820	-55.946026
7035.974121	-59.848198
7041.357422	-65.710693
7046.740723	-58.218540
7052.124023	-66.094772
7057.507324	-55.225056
7062.890625	-54.658127
7068.273926	-56.453320
7073.657227	-53.502842
7079.040527	-61.981453
7084.423828	-51.156010
7089.807129	-49.996834
7095.190430	-53.682571
7100.573730	-52.174503
7105.957031	-51.913734
7111.340332	-53.568241
7116.723633	-55.543880
7122.106934	-54.975933
7127.490234	-53.249710
7132.873535	-53.437897
7138.256836	-54.402111
7143.640137	-54.630146
7149.023438	-54.725224
7154.406738	-56.110970
7159.790039	-57.177059
7165.173340	-57.398338
7170.556641	-57.710228
7175.939941	-57.628269
7181.323242	-58.187721
7186.706543	-59.693901
7192.089844	-60.154781
7197.473145	-59.707954
7202.856445	-60.054352
7208.239746	-59.872120
7213.623047	-59.523415
7219.006348	-60.813133
7224.389648	-62.217888
7229.772949	-63.465858
7235.156250	-63.221287
7240.539551	-62.547684
7245.922852	-62.633427
7251.306152	-63.620335
7256.689453	-62.328396
7262.072754	-62.474842
7267.456055	-65.288155
7272.839355	-64.654465
7278.222656	-64.360733
7283.605957	-65.403145
7288.989258	-65.056267
7294.372559	-65.324219
7299.755859	-66.655075
7305.139160	-68.087463
7310.522461	-68.439400
7315.905762	-69.499100
7321.289062	-69.191948
7326.672363	-71.160263
7332.055664	-70.119011
7337.438965	-68.226288
7342.822266	-67.354279
7348.205566	-66.331360
7353.588867	-68.225853
7358.972168	-71.924232
7364.355469	-67.639954
7369.738770	-72.172440
7375.122070	-77.244499
7380.505371	-78.398285
7385.888672	-76.653816
7391.271973	-71.705406
7396.655273	-78.370514
7402.038574	-77.951050
7407.421875	-71.906143
7412.805176	-74.460358
7418.188477	-72.235626
7423.571777	-69.860092
7428.955078	-71.321053
7434.338379	-66.892700
7439.721680	-67.207497
7445.104980	-69.088272
7450.488281	-66.400574
7455.871582	-64.226425
7461.254883	-61.590549
7466.638184	-59.735783
7472.021484	-59.976009
7477.404785	-59.283005
7482.788086	-57.387001
7488.171387	-56.592556
7493.554688	-55.319180
7498.937988	-55.469101
7504.321289	-56.746037
7509.704590	-56.339897
7515.087891	-56.041046
7520.471191	-56.393074
7525.854492	-55.801075
7531.237793	-55.772640
7536.621094	-57.323887
7542.004395	-57.438042
7547.387695	-58.122921
7552.770996	-60.458717
7558.154297	-60.946201
7563.537598	-62.318382
7568.920898	-64.808212
7574.304199	-61.825085
7579.687500	-62.118660
7585.070801	-62.199837
7590.454102	-61.073620
7595.837402	-60.754971
7601.220703	-58.771683
7606.604004	-59.105827
7611.987305	-62.094051
7617.370605	-62.736912
7622.753906	-61.897953
7628.137207	-62.113564
7633.520508	-60.767403
7638.903809	-63.907066
7644.287109	-66.062973
7649.670410	-63.314541
7655.053711	-63.507221
7660.437012	-63.005692
7665.820312	-64.553780
7671.203613	-68.154083
7676.586914	-64.640587
7681.970215	-64.345497
7687.353516	-69.049492
7692.736816	-68.282639
7698.120117	-68.360283
7703.503418	-63.878151
7708.886719	-61.857288
7714.270020	-63.117115
7719.653320	-61.657410
7725.036621	-58.133751
7730.419922	-57.508808
7735.803223	-55.846329
7741.186523	-55.472542
7746.569824	-55.794243
7751.953125	-54.023964
7757.336426	-53.313335
7762.719727	-52.411114
7768.103027	-51.997334
7773.486328	-51.817394
7778.869629	-51.029980
7784.252930	-50.259529
7789.636230	-50.283875
7795.019531	-50.110275
7800.402832	-49.689301
7805.786133	-49.468227
7811.169434	-48.141941
7816.552734	-47.728264
7821.936035	-47.739727
7827.319336	-46.778187
7832.702637	-46.041603
7838.085938	-45.989380
7843.469238	-45.067932
7848.852539	-44.568172
7854.235840	-44.997066
7859.619141	-44.478977
7865.002441	-44.920956
7870.385742	-45.906532
7875.769043	-44.860703
7881.152344	-44.634720
7886.535645	-45.969963
7891.918945	-48.092533
7897.302246	-48.463779
7902.685547	-47.727081
7908.068848	-46.096657
7913.452148	-46.182426
7918.835449	-49.543011
7924.218750	-49.709919
7929.602051	-50.783363
7934.985352	-55.407131
7940.368652	-61.006130
7945.751953	-66.849236
7951.135254	-58.481430
7956.518555	-60.019615
7961.901855	-69.287880
7967.285156	-65.477676
7972.668457	-68.265305
7978.051758	-64.756844
7983.435059	-64.312675
7988.818359	-70.124947
7994.201660	-65.051300
7999.584961	-63.704880
8004.968262	-66.573364
8010.351562	-64.440041
8015.734863	-66.843681
8021.118164	-66.934807
8026.501465	-63.802410
8031.884766	-65.078262
8037.268066	-64.192657
8042.651367	-61.471218
8048.034668	-60.331501
8053.417969	-59.522686
8058.801270	-59.807377
8064.184570	-60.697441
8069.567871	-60.267841
8074.951172	-59.603931
8080.334473	-59.112064
8085.717773	-59.265835
8091.101074	-59.181778
8096.484375	-58.568230
8101.867676	-57.963917
8107.250977	-58.507912
8112.634277	-59.173225
8118.017578	-59.907944
8123.400879	-60.719746
8128.784180	-60.105511
8134.167480	-61.141651
8139.550781	-62.097507
8144.934082	-62.070946
8150.317383	-63.018898
8155.700684	-64.047897
8161.083984	-62.890549
8166.467285	-62.210915
8171.850586	-64.356224
8177.233887	-69.294022
8182.617188	-72.895111
8188.000488	-70.723297
8193.383789	-67.231438
8198.767090	-65.527702
8204.150391	-64.728172
8209.533691	-64.800392
8214.916992	-66.076645
8220.300293	-67.044731
8225.683594	-66.849922
8231.066895	-66.803902
8236.450195	-66.571060
8241.833496	-66.848564
8247.216797	-67.931610
8252.600098	-67.385811
8257.983398	-66.428764
8263.366699	-66.817970
8268.750000	-66.698479
8274.133301	-65.711746
8279.516602	-66.387421
8284.899902	-68.808792
8290.283203	-69.937683
8295.666504	-76.945435
8301.049805	-71.916840
8306.433105	-71.675255
8311.816406	-79.382675
8317.199707	-92.864967
8322.583008	-79.233452
8327.966309	-75.806564
8333.349609	-74.069725
8338.732910	-69.787178
8344.116211	-68.098793
8349.499512	-68.676163
8354.882812	-71.036636
8360.266113	-77.904167
8365.649414	-78.060966
8371.032715	-74.105042
8376.416016	-73.967598
8381.799316	-71.315331
8387.182617	-67.013054
8392.565918	-67.260902
8397.949219	-66.875015
8403.332520	-63.313332
8408.715820	-60.438805
8414.099121	-56.292648
8419.482422	-54.059391
8424.865723	-55.028408
8430.249023	-58.324879
8435.632324	-60.825684
8441.015625	-61.758778
8446.398926	-64.236771
8451.782227	-66.358315
8457.165527	-65.519836
8462.548828	-65.129189
8467.932129	-64.938217
8473.315430	-65.824089
8478.698730	-66.508034
8484.082031	-66.070160
8489.465332	-66.017525
8494.848633	-67.558899
8500.231934	-68.456764
8505.615234	-67.277840
8510.998535	-65.387115
8516.381836	-63.830673
8521.765137	-63.219791
8527.148438	-64.647301
8532.531738	-68.149551
8537.915039	-69.628433
8543.298340	-72.031853
8548.681641	-77.223167
8554.064941	-75.190254
8559.448242	-73.587723
8564.831543	-76.527710
8570.214844	-80.328865
8575.598145	-83.204086
8580.981445	-78.798683
8586.364746	-76.148666
8591.748047	-75.121460
8597.131348	-72.710236
8602.514648	-70.157028
8607.897949	-72.042137
8613.281250	-71.711098
8618.664551	-67.160583
8624.047852	-64.283348
8629.431152	-61.112072
8634.814453	-60.226894
8640.197754	-61.964241
8645.581055	-64.063034
8650.964355	-65.908508
8656.347656	-67.994896
8661.730957	-69.253891
8667.114258	-71.107948
8672.497559	-72.353500
8677.880859	-73.798645
8683.264160	-77.436050
8688.647461	-84.721542
8694.030762	-78.527420
8699.414062	-74.829926
8704.797363	-74.547539
8710.180664	-75.627525
8715.563965	-82.079735
8720.947266	-83.668602
8726.330566	-85.607361
8731.713867	-80.190460
8737.097168	-74.949196
8742.480469	-73.129631
8747.863770	-73.612144
8753.247070	-75.634773
8758.630371	-79.858414
8764.013672	-79.368896
8769.396973	-76.765907
8774.780273	-76.622917
8780.163574	-79.031189
8785.546875	-79.030746
8790.930176	-82.013474
8796.313477	-85.851723
8801.696777	-91.706177
8807.080078	-91.325760
8812.463379	-85.805573
8817.846680	-85.739960
8823.229980	-84.888725
8828.613281	-87.708809
8833.996582	-90.926865
8839.379883	-93.661461
8844.763184	-98.738838
8850.146484	-95.801300
8855.529785	-92.315605
8860.913086	-94.197037
8866.296387	-96.577232
8871.679688	-91.215233
8877.062988	-85.599442
8882.446289	-83.225922
8887.829590	-81.558838
8893.212891	-80.181870
8898.596191	-81.493431
8903.979492	-80.372871
8909.362793	-78.164497
8914.746094	-75.752464
8920.129395	-74.994720
8925.512695	-74.507683
8930.895996	-76.164536
8936.279297	-76.881363
8941.662598	-77.612457
8947.045898	-76.319542
8952.429199	-75.149696
8957.812500	-75.880875
8963.195801	-78.029259
8968.579102	-77.804924
8973.962402	-75.585007
8979.345703	-75.259727
8984.729004	-73.883842
8990.112305	-75.213654
8995.495605	-78.513245
9000.878906	-76.175682
9006.262207	-75.730446
9011.645508	-75.970360
9017.028809	-76.392570
9022.412109	-72.785866
9027.795410	-69.569870
9033.178711	-68.037178
9038.562012	-67.307220
9043.945312	-68.106300
9049.328613	-67.662102
9054.711914	-66.432426
9060.095215	-65.744431
9065.478516	-64.281845
9070.861816	-62.512321
9076.245117	-62.217392
9081.628418	-62.208904
9087.011719	-63.342365
9092.395020	-66.305412
9097.778320	-72.021156
9103.161621	-78.477020
9108.544922	-77.213692
9113.928223	-74.077362
9119.311523	-75.199211
9124.694824	-80.578964
9130.078125	-84.479576
9135.461426	-78.124573
9140.844727	-74.740059
9146.228027	-74.419312
9151.611328	-73.954285
9156.994629	-73.476273
9162.377930	-73.286270
9167.761230	-74.218292
9173.144531	-75.310478
9178.527832	-74.371803
9183.911133	-74.849792
9189.294434	-73.856461
9194.677734	-72.094162
9200.061035	-72.706871
9205.444336	-77.296883
9210.827637	-79.377075
9216.210938	-80.912300
9221.594238	-86.172241
9226.977539	-90.484047
9232.360840	-86.813530
9237.744141	-77.889961
9243.127441	-74.375061
9248.510742	-71.999504
9253.894043	-71.027237
9259.277344	-71.014885
9264.660645	-73.037186
9270.043945	-71.851631
9275.427246	-69.432297
9280.810547	-68.177002
9286.193848	-68.042961
9291.577148	-67.444496
9296.960449	-67.815628
9302.343750	-68.577568
9307.727051	-70.298210
9313.110352	-71.489258
9318.493652	-70.984482
9323.876953	-71.255150
9329.260254	-73.765640
9334.643555	-75.145157
9340.026855	-72.063904
9345.410156	-70.652328
9350.793457	-71.310493
9356.176758	-70.074738
9361.560059	-72.529427
9366.943359	-74.175430
9372.326660	-71.882065
9377.709961	-72.372154
9383.093262	-76.082191
9388.476562	-74.749527
9393.859863	-77.809181
9399.243164	-85.749519
9404.626465	-77.759567
9410.009766	-76.570518
9415.393066	-77.241760
9420.776367	-76.646912
9426.159668	-78.030365
9431.542969	-79.785866
9436.926270	-80.758263
9442.309570	-81.932419
9447.692871	-77.395996
9453.076172	-75.978584
9458.459473	-77.432579
9463.842773	-78.787140
9469.226074	-77.021355
9474.609375	-76.876640
9479.992676	-76.528397
9485.375977	-74.252998
9490.759277	-75.290031
9496.142578	-77.248711
9501.525879	-78.478012
9506.909180	-79.063751
9512.292480	-81.974342
9517.675781	-89.672791
9523.059082	-85.315018
9528.442383	-78.281960
9533.825684	-76.067162
9539.208984	-76.381859
9544.592285	-77.219513
9549.975586	-77.267548
9555.358887	-74.929520
9560.742188	-73.016052
9566.125488	-70.488914
9571.508789	-67.759598
9576.892090	-65.488564
9582.275391	-63.394859
9587.658691	-62.248871
9593.041992	-61.094856
9598.425293	-59.461433
9603.808594	-57.953503
9609.191895	-56.740395
9614.575195	-56.289967
9619.958496	-55.920574
9625.341797	-55.601501
9630.725098	-55.803547
9636.108398	-56.976639
9641.491699	-59.357113
9646.875000	-63.281849
9652.258301	-65.070999
9657.641602	-64.489716
9663.024902	-64.314781
9668.408203	-65.250916
9673.791504	-70.407112
9679.174805	-67.317291
9684.558105	-64.704315
9689.941406	-64.845680
9695.324707	-64.509262
9700.708008	-64.342979
9706.091309	-65.475952
9711.474609	-66.191917
9716.857910	-67.437164
9722.241211	-68.536148
9727.624512	-70.127426
9733.007812	-72.192406
9738.391113	-73.654655
9743.774414	-73.572975
9749.157715	-72.905998
9754.541016	-74.667206
9759.924316	-75.903831
9765.307617	-75.167717
9770.690918	-76.541725
9776.074219	-77.228752
9781.457520	-76.229477
9786.840820	-75.076508
9792.224121	-74.738747
9797.607422	-75.100601
9802.990723	-75.425400
9808.374023	-73.916107
9813.757324	-71.514297
9819.140625	-70.534752
9824.523926	-69.592422
9829.907227	-68.384827
9835.290527	-67.136292
9840.673828	-65.863831
9846.057129	-65.072525
9851.440430	-64.571625
9856.823730	-64.736473
9862.207031	-63.998062
9867.590332	-63.243893
9872.973633	-63.590439
9878.356934	-64.558914
9883.740234	-65.414520
9889.123535	-65.500259
9894.506836	-65.575478
9899.890137	-65.674828
9905.273438	-66.527374
9910.656738	-67.362976
9916.040039	-67.306770
9921.423340	-66.549797
9926.806641	-67.077850
9932.189941	-67.726143
9937.573242	-67.151955
9942.956543	-66.410164
9948.339844	-66.288971
9953.723145	-66.776428
9959.106445	-66.567703
9964.489746	-65.862114
9969.873047	-65.123680
9975.256348	-63.617973
9980.639648	-61.680634
9986.022949	-60.489677
9991.406250	-59.722122
9996.789551	-60.202812
10002.172852	-61.860668
10007.556152	-63.891968
10012.939453	-65.867889
10018.322754	-68.531296
10023.706055	-72.775253
10029.089355	-75.897202
10034.472656	-75.100761
10039.855957	-76.028900
10045.239258	-77.612297
10050.622559	-78.395424
10056.005859	-81.309639
10061.389160	-79.572487
10066.772461	-79.067894
10072.155762	-82.432991
10077.539062	-87.913689
10082.922363	-103.785759
10088.305664	-94.819382
10093.688965	-89.956741
10099.072266	-85.288055
10104.455566	-81.663757
10109.838867	-79.265991
10115.222168	-79.124931
10120.605469	-77.950172
10125.988770	-78.456749
10131.372070	-75.508392
10136.755371	-70.875000
10142.138672	-68.661255
10147.521973	-68.371338
10152.905273	-66.646721
10158.288574	-64.902824
10163.671875	-62.734348
10169.055176	-60.867596
10174.438477	-59.879025
10179.821777	-59.489834
10185.205078	-59.083542
10190.588379	-59.310432
10195.971680	-60.118149
10201.354980	-61.513065
10206.738281	-64.199898
10212.121582	-69.639191
10217.504883	-74.229347
10222.888184	-74.394859
10228.271484	-82.413788
10233.654785	-76.614784
10239.038086	-71.736679
10244.421387	-71.298523
10249.804688	-69.928345
10255.187988	-70.238670
10260.571289	-69.137604
10265.954590	-67.940422
10271.337891	-68.823410
10276.721191	-71.784637
10282.104492	-72.786057
10287.487793	-73.108963
10292.871094	-73.550484
10298.254395	-72.577400
10303.637695	-73.731789
10309.020996	-76.386131
10314.404297	-75.265099
10319.787598	-73.980492
10325.170898	-75.011635
10330.554199	-73.633392
10335.937500	-74.444946
10341.320801	-74.720619
10346.704102	-73.777626
10352.087402	-74.314987
10357.470703	-75.677353
10362.854004	-79.235374
10368.237305	-79.137146
10373.620605	-79.790970
10379.003906	-79.708862
10384.387207	-75.825272
10389.770508	-74.226486
10395.153809	-73.666496
10400.537109	-71.820969
10405.920410	-70.203583
10411.303711	-68.579567
10416.687012	-66.861259
10422.070312	-67.880974
10427.453613	-72.012451
10432.836914	-84.161186
10438.220215	-77.474388
10443.603516	-74.443619
10448.986816	-77.150429
10454.370117	-90.788345
10459.753418	-83.101173
10465.136719	-78.844482
10470.520020	-79.627464
10475.903320	-80.028534
10481.286621	-80.293144
10486.669922	-82.867973
10492.053223	-87.822578
10497.436523	-83.757004
10502.819824	-82.169266
10508.203125	-84.786980
10513.586426	-85.496826
10518.969727	-79.019753
10524.353027	-74.958450
10529.736328	-71.253662
10535.119629	-68.977928
10540.502930	-67.109383
10545.886230	-66.090248
10551.269531	-65.694557
10556.652832	-66.485275
10562.036133	-68.867859
10567.419434	-74.049782
10572.802734	-83.260567
10578.186035	-86.013771
10583.569336	-82.544647
10588.952637	-86.599991
10594.335938	-90.209671
10599.719238	-85.665703
10605.102539	-87.434586
10610.485840	-93.239380
10615.869141	-92.580788
10621.252441	-89.127739
10626.635742	-92.921890
10632.019043	-93.599876
10637.402344	-91.512787
10642.785645	-87.602020
10648.168945	-94.291840
10653.552246	-85.837379
10658.935547	-81.162254
10664.318848	-78.820259
10669.702148	-77.667313
10675.085449	-77.431244
10680.468750	-74.332413
10685.852051	-69.619965
10691.235352	-66.281815
10696.618652	-64.606834
10702.001953	-63.473766
10707.385254	-62.358006
10712.768555	-60.837814
10718.151855	-59.838535
10723.535156	-59.339928
10728.918457	-59.673435
10734.301758	-60.284801
10739.685059	-61.028252
10745.068359	-61.838257
10750.451660	-63.165359
10755.834961	-64.615906
10761.218262	-66.965500
10766.601562	-69.708931
10771.984863	-72.741478
10777.368164	-74.287552
10782.751465	-74.003922
10788.134766	-72.700470
10793.518066	-71.148575
10798.901367	-69.596489
10804.284668	-68.694099
10809.667969	-68.868996
10815.051270	-69.026688
10820.434570	-69.784737
10825.817871	-70.231400
10831.201172	-70.336731
10836.584473	-69.685211
10841.967773	-69.544846
10847.351074	-70.062584
10852.734375	-71.467422
10858.117676	-73.532158
10863.500977	-73.942993
10868.884277	-73.158821
10874.267578	-73.221405
10879.650879	-73.907227
10885.034180	-74.107323
10890.417480	-74.509300
10895.800781	-74.703918
10901.184082	-75.160004
10906.567383	-76.211884
10911.950684	-77.441399
10917.333984	-76.804482
10922.717285	-74.234512
10928.100586	-72.928596
10933.483887	-72.142494
10938.867188	-71.916420
10944.250488	-71.318153
10949.633789	-70.183220
10955.017090	-68.465965
10960.400391	-67.462395
10965.783691	-66.732452
10971.166992	-66.095039
10976.550293	-65.459122
10981.933594	-64.689262
10987.316895	-64.244049
10992.700195	-63.947716
10998.083496	-64.041992
11003.466797	-64.152946
11008.850098	-64.387924
11014.233398	-64.516281
11019.616699	-64.991295
11025.000000	-65.087883
11030.383301	-64.791100
11035.766602	-64.302666
11041.149902	-64.046944
11046.533203	-64.232185
11051.916504	-64.554817
11057.299805	-64.575493
11062.683105	-64.075027
11068.066406	-63.305355
11073.449707	-61.570351
11078.833008	-59.737186
11084.216309	-58.388641
11089.599609	-57.659439
11094.982910	-57.154480
11100.366211	-56.996235
11105.749512	-57.746239
11111.132812	-59.350239
11116.516113	-61.654594
11121.899414	-64.181496
11127.282715	-67.113693
11132.666016	-69.485825
11138.049316	-72.658569
11143.432617	-77.328583
11148.815918	-80.524841
11154.199219	-85.890076
11159.582520	-90.886871
11164.965820	-93.220695
11170.349121	-80.416595
11175.732422	-77.400009
11181.115723	-77.814751
11186.499023	-77.789787
11191.882324	-77.904663
11197.265625	-75.314789
11202.648926	-74.509712
11208.032227	-75.405083
11213.415527	-77.269516
11218.798828	-82.695023
11224.182129	-79.912926
11229.565430	-74.221733
11234.948730	-72.058884
11240.332031	-70.977898
11245.715332	-69.133507
11251.098633	-68.150238
11256.481934	-68.101990
11261.865234	-68.130730
11267.248535	-68.141121
11272.631836	-67.703766
11278.015137	-67.407997
11283.398438	-67.275764
11288.781738	-67.776505
11294.165039	-67.892677
11299.548340	-68.217491
11304.931641	-69.062080
11310.314941	-70.356697
11315.698242	-70.376343
11321.081543	-69.382286
11326.464844	-68.170464
11331.848145	-67.414017
11337.231445	-66.920746
11342.614746	-66.281883
11347.998047	-66.797203
11353.381348	-67.374397
11358.764648	-67.871140
11364.147949	-68.330910
11369.531250	-69.064575
11374.914551	-70.069916
11380.297852	-71.392799
11385.681152	-73.788521
11391.064453	-75.825462
11396.447754	-78.684151
11401.831055	-79.174141
11407.214355	-77.553467
11412.597656	-77.102852
11417.980957	-78.577904
11423.364258	-80.489525
11428.747559	-85.514862
11434.130859	-95.047478
11439.514160	-85.543015
11444.897461	-83.972855
11450.280762	-81.169624
11455.664062	-77.719162
11461.047363	-74.921654
11466.430664	-74.415916
11471.813965	-73.923004
11477.197266	-73.928452
11482.580566	-73.891777
11487.963867	-75.672783
11493.347168	-77.654968
11498.730469	-80.213806
11504.113770	-80.551468
11509.497070	-79.878380
11514.880371	-78.216492
11520.263672	-78.091446
11525.646973	-78.551247
11531.030273	-79.641342
11536.413574	-77.010628
11541.796875	-75.093369
11547.180176	-74.734116
11552.563477	-74.205574
11557.946777	-75.384552
11563.330078	-75.470810
11568.713379	-74.590523
11574.096680	-73.180420
11579.479980	-72.989876
11584.863281	-74.911079
11590.246582	-78.793312
11595.629883	-78.400009
11601.013184	-76.878540
11606.396484	-76.724770
11611.779785	-76.569954
11617.163086	-79.234726
11622.546387	-81.337799
11627.929688	-79.734062
11633.312988	-80.499344
11638.696289	-84.294174
11644.079590	-83.306641
11649.462891	-80.957207
11654.846191	-78.678841
11660.229492	-77.774284
11665.612793	-74.762016
11670.996094	-73.105591
11676.379395	-71.979439
11681.762695	-71.021805
11687.145996	-70.566650
11692.529297	-70.295021
11697.912598	-70.231010
11703.295898	-70.622253
11708.679199	-70.609978
11714.062500	-70.225235
11719.445801	-71.390503
11724.829102	-72.900665
11730.212402	-73.345818
11735.595703	-72.714828
11740.979004	-73.027641
11746.362305	-73.775368
11751.745605	-75.219902
11757.128906	-77.936111
11762.512207	-75.485901
11767.895508	-74.735764
11773.278809	-76.078156
11778.662109	-78.902191
11784.045410	-90.108528
11789.428711	-80.752876
11794.812012	-76.348328
11800.195312	-74.498283
11805.578613	-75.432274
11810.961914	-76.811806
11816.345215	-76.467644
11821.728516	-75.078796
11827.111816	-72.330238
11832.495117	-73.937508
11837.878418	-75.361870
11843.261719	-74.099861
11848.645020	-73.332054
11854.028320	-74.893494
11859.411621	-80.116241
11864.794922	-83.234535
11870.178223	-80.606300
11875.561523	-81.483986
11880.944824	-83.437042
11886.328125	-80.689758
11891.711426	-76.712555
11897.094727	-75.530235
11902.478027	-74.968597
11907.861328	-72.033096
11913.244629	-69.794235
11918.627930	-68.994301
11924.011230	-68.703781
11929.394531	-68.485657
11934.777832	-69.659836
11940.161133	-70.727455
11945.544434	-70.553749
11950.927734	-70.061920
11956.311035	-70.264992
11961.694336	-70.300400
11967.077637	-70.721291
11972.460938	-70.880737
11977.844238	-70.805077
11983.227539	-70.958168
11988.610840	-72.060013
11993.994141	-74.148071
11999.377441	-75.074623
12004.760742	-75.657516
12010.144043	-76.722969
12015.527344	-80.435623
12020.910645	-85.106239
12026.293945	-103.462517
12031.677246	-85.403297
12037.060547	-81.854332
12042.443848	-81.323654
12047.827148	-79.230438
12053.210449	-76.391090
12058.593750	-74.486961
12063.977051	-72.760895
12069.360352	-72.614998
12074.743652	-73.365921
12080.126953	-74.553879
12085.510254	-73.234962
12090.893555	-72.056931
12096.276855	-72.585762
12101.660156	-73.587807
12107.043457	-74.563515
12112.426758	-73.888695
12117.810059	-71.285912
12123.193359	-70.499359
12128.576660	-71.359352
12133.959961	-74.055557
12139.343262	-77.003365
12144.726562	-72.320297
12150.109863	-73.793251
12155.493164	-79.365723
12160.876465	-85.469429
12166.259766	-81.913193
12171.643066	-73.687454
12177.026367	-73.624580
12182.409668	-78.917282
12187.792969	-83.536179
12193.176270	-78.511948
12198.559570	-79.249367
12203.942871	-78.803932
12209.326172	-79.498497
12214.709473	-100.135895
12220.092773	-79.048660
12225.476074	-76.942802
12230.859375	-79.995544
12236.242676	-81.533958
12241.625977	-82.125931
12247.009277	-82.070641
12252.392578	-80.184464
12257.775879	-78.981407
12263.159180	-80.650230
12268.542480	-81.838142
12273.925781	-82.790382
12279.309082	-80.426918
12284.692383	-79.246452
12290.075684	-77.414207
12295.458984	-75.781540
12300.842285	-74.388405
12306.225586	-74.488556
12311.608887	-74.836975
12316.992188	-76.691551
12322.375488	-76.958908
12327.758789	-76.405731
12333.142090	-76.213181
12338.525391	-77.159210
12343.908691	-77.447838
12349.291992	-76.818054
12354.675293	-74.797318
12360.058594	-74.565392
12365.441895	-77.095131
12370.825195	-80.261154
12376.208496	-80.707687
12381.591797	-82.509781
12386.975098	-89.319405
12392.358398	-89.723686
12397.741699	-84.335915
12403.125000	-81.768974
12408.508301	-83.434807
12413.891602	-87.068092
12419.274902	-86.473442
12424.658203	-85.675941
12430.041504	-88.962059
12435.424805	-88.807449
12440.808105	-101.081360
12446.191406	-91.656036
12451.574707	-86.962128
12456.958008	-90.669250
12462.341309	-85.585152
12467.724609	-83.935326
12473.107910	-83.028030
12478.491211	-81.401459
12483.874512	-82.185982
12489.257812	-84.657463
12494.641113	-87.584190
12500.024414	-91.637535
12505.407715	-95.182388
12510.791016	-88.860016
12516.174316	-85.846535
12521.557617	-88.552475
12526.940918	-89.937691
12532.324219	-86.528931
12537.707520	-84.923195
12543.090820	-85.846352
12548.474121	-82.447838
12553.857422	-80.331757
12559.240723	-79.404236
12564.624023	-77.382942
12570.007324	-76.766525
12575.390625	-75.415199
12580.773926	-74.428734
12586.157227	-73.633186
12591.540527	-73.206421
12596.923828	-72.641045
12602.307129	-72.098991
12607.690430	-72.536720
12613.073730	-71.411659
12618.457031	-71.300308
12623.840332	-71.559433
12629.223633	-71.496185
12634.606934	-71.945343
12639.990234	-72.790123
12645.373535	-73.397987
12650.756836	-74.868576
12656.140137	-78.021561
12661.523438	-79.853966
12666.906738	-80.967346
12672.290039	-79.704750
12677.673340	-75.535652
12683.056641	-73.346771
12688.439941	-72.600082
12693.823242	-73.782722
12699.206543	-75.870117
12704.589844	-78.910332
12709.973145	-80.293236
12715.356445	-81.879349
12720.739746	-85.204597
12726.123047	-81.912445
12731.506348	-78.250946
12736.889648	-76.945587
12742.272949	-76.110924
12747.656250	-74.714760
12753.039551	-75.512848
12758.422852	-75.175560
12763.806152	-75.747574
12769.189453	-77.455223
12774.572754	-74.922493
12779.956055	-75.184250
12785.339355	-76.213242
12790.722656	-76.380783
12796.105957	-78.646049
12801.489258	-75.927055
12806.872559	-74.129715
12812.255859	-75.611626
12817.639160	-78.307190
12823.022461	-79.969673
12828.405762	-80.848915
12833.789062	-80.242775
12839.172363	-80.651123
12844.555664	-85.354050
12849.938965	-82.894363
12855.322266	-78.355453
12860.705566	-78.785591
12866.088867	-79.768768
12871.472168	-79.381912
12876.855469	-78.907883
12882.238770	-75.829971
12887.622070	-74.878769
12893.005371	-76.110184
12898.388672	-77.434914
12903.771973	-77.341812
12909.155273	-76.213463
12914.538574	-76.497070
12919.921875	-76.589691
12925.305176	-78.411621
12930.688477	-78.885269
12936.071777	-76.609818
12941.455078	-76.582832
12946.838379	-77.020111
12952.221680	-78.083664
12957.604980	-77.685478
12962.988281	-75.936653
12968.371582	-75.510765
12973.754883	-75.697517
12979.138184	-77.829498
12984.521484	-78.723198
12989.904785	-78.212593
12995.288086	-77.831589
13000.671387	-78.248833
13006.054688	-81.037292
13011.437988	-80.645187
13016.821289	-81.349037
13022.204590	-82.608398
13027.587891	-81.886604
13032.971191	-84.303047
13038.354492	-89.784332
13043.737793	-86.720352
13049.121094	-86.783844
13054.504395	-86.920113
13059.887695	-84.134071
13065.270996	-88.803734
13070.654297	-87.463669
13076.037598	-83.975990
13081.420898	-87.596764
13086.804199	-98.157921
13092.187500	-91.807701
13097.570801	-91.258484
13102.954102	-102.191902
13108.337402	-95.455528
13113.720703	-92.787247
13119.104004	-91.326828
13124.487305	-96.619278
13129.870605	-86.441330
13135.253906	-84.047699
13140.637207	-84.658501
13146.020508	-83.364098
13151.403809	-81.597832
13156.787109	-81.388405
13162.170410	-80.205162
13167.553711	-79.919579
13172.937012	-81.128716
13178.320312	-78.780418
13183.703613	-77.434998
13189.086914	-75.868927
13194.470215	-75.164513
13199.853516	-75.049965
13205.236816	-75.328506
13210.620117	-75.270164
13216.003418	-74.590210
13221.386719	-74.669197
13226.770020	-74.593338
13232.153320	-77.881607
13237.536621	-81.561409
13242.919922	-81.960869
13248.303223	-80.703667
13253.686523	-78.342072
13259.069824	-74.751534
13264.453125	-72.359207
13269.836426	-72.104134
13275.219727	-75.109367
13280.603027	-74.734024
13285.986328	-74.168526
13291.369629	-74.016220
13296.752930	-77.498138
13302.136230	-94.181473
13307.519531	-82.974388
13312.902832	-85.213631
13318.286133	-84.365784
13323.669434	-81.885170
13329.052734	-78.760406
13334.436035	-78.950607
13339.819336	-78.107346
13345.202637	-74.778107
13350.585938	-75.125702
13355.969238	-75.458229
13361.352539	-76.386917
13366.735840	-76.413925
13372.119141	-75.206230
13377.502441	-74.647736
13382.885742	-73.782272
13388.269043	-75.045998
13393.652344	-73.937157
13399.035645	-72.435638
13404.418945	-71.544121
13409.802246	-71.701927
13415.185547	-72.587013
13420.568848	-72.478935
13425.952148	-70.921570
13431.335449	-68.971909
13436.718750	-70.892746
13442.102051	-74.229523
13447.485352	-74.281052
13452.868652	-73.113426
13458.251953	-71.679565
13463.635254	-73.681900
13469.018555	-78.060638
13474.401855	-75.991592
13479.785156	-72.885849
13485.168457	-73.123039
13490.551758	-76.486526
13495.935059	-81.174965
13501.318359	-77.462929
13506.701660	-75.091484
13512.084961	-76.367661
13517.468262	-83.621841
13522.851562	-83.708420
13528.234863	-76.108688
13533.618164	-74.755783
13539.001465	-77.945015
13544.384766	-76.442513
13549.768066	-74.585312
13555.151367	-71.361801
13560.534668	-69.544823
13565.917969	-70.191368
13571.301270	-69.637894
13576.684570	-69.006500
13582.067871	-67.852768
13587.451172	-67.064514
13592.834473	-67.921005
13598.217773	-69.031837
13603.601074	-69.073723
13608.984375	-68.615021
13614.367676	-69.374725
13619.750977	-70.197220
13625.134277	-71.935379
13630.517578	-73.842476
13635.900879	-72.267647
13641.284180	-73.757912
13646.667480	-74.292076
13652.050781	-73.126083
13657.434082	-74.516891
13662.817383	-73.900101
13668.200684	-72.031090
13673.583984	-72.892212
13678.967285	-74.940231
13684.350586	-74.907539
13689.733887	-76.421021
13695.117188	-74.834709
13700.500488	-74.065468
13705.883789	-76.537689
13711.267090	-78.930206
13716.650391	-76.716049
13722.033691	-76.006393
13727.416992	-77.359680
13732.800293	-76.300789
13738.183594	-79.338982
13743.566895	-81.378014
13748.950195	-77.969894
13754.333496	-79.199226
13759.716797	-81.261566
13765.100098	-82.987213
13770.483398	-80.199257
13775.866699	-77.472527
13781.250000	-76.561577
13786.633301	-77.017464
13792.016602	-78.382057
13797.399902	-79.047546
13802.783203	-78.469406
13808.166504	-77.415924
13813.549805	-78.965248
13818.933105	-80.045868
13824.316406	-80.296165
13829.699707	-82.209389
13835.083008	-80.366348
13840.466309	-78.367157
13845.849609	-78.650688
13851.232910	-84.827011
13856.616211	-89.226715
13861.999512	-86.387611
13867.382812	-84.500435
13872.766113	-82.764336
13878.149414	-85.062881
13883.532715	-97.245468
13888.916016	-91.442375
13894.299316	-88.199112
13899.682617	-94.610786
13905.065918	-88.643417
13910.449219	-82.163391
13915.832520	-79.883400
13921.215820	-81.064346
13926.599121	-83.740562
13931.982422	-85.603836
13937.365723	-90.554146
13942.749023	-80.547623
13948.132324	-79.755051
13953.515625	-86.749504
13958.898926	-89.095581
13964.282227	-82.421150
13969.665527	-80.438820
13975.048828	-78.461311
13980.432129	-79.678055
13985.815430	-94.694885
13991.198730	-80.191200
13996.582031	-77.138382
14001.965332	-78.270691
14007.348633	-76.296188
14012.731934	-75.659973
14018.115234	-76.897774
14023.498535	-73.277710
14028.881836	-72.602196
14034.265137	-74.806038
14039.648438	-76.067749
14045.031738	-74.891273
14050.415039	-74.194572
14055.798340	-73.750534
14061.181641	-74.049232
14066.564941	-76.243423
14071.948242	-79.094254
14077.331543	-76.768089
14082.714844	-75.770737
14088.098145	-76.440720
14093.481445	-78.309441
14098.864746	-80.800179
14104.248047	-80.520294
14109.631348	-77.860992
14115.014648	-76.436836
14120.397949	-78.206909
14125.781250	-85.885857
14131.164551	-82.442749
14136.547852	-78.637321
14141.931152	-79.111946
14147.314453	-78.034668
14152.697754	-80.859879
14158.081055	-80.831917
14163.464355	-74.370293
14168.847656	-74.284615
14174.230957	-78.669395
14179.614258	-81.599297
14184.997559	-79.485092
14190.380859	-74.670044
14195.764160	-72.864525
14201.147461	-75.206238
14206.530762	-81.004921
14211.914062	-77.472420
14217.297363	-73.494911
14222.680664	-73.594101
14228.063965	-77.476685
14233.447266	-78.580208
14238.830566	-75.325356
14244.213867	-74.153328
14249.597168	-74.209770
14254.980469	-73.865578
14260.363770	-74.224358
14265.747070	-76.621101
14271.130371	-86.280785
14276.513672	-91.248116
14281.896973	-85.503578
14287.280273	-79.809280
14292.663574	-76.253136
14298.046875	-76.904861
14303.430176	-85.770607
14308.813477	-85.953789
14314.196777	-82.174850
14319.580078	-82.468559
14324.963379	-80.512421
14330.346680	-79.597946
14335.729980	-80.877808
14341.113281	-82.875854
14346.496582	-82.028938
14351.879883	-83.370193
14357.263184	-84.380203
14362.646484	-88.200279
14368.029785	-85.457245
14373.413086	-79.630684
14378.796387	-77.551369
14384.179688	-75.946083
14389.562988	-74.425591
14394.946289	-75.065422
14400.329590	-72.135201
14405.712891	-70.050842
14411.096191	-70.771172
14416.479492	-70.686943
14421.862793	-70.456833
14427.246094	-70.690285
14432.629395	-67.521820
14438.012695	-66.330452
14443.395996	-66.991417
14448.779297	-69.267700
14454.162598	-70.535576
14459.545898	-70.205826
14464.929199	-70.071205
14470.312500	-70.441032
14475.695801	-74.871132
14481.079102	-77.105972
14486.462402	-74.181725
14491.845703	-73.781815
14497.229004	-75.368088
14502.612305	-77.766815
14507.995605	-83.208626
14513.378906	-80.259872
14518.762207	-78.046837
14524.145508	-79.404266
14529.528809	-82.243660
14534.912109	-90.839386
14540.295410	-87.719872
14545.678711	-84.958679
14551.062012	-83.274757
14556.445312	-81.571373
14561.828613	-80.724442
14567.211914	-84.251442
14572.595215	-94.098022
14577.978516	-85.035904
14583.361816	-81.336105
14588.745117	-82.210548
14594.128418	-81.482758
14599.511719	-83.720268
14604.895020	-91.669098
14610.278320	-91.835251
14615.661621	-87.386108
14621.044922	-88.144432
14626.428223	-90.476265
14631.811523	-85.061668
14637.194824	-81.832253
14642.578125	-79.807327
14647.961426	-81.137138
14653.344727	-81.460571
14658.728027	-81.056656
14664.111328	-81.982040
14669.494629	-80.131950
14674.877930	-81.866394
14680.261230	-83.539345
14685.644531	-81.871506
14691.027832	-84.705093
14696.411133	-90.221718
14701.794434	-87.622147
14707.177734	-89.564087
14712.561035	-84.351395
14717.944336	-80.123238
14723.327637	-78.454292
14728.710938	-76.566605
14734.094238	-76.379822
14739.477539	-78.460136
14744.860840	-78.764069
14750.244141	-79.054008
14755.627441	-79.080872
14761.010742	-79.251854
14766.394043	-79.801514
14771.777344	-80.103065
14777.160645	-78.913750
14782.543945	-77.705704
14787.927246	-79.104225
14793.310547	-79.386139
14798.693848	-81.254990
14804.077148	-81.977219
14809.460449	-79.760719
14814.843750	-83.050377
14820.227051	-83.851524
14825.610352	-79.738167
14830.993652	-77.344681
14836.376953	-72.378479
14841.760254	-72.445930
14847.143555	-74.539894
14852.526855	-73.580215
14857.910156	-73.262207
14863.293457	-73.899986
14868.676758	-74.514404
14874.060059	-77.195061
14879.443359	-76.820786
14884.826660	-77.599831
14890.209961	-80.352386
14895.593262	-79.977997
14900.976562	-80.607658
14906.359863	-81.080215
14911.743164	-81.202545
14917.126465	-82.572678
14922.509766	-83.790665
14927.893066	-82.872787
14933.276367	-84.788925
14938.659668	-82.959396
14944.042969	-83.632607
14949.426270	-88.279243
14954.809570	-83.968224
14960.192871	-87.397995
14965.576172	-86.941139
14970.959473	-84.324486
14976.342773	-89.238640
14981.726074	-83.368370
14987.109375	-81.572334
14992.492676	-83.170143
14997.875977	-82.302315
15003.259277	-82.771767
15008.642578	-84.476509
15014.025879	-82.509758
15019.409180	-81.337349
15024.792480	-85.572731
15030.175781	-85.748032
15035.559082	-85.310516
15040.942383	-87.156097
15046.325684	-84.108810
15051.708984	-84.002327
15057.092285	-87.579002
15062.475586	-90.400841
15067.858887	-86.641472
15073.242188	-87.741684
15078.625488	-88.397194
15084.008789	-92.451820
15089.392090	-97.992188
15094.775391	-96.120178
15100.158691	-96.123734
15105.541992	-91.388458
15110.925293	-90.662514
15116.308594	-91.181900
15121.691895	-91.295410
15127.075195	-95.004364
15132.458496	-102.720718
15137.841797	-94.958588
15143.225098	-90.938843
15148.608398	-86.659271
15153.991699	-88.822815
15159.375000	-95.042046
15164.758301	-88.031631
15170.141602	-86.828148
15175.524902	-88.115578
15180.908203	-86.416183
15186.291504	-87.608971
15191.674805	-94.388199
15197.058105	-85.601608
15202.441406	-84.959152
15207.824707	-86.375671
15213.208008	-86.056610
15218.591309	-87.079849
15223.974609	-86.426521
15229.357910	-84.962959
15234.741211	-83.199738
15240.124512	-84.337067
15245.507812	-83.242157
15250.891113	-81.599480
15256.274414	-79.499367
15261.657715	-78.258995
15267.041016	-80.719368
15272.424316	-81.064461
15277.807617	-79.427200
15283.190918	-78.196938
15288.574219	-77.765640
15293.957520	-79.775192
15299.340820	-82.238655
15304.724121	-79.622162
15310.107422	-76.885071
15315.490723	-76.743813
15320.874023	-75.597786
15326.257324	-74.631737
15331.640625	-73.178146
15337.023926	-71.384148
15342.407227	-72.024391
15347.790527	-72.538788
15353.173828	-72.376625
15358.557129	-71.502808
15363.940430	-71.463692
15369.323730	-71.479088
15374.707031	-71.113922
15380.090332	-71.009010
15385.473633	-70.045250
15390.856934	-69.556160
15396.240234	-69.696953
15401.623535	-69.679337
15407.006836	-69.349731
15412.390137	-69.276314
15417.773438	-69.015038
15423.156738	-69.279633
15428.540039	-69.427727
15433.923340	-69.459099
15439.306641	-69.613808
15444.689941	-69.029274
15450.073242	-69.047813
15455.456543	-68.618889
15460.839844	-69.135788
15466.223145	-71.027901
15471.606445	-72.488319
15476.989746	-73.782829
15482.373047	-75.955193
15487.756348	-80.596451
15493.139648	-82.101532
15498.522949	-81.144676
15503.906250	-80.462723
15509.289551	-80.857536
15514.672852	-80.929810
15520.056152	-79.973282
15525.439453	-80.737190
15530.822754	-83.565071
15536.206055	-84.098083
15541.589355	-82.082954
15546.972656	-85.732224
15552.355957	-99.696602
15557.739258	-92.683456
15563.122559	-92.763138
15568.505859	-90.658440
15573.889160	-94.286308
15579.272461	-91.429260
15584.655762	-89.013176
15590.039062	-94.743065
15595.422363	-101.118996
15600.805664	-94.520958
15606.188965	-92.083443
15611.572266	-85.390968
15616.955566	-84.029755
15622.338867	-87.886917
15627.722168	-100.483009
15633.105469	-91.141830
15638.488770	-90.814751
15643.872070	-89.996941
15649.255371	-90.944786
15654.638672	-93.411324
15660.021973	-90.788391
15665.405273	-88.569809
15670.788574	-92.053146
15676.171875	-99.240051
15681.555176	-99.182701
15686.938477	-96.455154
15692.321777	-86.714813
15697.705078	-83.030708
15703.088379	-84.336006
15708.471680	-85.533653
15713.854980	-89.011513
15719.238281	-87.649765
15724.621582	-87.431953
15730.004883	-85.885551
15735.388184	-85.761307
15740.771484	-88.859161
15746.154785	-94.884346
15751.538086	-87.808029
15756.921387	-81.347740
15762.304688	-80.733765
15767.687988	-83.485573
15773.071289	-86.329063
15778.454590	-83.122444
15783.837891	-78.782249
15789.221191	-77.760338
15794.604492	-80.377350
15799.987793	-87.075928
15805.371094	-83.451385
15810.754395	-81.300095
15816.137695	-80.191650
15821.520996	-83.394852
15826.904297	-88.453796
15832.287598	-83.374397
15837.670898	-80.965240
15843.054199	-79.135757
15848.437500	-82.411987
15853.820801	-86.286407
15859.204102	-83.043800
15864.587402	-80.212479
15869.970703	-79.588020
15875.354004	-80.947655
15880.737305	-84.789856
15886.120605	-87.799728
15891.503906	-80.308823
15896.887207	-80.442314
15902.270508	-84.377846
15907.653809	-85.313614
15913.037109	-83.071808
15918.420410	-80.722572
15923.803711	-80.134872
15929.187012	-82.477760
15934.570312	-81.878853
15939.953613	-77.865692
15945.336914	-77.613815
15950.720215	-78.506699
15956.103516	-81.685226
15961.486816	-80.503700
15966.870117	-78.346565
15972.253418	-76.538498
15977.636719	-78.000626
15983.020020	-80.605049
15988.403320	-79.779663
15993.786621	-79.873123
15999.169922	-77.378082
16004.553223	-76.847404
16009.936523	-77.916702
16015.319824	-80.076469
16020.703125	-85.026215
16026.086426	-82.977104
16031.469727	-79.671211
16036.853027	-81.482979
16042.236328	-82.111565
16047.619629	-80.865486
16053.002930	-84.317223
16058.386230	-85.055603
16063.769531	-80.748009
16069.152832	-79.767097
16074.536133	-78.390450
16079.919434	-79.428047
16085.302734	-85.322350
16090.686035	-83.831406
16096.069336	-80.003410
16101.452637	-80.430298
16106.835938	-86.848724
16112.219238	-102.448952
16117.602539	-84.672127
16122.985840	-82.454216
16128.369141	-83.818733
16133.752441	-91.950912
16139.135742	-85.333054
16144.519043	-80.435631
16149.902344	-78.997353
16155.285645	-80.465157
16160.668945	-87.001495
16166.052246	-86.178307
16171.435547	-79.159233
16176.818848	-79.032372
16182.202148	-88.418739
16187.585449	-89.988075
16192.968750	-80.513962
16198.352051	-78.824997
16203.735352	-81.273117
16209.118652	-88.453552
16214.501953	-82.323311
16219.885254	-78.820457
16225.268555	-78.192230
16230.651855	-78.098473
16236.035156	-78.268051
16241.418457	-79.606285
16246.801758	-77.514732
16252.185059	-75.184937
16257.568359	-76.318649
16262.951660	-77.265175
16268.334961	-77.538689
16273.718262	-77.971642
16279.101562	-75.309517
16284.484863	-74.592384
16289.868164	-76.184456
16295.251465	-79.453789
16300.634766	-80.116951
16306.018066	-78.269165
16311.401367	-77.914276
16316.784668	-79.925522
16322.167969	-83.857292
16327.551270	-86.611870
16332.934570	-82.143448
16338.317871	-82.559120
16343.701172	-86.584923
16349.084473	-90.767609
16354.467773	-89.315712
16359.851074	-85.155731
16365.234375	-85.635529
16370.617676	-84.201210
16376.000977	-89.433632
16381.384277	-86.004387
16386.767578	-79.167976
16392.150879	-77.255432
16397.534180	-76.852882
16402.917480	-79.216454
16408.300781	-79.860306
16413.684082	-76.590073
16419.067383	-73.994041
16424.450684	-70.888916
16429.833984	-71.591385
16435.217285	-76.087036
16440.600586	-81.335716
16445.983887	-78.868622
16451.367188	-77.174408
16456.750488	-77.541489
16462.133789	-80.743652
16467.517090	-84.637283
16472.900391	-85.522240
16478.283691	-87.103462
16483.666992	-89.275421
16489.050293	-92.714638
16494.433594	-93.579865
16499.816895	-82.472198
16505.200195	-81.073158
16510.583496	-84.140732
16515.966797	-88.955887
16521.350098	-86.872032
16526.733398	-103.002190
16532.116699	-82.859505
16537.500000	-81.566132
16542.883301	-87.457237
16548.266602	-89.862770
16553.649902	-90.531158
16559.033203	-86.560623
16564.416504	-84.210312
16569.799805	-86.445740
16575.183105	-89.047554
16580.566406	-84.250069
16585.949707	-85.943443
16591.333008	-86.631126
16596.716309	-83.504036
16602.099609	-83.512367
16607.482910	-89.118050
16612.866211	-86.428810
16618.249512	-86.592438
16623.632812	-89.325996
16629.016113	-84.209328
16634.399414	-84.414894
16639.782715	-86.920578
16645.166016	-84.192383
16650.549316	-82.498528
16655.932617	-87.002304
16661.315918	-88.528954
16666.699219	-91.020638
16672.082520	-89.638351
16677.465820	-85.612251
16682.849121	-85.668320
16688.232422	-89.117378
16693.615723	-86.701515
16698.999023	-86.705307
16704.382324	-85.858521
16709.765625	-81.965958
16715.148926	-84.864540
16720.532227	-86.149094
16725.915527	-80.995903
16731.298828	-80.754715
16736.682129	-80.434288
16742.065430	-78.695389
16747.448730	-79.929955
16752.832031	-81.004677
16758.215332	-79.328423
16763.598633	-81.721657
16768.981934	-79.636940
16774.365234	-78.213226
16779.748535	-79.113358
16785.131836	-80.195824
16790.515137	-82.965134
16795.898438	-83.866158
16801.281738	-81.282745
16806.665039	-82.179390
16812.048340	-84.255043
16817.431641	-79.625946
16822.814941	-77.231499
16828.198242	-76.109756
16833.581543	-76.611542
16838.964844	-80.808517
16844.348145	-83.307205
16849.731445	-81.078117
16855.114746	-81.978371
16860.498047	-86.887024
16865.881348	-88.327148
16871.264648	-88.038254
16876.647949	-88.011093
16882.031250	-85.276817
16887.414551	-85.303886
16892.797852	-87.202072
16898.181152	-91.432770
16903.564453	-93.433784
16908.947754	-91.813873
16914.331055	-90.230530
16919.714355	-91.794640
16925.097656	-92.971169
16930.480957	-107.159477
16935.864258	-95.843300
16941.247559	-89.841316
16946.630859	-92.615219
16952.014160	-92.528587
16957.397461	-91.825302
16962.780762	-97.363831
16968.164062	-96.311943
16973.547363	-89.174637
16978.930664	-88.613235
16984.313965	-90.208702
16989.697266	-94.253952
16995.080566	-95.522705
17000.463867	-99.906982
17005.847168	-101.146706
17011.230469	-92.991653
17016.613770	-87.354874
17021.997070	-88.621773
17027.380371	-90.354851
17032.763672	-90.891418
17038.146973	-89.727661
17043.530273	-86.248520
17048.913574	-84.767151
17054.296875	-84.075394
17059.680176	-84.371300
17065.063477	-83.330307
17070.446777	-83.260094
17075.830078	-82.822174
17081.213379	-83.100014
17086.596680	-82.063911
17091.979980	-80.016586
17097.363281	-79.990250
17102.746582	-79.740623
17108.129883	-80.685379
17113.513184	-80.809822
17118.896484	-80.072639
17124.279785	-80.117874
17129.663086	-82.052818
17135.046387	-83.792908
17140.429688	-83.701729
17145.812988	-83.470520
17151.196289	-82.151321
17156.579590	-84.546951
17161.962891	-86.520607
17167.346191	-83.977272
17172.729492	-82.883667
17178.112793	-84.139748
17183.496094	-86.554665
17188.879395	-84.624252
17194.262695	-83.234230
17199.645996	-82.051147
17205.029297	-83.384575
17210.412598	-85.188988
17215.795898	-83.063194
17221.179199	-83.245560
17226.562500	-83.932137
17231.945801	-84.436432
17237.329102	-83.711609
17242.712402	-84.327232
17248.095703	-84.428322
17253.479004	-84.104538
17258.862305	-84.172363
17264.245605	-82.806938
17269.628906	-85.034218
17275.012207	-86.569267
17280.395508	-84.650833
17285.778809	-84.034889
17291.162109	-83.974586
17296.545410	-86.119324
17301.928711	-85.652252
17307.312012	-84.145233
17312.695312	-81.848434
17318.078613	-82.479378
17323.461914	-84.762085
17328.845215	-85.440941
17334.228516	-84.800858
17339.611816	-83.398758
17344.995117	-83.910919
17350.378418	-84.816315
17355.761719	-86.698677
17361.145020	-86.770508
17366.528320	-87.074287
17371.911621	-86.465462
17377.294922	-87.416542
17382.678223	-90.523560
17388.061523	-93.780396
17393.444824	-103.365082
17398.828125	-92.294411
17404.211426	-89.710022
17409.594727	-90.271736
17414.978027	-97.740692
17420.361328	-98.766418
17425.744629	-89.477531
17431.127930	-88.893013
17436.511230	-88.522240
17441.894531	-93.184349
17447.277832	-100.499077
17452.661133	-90.163254
17458.044434	-89.092003
17463.427734	-89.524773
17468.811035	-89.741150
17474.194336	-88.919167
17479.577637	-89.815430
17484.960938	-101.516113
17490.344238	-88.688126
17495.727539	-82.232918
17501.110840	-80.140587
17506.494141	-82.315178
17511.877441	-85.780548
17517.260742	-87.238541
17522.644043	-85.280899
17528.027344	-82.669464
17533.410645	-83.812645
17538.793945	-86.158485
17544.177246	-85.884995
17549.560547	-85.692200
17554.943848	-85.710159
17560.327148	-84.181091
17565.710449	-86.851669
17571.093750	-89.272697
17576.477051	-87.840599
17581.860352	-88.658943
17587.243652	-88.808594
17592.626953	-88.128685
17598.010254	-90.497154
17603.393555	-95.258934
17608.776855	-89.207397
17614.160156	-89.604210
17619.543457	-90.454010
17624.926758	-91.346947
17630.310059	-92.821556
17635.693359	-93.761681
17641.076660	-97.278412
17646.459961	-93.642677
17651.843262	-94.154991
17657.226562	-93.680321
17662.609863	-96.380119
17667.993164	-94.843445
17673.376465	-92.681480
17678.759766	-87.854935
17684.143066	-86.018349
17689.526367	-86.578949
17694.909668	-90.511948
17700.292969	-93.578362
17705.676270	-86.368721
17711.059570	-84.897865
17716.442871	-84.778740
17721.826172	-85.450134
17727.209473	-88.397018
17732.592773	-87.025581
17737.976074	-82.391983
17743.359375	-82.376030
17748.742676	-85.328918
17754.125977	-86.878639
17759.509277	-85.166725
17764.892578	-81.311554
17770.275879	-79.931549
17775.659180	-80.713425
17781.042480	-84.717842
17786.425781	-79.976746
17791.809082	-76.433189
17797.192383	-75.451920
17802.575684	-74.924698
17807.958984	-74.779945
17813.342285	-74.264557
17818.725586	-71.633591
17824.108887	-69.821831
17829.492188	-70.884148
17834.875488	-73.212746
17840.258789	-75.534439
17845.642090	-76.083473
17851.025391	-76.441193
17856.408691	-76.930275
17861.791992	-78.721153
17867.175293	-81.852715
17872.558594	-81.088745
17877.941895	-80.346443
17883.325195	-80.171333
17888.708496	-81.304939
17894.091797	-83.327843
17899.475098	-86.582382
17904.858398	-84.439728
17910.241699	-84.072388
17915.625000	-87.747307
17921.008301	-95.004311
17926.391602	-100.535133
17931.774902	-94.913582
17937.158203	-106.585526
17942.541504	-101.551399
17947.924805	-91.832039
17953.308105	-92.905762
17958.691406	-97.970123
17964.074707	-95.711235
17969.458008	-95.261269
17974.841309	-87.417412
17980.224609	-87.362976
17985.607910	-91.655502
17990.991211	-90.654106
17996.374512	-87.385735
18001.757812	-87.155579
18007.141113	-85.493065
18012.524414	-85.735039
18017.907715	-85.155998
18023.291016	-85.518997
18028.674316	-85.352188
18034.057617	-83.543587
18039.440918	-84.439568
18044.824219	-84.860405
18050.207520	-85.138565
18055.590820	-84.992615
18060.974121	-84.449005
18066.357422	-81.349167
18071.740723	-80.285385
18077.124023	-81.006050
18082.507324	-82.395134
18087.890625	-82.374496
18093.273926	-80.039124
18098.657227	-78.057632
18104.040527	-77.319954
18109.423828	-80.952568
18114.807129	-81.370453
18120.190430	-78.401268
18125.573730	-76.096291
18130.957031	-74.858711
18136.340332	-76.781898
18141.723633	-80.417427
18147.106934	-80.055893
18152.490234	-77.173218
18157.873535	-75.469978
18163.256836	-75.586685
18168.640137	-78.766685
18174.023438	-84.269089
18179.406738	-92.338585
18184.790039	-99.782959
18190.173340	-90.979691
18195.556641	-88.140251
18200.939941	-84.308136
18206.323242	-81.118324
18211.706543	-84.087006
18217.089844	-89.318634
18222.473145	-90.876427
18227.856445	-84.787292
18233.239746	-79.125595
18238.623047	-78.319435
18244.006348	-82.814514
18249.389648	-91.772232
18254.772949	-95.554695
18260.156250	-92.225533
18265.539551	-85.054649
18270.922852	-85.447624
18276.306152	-84.509628
18281.689453	-83.630539
18287.072754	-86.480629
18292.456055	-88.911041
18297.839355	-95.365211
18303.222656	-89.689659
18308.605957	-81.145081
18313.989258	-81.164749
18319.372559	-86.447487
18324.755859	-92.317482
18330.139160	-93.834793
18335.522461	-84.857231
18340.905762	-82.259506
18346.289062	-84.790482
18351.672363	-96.912399
18357.055664	-89.047829
18362.438965	-83.418671
18367.822266	-80.722351
18373.205566	-81.479630
18378.588867	-87.603317
18383.972168	-80.290886
18389.355469	-76.545319
18394.738770	-75.230011
18400.122070	-76.728577
18405.505371	-78.695847
18410.888672	-77.643967
18416.271973	-75.020973
18421.655273	-74.735924
18427.038574	-75.200218
18432.421875	-75.592293
18437.805176	-77.319016
18443.188477	-75.934624
18448.571777	-74.738998
18453.955078	-75.411568
18459.338379	-77.979858
18464.721680	-79.431313
18470.104980	-79.820740
18475.488281	-78.721596
18480.871582	-77.564041
18486.254883	-80.424995
18491.638184	-86.149345
18497.021484	-85.046631
18502.404785	-84.126877
18507.788086	-84.218369
18513.171387	-86.058998
18518.554688	-95.940979
18523.937988	-96.093903
18529.321289	-90.230576
18534.704590	-92.599411
18540.087891	-97.168610
18545.471191	-89.940689
18550.854492	-85.957306
18556.237793	-83.684601
18561.621094	-85.290848
18567.004395	-85.702217
18572.387695	-87.699974
18577.770996	-86.667557
18583.154297	-83.215530
18588.537598	-86.443565
18593.920898	-92.730721
18599.304199	-92.440445
18604.687500	-93.469276
18610.070801	-89.027901
18615.454102	-92.991356
18620.837402	-90.246582
18626.220703	-83.765488
18631.604004	-82.714729
18636.987305	-84.516846
18642.370605	-86.442368
18647.753906	-84.206932
18653.137207	-81.683723
18658.520508	-80.408997
18663.903809	-82.068954
18669.287109	-83.325378
18674.670410	-81.786964
18680.053711	-80.045471
18685.437012	-79.941284
18690.820312	-81.717644
18696.203613	-82.156883
18701.586914	-81.680855
18706.970215	-80.466782
18712.353516	-81.000450
18717.736816	-81.575920
18723.120117	-82.586845
18728.503418	-82.375572
18733.886719	-82.104683
18739.270020	-83.405746
18744.653320	-84.140709
18750.036621	-85.047546
18755.419922	-84.690140
18760.803223	-86.241104
18766.186523	-85.634064
18771.569824	-85.275902
18776.953125	-88.993896
18782.336426	-86.723373
18787.719727	-85.230667
18793.103027	-83.303535
18798.486328	-82.329681
18803.869629	-83.284897
18809.252930	-84.164986
18814.636230	-83.026642
18820.019531	-80.165833
18825.402832	-80.504723
18830.786133	-81.967621
18836.169434	-84.542793
18841.552734	-83.149055
18846.936035	-81.553635
18852.319336	-82.021187
18857.702637	-85.011169
18863.085938	-95.578766
18868.469238	-86.467468
18873.852539	-84.235222
18879.235840	-84.573280
18884.619141	-87.039780
18890.002441	-89.227341
18895.385742	-85.439987
18900.769043	-83.514259
18906.152344	-83.795609
18911.535645	-88.442680
18916.918945	-91.140701
18922.302246	-99.086784
18927.685547	-94.154259
18933.068848	-92.170067
18938.452148	-98.494698
18943.835449	-95.858894
18949.218750	-96.767776
18954.602051	-93.921333
18959.985352	-88.801300
18965.368652	-90.160034
18970.751953	-93.123917
18976.135254	-89.728287
18981.518555	-87.964149
18986.901855	-88.177170
18992.285156	-85.545982
18997.668457	-86.751221
19003.051758	-86.459511
19008.435059	-84.220078
19013.818359	-83.501953
19019.201660	-82.728813
19024.584961	-83.546860
19029.968262	-83.720108
19035.351562	-83.556015
19040.734863	-83.165398
19046.118164	-84.370262
19051.501465	-83.333466
19056.884766	-84.793091
19062.268066	-89.204720
19067.651367	-87.686401
19073.034668	-88.160362
19078.417969	-90.078926
19083.801270	-91.606186
19089.184570	-90.141914
19094.567871	-95.717667
19099.951172	-93.896461
19105.334473	-90.645897
19110.717773	-91.595352
19116.101074	-99.076241
19121.484375	-96.504845
19126.867676	-93.324799
19132.250977	-96.276497
19137.634277	-95.900726
19143.017578	-91.325966
19148.400879	-90.133919
19153.784180	-89.406166
19159.167480	-87.499596
19164.550781	-88.690048
19169.934082	-85.007614
19175.317383	-85.255135
19180.700684	-87.036728
19186.083984	-85.839279
19191.467285	-88.214584
19196.850586	-86.738243
19202.233887	-82.626747
19207.617188	-83.196480
19213.000488	-85.646164
19218.383789	-82.235199
19223.767090	-82.887405
19229.150391	-82.376396
19234.533691	-79.805809
19239.916992	-81.890610
19245.300293	-81.991768
19250.683594	-79.680420
19256.066895	-80.048531
19261.450195	-82.112373
19266.833496	-80.826508
19272.216797	-81.041664
19277.600098	-81.047546
19282.983398	-81.447929
19288.366699	-83.765663
19293.750000	-84.367058
19299.133301	-83.605057
19304.516602	-82.031166
19309.899902	-83.154549
19315.283203	-84.685226
19320.666504	-84.950027
19326.049805	-84.984390
19331.433105	-84.993111
19336.816406	-86.957184
19342.199707	-88.193504
19347.583008	-88.923180
19352.966309	-83.749344
19358.349609	-82.900719
19363.732910	-84.809273
19369.116211	-84.752357
19374.499512	-85.132683
19379.882812	-83.311554
19385.266113	-84.104538
19390.649414	-85.715515
19396.032715	-86.875420
19401.416016	-84.259537
19406.799316	-81.722336
19412.182617	-82.343346
19417.565918	-82.999443
19422.949219	-81.824722
19428.332520	-79.074402
19433.715820	-77.778656
19439.099121	-78.148521
19444.482422	-78.847321
19449.865723	-78.690994
19455.249023	-76.164452
19460.632324	-76.420807
19466.015625	-78.015953
19471.398926	-77.986023
19476.782227	-76.934448
19482.165527	-73.777016
19487.548828	-72.926476
19492.932129	-73.339287
19498.315430	-73.155785
19503.698730	-70.202347
19509.082031	-68.990746
19514.465332	-69.450752
19519.848633	-69.053604
19525.231934	-69.668221
19530.615234	-69.526138
19535.998535	-68.735565
19541.381836	-69.561234
19546.765137	-71.823196
19552.148438	-73.806313
19557.531738	-74.672211
19562.915039	-74.417305
19568.298340	-74.122833
19573.681641	-75.349693
19579.064941	-76.537605
19584.448242	-76.071739
19589.831543	-75.280075
19595.214844	-76.377136
19600.598145	-78.333748
19605.981445	-78.821220
19611.364746	-78.079002
19616.748047	-77.714928
19622.131348	-79.777771
19627.514648	-81.814949
19632.897949	-84.818771
19638.281250	-82.751434
19643.664551	-80.841881
19649.047852	-82.090614
19654.431152	-81.478149
19659.814453	-83.638893
19665.197754	-89.264816
19670.581055	-100.949974
19675.964355	-90.140472
19681.347656	-84.526947
19686.730957	-80.667107
19692.114258	-80.322968
19697.497559	-77.300690
19702.880859	-78.149857
19708.264160	-79.012634
19713.647461	-74.882263
19719.030762	-75.067390
19724.414062	-75.674316
19729.797363	-74.805840
19735.180664	-76.858047
19740.563965	-73.898544
19745.947266	-73.083771
19751.330566	-75.629066
19756.713867	-74.044601
19762.097168	-73.789688
19767.480469	-75.079903
19772.863770	-73.773895
19778.247070	-72.994446
19783.630371	-75.380127
19789.013672	-77.013824
19794.396973	-74.642334
19799.780273	-77.319901
19805.163574	-76.815491
19810.546875	-74.388153
19815.930176	-77.229927
19821.313477	-77.868828
19826.696777	-75.077698
19832.080078	-76.653351
19837.463379	-78.279419
19842.846680	-77.189789
19848.229980	-78.770584
19853.613281	-83.726372
19858.996582	-81.920822
19864.379883	-78.232674
19869.763184	-82.310707
19875.146484	-83.023415
19880.529785	-80.075592
19885.913086	-80.683205
19891.296387	-73.438339
19896.679688	-70.825150
19902.062988	-71.569199
19907.446289	-71.413696
19912.829590	-68.271751
19918.212891	-67.940468
19923.596191	-65.929588
19928.979492	-63.844879
19934.362793	-64.752731
19939.746094	-64.335686
19945.129395	-63.478321
19950.512695	-64.789993
19955.895996	-66.380386
19961.279297	-68.832306
19966.662598	-73.599380
19972.045898	-71.350143
19977.429199	-71.618462
19982.812500	-73.944649
19988.195801	-73.125160
19993.579102	-74.296898
19998.962402	-75.993774
20004.345703	-75.216423
20009.729004	-76.568504
20015.112305	-79.524963
20020.495605	-80.151428
20025.878906	-84.097397
20031.262207	-83.894386
20036.645508	-81.115295
20042.028809	-84.148010
20047.412109	-92.668999
20052.795410	-94.748001
20058.178711	-87.581200
20063.562012	-86.062981
20068.945312	-91.658371
20074.328613	-89.287354
20079.711914	-82.618835
20085.095215	-80.290512
20090.478516	-82.479797
20095.861816	-83.544220
20101.245117	-84.840202
20106.628418	-82.117699
20112.011719	-78.344574
20117.395020	-78.980309
20122.778320	-82.686798
20128.161621	-84.358261
20133.544922	-82.131737
20138.928223	-78.742989
20144.311523	-76.810623
20149.694824	-80.309326
20155.078125	-88.463699
20160.461426	-82.441132
20165.844727	-80.744041
20171.228027	-78.236107
20176.611328	-77.884544
20181.994629	-81.480621
20187.377930	-97.582436
20192.761230	-83.332199
20198.144531	-82.440582
20203.527832	-81.833107
20208.911133	-82.284775
20214.294434	-87.676048
20219.677734	-84.471100
20225.061035	-80.362419
20230.444336	-77.711388
20235.827637	-78.190941
20241.210938	-81.218307
20246.594238	-84.496422
20251.977539	-80.229507
20257.360840	-75.992111
20262.744141	-74.813950
20268.127441	-76.415459
20273.510742	-80.269135
20278.894043	-79.748512
20284.277344	-75.081696
20289.660645	-74.330757
20295.043945	-77.003998
20300.427246	-80.843842
20305.810547	-82.722427
20311.193848	-77.808968
20316.577148	-77.874718
20321.960449	-80.915329
20327.343750	-88.619331
20332.727051	-89.205101
20338.110352	-86.847588
20343.493652	-92.885017
20348.876953	-90.012230
20354.260254	-81.690140
20359.643555	-77.094589
20365.026855	-75.413681
20370.410156	-77.640800
20375.793457	-78.968208
20381.176758	-76.737106
20386.560059	-75.134544
20391.943359	-73.214584
20397.326660	-74.449150
20402.709961	-76.231468
20408.093262	-73.682625
20413.476562	-72.074532
20418.859863	-71.269424
20424.243164	-70.943130
20429.626465	-71.553886
20435.009766	-71.948669
20440.393066	-69.434074
20445.776367	-68.788330
20451.159668	-68.465752
20456.542969	-68.214645
20461.926270	-68.746597
20467.309570	-67.247902
20472.692871	-66.036835
20478.076172	-65.955391
20483.459473	-66.516624
20488.842773	-67.236000
20494.226074	-67.440239
20499.609375	-66.419907
20504.992676	-66.269722
20510.375977	-67.529465
20515.759277	-68.796074
20521.142578	-69.894623
20526.525879	-68.344040
20531.909180	-67.393723
20537.292480	-68.584518
20542.675781	-70.944962
20548.059082	-70.979408
20553.442383	-70.360405
20558.825684	-69.079010
20564.208984	-68.577469
20569.592285	-74.331902
20574.975586	-79.491539
20580.358887	-75.710472
20585.742188	-75.916328
20591.125488	-75.111465
20596.508789	-85.603889
20601.892090	-72.403900
20607.275391	-69.116394
20612.658691	-70.401001
20618.041992	-74.271843
20623.425293	-75.674637
20628.808594	-73.100677
20634.191895	-72.086273
20639.575195	-73.621178
20644.958496	-77.302071
20650.341797	-76.916817
20655.725098	-76.570557
20661.108398	-75.672150
20666.491699	-75.718300
20671.875000	-80.007462
20677.258301	-78.515938
20682.641602	-77.102371
20688.024902	-76.841110
20693.408203	-75.692230
20698.791504	-77.133736
20704.174805	-78.462120
20709.558105	-75.983635
20714.941406	-76.064819
20720.324707	-78.954483
20725.708008	-80.276222
20731.091309	-81.213570
20736.474609	-80.572151
20741.857910	-80.813774
20747.241211	-84.826508
20752.624512	-85.268623
20758.007812	-83.590919
20763.391113	-83.928421
20768.774414	-91.207153
20774.157715	-87.351532
20779.541016	-81.651962
20784.924316	-82.034615
20790.307617	-81.238503
20795.690918	-83.518509
20801.074219	-81.082428
20806.457520	-78.029297
20811.840820	-79.202293
20817.224121	-81.831184
20822.607422	-82.998726
20827.990723	-81.845726
20833.374023	-78.864578
20838.757324	-78.734261
20844.140625	-83.084137
20849.523926	-83.550911
20854.907227	-82.350471
20860.290527	-81.941452
20865.673828	-79.942108
20871.057129	-81.117477
20876.440430	-83.551033
20881.823730	-82.088135
20887.207031	-82.022598
20892.590332	-83.694221
20897.973633	-83.935951
20903.356934	-87.272385
20908.740234	-91.900146
20914.123535	-89.368599
20919.506836	-93.596642
20924.890137	-95.902107
20930.273438	-105.368134
20935.656738	-95.532646
20941.040039	-91.968613
20946.423340	-90.509102
20951.806641	-92.058983
20957.189941	-95.385429
20962.573242	-91.863869
20967.956543	-86.530701
20973.339844	-87.125443
20978.723145	-91.036736
20984.106445	-88.188828
20989.489746	-86.840836
20994.873047	-86.368004
21000.256348	-83.463226
21005.639648	-83.633507
21011.022949	-84.295517
21016.406250	-80.515778
21021.789551	-81.738350
21027.172852	-84.976357
21032.556152	-81.864403
21037.939453	-82.357689
21043.322754	-81.176437
21048.706055	-79.319321
21054.089355	-79.842171
21059.472656	-79.354790
21064.855957	-77.776825
21070.239258	-78.831314
21075.622559	-78.980118
21081.005859	-78.114822
21086.389160	-78.038422
21091.772461	-75.303635
21097.155762	-75.821762
21102.539062	-76.560791
21107.922363	-74.509041
21113.305664	-75.380226
21118.688965	-74.344604
21124.072266	-72.143150
21129.455566	-74.034096
21134.838867	-74.259369
21140.222168	-71.312698
21145.605469	-73.331772
21150.988770	-71.773636
21156.372070	-70.274925
21161.755371	-74.897743
21167.138672	-73.188232
21172.521973	-70.432343
21177.905273	-72.047043
21183.288574	-70.712761
21188.671875	-70.767937
21194.055176	-74.305901
21199.438477	-70.632263
21204.821777	-69.914810
21210.205078	-71.952751
21215.588379	-72.403992
21220.971680	-73.735023
21226.354980	-72.962662
21231.738281	-71.662468
21237.121582	-72.915581
21242.504883	-74.326782
21247.888184	-73.908638
21253.271484	-72.801384
21258.654785	-70.710594
21264.038086	-71.345024
21269.421387	-73.191727
21274.804688	-71.184326
21280.187988	-70.851700
21285.571289	-69.700935
21290.954590	-68.052994
21296.337891	-70.325424
21301.721191	-69.802681
21307.104492	-67.107628
21312.487793	-68.013245
21317.871094	-67.240196
21323.254395	-67.088264
21328.637695	-69.795792
21334.020996	-67.736778
21339.404297	-66.843666
21344.787598	-68.812981
21350.170898	-69.850815
21355.554199	-71.330513
21360.937500	-71.819267
21366.320801	-71.257973
21371.704102	-72.861160
21377.087402	-74.670418
21382.470703	-75.863770
21387.854004	-75.353050
21393.237305	-74.814056
21398.620605	-76.238487
21404.003906	-76.888878
21409.387207	-75.712296
21414.770508	-75.423073
21420.153809	-74.461342
21425.537109	-73.889236
21430.920410	-75.545387
21436.303711	-74.992249
21441.687012	-74.080910
21447.070312	-75.156624
21452.453613	-74.346405
21457.836914	-74.732552
21463.220215	-76.209274
21468.603516	-75.467278
21473.986816	-75.487175
21479.370117	-76.713318
21484.753418	-76.405502
21490.136719	-76.235573
21495.520020	-78.072937
21500.903320	-78.871712
21506.286621	-78.687378
21511.669922	-78.189079
21517.053223	-78.406982
21522.436523	-80.339302
21527.819824	-82.195915
21533.203125	-80.674812
21538.586426	-79.056076
21543.969727	-80.660484
21549.353027	-84.021240
21554.736328	-84.617592
21560.119629	-80.874649
21565.502930	-78.658165
21570.886230	-80.286781
21576.269531	-84.428879
21581.652832	-85.983665
21587.036133	-81.257523
21592.419434	-78.129639
21597.802734	-76.095802
21603.186035	-76.560616
21608.569336	-78.547249
21613.952637	-76.971039
21619.335938	-74.649895
21624.719238	-73.308418
21630.102539	-72.145248
21635.485840	-73.291031
21640.869141	-75.405144
21646.252441	-75.459213
21651.635742	-76.329292
21657.019043	-76.311134
21662.402344	-79.623207
21667.785645	-87.814499
21673.168945	-92.291000
21678.552246	-82.758026
21683.935547	-81.160042
21689.318848	-82.261604
21694.702148	-80.748810
21700.085449	-77.571922
21705.468750	-74.456100
21710.852051	-74.107399
21716.235352	-76.056854
21721.618652	-77.202728
21727.001953	-75.133698
21732.385254	-73.578796
21737.768555	-73.591110
21743.151855	-73.318321
21748.535156	-73.861565
21753.918457	-72.586617
21759.301758	-70.250641
21764.685059	-71.708702
21770.068359	-74.605408
21775.451660	-74.398491
21780.834961	-76.716942
21786.218262	-73.933739
21791.601562	-75.998589
21796.984863	-81.367935
21802.368164	-75.835701
21807.751465	-74.505157
21813.134766	-69.419884
21818.518066	-68.809013
21823.901367	-70.032478
21829.284668	-68.535370
21834.667969	-67.815025
21840.051270	-69.632675
21845.434570	-71.882080
21850.817871	-75.013641
21856.201172	-75.342926
21861.584473	-73.838097
21866.967773	-77.000656
21872.351074	-80.354759
21877.734375	-78.015129
21883.117676	-78.712357
21888.500977	-80.206467
21893.884277	-82.740196
21899.267578	-84.257957
21904.650879	-81.938080
21910.034180	-82.835503
21915.417480	-84.106293
21920.800781	-86.027306
21926.184082	-86.044624
21931.567383	-83.892281
21936.950684	-83.591469
21942.333984	-81.763802
21947.717285	-83.315933
21953.100586	-83.973465
21958.483887	-81.430092
21963.867188	-82.090561
21969.250488	-82.607544
21974.633789	-82.978325
21980.017090	-83.161392
21985.400391	-85.452812
21990.783691	-81.923691
21996.166992	-81.159737
22001.550293	-82.897461
22006.933594	-84.022202
22012.316895	-83.520180
22017.700195	-82.332764
22023.083496	-80.472115
22028.466797	-80.250992
22033.850098	-81.442520
22039.233398	-81.899208
22044.616699	-80.783615
