Frequency (Hz)	Level (dB)
5.383301	-43.975113
10.766602	-39.547298
16.149902	-39.015533
21.533203	-39.353008
26.916504	-39.101257
32.299805	-38.595463
37.683105	-37.110123
43.066406	-36.830017
48.449707	-37.573223
53.833008	-36.069794
59.216309	-36.978893
64.599609	-36.905624
69.982910	-37.162933
75.366211	-38.025246
80.749512	-37.746342
86.132812	-38.171131
91.516113	-38.318089
96.899414	-39.397423
102.282715	-40.365280
107.666016	-39.214493
113.049316	-39.452553
118.432617	-40.079853
123.815918	-39.901600
129.199219	-40.758186
134.582520	-40.787483
139.965820	-41.047428
145.349121	-41.870834
150.732422	-41.876156
156.115723	-42.390388
161.499023	-42.833565
166.882324	-43.074368
172.265625	-43.997139
177.648926	-43.364857
183.032227	-44.129173
188.415527	-44.577168
193.798828	-44.396843
199.182129	-45.340633
204.565430	-44.891766
209.948730	-44.442490
215.332031	-45.339500
220.715332	-45.071178
226.098633	-46.808002
231.481934	-46.454590
236.865234	-46.236988
242.248535	-46.380226
247.631836	-44.647579
253.015137	-44.576649
258.398438	-44.750916
263.781738	-44.378345
269.165039	-45.041004
274.548340	-44.946270
279.931641	-45.967075
285.314941	-46.910866
290.698242	-46.652931
296.081543	-47.434361
301.464844	-47.429413
306.848145	-47.597717
312.231445	-49.343815
317.614746	-48.662258
322.998047	-50.575829
328.381348	-51.878548
333.764648	-51.550564
339.147949	-51.599483
344.531250	-48.817524
349.914551	-47.866413
355.297852	-49.780876
360.681152	-50.818748
366.064453	-51.795380
371.447754	-53.331116
376.831055	-54.333698
382.214355	-51.362808
387.597656	-49.869663
392.980957	-53.660156
398.364258	-56.972473
403.747559	-61.326279
409.130859	-63.360790
414.514160	-62.313820
419.897461	-62.595402
425.280762	-66.672966
430.664062	-61.136253
436.047363	-58.038723
441.430664	-60.832832
446.813965	-53.933762
452.197266	-54.271889
457.580566	-52.759808
462.963867	-50.401226
468.347168	-49.575714
473.730469	-48.769138
479.113770	-51.048527
484.497070	-52.575130
489.880371	-49.712006
495.263672	-47.717335
500.646973	-47.112339
506.030273	-45.566788
511.413574	-46.786594
516.796875	-47.589237
522.180176	-47.905300
527.563477	-47.157391
532.946777	-46.435257
538.330078	-46.860992
543.713379	-47.470543
549.096680	-51.358006
554.479980	-55.874363
559.863281	-58.880028
565.246582	-56.223621
570.629883	-48.506046
576.013184	-46.717651
581.396484	-44.448971
586.779785	-44.058323
592.163086	-45.103951
597.546387	-46.573044
602.929688	-47.435356
608.312988	-49.113701
613.696289	-45.310390
619.079590	-44.722004
624.462891	-44.588074
629.846191	-46.170376
635.229492	-48.982346
640.612793	-49.545277
645.996094	-48.500481
651.379395	-45.616745
656.762695	-43.702583
662.145996	-47.943893
667.529297	-45.043766
672.912598	-45.761990
678.295898	-45.351444
683.679199	-45.292290
689.062500	-46.559841
694.445801	-45.134918
699.829102	-45.221573
705.212402	-44.064686
710.595703	-43.570465
715.979004	-43.511345
721.362305	-42.607471
726.745605	-42.723900
732.128906	-42.041752
737.512207	-41.954731
742.895508	-42.210045
748.278809	-41.797680
753.662109	-42.437405
759.045410	-43.275894
764.428711	-43.075829
769.812012	-43.361252
775.195312	-43.634380
780.578613	-45.112007
785.961914	-45.671734
791.345215	-45.983425
796.728516	-47.091793
802.111816	-48.505779
807.495117	-48.693119
812.878418	-48.787167
818.261719	-50.049412
823.645020	-50.948944
829.028320	-50.676979
834.411621	-50.602211
839.794922	-51.642269
845.178223	-50.864403
850.561523	-53.925758
855.944824	-56.243362
861.328125	-54.519482
866.711426	-54.037464
872.094727	-54.426678
877.478027	-56.646076
882.861328	-53.975941
888.244629	-54.581944
893.627930	-54.813751
899.011230	-56.032925
904.394531	-55.179321
909.777832	-53.648132
915.161133	-53.337391
920.544434	-52.851059
925.927734	-52.972504
931.311035	-53.985592
936.694336	-54.075985
942.077637	-54.618443
947.460938	-54.328060
952.844238	-52.099899
958.227539	-52.842659
963.610840	-52.750717
968.994141	-53.149075
974.377441	-53.485546
979.760742	-52.561234
985.144043	-51.369690
990.527344	-51.378162
995.910645	-51.637878
1001.293945	-52.486126
1006.677246	-51.905373
1012.060547	-53.165092
1017.443848	-54.200352
1022.827148	-54.515903
1028.210449	-55.163269
1033.593750	-55.002220
1038.977051	-59.271835
1044.360352	-72.418198
1049.743652	-64.298172
1055.126953	-55.823765
1060.510254	-52.907188
1065.893555	-53.713711
1071.276855	-54.025284
1076.660156	-51.653366
1082.043457	-52.245075
1087.426758	-52.260925
1092.810059	-55.791740
1098.193359	-60.278893
1103.576660	-63.947742
1108.959961	-57.734188
1114.343262	-52.870289
1119.726562	-52.800972
1125.109863	-51.834526
1130.493164	-52.637035
1135.876465	-53.459972
1141.259766	-54.046867
1146.643066	-53.342579
1152.026367	-53.696987
1157.409668	-55.674015
1162.792969	-57.597458
1168.176270	-56.292572
1173.559570	-55.527363
1178.942871	-54.737019
1184.326172	-55.128094
1189.709473	-53.971916
1195.092773	-53.545628
1200.476074	-53.027863
1205.859375	-52.565079
1211.242676	-52.186642
1216.625977	-52.265400
1222.009277	-52.884483
1227.392578	-52.880928
1232.775879	-54.230938
1238.159180	-54.505779
1243.542480	-54.883888
1248.925781	-54.992275
1254.309082	-54.672703
1259.692383	-55.109005
1265.075684	-51.912186
1270.458984	-50.749126
1275.842285	-53.855007
1281.225586	-55.039577
1286.608887	-54.760082
1291.992188	-53.013523
1297.375488	-52.819283
1302.758789	-53.706688
1308.142090	-52.702442
1313.525391	-52.630032
1318.908691	-51.648823
1324.291992	-51.147175
1329.675293	-51.497284
1335.058594	-51.423832
1340.441895	-51.850613
1345.825195	-52.766087
1351.208496	-53.501980
1356.591797	-54.385471
1361.975098	-53.805084
1367.358398	-54.035057
1372.741699	-54.526188
1378.125000	-55.165703
1383.508301	-54.986782
1388.891602	-55.114929
1394.274902	-55.480476
1399.658203	-55.462345
1405.041504	-54.882298
1410.424805	-53.728752
1415.808105	-55.316132
1421.191406	-57.035275
1426.574707	-56.722797
1431.958008	-59.380825
1437.341309	-59.290535
1442.724609	-55.987617
1448.107910	-53.393391
1453.491211	-52.449432
1458.874512	-52.404289
1464.257812	-52.636612
1469.641113	-52.861893
1475.024414	-54.643444
1480.407715	-55.710060
1485.791016	-57.451801
1491.174316	-59.824169
1496.557617	-58.082474
1501.940918	-57.721302
1507.324219	-54.839748
1512.707520	-55.028358
1518.090820	-54.658791
1523.474121	-51.408169
1528.857422	-57.964199
1534.240723	-53.785374
1539.624023	-52.222485
1545.007324	-49.659172
1550.390625	-50.047928
1555.773926	-59.612190
1561.157227	-54.040527
1566.540527	-55.287102
1571.923828	-59.844006
1577.307129	-64.695488
1582.690430	-59.511650
1588.073730	-57.555798
1593.457031	-65.340790
1598.840332	-58.617020
1604.223633	-58.579521
1609.606934	-61.025211
1614.990234	-58.623329
1620.373535	-60.276020
1625.756836	-60.157864
1631.140137	-62.144867
1636.523438	-64.462730
1641.906738	-61.789127
1647.290039	-63.957161
1652.673340	-60.656265
1658.056641	-60.482712
1663.439941	-62.091690
1668.823242	-60.336487
1674.206543	-62.758064
1679.589844	-60.870659
1684.973145	-60.501293
1690.356445	-63.662968
1695.739746	-60.420509
1701.123047	-58.913998
1706.506348	-59.280590
1711.889648	-60.068577
1717.272949	-60.180897
1722.656250	-60.171589
1728.039551	-60.710590
1733.422852	-60.901566
1738.806152	-61.487446
1744.189453	-60.217007
1749.572754	-61.669254
1754.956055	-63.747974
1760.339355	-62.232265
1765.722656	-65.641319
1771.105957	-62.041000
1776.489258	-63.429794
1781.872559	-62.790627
1787.255859	-61.586140
1792.639160	-75.174202
1798.022461	-63.300728
1803.405762	-61.547287
1808.789062	-60.640251
1814.172363	-57.721027
1819.555664	-54.655643
1824.938965	-56.869125
1830.322266	-62.958492
1835.705566	-64.623283
1841.088867	-65.731689
1846.472168	-65.552925
1851.855469	-67.907036
1857.238770	-69.491135
1862.622070	-69.753746
1868.005371	-66.387283
1873.388672	-70.640190
1878.771973	-73.429672
1884.155273	-74.543999
1889.538574	-80.783333
1894.921875	-73.897430
1900.305176	-74.505318
1905.688477	-67.960396
1911.071777	-68.340759
1916.455078	-66.962021
1921.838379	-64.632133
1927.221680	-66.732460
1932.604980	-65.203026
1937.988281	-61.908630
1943.371582	-61.954258
1948.754883	-60.810833
1954.138184	-61.956375
1959.521484	-62.818417
1964.904785	-61.905792
1970.288086	-65.563179
1975.671387	-68.524185
1981.054688	-68.055923
1986.437988	-71.891289
1991.821289	-69.056892
1997.204590	-67.407722
2002.587891	-70.462883
2007.971191	-75.379723
2013.354492	-67.727814
2018.737793	-70.731468
2024.121094	-66.547394
2029.504395	-63.922485
2034.887695	-65.480560
2040.270996	-63.249691
2045.654297	-62.605820
2051.037598	-67.340454
2056.420898	-62.538700
2061.804199	-64.377388
2067.187500	-63.067528
2072.570801	-61.570850
2077.954102	-63.163643
2083.337402	-61.389286
2088.720703	-65.203491
2094.104004	-57.706409
2099.487305	-57.081886
2104.870605	-61.158417
2110.253906	-55.234348
2115.637207	-53.690815
2121.020508	-51.684010
2126.403809	-52.503525
2131.787109	-56.222397
2137.170410	-48.342617
2142.553711	-50.194542
2147.937012	-48.779522
2153.320312	-44.018898
2158.703613	-43.575020
2164.086914	-45.304016
2169.470215	-43.620102
2174.853516	-42.775448
2180.236816	-43.233349
2185.620117	-40.603466
2191.003418	-39.942173
2196.386719	-43.101692
2201.770020	-43.494682
2207.153320	-50.452801
2212.536621	-51.569603
2217.919922	-49.680656
2223.303223	-51.794460
2228.686523	-47.337837
2234.069824	-49.505287
2239.453125	-47.360458
2244.836426	-45.251389
2250.219727	-47.004673
2255.603027	-44.811176
2260.986328	-46.577118
2266.369629	-46.117901
2271.752930	-44.466457
2277.136230	-46.341286
2282.519531	-44.221764
2287.902832	-45.091606
2293.286133	-43.487507
2298.669434	-41.837570
2304.052734	-44.789562
2309.436035	-42.328629
2314.819336	-42.858784
2320.202637	-45.034813
2325.585938	-43.008434
2330.969238	-46.524773
2336.352539	-44.060226
2341.735840	-45.207394
2347.119141	-48.281273
2352.502441	-44.348434
2357.885742	-48.466934
2363.269043	-47.655663
2368.652344	-50.923550
2374.035645	-52.617210
2379.418945	-49.337498
2384.802246	-58.625965
2390.185547	-54.097878
2395.568848	-55.402500
2400.952148	-58.876095
2406.335449	-45.497585
2411.718750	-42.375328
2417.102051	-46.569328
2422.485352	-50.669037
2427.868652	-53.543758
2433.251953	-48.009251
2438.635254	-49.625607
2444.018555	-49.267365
2449.401855	-53.824436
2454.785156	-50.652454
2460.168457	-51.491093
2465.551758	-54.312504
2470.935059	-53.919315
2476.318359	-59.980103
2481.701660	-60.697598
2487.084961	-60.599312
2492.468262	-61.556995
2497.851562	-57.926186
2503.234863	-60.868366
2508.618164	-60.054550
2514.001465	-59.705112
2519.384766	-60.871918
2524.768066	-59.059708
2530.151367	-59.910648
2535.534668	-58.219612
2540.917969	-57.596134
2546.301270	-58.955017
2551.684570	-56.100128
2557.067871	-57.713234
2562.451172	-57.564980
2567.834473	-58.982635
2573.217773	-60.855095
2578.601074	-60.512081
2583.984375	-61.333580
2589.367676	-64.397133
2594.750977	-60.441643
2600.134277	-60.401173
2605.517578	-57.233715
2610.900879	-58.131031
2616.284180	-59.408627
2621.667480	-61.702118
2627.050781	-62.802811
2632.434082	-58.786465
2637.817383	-60.276154
2643.200684	-59.623020
2648.583984	-59.285744
2653.967285	-61.779919
2659.350586	-59.845173
2664.733887	-60.889236
2670.117188	-62.538830
2675.500488	-60.897625
2680.883789	-64.426903
2686.267090	-60.550877
2691.650391	-60.524746
2697.033691	-62.643768
2702.416992	-62.178776
2707.800293	-64.276924
2713.183594	-64.466896
2718.566895	-63.308598
2723.950195	-67.554672
2729.333496	-61.663605
2734.716797	-63.632999
2740.100098	-63.015965
2745.483398	-62.949005
2750.866699	-64.336586
2756.250000	-62.911144
2761.633301	-65.506783
2767.016602	-65.163467
2772.399902	-61.289017
2777.783203	-67.476593
2783.166504	-64.768745
2788.549805	-65.616135
2793.933105	-70.636658
2799.316406	-69.490860
2804.699707	-68.813972
2810.083008	-65.705017
2815.466309	-63.712376
2820.849609	-70.859169
2826.232910	-67.921806
2831.616211	-70.354248
2836.999512	-68.740845
2842.382812	-68.495331
2847.766113	-69.505669
2853.149414	-65.877129
2858.532715	-71.986504
2863.916016	-70.675842
2869.299316	-67.330109
2874.682617	-80.334747
2880.065918	-68.916496
2885.449219	-67.210060
2890.832520	-66.454185
2896.215820	-67.094688
2901.599121	-69.644272
2906.982422	-68.197968
2912.365723	-71.226799
2917.749023	-70.215202
2923.132324	-70.576553
2928.515625	-66.164940
2933.898926	-67.645760
2939.282227	-63.187958
2944.665527	-60.196262
2950.048828	-62.676014
2955.432129	-60.870777
2960.815430	-58.192539
2966.198730	-52.594028
2971.582031	-51.698135
2976.965332	-58.631409
2982.348633	-56.116421
2987.731934	-55.365417
2993.115234	-60.755627
2998.498535	-64.174080
3003.881836	-66.600891
3009.265137	-63.492813
3014.648438	-64.702324
3020.031738	-68.987740
3025.415039	-62.136547
3030.798340	-65.053452
3036.181641	-63.617870
3041.564941	-62.613430
3046.948242	-62.578331
3052.331543	-60.993591
3057.714844	-60.502865
3063.098145	-61.108322
3068.481445	-56.754898
3073.864746	-61.044559
3079.248047	-65.916512
3084.631348	-63.841068
3090.014648	-58.405083
3095.397949	-53.507595
3100.781250	-53.562176
3106.164551	-50.244415
3111.547852	-45.399181
3116.931152	-45.519791
3122.314453	-49.027267
3127.697754	-55.752682
3133.081055	-49.377071
3138.464355	-49.963951
3143.847656	-53.774902
3149.230957	-53.534775
3154.614258	-56.997849
3159.997559	-58.736897
3165.380859	-57.669769
3170.764160	-61.684868
3176.147461	-57.685532
3181.530762	-56.592014
3186.914062	-58.736794
3192.297363	-56.990181
3197.680664	-58.490532
3203.063965	-47.941498
3208.447266	-46.081543
3213.830566	-48.331779
3219.213867	-53.103893
3224.597168	-67.202637
3229.980469	-60.243023
3235.363770	-61.196392
3240.747070	-62.966171
3246.130371	-60.276760
3251.513672	-62.409496
3256.896973	-59.586399
3262.280273	-62.223129
3267.663574	-60.999336
3273.046875	-59.855164
3278.430176	-62.023193
3283.813477	-59.315136
3289.196777	-60.841923
3294.580078	-61.413429
3299.963379	-60.033939
3305.346680	-64.236374
3310.729980	-63.761108
3316.113281	-63.074379
3321.496582	-64.200821
3326.879883	-61.374153
3332.263184	-63.819248
3337.646484	-63.782581
3343.029785	-63.527164
3348.413086	-67.527130
3353.796387	-67.809624
3359.179688	-66.431625
3364.562988	-63.812729
3369.946289	-62.373924
3375.329590	-68.836494
3380.712891	-65.423668
3386.096191	-63.106564
3391.479492	-61.929287
3396.862793	-63.450298
3402.246094	-62.793976
3407.629395	-64.131401
3413.012695	-61.966000
3418.395996	-63.069027
3423.779297	-63.797428
3429.162598	-62.957134
3434.545898	-65.153214
3439.929199	-64.786423
3445.312500	-66.465439
3450.695801	-69.847542
3456.079102	-70.183823
3461.462402	-72.818443
3466.845703	-74.163582
3472.229004	-74.721260
3477.612305	-74.989006
3482.995605	-73.369293
3488.378906	-74.778656
3493.762207	-71.367523
3499.145508	-74.759834
3504.528809	-72.035683
3509.912109	-72.453003
3515.295410	-70.421219
3520.678711	-69.539307
3526.062012	-70.934410
3531.445312	-74.304893
3536.828613	-73.127769
3542.211914	-77.912163
3547.595215	-79.549065
3552.978516	-79.071480
3558.361816	-78.234337
3563.745117	-74.597488
3569.128418	-72.571312
3574.511719	-72.474327
3579.895020	-72.720436
3585.278320	-74.112801
3590.661621	-67.940727
3596.044922	-69.926849
3601.428223	-67.442818
3606.811523	-68.474350
3612.194824	-66.069374
3617.578125	-59.843597
3622.961426	-55.007008
3628.344727	-54.678303
3633.728027	-56.697567
3639.111328	-58.988472
3644.494629	-58.481773
3649.877930	-58.208237
3655.261230	-57.677082
3660.644531	-62.125031
3666.027832	-68.174271
3671.411133	-66.864769
3676.794434	-70.681412
3682.177734	-71.051247
3687.561035	-67.894592
3692.944336	-69.656776
3698.327637	-68.574142
3703.710938	-67.717468
3709.094238	-73.297455
3714.477539	-71.576218
3719.860840	-66.072220
3725.244141	-62.333618
3730.627441	-58.605606
3736.010742	-59.510899
3741.394043	-58.750195
3746.777344	-57.878151
3752.160645	-59.124702
3757.543945	-61.800846
3762.927246	-60.866119
3768.310547	-65.174683
3773.693848	-67.400475
3779.077148	-69.825485
3784.460449	-69.529121
3789.843750	-70.965622
3795.227051	-64.926926
3800.610352	-63.103001
3805.993652	-67.924995
3811.376953	-67.396904
3816.760254	-65.261848
3822.143555	-68.263901
3827.526855	-65.355942
3832.910156	-71.163254
3838.293457	-55.808010
3843.676758	-54.563747
3849.060059	-59.624321
3854.443359	-56.641613
3859.826660	-60.146664
3865.209961	-57.481201
3870.593262	-55.430973
3875.976562	-54.930733
3881.359863	-57.857880
3886.743164	-67.290070
3892.126465	-60.197769
3897.509766	-50.833775
3902.893066	-43.104706
3908.276367	-40.009514
3913.659668	-43.056686
3919.042969	-50.839718
3924.426270	-54.841908
3929.809570	-60.370140
3935.192871	-69.881126
3940.576172	-70.102829
3945.959473	-66.919220
3951.342773	-70.326172
3956.726074	-71.653191
3962.109375	-66.096367
3967.492676	-63.717178
3972.875977	-66.521515
3978.259277	-70.238861
3983.642578	-63.584694
3989.025879	-59.154530
3994.409180	-59.472130
3999.792480	-62.339703
4005.175781	-64.808067
4010.559082	-64.319878
4015.942383	-66.609108
4021.325684	-62.768162
4026.708984	-67.165161
4032.092285	-70.542320
4037.475586	-70.468819
4042.858887	-77.102219
4048.242188	-71.569901
4053.625488	-73.185257
4059.008789	-69.146484
4064.392090	-69.303856
4069.775391	-68.368187
4075.158691	-66.009872
4080.541992	-67.261940
4085.925293	-64.765236
4091.308594	-67.692986
4096.691895	-60.905258
4102.075195	-61.272999
4107.458496	-67.513702
4112.841797	-59.258614
4118.225098	-63.009060
4123.608398	-58.277378
4128.991699	-59.392841
4134.375000	-59.289967
4139.758301	-55.008659
4145.141602	-61.252010
4150.524902	-52.076302
4155.908203	-52.349491
4161.291504	-53.605640
4166.674805	-49.936104
4172.058105	-55.344486
4177.441406	-48.906212
4182.824707	-50.121506
4188.208008	-51.704479
4193.591309	-45.171379
4198.974609	-50.482269
4204.357910	-43.653309
4209.741211	-40.112705
4215.124512	-33.981731
4220.507812	-36.454899
4225.891113	-41.990391
4231.274414	-44.192516
4236.657715	-43.296967
4242.041016	-39.179893
4247.424316	-37.731880
4252.807617	-32.773781
4258.190918	-29.272728
4263.574219	-31.316875
4268.957520	-36.379433
4274.340820	-39.549412
4279.724121	-42.714893
4285.107422	-42.304295
4290.490723	-45.972275
4295.874023	-47.958672
4301.257324	-46.917477
4306.640625	-51.248116
4312.023926	-49.578655
4317.407227	-53.553768
4322.790527	-55.291920
4328.173828	-53.469631
4333.557129	-54.879562
4338.940430	-51.562126
4344.323730	-54.441589
4349.707031	-56.805122
4355.090332	-56.690853
4360.473633	-58.461700
4365.856934	-54.627819
4371.240234	-54.955864
4376.623535	-54.556717
4382.006836	-53.823524
4387.390137	-60.459309
4392.773438	-57.033005
4398.156738	-62.443523
4403.540039	-58.140697
4408.923340	-56.928978
4414.306641	-63.239887
4419.689941	-59.038425
4425.073242	-61.084270
4430.456543	-57.106323
4435.839844	-59.520477
4441.223145	-61.588943
4446.606445	-58.612362
4451.989746	-59.843838
4457.373047	-62.104572
4462.756348	-58.716496
4468.139648	-62.214844
4473.522949	-58.517895
4478.906250	-61.683285
4484.289551	-60.515446
4489.672852	-62.511322
4495.056152	-63.869476
4500.439453	-60.097195
4505.822754	-63.766724
4511.206055	-57.866447
4516.589355	-56.024193
4521.972656	-52.205879
4527.355957	-50.750889
4532.739258	-51.458138
4538.122559	-52.207573
4543.505859	-54.717693
4548.889160	-55.153839
4554.272461	-53.361549
4559.655762	-57.578602
4565.039062	-54.470352
4570.422363	-56.879810
4575.805664	-54.257202
4581.188965	-53.250816
4586.572266	-53.489815
4591.955566	-53.320023
4597.338867	-54.873550
4602.722168	-53.956982
4608.105469	-53.436047
4613.488770	-52.710842
4618.872070	-50.643501
4624.255371	-50.336800
4629.638672	-49.685585
4635.021973	-51.234272
4640.405273	-55.128754
4645.788574	-57.412239
4651.171875	-57.857681
4656.555176	-59.988712
4661.938477	-61.205109
4667.321777	-65.982918
4672.705078	-66.205826
4678.088379	-64.091248
4683.471680	-65.441498
4688.854980	-67.400558
4694.238281	-60.404327
4699.621582	-56.980118
4705.004883	-57.656883
4710.388184	-57.928410
4715.771484	-57.570721
4721.154785	-59.685345
4726.538086	-56.637909
4731.921387	-59.582188
4737.304688	-57.436924
4742.687988	-55.249382
4748.071289	-51.986931
4753.454590	-50.076164
4758.837891	-47.303120
4764.221191	-48.612228
4769.604492	-47.932755
4774.987793	-43.787148
4780.371094	-43.402317
4785.754395	-44.992744
4791.137695	-45.956215
4796.520996	-42.349964
4801.904297	-43.948586
4807.287598	-37.513126
4812.670898	-34.463673
4818.054199	-32.165791
4823.437500	-29.887671
4828.820801	-28.681932
4834.204102	-29.301512
4839.587402	-28.359983
4844.970703	-28.927544
4850.354004	-29.704210
4855.737305	-33.811417
4861.120605	-36.454914
4866.503906	-33.805660
4871.887207	-31.139902
4877.270508	-34.491631
4882.653809	-39.816456
4888.037109	-44.215057
4893.420410	-45.344982
4898.803711	-45.955513
4904.187012	-49.205193
4909.570312	-48.315262
4914.953613	-48.688171
4920.336914	-50.368671
4925.720215	-47.440449
4931.103516	-47.211739
4936.486816	-46.400272
4941.870117	-47.899731
4947.253418	-47.632011
4952.636719	-45.989223
4958.020020	-48.617603
4963.403320	-51.097591
4968.786621	-52.812016
4974.169922	-58.328724
4979.553223	-56.207493
4984.936523	-58.489437
4990.319824	-58.145630
4995.703125	-65.042351
5001.086426	-65.249100
5006.469727	-63.346504
5011.853027	-63.595692
5017.236328	-60.518921
5022.619629	-63.013016
5028.002930	-62.998039
5033.386230	-63.799568
5038.769531	-64.010643
5044.152832	-62.577198
5049.536133	-65.714256
5054.919434	-67.491318
5060.302734	-62.762260
5065.686035	-66.935875
5071.069336	-64.212234
5076.452637	-66.362961
5081.835938	-68.738670
5087.219238	-69.902328
5092.602539	-64.895775
5097.985840	-67.563400
5103.369141	-68.025154
5108.752441	-63.323353
5114.135742	-58.951271
5119.519043	-61.159454
5124.902344	-61.444237
5130.285645	-60.903111
5135.668945	-62.572140
5141.052246	-58.136147
5146.435547	-56.863609
5151.818848	-58.413517
5157.202148	-56.756336
5162.585449	-58.075970
5167.968750	-58.051876
5173.352051	-55.528194
5178.735352	-59.457920
5184.118652	-58.125095
5189.501953	-56.904007
5194.885254	-59.903484
5200.268555	-56.659256
5205.651855	-57.431561
5211.035156	-52.391705
5216.418457	-53.918686
5221.801758	-58.870541
5227.185059	-56.834103
5232.568359	-59.148167
5237.951660	-59.155411
5243.334961	-51.594414
5248.718262	-50.900230
5254.101562	-53.010468
5259.484863	-62.793003
5264.868164	-53.829811
5270.251465	-52.016453
5275.634766	-48.919598
5281.018066	-47.295677
5286.401367	-51.063660
5291.784668	-46.306053
5297.167969	-49.566498
5302.551270	-48.480930
5307.934570	-44.942982
5313.317871	-47.616066
5318.701172	-42.197929
5324.084473	-44.047256
5329.467773	-37.058510
5334.851074	-33.537434
5340.234375	-29.357710
5345.617676	-26.381672
5351.000977	-29.897203
5356.384277	-35.620625
5361.767578	-34.091850
5367.150879	-32.043159
5372.534180	-30.480549
5377.917480	-31.775414
5383.300781	-33.209164
5388.684082	-35.326523
5394.067383	-38.449814
5399.450684	-37.974903
5404.833984	-40.462051
5410.217285	-40.068123
5415.600586	-41.043808
5420.983887	-47.469608
5426.367188	-42.786678
5431.750488	-43.543800
5437.133789	-41.655231
5442.517090	-41.670586
5447.900391	-43.585220
5453.283691	-42.013977
5458.666992	-42.852230
5464.050293	-42.804153
5469.433594	-42.487877
5474.816895	-43.090240
5480.200195	-43.009190
5485.583496	-43.479191
5490.966797	-43.302528
5496.350098	-43.010838
5501.733398	-42.333050
5507.116699	-42.211578
5512.500000	-41.494747
5517.883301	-41.274426
5523.266602	-40.178440
5528.649902	-39.837086
5534.033203	-39.193832
5539.416504	-37.669556
5544.799805	-38.371704
5550.183105	-35.543190
5555.566406	-34.502514
5560.949707	-35.260124
5566.333008	-34.084820
5571.716309	-34.877129
5577.099609	-33.959255
5582.482910	-32.924404
5587.866211	-33.451603
5593.249512	-32.281181
5598.632812	-33.723442
5604.016113	-34.365822
5609.399414	-34.366177
5614.782715	-35.252041
5620.166016	-35.658970
5625.549316	-36.807713
5630.932617	-37.250885
5636.315918	-36.033443
5641.699219	-36.379124
5647.082520	-36.714905
5652.465820	-38.705086
5657.849121	-39.444683
5663.232422	-39.376530
5668.615723	-42.157085
5673.999023	-43.543236
5679.382324	-42.873775
5684.765625	-45.140438
5690.148926	-45.852940
5695.532227	-45.646465
5700.915527	-46.321037
5706.298828	-43.660648
5711.682129	-42.949802
5717.065430	-40.287228
5722.448730	-38.994785
5727.832031	-36.459797
5733.215332	-34.119217
5738.598633	-38.862240
5743.981934	-46.571918
5749.365234	-48.972569
5754.748535	-56.470078
5760.131836	-60.152344
5765.515137	-55.202881
5770.898438	-58.600010
5776.281738	-59.671478
5781.665039	-53.958637
5787.048340	-57.211372
5792.431641	-56.790230
5797.814941	-55.535122
5803.198242	-58.428497
5808.581543	-53.798485
5813.964844	-56.443531
5819.348145	-56.252087
5824.731445	-53.620705
5830.114746	-54.511528
5835.498047	-52.088211
5840.881348	-51.363075
5846.264648	-51.546833
5851.647949	-51.120754
5857.031250	-52.036785
5862.414551	-52.863491
5867.797852	-51.897594
5873.181152	-54.223511
5878.564453	-52.215588
5883.947754	-44.245506
5889.331055	-42.386284
5894.714355	-46.924465
5900.097656	-51.584534
5905.480957	-52.848251
5910.864258	-53.757240
5916.247559	-54.104301
5921.630859	-53.407467
5927.014160	-54.879108
5932.397461	-54.016895
5937.780762	-53.189434
5943.164062	-48.426785
5948.547363	-48.208572
5953.930664	-52.096859
5959.313965	-53.371445
5964.697266	-53.814919
5970.080566	-52.260654
5975.463867	-55.565754
5980.847168	-64.111206
5986.230469	-58.954708
5991.613770	-52.574821
5996.997070	-49.496838
6002.380371	-51.886215
6007.763672	-53.256840
6013.146973	-50.809391
6018.530273	-50.879105
6023.913574	-50.076714
6029.296875	-48.532246
6034.680176	-50.018921
6040.063477	-50.266846
6045.446777	-52.107597
6050.830078	-53.579445
6056.213379	-52.566055
6061.596680	-54.846500
6066.979980	-51.469303
6072.363281	-53.051678
6077.746582	-55.717400
6083.129883	-55.714165
6088.513184	-56.935997
6093.896484	-57.658920
6099.279785	-58.217121
6104.663086	-62.248688
6110.046387	-67.691261
6115.429688	-65.322701
6120.812988	-59.643181
6126.196289	-60.608406
6131.579590	-62.822639
6136.962891	-59.904404
6142.346191	-62.364723
6147.729492	-58.987381
6153.112793	-59.323261
6158.496094	-59.167664
6163.879395	-57.243107
6169.262695	-58.242233
6174.645996	-57.069576
6180.029297	-58.499660
6185.412598	-62.040173
6190.795898	-58.655930
6196.179199	-59.542156
6201.562500	-59.825867
6206.945801	-61.184151
6212.329102	-60.954102
6217.712402	-60.414497
6223.095703	-63.429943
6228.479004	-64.355782
6233.862305	-66.781303
6239.245605	-67.264946
6244.628906	-68.714355
6250.012207	-63.827969
6255.395508	-63.093346
6260.778809	-60.849651
6266.162109	-62.680553
6271.545410	-62.550201
6276.928711	-63.800232
6282.312012	-68.362923
6287.695312	-71.385857
6293.078613	-69.022011
6298.461914	-67.212784
6303.845215	-65.300346
6309.228516	-64.005692
6314.611816	-61.544266
6319.995117	-62.810993
6325.378418	-62.473087
6330.761719	-68.004951
6336.145020	-63.720482
6341.528320	-57.803780
6346.911621	-54.801163
6352.294922	-54.918747
6357.678223	-57.124943
6363.061523	-58.455509
6368.444824	-61.662437
6373.828125	-59.491463
6379.211426	-60.875568
6384.594727	-60.514980
6389.978027	-57.820637
6395.361328	-61.729141
6400.744629	-59.319431
6406.127930	-59.574944
6411.511230	-65.813232
6416.894531	-63.052002
6422.277832	-63.581707
6427.661133	-59.229069
6433.044434	-61.015419
6438.427734	-62.204388
6443.811035	-58.257816
6449.194336	-59.771812
6454.577637	-56.984207
6459.960938	-60.200199
6465.344238	-58.422985
6470.727539	-58.375248
6476.110840	-60.984131
6481.494141	-55.471985
6486.877441	-56.431328
6492.260742	-56.215500
6497.644043	-56.892353
6503.027344	-58.066174
6508.410645	-54.144005
6513.793945	-56.547497
6519.177246	-52.585049
6524.560547	-50.969276
6529.943848	-51.484158
6535.327148	-46.251671
6540.710449	-48.982079
6546.093750	-45.182938
6551.477051	-45.284882
6556.860352	-45.136650
6562.243652	-41.970264
6567.626953	-44.812199
6573.010254	-42.101391
6578.393555	-44.383595
6583.776855	-45.518913
6589.160156	-43.404606
6594.543457	-47.121788
6599.926758	-44.318420
6605.310059	-47.202946
6610.693359	-47.444744
6616.076660	-46.675503
6621.459961	-50.929817
6626.843262	-48.316387
6632.226562	-52.662819
6637.609863	-52.478554
6642.993164	-55.585213
6648.376465	-55.583012
6653.759766	-53.689941
6659.143066	-54.805698
6664.526367	-55.000763
6669.909668	-57.028072
6675.292969	-55.070038
6680.676270	-55.351643
6686.059570	-54.897358
6691.442871	-57.884106
6696.826172	-56.341862
6702.209473	-56.892773
6707.592773	-56.706631
6712.976074	-54.702236
6718.359375	-56.121414
6723.742676	-54.445881
6729.125977	-57.025551
6734.509277	-54.276772
6739.892578	-54.067791
6745.275879	-55.051945
6750.659180	-52.966194
6756.042480	-53.191456
6761.425781	-52.171494
6766.809082	-51.615772
6772.192383	-51.576817
6777.575684	-48.591415
6782.958984	-44.854252
6788.342285	-43.694153
6793.725586	-46.722923
6799.108887	-52.268974
6804.492188	-51.404053
6809.875488	-55.477676
6815.258789	-56.722183
6820.642090	-59.183357
6826.025391	-63.095608
6831.408691	-62.949692
6836.791992	-65.656174
6842.175293	-62.855209
6847.558594	-59.735062
6852.941895	-60.878990
6858.325195	-62.173653
6863.708496	-62.315933
6869.091797	-57.288876
6874.475098	-57.850998
6879.858398	-57.304165
6885.241699	-56.837254
6890.625000	-55.865410
6896.008301	-49.609341
6901.391602	-50.065594
6906.774902	-52.042381
6912.158203	-57.112232
6917.541504	-59.178875
6922.924805	-61.077427
6928.308105	-64.170296
6933.691406	-69.242836
6939.074707	-71.817574
6944.458008	-68.936676
6949.841309	-63.475643
6955.224609	-60.598099
6960.607910	-61.233021
6965.991211	-63.385277
6971.374512	-69.686615
6976.757812	-71.137871
6982.141113	-74.300316
6987.524414	-74.619118
6992.907715	-66.631073
6998.291016	-62.406975
7003.674316	-64.626678
7009.057617	-61.448467
7014.440918	-61.038975
7019.824219	-60.068832
7025.207520	-56.303513
7030.590820	-59.659134
7035.974121	-52.593193
7041.357422	-51.020725
7046.740723	-50.051479
7052.124023	-49.972927
7057.507324	-53.541351
7062.890625	-53.321964
7068.273926	-55.914032
7073.657227	-58.456902
7079.040527	-60.332420
7084.423828	-63.295860
7089.807129	-57.479752
7095.190430	-60.691208
7100.573730	-58.952660
7105.957031	-60.606354
7111.340332	-64.798874
7116.723633	-65.517570
7122.106934	-69.906433
7127.490234	-74.299179
7132.873535	-71.165184
7138.256836	-70.881065
7143.640137	-74.205154
7149.023438	-76.351295
7154.406738	-78.065529
7159.790039	-69.750290
7165.173340	-73.504890
7170.556641	-70.430847
7175.939941	-71.311417
7181.323242	-72.585236
7186.706543	-69.638100
7192.089844	-73.832115
7197.473145	-69.075073
7202.856445	-68.894104
7208.239746	-67.731407
7213.623047	-68.806747
7219.006348	-69.609886
7224.389648	-65.029785
7229.772949	-66.644714
7235.156250	-65.064301
7240.539551	-68.669098
7245.922852	-67.035530
7251.306152	-65.533318
7256.689453	-69.446297
7262.072754	-64.095161
7267.456055	-67.271164
7272.839355	-66.924179
7278.222656	-65.158348
7283.605957	-65.445839
7288.989258	-62.965851
7294.372559	-67.993622
7299.755859	-64.332405
7305.139160	-64.754860
7310.522461	-68.494621
7315.905762	-67.091194
7321.289062	-73.526688
7326.672363	-71.515656
7332.055664	-71.952003
7337.438965	-75.189682
7342.822266	-69.742020
7348.205566	-66.807304
7353.588867	-70.754562
7358.972168	-71.355125
7364.355469	-67.118858
7369.738770	-72.036598
7375.122070	-74.919708
7380.505371	-77.145638
7385.888672	-78.601189
7391.271973	-73.465607
7396.655273	-77.511734
7402.038574	-73.879868
7407.421875	-76.630653
7412.805176	-77.359604
7418.188477	-76.461838
7423.571777	-79.451477
7428.955078	-72.573929
7434.338379	-73.739227
7439.721680	-71.823654
7445.104980	-71.149689
7450.488281	-70.445053
7455.871582	-71.255730
7461.254883	-70.185936
7466.638184	-72.748398
7472.021484	-71.736153
7477.404785	-76.689690
7482.788086	-76.434448
7488.171387	-74.960220
7493.554688	-75.751961
7498.937988	-71.752403
7504.321289	-73.943100
7509.704590	-73.333954
7515.087891	-75.818344
7520.471191	-79.315552
7525.854492	-77.555389
7531.237793	-77.131729
7536.621094	-76.413750
7542.004395	-75.793327
7547.387695	-80.164101
7552.770996	-80.721809
7558.154297	-83.027199
7563.537598	-77.287804
7568.920898	-76.398376
7574.304199	-76.730453
7579.687500	-73.429420
7585.070801	-77.448868
7590.454102	-73.322723
7595.837402	-73.739853
7601.220703	-75.177803
7606.604004	-73.126572
7611.987305	-73.787498
7617.370605	-70.350693
7622.753906	-74.778557
7628.137207	-73.861099
7633.520508	-72.248024
7638.903809	-71.798790
7644.287109	-70.933632
7649.670410	-70.841690
7655.053711	-74.187531
7660.437012	-73.436333
7665.820312	-75.299873
7671.203613	-75.141670
7676.586914	-73.459503
7681.970215	-78.486000
7687.353516	-73.958359
7692.736816	-76.474380
7698.120117	-72.478928
7703.503418	-71.520203
7708.886719	-73.052521
7714.270020	-71.904457
7719.653320	-71.855865
7725.036621	-72.504257
7730.419922	-69.969444
7735.803223	-74.407570
7741.186523	-70.198868
7746.569824	-71.433327
7751.953125	-73.821915
7757.336426	-70.314682
7762.719727	-72.829422
7768.103027	-73.058319
7773.486328	-70.726776
7778.869629	-75.726654
7784.252930	-72.645195
7789.636230	-73.757256
7795.019531	-73.202522
7800.402832	-72.179688
7805.786133	-75.431702
7811.169434	-72.271790
7816.552734	-70.097450
7821.936035	-72.056755
7827.319336	-69.592773
7832.702637	-71.299675
7838.085938	-72.557220
7843.469238	-66.053955
7848.852539	-67.019569
7854.235840	-66.737473
7859.619141	-62.971951
7865.002441	-62.572922
7870.385742	-61.800335
7875.769043	-61.002682
7881.152344	-62.452877
7886.535645	-66.081764
7891.918945	-61.459850
7897.302246	-64.801285
7902.685547	-64.150955
7908.068848	-61.433842
7913.452148	-65.428902
7918.835449	-62.954704
7924.218750	-61.489098
7929.602051	-66.711845
7934.985352	-65.113098
7940.368652	-66.182159
7945.751953	-71.578331
7951.135254	-68.879387
7956.518555	-74.793571
7961.901855	-72.258224
7967.285156	-72.804207
7972.668457	-75.566284
7978.051758	-72.829193
7983.435059	-78.480255
7988.818359	-78.427773
7994.201660	-79.881027
7999.584961	-79.854271
8004.968262	-79.551582
8010.351562	-77.892151
8015.734863	-76.698906
8021.118164	-81.968422
8026.501465	-80.184227
8031.884766	-78.484116
8037.268066	-84.117744
8042.651367	-76.864441
8048.034668	-80.044662
8053.417969	-74.835075
8058.801270	-72.601715
8064.184570	-74.528770
8069.567871	-72.094749
8074.951172	-73.940399
8080.334473	-76.104866
8085.717773	-73.322800
8091.101074	-77.030899
8096.484375	-72.946136
8101.867676	-74.888725
8107.250977	-75.662521
8112.634277	-73.492401
8118.017578	-76.802238
8123.400879	-73.910934
8128.784180	-74.570938
8134.167480	-79.510414
8139.550781	-76.262604
8144.934082	-80.817398
8150.317383	-77.458427
8155.700684	-78.068268
8161.083984	-78.357903
8166.467285	-73.179733
8171.850586	-72.561050
8177.233887	-74.830040
8182.617188	-74.565704
8188.000488	-74.174232
8193.383789	-79.871635
8198.767090	-78.470680
8204.150391	-75.742165
8209.533691	-78.285980
8214.916992	-74.177521
8220.300293	-74.584595
8225.683594	-73.091866
8231.066895	-72.246552
8236.450195	-75.782784
8241.833496	-71.846184
8247.216797	-71.394539
8252.600098	-72.508568
8257.983398	-70.202629
8263.366699	-73.903915
8268.750000	-68.831635
8274.133301	-68.552414
8279.516602	-70.226097
8284.899902	-69.551247
8290.283203	-72.293388
8295.666504	-70.063293
8301.049805	-72.346497
8306.433105	-74.266052
8311.816406	-72.997711
8317.199707	-77.038597
8322.583008	-75.330048
8327.966309	-77.971817
8333.349609	-77.326241
8338.732910	-77.543518
8344.116211	-80.141090
8349.499512	-78.654099
8354.882812	-78.515640
8360.266113	-82.024330
8365.649414	-78.240982
8371.032715	-83.488228
8376.416016	-78.593300
8381.799316	-80.279640
8387.182617	-80.130516
8392.565918	-77.594063
8397.949219	-81.672287
8403.332520	-73.719826
8408.715820	-74.589905
8414.099121	-69.515213
8419.482422	-67.725388
8424.865723	-68.558708
8430.249023	-67.207001
8435.632324	-71.075287
8441.015625	-74.355637
8446.398926	-79.029633
8451.782227	-80.233139
8457.165527	-76.152962
8462.548828	-78.523232
8467.932129	-79.189056
8473.315430	-80.231155
8478.698730	-84.895454
8484.082031	-94.115013
8489.465332	-86.643539
8494.848633	-84.105698
8500.231934	-84.114960
8505.615234	-80.685226
8510.998535	-77.285309
8516.381836	-75.799858
8521.765137	-74.276016
8527.148438	-76.920998
8532.531738	-77.178383
8537.915039	-78.848724
8543.298340	-78.136383
8548.681641	-79.563080
8554.064941	-81.513649
8559.448242	-84.584099
8564.831543	-82.386002
8570.214844	-81.626457
8575.598145	-80.490875
8580.981445	-79.905846
8586.364746	-79.029427
8591.748047	-80.114243
8597.131348	-79.608704
8602.514648	-81.559967
8607.897949	-80.020271
8613.281250	-78.682777
8618.664551	-76.812027
8624.047852	-73.463379
8629.431152	-72.577499
8634.814453	-71.762543
8640.197754	-74.206497
8645.581055	-81.155594
8650.964355	-84.856041
8656.347656	-88.919312
8661.730957	-85.314552
8667.114258	-84.670830
8672.497559	-82.588280
8677.880859	-82.294106
8683.264160	-85.432327
8688.647461	-83.694862
8694.030762	-84.350250
8699.414062	-89.557259
8704.797363	-87.044212
8710.180664	-87.439911
8715.563965	-81.862755
8720.947266	-82.172165
8726.330566	-80.814362
8731.713867	-78.793854
8737.097168	-80.163315
8742.480469	-79.458351
8747.863770	-81.430763
8753.247070	-88.832756
8758.630371	-89.656174
8764.013672	-81.976868
8769.396973	-81.530922
8774.780273	-83.084656
8780.163574	-85.354645
8785.546875	-86.034401
8790.930176	-85.557571
8796.313477	-85.614494
8801.696777	-87.555038
8807.080078	-87.409813
8812.463379	-93.732155
8817.846680	-90.619217
8823.229980	-93.110001
8828.613281	-86.919121
8833.996582	-84.327499
8839.379883	-86.639946
8844.763184	-85.620995
8850.146484	-86.005028
8855.529785	-84.695557
8860.913086	-82.657730
8866.296387	-84.535118
8871.679688	-82.059059
8877.062988	-81.290634
8882.446289	-82.797783
8887.829590	-82.246750
8893.212891	-83.078880
8898.596191	-82.131760
8903.979492	-82.159378
8909.362793	-82.641922
8914.746094	-81.935310
8920.129395	-82.056816
8925.512695	-82.211685
8930.895996	-82.835052
8936.279297	-82.556877
8941.662598	-83.223503
8947.045898	-83.584496
8952.429199	-84.198418
8957.812500	-86.949425
8963.195801	-85.687401
8968.579102	-85.000343
8973.962402	-82.795555
8979.345703	-84.250221
8984.729004	-82.658882
8990.112305	-82.757195
8995.495605	-86.512421
9000.878906	-86.676239
9006.262207	-85.950920
9011.645508	-83.831276
9017.028809	-82.722336
9022.412109	-86.032532
9027.795410	-82.160225
9033.178711	-85.021782
9038.562012	-85.571526
9043.945312	-89.495277
9049.328613	-82.392342
9054.711914	-80.528893
9060.095215	-78.322739
9065.478516	-72.908531
9070.861816	-72.157227
9076.245117	-69.392418
9081.628418	-68.559174
9087.011719	-68.259964
9092.395020	-67.896362
9097.778320	-67.904900
9103.161621	-69.776093
9108.544922	-70.735291
9113.928223	-74.357307
9119.311523	-76.149734
9124.694824	-74.136612
9130.078125	-76.129562
9135.461426	-77.855011
9140.844727	-76.966255
9146.228027	-73.953209
9151.611328	-74.640556
9156.994629	-75.514084
9162.377930	-79.346687
9167.761230	-78.933502
9173.144531	-82.678879
9178.527832	-82.206635
9183.911133	-83.461487
9189.294434	-87.274742
9194.677734	-83.572929
9200.061035	-89.988045
9205.444336	-87.316887
9210.827637	-85.236481
9216.210938	-86.096741
9221.594238	-85.214729
9226.977539	-88.042046
9232.360840	-90.249954
9237.744141	-93.336189
9243.127441	-92.055916
9248.510742	-84.819817
9253.894043	-82.826225
9259.277344	-82.691330
9264.660645	-83.979294
9270.043945	-82.297874
9275.427246	-81.224007
9280.810547	-81.633705
9286.193848	-84.725548
9291.577148	-88.018417
9296.960449	-87.388985
9302.343750	-87.004021
9307.727051	-85.574387
9313.110352	-84.741974
9318.493652	-84.337967
9323.876953	-84.303520
9329.260254	-81.897202
9334.643555	-82.002373
9340.026855	-81.465935
9345.410156	-81.169891
9350.793457	-82.486130
9356.176758	-80.852379
9361.560059	-80.895561
9366.943359	-80.709122
9372.326660	-80.780151
9377.709961	-83.136642
9383.093262	-83.288727
9388.476562	-81.506470
9393.859863	-81.523132
9399.243164	-79.631065
9404.626465	-81.167824
9410.009766	-80.313927
9415.393066	-80.595222
9420.776367	-82.656288
9426.159668	-80.035126
9431.542969	-82.408119
9436.926270	-81.918243
9442.309570	-83.188118
9447.692871	-85.420235
9453.076172	-86.950691
9458.459473	-91.850433
9463.842773	-92.357956
9469.226074	-89.367096
9474.609375	-86.725739
9479.992676	-87.840263
9485.375977	-92.712921
9490.759277	-97.807251
9496.142578	-89.522362
9501.525879	-89.536201
9506.909180	-85.363754
9512.292480	-85.219940
9517.675781	-86.003716
9523.059082	-81.836395
9528.442383	-83.228943
9533.825684	-81.241486
9539.208984	-79.723274
9544.592285	-81.687256
9549.975586	-77.287834
9555.358887	-78.345352
9560.742188	-75.306297
9566.125488	-78.600670
9571.508789	-76.233688
9576.892090	-75.326698
9582.275391	-74.314629
9587.658691	-71.836105
9593.041992	-70.315277
9598.425293	-70.117348
9603.808594	-68.638809
9609.191895	-71.592911
9614.575195	-76.937134
9619.958496	-79.093529
9625.341797	-75.095543
9630.725098	-71.667046
9636.108398	-72.659531
9641.491699	-72.880539
9646.875000	-74.575638
9652.258301	-77.790848
9657.641602	-76.013107
9663.024902	-71.966537
9668.408203	-68.063393
9673.791504	-67.841927
9679.174805	-66.224815
9684.558105	-66.629013
9689.941406	-70.236076
9695.324707	-69.598450
9700.708008	-70.776909
9706.091309	-69.756783
9711.474609	-68.585854
9716.857910	-69.106110
9722.241211	-70.090454
9727.624512	-72.797569
9733.007812	-73.821800
9738.391113	-73.007446
9743.774414	-73.593689
9749.157715	-74.015083
9754.541016	-74.399681
9759.924316	-73.904732
9765.307617	-73.280281
9770.690918	-72.530609
9776.074219	-72.014137
9781.457520	-71.193962
9786.840820	-71.251144
9792.224121	-70.628265
9797.607422	-70.318695
9802.990723	-70.979324
9808.374023	-69.931664
9813.757324	-69.654015
9819.140625	-69.164742
9824.523926	-68.673721
9829.907227	-68.784050
9835.290527	-68.386162
9840.673828	-68.245094
9846.057129	-68.231514
9851.440430	-67.795815
9856.823730	-68.443977
9862.207031	-68.493530
9867.590332	-69.292625
9872.973633	-69.935745
9878.356934	-70.804306
9883.740234	-71.529022
9889.123535	-71.576187
9894.506836	-71.679153
9899.890137	-71.367203
9905.273438	-72.100609
9910.656738	-73.442848
9916.040039	-73.813599
9921.423340	-76.380142
9926.806641	-75.304039
9932.189941	-78.319321
9937.573242	-74.428970
9942.956543	-74.970123
9948.339844	-74.018463
9953.723145	-76.475716
9959.106445	-77.451210
9964.489746	-75.340004
9969.873047	-75.284866
9975.256348	-73.515869
9980.639648	-73.579643
9986.022949	-74.770279
9991.406250	-75.863640
9996.789551	-81.874359
10002.172852	-99.154648
10007.556152	-90.622299
10012.939453	-85.017746
10018.322754	-81.842819
10023.706055	-82.214958
10029.089355	-80.748260
10034.472656	-80.398193
10039.855957	-81.476120
10045.239258	-80.432983
10050.622559	-81.637344
10056.005859	-80.781273
10061.389160	-80.341980
10066.772461	-85.025032
10072.155762	-83.191391
10077.539062	-87.906761
10082.922363	-88.338181
10088.305664	-89.827881
10093.688965	-88.213646
10099.072266	-85.653671
10104.455566	-89.368668
10109.838867	-84.263641
10115.222168	-83.797241
10120.605469	-79.400711
10125.988770	-82.195686
10131.372070	-83.627670
10136.755371	-86.360535
10142.138672	-79.554985
10147.521973	-73.702286
10152.905273	-70.498810
10158.288574	-68.809189
10163.671875	-67.658600
10169.055176	-66.956772
10174.438477	-67.093918
10179.821777	-68.527565
10185.205078	-69.310921
10190.588379	-70.925110
10195.971680	-69.787300
10201.354980	-66.718369
10206.738281	-66.589355
10212.121582	-66.479454
10217.504883	-67.704277
10222.888184	-68.546333
10228.271484	-70.658913
10233.654785	-71.941643
10239.038086	-70.921082
10244.421387	-70.847610
10249.804688	-71.378670
10255.187988	-73.513763
10260.571289	-77.480537
10265.954590	-77.285164
10271.337891	-79.077843
10276.721191	-77.114098
10282.104492	-79.598412
10287.487793	-79.158089
10292.871094	-78.330612
10298.254395	-78.836197
10303.637695	-76.133446
10309.020996	-76.105896
10314.404297	-75.453941
10319.787598	-74.500496
10325.170898	-76.015282
10330.554199	-75.189613
10335.937500	-76.257713
10341.320801	-76.333313
10346.704102	-75.970314
10352.087402	-76.849968
10357.470703	-74.712334
10362.854004	-74.578476
10368.237305	-73.283821
10373.620605	-71.657982
10379.003906	-70.606171
10384.387207	-68.956917
10389.770508	-68.098640
10395.153809	-67.289513
10400.537109	-66.330132
10405.920410	-65.763512
10411.303711	-65.327690
10416.687012	-64.503677
10422.070312	-63.905674
10427.453613	-63.463600
10432.836914	-63.268185
10438.220215	-63.861454
10443.603516	-63.931717
10448.986816	-64.594368
10454.370117	-64.776146
10459.753418	-64.703728
10465.136719	-65.217850
10470.520020	-65.288857
10475.903320	-65.464767
10481.286621	-65.849495
10486.669922	-65.976814
10492.053223	-67.174911
10497.436523	-67.873116
10502.819824	-68.544106
10508.203125	-69.103035
10513.586426	-69.696968
10518.969727	-70.762932
10524.353027	-71.891045
10529.736328	-72.741661
10535.119629	-73.863495
10540.502930	-74.224457
10545.886230	-72.401993
10551.269531	-71.346802
10556.652832	-69.759026
10562.036133	-69.117264
10567.419434	-69.404312
10572.802734	-68.986694
10578.186035	-70.819313
10583.569336	-72.597397
10588.952637	-75.150726
10594.335938	-75.861198
10599.719238	-75.249580
10605.102539	-75.267273
10610.485840	-79.273979
10615.869141	-80.566681
10621.252441	-85.939125
10626.635742	-85.243736
10632.019043	-86.500687
10637.402344	-93.141357
10642.785645	-87.440422
10648.168945	-90.840179
10653.552246	-88.613312
10658.935547	-86.497932
10664.318848	-84.113266
10669.702148	-85.166801
10675.085449	-78.344505
10680.468750	-76.711594
10685.852051	-76.912727
10691.235352	-75.914948
10696.618652	-76.734398
10702.001953	-74.798424
10707.385254	-71.272110
10712.768555	-68.552223
10718.151855	-66.680145
10723.535156	-67.131752
10728.918457	-68.604156
10734.301758	-70.583939
10739.685059	-75.250832
10745.068359	-83.512688
10750.451660	-86.562408
10755.834961	-83.086945
10761.218262	-81.800293
10766.601562	-78.299408
10771.984863	-76.474968
10777.368164	-74.817947
10782.751465	-75.393341
10788.134766	-74.662315
10793.518066	-75.450943
10798.901367	-76.017029
10804.284668	-74.740364
10809.667969	-75.105209
10815.051270	-73.389290
10820.434570	-73.406532
10825.817871	-73.970612
10831.201172	-72.737495
10836.584473	-73.468979
10841.967773	-72.505753
10847.351074	-72.281013
10852.734375	-72.746819
10858.117676	-72.257416
10863.500977	-73.072289
10868.884277	-73.546288
10874.267578	-73.192589
10879.650879	-73.727211
10885.034180	-72.097939
10890.417480	-72.201897
10895.800781	-70.567482
10901.184082	-70.107109
10906.567383	-70.825531
10911.950684	-69.862923
10917.333984	-70.400276
10922.717285	-69.746414
10928.100586	-68.980141
10933.483887	-69.441849
10938.867188	-68.885155
10944.250488	-69.709900
10949.633789	-68.840141
10955.017090	-68.164940
10960.400391	-67.596313
10965.783691	-66.537636
10971.166992	-66.224068
10976.550293	-65.954414
10981.933594	-65.589096
10987.316895	-66.144943
10992.700195	-66.361748
10998.083496	-66.679123
11003.466797	-67.201630
11008.850098	-66.923836
11014.233398	-67.190079
11019.616699	-66.706924
11025.000000	-66.889168
11030.383301	-67.271095
11035.766602	-66.800339
11041.149902	-66.822731
11046.533203	-66.627419
11051.916504	-66.135094
11057.299805	-67.135536
11062.683105	-66.483688
11068.066406	-67.767288
11073.449707	-68.774902
11078.833008	-71.542503
11084.216309	-71.439133
11089.599609	-68.928177
11094.982910	-67.117256
11100.366211	-65.985405
11105.749512	-65.620804
11111.132812	-66.659454
11116.516113	-67.043518
11121.899414	-67.865593
11127.282715	-67.799362
11132.666016	-67.521957
11138.049316	-67.931541
11143.432617	-67.581978
11148.815918	-67.942200
11154.199219	-67.376221
11159.582520	-66.884354
11164.965820	-66.565399
11170.349121	-66.118637
11175.732422	-66.056412
11181.115723	-65.731247
11186.499023	-65.683800
11191.882324	-65.707230
11197.265625	-66.059677
11202.648926	-66.220726
11208.032227	-66.386154
11213.415527	-66.690498
11218.798828	-66.882545
11224.182129	-67.745193
11229.565430	-68.332726
11234.948730	-70.562973
11240.332031	-71.336220
11245.715332	-70.730118
11251.098633	-70.894707
11256.481934	-70.014397
11261.865234	-69.978569
11267.248535	-70.973686
11272.631836	-71.570641
11278.015137	-73.354546
11283.398438	-73.010818
11288.781738	-73.384621
11294.165039	-74.072495
11299.548340	-73.442780
11304.931641	-73.676041
11310.314941	-72.513687
11315.698242	-72.005898
11321.081543	-73.009094
11326.464844	-72.513145
11331.848145	-74.005493
11337.231445	-75.023384
11342.614746	-75.459030
11347.998047	-76.988152
11353.381348	-77.887917
11358.764648	-77.561440
11364.147949	-78.382683
11369.531250	-77.261452
11374.914551	-77.310349
11380.297852	-77.660316
11385.681152	-76.860703
11391.064453	-77.039703
11396.447754	-77.252693
11401.831055	-77.275909
11407.214355	-77.676720
11412.597656	-78.119133
11417.980957	-77.105797
11423.364258	-76.990456
11428.747559	-76.796455
11434.130859	-75.881248
11439.514160	-76.616920
11444.897461	-77.580017
11450.280762	-77.224174
11455.664062	-79.523621
11461.047363	-79.308121
11466.430664	-81.563545
11471.813965	-83.197090
11477.197266	-83.148102
11482.580566	-86.720825
11487.963867	-86.933525
11493.347168	-87.072800
11498.730469	-88.715561
11504.113770	-87.364395
11509.497070	-88.974991
11514.880371	-88.435776
11520.263672	-90.010635
11525.646973	-92.402397
11531.030273	-91.927780
11536.413574	-91.342888
11541.796875	-95.676971
11547.180176	-92.521332
11552.563477	-92.085190
11557.946777	-89.935966
11563.330078	-88.220131
11568.713379	-87.434731
11574.096680	-86.427254
11579.479980	-83.757217
11584.863281	-83.724228
11590.246582	-81.843849
11595.629883	-80.512146
11601.013184	-79.383194
11606.396484	-77.541344
11611.779785	-76.969902
11617.163086	-76.575653
11622.546387	-77.103653
11627.929688	-80.118355
11633.312988	-81.677040
11638.696289	-83.423904
11644.079590	-82.203049
11649.462891	-79.884270
11654.846191	-81.106110
11660.229492	-84.225197
11665.612793	-86.031761
11670.996094	-85.270050
11676.379395	-84.906815
11681.762695	-91.122902
11687.145996	-94.902367
11692.529297	-92.513527
11697.912598	-92.300591
11703.295898	-91.771133
11708.679199	-92.323212
11714.062500	-89.754677
11719.445801	-85.823166
11724.829102	-83.187111
11730.212402	-82.102737
11735.595703	-81.288216
11740.979004	-81.483170
11746.362305	-80.948189
11751.745605	-83.189522
11757.128906	-83.940117
11762.512207	-83.229912
11767.895508	-83.821236
11773.278809	-82.192017
11778.662109	-82.822388
11784.045410	-80.939713
11789.428711	-79.741570
11794.812012	-79.353127
11800.195312	-76.668800
11805.578613	-78.400261
11810.961914	-78.076683
11816.345215	-77.896858
11821.728516	-80.505219
11827.111816	-81.099358
11832.495117	-79.131874
11837.878418	-77.976860
11843.261719	-78.304169
11848.645020	-79.988373
11854.028320	-79.932068
11859.411621	-81.895744
11864.794922	-87.102478
11870.178223	-83.476654
11875.561523	-87.714607
11880.944824	-84.936806
11886.328125	-86.316078
11891.711426	-79.149612
11897.094727	-78.969101
11902.478027	-78.828140
11907.861328	-76.787392
11913.244629	-80.056740
11918.627930	-77.255310
11924.011230	-78.786880
11929.394531	-77.769318
11934.777832	-76.351944
11940.161133	-77.869888
11945.544434	-75.541245
11950.927734	-76.899178
11956.311035	-77.530540
11961.694336	-76.326546
11967.077637	-78.746788
11972.460938	-76.604317
11977.844238	-77.799362
11983.227539	-77.416100
11988.610840	-76.944237
11993.994141	-77.997452
11999.377441	-76.913101
12004.760742	-77.688950
12010.144043	-78.207497
12015.527344	-77.615265
12020.910645	-79.140289
12026.293945	-77.930595
12031.677246	-78.072044
12037.060547	-78.284874
12042.443848	-77.352043
12047.827148	-78.095825
12053.210449	-76.970207
12058.593750	-76.333000
12063.977051	-75.998276
12069.360352	-75.314438
12074.743652	-75.269470
12080.126953	-75.021263
12085.510254	-74.056549
12090.893555	-73.769196
12096.276855	-73.362457
12101.660156	-72.622528
12107.043457	-72.907837
12112.426758	-71.763474
12117.810059	-71.768623
12123.193359	-71.137474
12128.576660	-69.848541
12133.959961	-70.261894
12139.343262	-69.792000
12144.726562	-70.942322
12150.109863	-71.808258
12155.493164	-71.182159
12160.876465	-72.701195
12166.259766	-70.591064
12171.643066	-71.149452
12177.026367	-71.477112
12182.409668	-70.908249
12187.792969	-72.630005
12193.176270	-71.417595
12198.559570	-72.139107
12203.942871	-73.567436
12209.326172	-73.299004
12214.709473	-75.570366
12220.092773	-74.827843
12225.476074	-75.206451
12230.859375	-76.867661
12236.242676	-76.495377
12241.625977	-79.699211
12247.009277	-79.860626
12252.392578	-79.736282
12257.775879	-81.707825
12263.159180	-80.286110
12268.542480	-81.248558
12273.925781	-83.278107
12279.309082	-83.255196
12284.692383	-86.304779
12290.075684	-84.560089
12295.458984	-86.600891
12300.842285	-88.749741
12306.225586	-86.061195
12311.608887	-85.106956
12316.992188	-82.681160
12322.375488	-82.926376
12327.758789	-80.562050
12333.142090	-79.792038
12338.525391	-79.395821
12343.908691	-76.688599
12349.291992	-76.916893
12354.675293	-75.662117
12360.058594	-74.526115
12365.441895	-74.841087
12370.825195	-74.134056
12376.208496	-74.033173
12381.591797	-74.263016
12386.975098	-73.721260
12392.358398	-75.236725
12397.741699	-76.103828
12403.125000	-76.968117
12408.508301	-79.097023
12413.891602	-79.159866
12419.274902	-78.600479
12424.658203	-78.247543
12430.041504	-76.787003
12435.424805	-78.416336
12440.808105	-77.830086
12446.191406	-79.171326
12451.574707	-82.588234
12456.958008	-81.588203
12462.341309	-85.806412
12467.724609	-82.590546
12473.107910	-83.821022
12478.491211	-83.296005
12483.874512	-82.230637
12489.257812	-85.178535
12494.641113	-83.070122
12500.024414	-84.835175
12505.407715	-84.504768
12510.791016	-83.258614
12516.174316	-87.572586
12521.557617	-87.328056
12526.940918	-92.837296
12532.324219	-87.172203
12537.707520	-87.720726
12543.090820	-92.831146
12548.474121	-90.485596
12553.857422	-93.125847
12559.240723	-88.728836
12564.624023	-87.940369
12570.007324	-84.875740
12575.390625	-84.767403
12580.773926	-84.915947
12586.157227	-84.547874
12591.540527	-83.634743
12596.923828	-82.772346
12602.307129	-84.576729
12607.690430	-84.991776
12613.073730	-84.990654
12618.457031	-87.051743
12623.840332	-86.344742
12629.223633	-86.680458
12634.606934	-86.852333
12639.990234	-90.787231
12645.373535	-91.932106
12650.756836	-93.825523
12656.140137	-105.777435
12661.523438	-104.953758
12666.906738	-96.190033
12672.290039	-91.524063
12677.673340	-90.602119
12683.056641	-91.498398
12688.439941	-94.525124
12693.823242	-90.431770
12699.206543	-90.697578
12704.589844	-89.162056
12709.973145	-87.781517
12715.356445	-86.487007
12720.739746	-84.742981
12726.123047	-85.135269
12731.506348	-84.388863
12736.889648	-83.711258
12742.272949	-84.757751
12747.656250	-85.804527
12753.039551	-88.560730
12758.422852	-88.203514
12763.806152	-88.606789
12769.189453	-90.495308
12774.572754	-93.005325
12779.956055	-92.669617
12785.339355	-91.227074
12790.722656	-94.642319
12796.105957	-88.351852
12801.489258	-88.027039
12806.872559	-90.198738
12812.255859	-93.483040
12817.639160	-94.928329
12823.022461	-90.444611
12828.405762	-93.669785
12833.789062	-93.014511
12839.172363	-92.248672
12844.555664	-91.652702
12849.938965	-88.219078
12855.322266	-91.431892
12860.705566	-85.090347
12866.088867	-88.231621
12871.472168	-87.678047
12876.855469	-87.605423
12882.238770	-87.572975
12887.622070	-84.984840
12893.005371	-87.354897
12898.388672	-87.223694
12903.771973	-87.529373
12909.155273	-91.256226
12914.538574	-89.466545
12919.921875	-93.069168
12925.305176	-94.518051
12930.688477	-93.514450
12936.071777	-96.785439
12941.455078	-92.761002
12946.838379	-96.967857
12952.221680	-94.758270
12957.604980	-96.203995
12962.988281	-98.792999
12968.371582	-95.435127
12973.754883	-97.012802
12979.138184	-99.241325
12984.521484	-98.324020
12989.904785	-99.246490
12995.288086	-103.077919
13000.671387	-103.437523
13006.054688	-105.157990
13011.437988	-105.469536
13016.821289	-97.874809
13022.204590	-99.238220
13027.587891	-95.183685
13032.971191	-93.414619
13038.354492	-91.475655
13043.737793	-90.761017
13049.121094	-89.912910
13054.504395	-91.711609
13059.887695	-90.208412
13065.270996	-90.911949
13070.654297	-88.743813
13076.037598	-89.602821
13081.420898	-89.037308
13086.804199	-88.703842
13092.187500	-89.411858
13097.570801	-89.139496
13102.954102	-89.346771
13108.337402	-87.808945
13113.720703	-87.674492
13119.104004	-87.853203
13124.487305	-86.687630
13129.870605	-88.878891
13135.253906	-86.571571
13140.637207	-89.108002
13146.020508	-86.435669
13151.403809	-87.589699
13156.787109	-88.478966
13162.170410	-86.589226
13167.553711	-89.557449
13172.937012	-87.561531
13178.320312	-90.404755
13183.703613	-88.109009
13189.086914	-89.605370
13194.470215	-95.153618
13199.853516	-93.493248
13205.236816	-94.338188
13210.620117	-92.345055
13216.003418	-90.270683
13221.386719	-96.213707
13226.770020	-97.900299
13232.153320	-89.352074
13237.536621	-84.957779
13242.919922	-89.835655
13248.303223	-81.838364
13253.686523	-81.261917
13259.069824	-81.475548
13264.453125	-78.407021
13269.836426	-81.248222
13275.219727	-79.037918
13280.603027	-80.148048
13285.986328	-91.578880
13291.369629	-84.465424
13296.752930	-85.194229
13302.136230	-91.045303
13307.519531	-84.639343
13312.902832	-83.924126
13318.286133	-85.315514
13323.669434	-82.456619
13329.052734	-84.184494
13334.436035	-81.063866
13339.819336	-80.385338
13345.202637	-83.444206
13350.585938	-78.805130
13355.969238	-79.362076
13361.352539	-79.345016
13366.735840	-78.622444
13372.119141	-80.810356
13377.502441	-80.926949
13382.885742	-82.291527
13388.269043	-84.217857
13393.652344	-83.995300
13399.035645	-86.025070
13404.418945	-85.654327
13409.802246	-86.605164
13415.185547	-88.820747
13420.568848	-89.731178
13425.952148	-90.102150
13431.335449	-93.705498
13436.718750	-88.656403
13442.102051	-92.125450
13447.485352	-94.659035
13452.868652	-93.872597
13458.251953	-93.313637
13463.635254	-90.455597
13469.018555	-91.312843
13474.401855	-94.418503
13479.785156	-92.675507
13485.168457	-92.188690
13490.551758	-93.045288
13495.935059	-93.532745
13501.318359	-100.954514
13506.701660	-93.315727
13512.084961	-93.571594
13517.468262	-91.307510
13522.851562	-98.247902
13528.234863	-92.706001
13533.618164	-89.511276
13539.001465	-92.464767
13544.384766	-86.669365
13549.768066	-88.272690
13555.151367	-86.486343
13560.534668	-85.222046
13565.917969	-87.360962
13571.301270	-83.569092
13576.684570	-84.164474
13582.067871	-83.651360
13587.451172	-81.915413
13592.834473	-83.281631
13598.217773	-82.348427
13603.601074	-83.078445
13608.984375	-83.087837
13614.367676	-81.334969
13619.750977	-81.104668
13625.134277	-81.676704
13630.517578	-79.807556
13635.900879	-82.292641
13641.284180	-81.676971
13646.667480	-84.305679
13652.050781	-87.143295
13657.434082	-85.837845
13662.817383	-89.814354
13668.200684	-88.874641
13673.583984	-88.775726
13678.967285	-91.666321
13684.350586	-88.268555
13689.733887	-94.359734
13695.117188	-92.452477
13700.500488	-98.067184
13705.883789	-95.055199
13711.267090	-91.320061
13716.650391	-93.154930
13722.033691	-91.784302
13727.416992	-95.816490
13732.800293	-91.650566
13738.183594	-93.039436
13743.566895	-89.816498
13748.950195	-89.600609
13754.333496	-91.533928
13759.716797	-87.898087
13765.100098	-87.942863
13770.483398	-89.441856
13775.866699	-86.396721
13781.250000	-90.709229
13786.633301	-89.356514
13792.016602	-90.264709
13797.399902	-92.596077
13802.783203	-90.477432
13808.166504	-94.274918
13813.549805	-91.722977
13818.933105	-89.336411
13824.316406	-93.919960
13829.699707	-94.078339
13835.083008	-92.318016
13840.466309	-93.910339
13845.849609	-96.290024
13851.232910	-94.701759
13856.616211	-92.444687
13861.999512	-98.175293
13867.382812	-91.434288
13872.766113	-89.331520
13878.149414	-88.428787
13883.532715	-92.702477
13888.916016	-89.956520
13894.299316	-88.566269
13899.682617	-90.286697
13905.065918	-88.158264
13910.449219	-86.883186
13915.832520	-87.454018
13921.215820	-87.377792
13926.599121	-91.637718
13931.982422	-89.844147
13937.365723	-89.531578
13942.749023	-90.169662
13948.132324	-86.912720
13953.515625	-88.539963
13958.898926	-91.478928
13964.282227	-89.310028
13969.665527	-91.832062
13975.048828	-91.394226
13980.432129	-92.812897
13985.815430	-90.821762
13991.198730	-89.936279
13996.582031	-93.575279
14001.965332	-92.843788
14007.348633	-91.392433
14012.731934	-93.471016
14018.115234	-91.730522
14023.498535	-91.479416
14028.881836	-93.263687
14034.265137	-92.440483
14039.648438	-89.607666
14045.031738	-89.973770
14050.415039	-88.111626
14055.798340	-89.462738
14061.181641	-87.162300
14066.564941	-87.272720
14071.948242	-86.896408
14077.331543	-86.058029
14082.714844	-87.159859
14088.098145	-87.107445
14093.481445	-87.329292
14098.864746	-87.959023
14104.248047	-87.114929
14109.631348	-87.475983
14115.014648	-86.728119
14120.397949	-87.883080
14125.781250	-88.004936
14131.164551	-87.769989
14136.547852	-88.168739
14141.931152	-86.334183
14147.314453	-90.484764
14152.697754	-91.543839
14158.081055	-93.085594
14163.464355	-92.131210
14168.847656	-86.960960
14174.230957	-88.853683
14179.614258	-91.937721
14184.997559	-90.402977
14190.380859	-87.841667
14195.764160	-84.877472
14201.147461	-88.204979
14206.530762	-87.955330
14211.914062	-84.524559
14217.297363	-90.407806
14222.680664	-85.029671
14228.063965	-84.322403
14233.447266	-85.181686
14238.830566	-82.389053
14244.213867	-83.599556
14249.597168	-81.721924
14254.980469	-79.924194
14260.363770	-82.032310
14265.747070	-81.561874
14271.130371	-86.030449
14276.513672	-94.357368
14281.896973	-90.591667
14287.280273	-89.519951
14292.663574	-87.040405
14298.046875	-87.511444
14303.430176	-84.612160
14308.813477	-83.322716
14314.196777	-85.373047
14319.580078	-83.275078
14324.963379	-85.432587
14330.346680	-84.018600
14335.729980	-83.475624
14341.113281	-86.286201
14346.496582	-83.780235
14351.879883	-85.996948
14357.263184	-85.787613
14362.646484	-85.660446
14368.029785	-86.388229
14373.413086	-83.735161
14378.796387	-83.831680
14384.179688	-84.629951
14389.562988	-83.785622
14394.946289	-84.216217
14400.329590	-84.063454
14405.712891	-84.952919
14411.096191	-86.175690
14416.479492	-85.934029
14421.862793	-84.925987
14427.246094	-85.646896
14432.629395	-84.102318
14438.012695	-83.847305
14443.395996	-85.228821
14448.779297	-83.379051
14454.162598	-81.921623
14459.545898	-83.700226
14464.929199	-83.690041
14470.312500	-85.864532
14475.695801	-88.027771
14481.079102	-86.399414
14486.462402	-89.130310
14491.845703	-88.233719
14497.229004	-87.900940
14502.612305	-91.131508
14507.995605	-87.114685
14513.378906	-89.209900
14518.762207	-91.874985
14524.145508	-92.056854
14529.528809	-91.861267
14534.912109	-89.955986
14540.295410	-92.610229
14545.678711	-92.422775
14551.062012	-93.183937
14556.445312	-92.880737
14561.828613	-94.361038
14567.211914	-96.538330
14572.595215	-95.185165
14577.978516	-92.761581
14583.361816	-90.973412
14588.745117	-89.537010
14594.128418	-96.576767
14599.511719	-94.188385
14604.895020	-96.351532
14610.278320	-96.545197
14615.661621	-93.789383
14621.044922	-92.986282
14626.428223	-91.817322
14631.811523	-91.688828
14637.194824	-91.813293
14642.578125	-91.358757
14647.961426	-91.805504
14653.344727	-92.803093
14658.728027	-91.654282
14664.111328	-92.468773
14669.494629	-91.611206
14674.877930	-89.643661
14680.261230	-91.665405
14685.644531	-92.445511
14691.027832	-91.979179
14696.411133	-92.481926
14701.794434	-91.186501
14707.177734	-94.417961
14712.561035	-93.273239
14717.944336	-92.223763
14723.327637	-93.416191
14728.710938	-93.437180
14734.094238	-92.268349
14739.477539	-94.645111
14744.860840	-90.857178
14750.244141	-91.882523
14755.627441	-93.903671
14761.010742	-95.636787
14766.394043	-91.880486
14771.777344	-89.808929
14777.160645	-87.351967
14782.543945	-92.245041
14787.927246	-86.032104
14793.310547	-88.363060
14798.693848	-88.644264
14804.077148	-82.914932
14809.460449	-85.586609
14814.843750	-81.844589
14820.227051	-79.837227
14825.610352	-80.845207
14830.993652	-77.462090
14836.376953	-75.186546
14841.760254	-73.980217
14847.143555	-77.061028
14852.526855	-89.493805
14857.910156	-85.097389
14863.293457	-87.092880
14868.676758	-98.758217
14874.060059	-87.757111
14879.443359	-90.075729
14884.826660	-91.680176
14890.209961	-86.128845
14895.593262	-88.106033
14900.976562	-91.020851
14906.359863	-92.106400
14911.743164	-99.148903
14917.126465	-94.290268
14922.509766	-94.449692
14927.893066	-100.210068
14933.276367	-93.575195
14938.659668	-93.039299
14944.042969	-97.270615
14949.426270	-103.100769
14954.809570	-93.572060
14960.192871	-96.500618
14965.576172	-96.384827
14970.959473	-90.212151
14976.342773	-93.891617
14981.726074	-95.256851
14987.109375	-95.895744
14992.492676	-100.111473
14997.875977	-98.689774
15003.259277	-99.143387
15008.642578	-94.712593
15014.025879	-95.924820
15019.409180	-102.781425
15024.792480	-96.252838
15030.175781	-101.265968
15035.559082	-96.718872
15040.942383	-97.610855
15046.325684	-103.259659
15051.708984	-96.925858
15057.092285	-98.854805
15062.475586	-98.965881
15067.858887	-94.766312
15073.242188	-98.605873
15078.625488	-96.288841
15084.008789	-97.918800
15089.392090	-102.369720
15094.775391	-97.236977
15100.158691	-93.945221
15105.541992	-96.920387
15110.925293	-96.415710
15116.308594	-94.571930
15121.691895	-99.374619
15127.075195	-93.603729
15132.458496	-94.572456
15137.841797	-95.153618
15143.225098	-89.388458
15148.608398	-91.734100
15153.991699	-90.002647
15159.375000	-88.770332
15164.758301	-92.784180
15170.141602	-88.184174
15175.524902	-91.093567
15180.908203	-90.286217
15186.291504	-88.921188
15191.674805	-91.577209
15197.058105	-87.091240
15202.441406	-90.050591
15207.824707	-87.764427
15213.208008	-88.606064
15218.591309	-92.212555
15223.974609	-89.134277
15229.357910	-90.208435
15234.741211	-93.028664
15240.124512	-89.710220
15245.507812	-93.884315
15250.891113	-90.466248
15256.274414	-92.520569
15261.657715	-93.918320
15267.041016	-92.504539
15272.424316	-96.911606
15277.807617	-92.246857
15283.190918	-92.020363
15288.574219	-95.937683
15293.957520	-91.666687
15299.340820	-93.919449
15304.724121	-95.055008
15310.107422	-93.366760
15315.490723	-92.439926
15320.874023	-92.182274
15326.257324	-90.518188
15331.640625	-87.078529
15337.023926	-88.586075
15342.407227	-87.410027
15347.790527	-87.838776
15353.173828	-85.644028
15358.557129	-85.299088
15363.940430	-85.452087
15369.323730	-83.264183
15374.707031	-83.304550
15380.090332	-83.908882
15385.473633	-82.702858
15390.856934	-82.664940
15396.240234	-81.027847
15401.623535	-80.509804
15407.006836	-80.880760
15412.390137	-79.316353
15417.773438	-80.199501
15423.156738	-79.853806
15428.540039	-79.442719
15433.923340	-80.017090
15439.306641	-78.878242
15444.689941	-79.858116
15450.073242	-78.442871
15455.456543	-78.307129
15460.839844	-78.642761
15466.223145	-78.205833
15471.606445	-78.526604
15476.989746	-77.238152
15482.373047	-77.757607
15487.756348	-78.826538
15493.139648	-78.892235
15498.522949	-80.978867
15503.906250	-80.865234
15509.289551	-81.785080
15514.672852	-82.039497
15520.056152	-82.107864
15525.439453	-84.422401
15530.822754	-83.652687
15536.206055	-86.305946
15541.589355	-88.032265
15546.972656	-89.091316
15552.355957	-92.624863
15557.739258	-92.322289
15563.122559	-93.409920
15568.505859	-94.224869
15573.889160	-94.751083
15579.272461	-94.255150
15584.655762	-95.400337
15590.039062	-92.777451
15595.422363	-96.503227
15600.805664	-93.024765
15606.188965	-89.755058
15611.572266	-94.622704
15616.955566	-89.444504
15622.338867	-91.442177
15627.722168	-92.278008
15633.105469	-91.674126
15638.488770	-94.335846
15643.872070	-89.736855
15649.255371	-90.953735
15654.638672	-91.123978
15660.021973	-90.623047
15665.405273	-98.425842
15670.788574	-92.041206
15676.171875	-94.010109
15681.555176	-92.986099
15686.938477	-91.574081
15692.321777	-95.601013
15697.705078	-91.252556
15703.088379	-91.550415
15708.471680	-93.106171
15713.854980	-94.224266
15719.238281	-97.345528
15724.621582	-95.321381
15730.004883	-95.096611
15735.388184	-94.099220
15740.771484	-92.647026
15746.154785	-95.244431
15751.538086	-91.685814
15756.921387	-96.967369
15762.304688	-94.678757
15767.687988	-95.612419
15773.071289	-95.818199
15778.454590	-93.609375
15783.837891	-93.463051
15789.221191	-91.778671
15794.604492	-90.277954
15799.987793	-89.678520
15805.371094	-88.808960
15810.754395	-91.512321
15816.137695	-87.900253
15821.520996	-88.169807
15826.904297	-89.403076
15832.287598	-86.723053
15837.670898	-89.023003
15843.054199	-85.731567
15848.437500	-86.088135
15853.820801	-87.734283
15859.204102	-87.347260
15864.587402	-92.200470
15869.970703	-91.118965
15875.354004	-88.752609
15880.737305	-90.717804
15886.120605	-87.686752
15891.503906	-91.941879
15896.887207	-87.810593
15902.270508	-89.777084
15907.653809	-91.802338
15913.037109	-89.339592
15918.420410	-93.324959
15923.803711	-90.357826
15929.187012	-91.943161
15934.570312	-87.388115
15939.953613	-88.052925
15945.336914	-90.787071
15950.720215	-90.387749
15956.103516	-86.050880
15961.486816	-81.741241
15966.870117	-82.521332
15972.253418	-78.985199
15977.636719	-80.130737
15983.020020	-78.190567
15988.403320	-78.205170
15993.786621	-78.853783
15999.169922	-78.341675
16004.553223	-81.349098
16009.936523	-81.772049
16015.319824	-81.206993
16020.703125	-85.423447
16026.086426	-83.145493
16031.469727	-87.432236
16036.853027	-88.747818
16042.236328	-88.925110
16047.619629	-94.280251
16053.002930	-90.584236
16058.386230	-92.388405
16063.769531	-91.179306
16069.152832	-91.382111
16074.536133	-94.773911
16079.919434	-92.452133
16085.302734	-96.100044
16090.686035	-94.705681
16096.069336	-92.918465
16101.452637	-88.890656
16106.835938	-90.859200
16112.219238	-89.805176
16117.602539	-86.074730
16122.985840	-92.385017
16128.369141	-92.307755
16133.752441	-91.547684
16139.135742	-98.398689
16144.519043	-93.738335
16149.902344	-89.921516
16155.285645	-88.752075
16160.668945	-91.750221
16166.052246	-93.787163
16171.435547	-91.837326
16176.818848	-91.033493
16182.202148	-90.279770
16187.585449	-87.615601
16192.968750	-87.299164
16198.352051	-87.057693
16203.735352	-86.139793
16209.118652	-83.606216
16214.501953	-82.288063
16219.885254	-80.680656
16225.268555	-80.245415
16230.651855	-80.071045
16236.035156	-80.144951
16241.418457	-82.774925
16246.801758	-83.135208
16252.185059	-83.347412
16257.568359	-87.756866
16262.951660	-85.925179
16268.334961	-87.543625
16273.718262	-87.806702
16279.101562	-87.065506
16284.484863	-90.640358
16289.868164	-89.094810
16295.251465	-85.992920
16300.634766	-89.642136
16306.018066	-87.513145
16311.401367	-85.715057
16316.784668	-93.016808
16322.167969	-86.723946
16327.551270	-88.457039
16332.934570	-90.471970
16338.317871	-83.167656
16343.701172	-87.130867
16349.084473	-84.227242
16354.467773	-83.157318
16359.851074	-88.856636
16365.234375	-83.097229
16370.617676	-87.025787
16376.000977	-88.441353
16381.384277	-83.270081
16386.767578	-89.117271
16392.150879	-87.015808
16397.534180	-85.311272
16402.917480	-84.813072
16408.300781	-88.557281
16413.684082	-88.631889
16419.067383	-84.500801
16424.450684	-85.513985
16429.833984	-77.577553
16435.217285	-77.234818
16440.600586	-75.353455
16445.983887	-71.832054
16451.367188	-73.250137
16456.750488	-71.984871
16462.133789	-72.371574
16467.517090	-73.631180
16472.900391	-73.945786
16478.283691	-73.568970
16483.666992	-76.275116
16489.050293	-75.619354
16494.433594	-79.221428
16499.816895	-84.757423
16505.200195	-81.483368
16510.583496	-84.273140
16515.966797	-84.978462
16521.350098	-89.622810
16526.733398	-87.096031
16532.116699	-86.699089
16537.500000	-86.128777
16542.883301	-84.577217
16548.266602	-88.881569
16553.649902	-86.527161
16559.033203	-84.994751
16564.416504	-87.604126
16569.799805	-85.070724
16575.183105	-87.667686
16580.566406	-85.924026
16585.949707	-87.746826
16591.333008	-88.773186
16596.716309	-87.017197
16602.099609	-89.127052
16607.482910	-86.611732
16612.866211	-87.353226
16618.249512	-86.271996
16623.632812	-85.631294
16629.016113	-84.386955
16634.399414	-83.337234
16639.782715	-83.821014
16645.166016	-82.915298
16650.549316	-83.353981
16655.932617	-82.050903
16661.315918	-81.432083
16666.699219	-83.700264
16672.082520	-81.911774
16677.465820	-84.401627
16682.849121	-82.358444
16688.232422	-83.354637
16693.615723	-85.295853
16698.999023	-82.654030
16704.382324	-86.733803
16709.765625	-85.072601
16715.148926	-85.871773
16720.532227	-86.734329
16725.915527	-85.975792
16731.298828	-91.453270
16736.682129	-87.917084
16742.065430	-90.985115
16747.448730	-90.066414
16752.832031	-87.794418
16758.215332	-90.077438
16763.598633	-86.505424
16768.981934	-87.369461
16774.365234	-86.694511
16779.748535	-85.461739
16785.131836	-86.600868
16790.515137	-85.971878
16795.898438	-87.927101
16801.281738	-88.430000
16806.665039	-85.489052
16812.048340	-85.559647
16817.431641	-86.699890
16822.814941	-87.032166
16828.198242	-93.864784
16833.581543	-90.944389
16838.964844	-92.206192
16844.348145	-93.497841
16849.731445	-88.939415
16855.114746	-92.707581
16860.498047	-88.110779
16865.881348	-92.945412
16871.264648	-91.360641
16876.647949	-89.393341
16882.031250	-94.078644
16887.414551	-89.356758
16892.797852	-90.574608
16898.181152	-88.832077
16903.564453	-89.971512
16908.947754	-91.993286
16914.331055	-89.819901
16919.714355	-100.619331
16925.097656	-95.869431
16930.480957	-91.391716
16935.864258	-90.666481
16941.247559	-93.182167
16946.630859	-95.134567
16952.014160	-93.650757
16957.397461	-96.823730
16962.780762	-93.645737
16968.164062	-97.656082
16973.547363	-95.647270
16978.930664	-93.345833
16984.313965	-94.127632
16989.697266	-90.315475
16995.080566	-92.346069
17000.463867	-95.989670
17005.847168	-93.895340
17011.230469	-101.062317
17016.613770	-101.757835
17021.997070	-93.986427
17027.380371	-96.042984
17032.763672	-91.350204
17038.146973	-93.496223
17043.530273	-92.042809
17048.913574	-94.482292
17054.296875	-95.556435
17059.680176	-91.269653
17065.063477	-91.826981
17070.446777	-91.341530
17075.830078	-90.870636
17081.213379	-94.307869
17086.596680	-91.081665
17091.979980	-91.821861
17097.363281	-90.455429
17102.746582	-91.177223
17108.129883	-93.448738
17113.513184	-93.164764
17118.896484	-92.868736
17124.279785	-91.639397
17129.663086	-90.607162
17135.046387	-91.820877
17140.429688	-89.894592
17145.812988	-91.124672
17151.196289	-94.841354
17156.579590	-94.665031
17161.962891	-98.203384
17167.346191	-95.352180
17172.729492	-93.645782
17178.112793	-96.217392
17183.496094	-94.808273
17188.879395	-98.513603
17194.262695	-95.010132
17199.645996	-96.251411
17205.029297	-98.913094
17210.412598	-94.109695
17215.795898	-96.457436
17221.179199	-101.607109
17226.562500	-98.897980
17231.945801	-101.191475
17237.329102	-102.425583
17242.712402	-98.808838
17248.095703	-95.069176
17253.479004	-98.001099
17258.862305	-93.098778
17264.245605	-93.351288
17269.628906	-94.156136
17275.012207	-91.655098
17280.395508	-95.699516
17285.778809	-93.742622
17291.162109	-92.835335
17296.545410	-93.663597
17301.928711	-91.405945
17307.312012	-93.584763
17312.695312	-93.341454
17318.078613	-93.034714
17323.461914	-96.305222
17328.845215	-95.222252
17334.228516	-97.772690
17339.611816	-100.422325
17344.995117	-96.282051
17350.378418	-99.068031
17355.761719	-97.662605
17361.145020	-97.703041
17366.528320	-97.556229
17371.911621	-96.605385
17377.294922	-100.601456
17382.678223	-97.040230
17388.061523	-98.458008
17393.444824	-96.751816
17398.828125	-94.128113
17404.211426	-96.077148
17409.594727	-93.211723
17414.978027	-95.715134
17420.361328	-94.675728
17425.744629	-94.142990
17431.127930	-95.120781
17436.511230	-93.590797
17441.894531	-93.958656
17447.277832	-98.562569
17452.661133	-94.365250
17458.044434	-95.772469
17463.427734	-94.917786
17468.811035	-92.461388
17474.194336	-90.202110
17479.577637	-88.917389
17484.960938	-85.855988
17490.344238	-84.396416
17495.727539	-83.974274
17501.110840	-83.687134
17506.494141	-84.015396
17511.877441	-83.991486
17517.260742	-83.425682
17522.644043	-84.521599
17528.027344	-85.748238
17533.410645	-85.102890
17538.793945	-86.023010
17544.177246	-85.350105
17549.560547	-86.026405
17554.943848	-86.937294
17560.327148	-86.674500
17565.710449	-86.840599
17571.093750	-88.471161
17576.477051	-87.341354
17581.860352	-89.624130
17587.243652	-89.061035
17592.626953	-92.259041
17598.010254	-99.163757
17603.393555	-94.312370
17608.776855	-97.966965
17614.160156	-92.423294
17619.543457	-92.770096
17624.926758	-93.366257
17630.310059	-91.778465
17635.693359	-96.885124
17641.076660	-94.958267
17646.459961	-100.607704
17651.843262	-95.690811
17657.226562	-91.564919
17662.609863	-93.168495
17667.993164	-91.089706
17673.376465	-92.891991
17678.759766	-96.264122
17684.143066	-92.242073
17689.526367	-95.434189
17694.909668	-95.973015
17700.292969	-97.719688
17705.676270	-96.901474
17711.059570	-96.271278
17716.442871	-94.782043
17721.826172	-96.638641
17727.209473	-93.524673
17732.592773	-93.475174
17737.976074	-92.796150
17743.359375	-91.971703
17748.742676	-91.293686
17754.125977	-91.709442
17759.509277	-90.036682
17764.892578	-92.357368
17770.275879	-88.683960
17775.659180	-90.659409
17781.042480	-90.237389
17786.425781	-88.149956
17791.809082	-87.964447
17797.192383	-87.409225
17802.575684	-85.183556
17807.958984	-86.079842
17813.342285	-83.181793
17818.725586	-83.321045
17824.108887	-84.691025
17829.492188	-83.213379
17834.875488	-84.273865
17840.258789	-84.470406
17845.642090	-85.139206
17851.025391	-93.899399
17856.408691	-90.521461
17861.791992	-92.419212
17867.175293	-96.668159
17872.558594	-89.914268
17877.941895	-88.913490
17883.325195	-90.271866
17888.708496	-88.046814
17894.091797	-91.020142
17899.475098	-91.770561
17904.858398	-93.899147
17910.241699	-108.507431
17915.625000	-93.451004
17921.008301	-94.604744
17926.391602	-96.626053
17931.774902	-89.341682
17937.158203	-92.373978
17942.541504	-90.360321
17947.924805	-92.405319
17953.308105	-101.208961
17958.691406	-95.162155
17964.074707	-94.004272
17969.458008	-92.263313
17974.841309	-91.750526
17980.224609	-93.891579
17985.607910	-88.897690
17990.991211	-93.751945
17996.374512	-91.255981
18001.757812	-91.387794
18007.141113	-96.316414
18012.524414	-89.650993
18017.907715	-91.581970
18023.291016	-92.696800
18028.674316	-91.335854
18034.057617	-97.731369
18039.440918	-94.883507
18044.824219	-99.530876
18050.207520	-97.124924
18055.590820	-93.748535
18060.974121	-98.756737
18066.357422	-92.038353
18071.740723	-93.702034
18077.124023	-93.167763
18082.507324	-92.524246
18087.890625	-100.449615
18093.273926	-90.586952
18098.657227	-93.142838
18104.040527	-93.096703
18109.423828	-90.718185
18114.807129	-90.106934
18120.190430	-88.610962
18125.573730	-96.423470
18130.957031	-92.399452
18136.340332	-92.514061
18141.723633	-93.096741
18147.106934	-88.000031
18152.490234	-86.868446
18157.873535	-86.092300
18163.256836	-85.640289
18168.640137	-90.066376
18174.023438	-88.894836
18179.406738	-86.232132
18184.790039	-89.715492
18190.173340	-88.281723
18195.556641	-92.477097
18200.939941	-86.629623
18206.323242	-87.915825
18211.706543	-87.685577
18217.089844	-85.297348
18222.473145	-85.960396
18227.856445	-80.717514
18233.239746	-86.627975
18238.623047	-79.771873
18244.006348	-79.902336
18249.389648	-80.932808
18254.772949	-76.982689
18260.156250	-80.375999
18265.539551	-76.067245
18270.922852	-76.561226
18276.306152	-77.817398
18281.689453	-74.845764
18287.072754	-77.554489
18292.456055	-75.978615
18297.839355	-76.719780
18303.222656	-78.330132
18308.605957	-76.991951
18313.989258	-78.805962
18319.372559	-79.097893
18324.755859	-79.283516
18330.139160	-82.837601
18335.522461	-81.305290
18340.905762	-83.017433
18346.289062	-83.367920
18351.672363	-83.524078
18357.055664	-85.505898
18362.438965	-84.179863
18367.822266	-86.952446
18373.205566	-85.549660
18378.588867	-85.926697
18383.972168	-85.911346
18389.355469	-84.450745
18394.738770	-86.276665
18400.122070	-84.537300
18405.505371	-85.288155
18410.888672	-85.876167
18416.271973	-85.062439
18421.655273	-85.587883
18427.038574	-83.871300
18432.421875	-87.047676
18437.805176	-84.629005
18443.188477	-87.647903
18448.571777	-85.376320
18453.955078	-87.326065
18459.338379	-87.606827
18464.721680	-87.583817
18470.104980	-89.232742
18475.488281	-85.629158
18480.871582	-89.545204
18486.254883	-85.328102
18491.638184	-84.621552
18497.021484	-83.996513
18502.404785	-84.615028
18507.788086	-89.314598
18513.171387	-84.673973
18518.554688	-87.862450
18523.937988	-87.588982
18529.321289	-86.755943
18534.704590	-89.625252
18540.087891	-85.478409
18545.471191	-87.828941
18550.854492	-86.690674
18556.237793	-87.099976
18561.621094	-90.752235
18567.004395	-87.077705
18572.387695	-90.120819
18577.770996	-86.933281
18583.154297	-89.553024
18588.537598	-91.804146
18593.920898	-88.667091
18599.304199	-91.994247
18604.687500	-87.709641
18610.070801	-91.242912
18615.454102	-90.019989
18620.837402	-89.722076
18626.220703	-90.988693
18631.604004	-88.651047
18636.987305	-89.064316
18642.370605	-87.775116
18647.753906	-86.959854
18653.137207	-87.904976
18658.520508	-87.203598
18663.903809	-88.879723
18669.287109	-88.273460
18674.670410	-89.451080
18680.053711	-88.597221
18685.437012	-92.282127
18690.820312	-90.402077
18696.203613	-91.615906
18701.586914	-92.798172
18706.970215	-90.906296
18712.353516	-93.479897
18717.736816	-90.093925
18723.120117	-91.653839
18728.503418	-90.594688
18733.886719	-90.817627
18739.270020	-94.817276
18744.653320	-91.492783
18750.036621	-95.949394
18755.419922	-92.632217
18760.803223	-90.862640
18766.186523	-91.124428
18771.569824	-89.321838
18776.953125	-95.181183
18782.336426	-90.524979
18787.719727	-94.277794
18793.103027	-94.360199
18798.486328	-91.313019
18803.869629	-93.260086
18809.252930	-89.705292
18814.636230	-90.571815
18820.019531	-87.448601
18825.402832	-87.804352
18830.786133	-89.727882
18836.169434	-86.801376
18841.552734	-86.449722
18846.936035	-87.437836
18852.319336	-84.268036
18857.702637	-88.335197
18863.085938	-87.232132
18868.469238	-87.990013
18873.852539	-92.264709
18879.235840	-88.602013
18884.619141	-96.278099
18890.002441	-87.340210
18895.385742	-90.850174
18900.769043	-88.382027
18906.152344	-86.435059
18911.535645	-88.630440
18916.918945	-87.153336
18922.302246	-88.276344
18927.685547	-91.016289
18933.068848	-88.618599
18938.452148	-94.915962
18943.835449	-91.956711
18949.218750	-92.537155
18954.602051	-94.522346
18959.985352	-90.899872
18965.368652	-94.386673
18970.751953	-91.232353
18976.135254	-93.413445
18981.518555	-97.617371
18986.901855	-95.132339
18992.285156	-99.143112
18997.668457	-95.533310
19003.051758	-94.711838
19008.435059	-93.602196
19013.818359	-92.795082
19019.201660	-100.071739
19024.584961	-96.162903
19029.968262	-99.956734
19035.351562	-98.526726
19040.734863	-94.680611
19046.118164	-95.696671
19051.501465	-91.643372
19056.884766	-95.189034
19062.268066	-93.553513
19067.651367	-92.934464
19073.034668	-93.842148
19078.417969	-90.770638
19083.801270	-90.182777
19089.184570	-92.276146
19094.567871	-90.704147
19099.951172	-93.862167
19105.334473	-91.806282
19110.717773	-93.443840
19116.101074	-94.243759
19121.484375	-92.671295
19126.867676	-92.914124
19132.250977	-93.674820
19137.634277	-92.765999
19143.017578	-96.288940
19148.400879	-94.533958
19153.784180	-95.983635
19159.167480	-94.246849
19164.550781	-93.520271
19169.934082	-95.282318
19175.317383	-94.834900
19180.700684	-94.382271
19186.083984	-93.300453
19191.467285	-92.866760
19196.850586	-91.440300
19202.233887	-91.143478
19207.617188	-90.821495
19213.000488	-94.984146
19218.383789	-93.418472
19223.767090	-95.087379
19229.150391	-91.050522
19234.533691	-91.938049
19239.916992	-96.116188
19245.300293	-90.640541
19250.683594	-91.630722
19256.066895	-91.058571
19261.450195	-92.254433
19266.833496	-93.168335
19272.216797	-88.811462
19277.600098	-89.727158
19282.983398	-93.567276
19288.366699	-90.341293
19293.750000	-93.597275
19299.133301	-94.935280
19304.516602	-93.144333
19309.899902	-98.531281
19315.283203	-94.450020
19320.666504	-96.004410
19326.049805	-96.669533
19331.433105	-95.573868
19336.816406	-97.894600
19342.199707	-98.557304
19347.583008	-92.569923
19352.966309	-94.189049
19358.349609	-94.790741
19363.732910	-101.127129
19369.116211	-99.242027
19374.499512	-96.936623
19379.882812	-101.638962
19385.266113	-101.225662
19390.649414	-95.362633
19396.032715	-102.276779
19401.416016	-97.747856
19406.799316	-96.706276
19412.182617	-98.901436
19417.565918	-98.701698
19422.949219	-99.145744
19428.332520	-94.174500
19433.715820	-93.359245
19439.099121	-91.478508
19444.482422	-87.530289
19449.865723	-90.773155
19455.249023	-86.985565
19460.632324	-87.622375
19466.015625	-87.713631
19471.398926	-84.948921
19476.782227	-84.576248
19482.165527	-84.554100
19487.548828	-82.660667
19492.932129	-85.636604
19498.315430	-81.124069
19503.698730	-83.002304
19509.082031	-84.405258
19514.465332	-82.532402
19519.848633	-84.236137
19525.231934	-82.420609
19530.615234	-80.590477
19535.998535	-81.500389
19541.381836	-79.901978
19546.765137	-82.838608
19552.148438	-83.235146
19557.531738	-82.960304
19562.915039	-85.239029
19568.298340	-84.212479
19573.681641	-83.284691
19579.064941	-85.624954
19584.448242	-82.704422
19589.831543	-83.487556
19595.214844	-83.541107
19600.598145	-82.949463
19605.981445	-85.851585
19611.364746	-83.715103
19616.748047	-85.085327
19622.131348	-86.378372
19627.514648	-86.011078
19632.897949	-87.819855
19638.281250	-86.900635
19643.664551	-87.578407
19649.047852	-88.329735
19654.431152	-88.178200
19659.814453	-89.123100
19665.197754	-89.674446
19670.581055	-89.536774
19675.964355	-86.268486
19681.347656	-91.715431
19686.730957	-88.449799
19692.114258	-90.078957
19697.497559	-94.365341
19702.880859	-92.167168
19708.264160	-89.916054
19713.647461	-87.307251
19719.030762	-92.405388
19724.414062	-89.890541
19729.797363	-90.098022
19735.180664	-92.213760
19740.563965	-91.354561
19745.947266	-94.486931
19751.330566	-91.788139
19756.713867	-91.819839
19762.097168	-93.582886
19767.480469	-89.108650
19772.863770	-91.303474
19778.247070	-92.761238
19783.630371	-95.692307
19789.013672	-91.816879
19794.396973	-91.324112
19799.780273	-89.078873
19805.163574	-84.519997
19810.546875	-86.111855
19815.930176	-83.135796
19821.313477	-83.807091
19826.696777	-82.938202
19832.080078	-80.786270
19837.463379	-82.490639
19842.846680	-80.630058
19848.229980	-79.882195
19853.613281	-81.177742
19858.996582	-79.192307
19864.379883	-80.217247
19869.763184	-79.062248
19875.146484	-78.718323
19880.529785	-80.324928
19885.913086	-78.876442
19891.296387	-79.956711
19896.679688	-79.783852
19902.062988	-79.583961
19907.446289	-80.588158
19912.829590	-79.823425
19918.212891	-80.337318
19923.596191	-79.550835
19928.979492	-79.063232
19934.362793	-78.196091
19939.746094	-78.165611
19945.129395	-80.752640
19950.512695	-78.680054
19955.895996	-81.342857
19961.279297	-81.637024
19966.662598	-82.778229
19972.045898	-84.324265
19977.429199	-80.912003
19982.812500	-85.236465
19988.195801	-82.491302
19993.579102	-81.278343
19998.962402	-84.441147
20004.345703	-82.697098
20009.729004	-83.665817
20015.112305	-83.872459
20020.495605	-82.831345
20025.878906	-87.273598
20031.262207	-84.622421
20036.645508	-85.286644
20042.028809	-86.553085
20047.412109	-84.737373
20052.795410	-88.067917
20058.178711	-87.253319
20063.562012	-89.058311
20068.945312	-90.422020
20074.328613	-89.853981
20079.711914	-97.360161
20085.095215	-91.014992
20090.478516	-92.306953
20095.861816	-91.572189
20101.245117	-89.282585
20106.628418	-89.816437
20112.011719	-85.219490
20117.395020	-90.685623
20122.778320	-88.162857
20128.161621	-88.433624
20133.544922	-90.392960
20138.928223	-90.022263
20144.311523	-88.741730
20149.694824	-89.511871
20155.078125	-90.175308
20160.461426	-89.603477
20165.844727	-86.963615
20171.228027	-85.890991
20176.611328	-86.226845
20181.994629	-84.003845
20187.377930	-84.198776
20192.761230	-84.868576
20198.144531	-83.823624
20203.527832	-84.295303
20208.911133	-83.672813
20214.294434	-83.871010
20219.677734	-84.729370
20225.061035	-83.450325
20230.444336	-85.704605
20235.827637	-83.646568
20241.210938	-84.297646
20246.594238	-85.166153
20251.977539	-82.412895
20257.360840	-83.733002
20262.744141	-82.135406
20268.127441	-81.918716
20273.510742	-82.644653
20278.894043	-80.120659
20284.277344	-83.587845
20289.660645	-80.424934
20295.043945	-80.446892
20300.427246	-82.051468
20305.810547	-79.156425
20311.193848	-81.882812
20316.577148	-79.805183
20321.960449	-80.900177
20327.343750	-83.421143
20332.727051	-79.671997
20338.110352	-82.052689
20343.493652	-80.793739
20348.876953	-80.833725
20354.260254	-83.537666
20359.643555	-80.459145
20365.026855	-85.610214
20370.410156	-83.732742
20375.793457	-83.043816
20381.176758	-87.410980
20386.560059	-81.140114
20391.943359	-83.755966
20397.326660	-83.333076
20402.709961	-83.868340
20408.093262	-88.764275
20413.476562	-88.092979
20418.859863	-97.434349
20424.243164	-90.908058
20429.626465	-88.462051
20435.009766	-83.817833
20440.393066	-83.619339
20445.776367	-84.512718
20451.159668	-84.789696
20456.542969	-90.451263
20461.926270	-86.652695
20467.309570	-90.847038
20472.692871	-87.373833
20478.076172	-83.726402
20483.459473	-87.591682
20488.842773	-81.930862
20494.226074	-83.999924
20499.609375	-83.656204
20504.992676	-83.339134
20510.375977	-89.055138
20515.759277	-86.607651
20521.142578	-84.850052
20526.525879	-87.178581
20531.909180	-82.941635
20537.292480	-87.277252
20542.675781	-84.145821
20548.059082	-87.220093
20553.442383	-87.178062
20558.825684	-85.451553
20564.208984	-87.605415
20569.592285	-86.682137
20574.975586	-85.160538
20580.358887	-90.146240
20585.742188	-88.036819
20591.125488	-94.731850
20596.508789	-90.735359
20601.892090	-92.870651
20607.275391	-96.208687
20612.658691	-92.397079
20618.041992	-90.730293
20623.425293	-95.782043
20628.808594	-89.935333
20634.191895	-90.695000
20639.575195	-93.054184
20644.958496	-92.777275
20650.341797	-96.375496
20655.725098	-100.171700
20661.108398	-95.136909
20666.491699	-90.794769
20671.875000	-92.360939
20677.258301	-93.732880
20682.641602	-96.162445
20688.024902	-93.472099
20693.408203	-92.871910
20698.791504	-90.846397
20704.174805	-89.677750
20709.558105	-93.311501
20714.941406	-88.659409
20720.324707	-90.208542
20725.708008	-88.309090
20731.091309	-89.058952
20736.474609	-89.271118
20741.857910	-89.769958
20747.241211	-88.403046
20752.624512	-90.701706
20758.007812	-86.575760
20763.391113	-89.447067
20768.774414	-88.310043
20774.157715	-89.713692
20779.541016	-96.435837
20784.924316	-92.866737
20790.307617	-94.418930
20795.690918	-94.012192
20801.074219	-90.307259
20806.457520	-88.195023
20811.840820	-87.434303
20817.224121	-88.564224
20822.607422	-84.948006
20827.990723	-90.543694
20833.374023	-89.652000
20838.757324	-90.270393
20844.140625	-95.613396
20849.523926	-92.705627
20854.907227	-91.330353
20860.290527	-89.537437
20865.673828	-88.864662
20871.057129	-91.456665
20876.440430	-89.325005
20881.823730	-91.577965
20887.207031	-89.332031
20892.590332	-87.418091
20897.973633	-88.128899
20903.356934	-89.238342
20908.740234	-87.174332
20914.123535	-90.326500
20919.506836	-89.918777
20924.890137	-91.296432
20930.273438	-91.682220
20935.656738	-91.607292
20941.040039	-89.133743
20946.423340	-86.956131
20951.806641	-88.307518
20957.189941	-91.157959
20962.573242	-95.296852
20967.956543	-98.598305
20973.339844	-93.115852
20978.723145	-90.698463
20984.106445	-88.039360
20989.489746	-88.572220
20994.873047	-91.284264
21000.256348	-91.116829
21005.639648	-98.192871
21011.022949	-100.135994
21016.406250	-91.628601
21021.789551	-89.905128
21027.172852	-89.828537
21032.556152	-88.449493
21037.939453	-90.209633
21043.322754	-95.034439
21048.706055	-89.752243
21054.089355	-91.958023
21059.472656	-90.477776
21064.855957	-88.944824
21070.239258	-90.640152
21075.622559	-88.799736
21081.005859	-94.381073
21086.389160	-95.465080
21091.772461	-90.994072
21097.155762	-93.640129
21102.539062	-91.567070
21107.922363	-89.345383
21113.305664	-89.146446
21118.688965	-95.291954
21124.072266	-92.992950
21129.455566	-90.123764
21134.838867	-94.546181
21140.222168	-87.375671
21145.605469	-86.930588
21150.988770	-89.716621
21156.372070	-88.367996
21161.755371	-89.566322
21167.138672	-86.645676
21172.521973	-90.077728
21177.905273	-94.008743
21183.288574	-87.059723
21188.671875	-90.134262
21194.055176	-90.230797
21199.438477	-85.348595
21204.821777	-91.883018
21210.205078	-88.662613
21215.588379	-90.282074
21220.971680	-96.289986
21226.354980	-87.852730
21231.738281	-89.904518
21237.121582	-84.913979
21242.504883	-85.306870
21247.888184	-88.859016
21253.271484	-84.764259
21258.654785	-88.852165
21264.038086	-88.252937
21269.421387	-87.341499
21274.804688	-90.603325
21280.187988	-89.116562
21285.571289	-85.702995
21290.954590	-86.275314
21296.337891	-87.185730
21301.721191	-88.066528
21307.104492	-90.881615
21312.487793	-88.834053
21317.871094	-89.543892
21323.254395	-91.467140
21328.637695	-86.664421
21334.020996	-89.197517
21339.404297	-87.047470
21344.787598	-86.587021
21350.170898	-92.284409
21355.554199	-89.411552
21360.937500	-90.726906
21366.320801	-94.226692
21371.704102	-90.931824
21377.087402	-92.474220
21382.470703	-93.270981
21387.854004	-89.861565
21393.237305	-94.023705
21398.620605	-88.109383
21404.003906	-89.112526
21409.387207	-95.301285
21414.770508	-90.912491
21420.153809	-95.982887
21425.537109	-93.770210
21430.920410	-90.695732
21436.303711	-88.329803
21441.687012	-89.475883
21447.070312	-93.532066
21452.453613	-89.307060
21457.836914	-92.076431
21463.220215	-95.914345
21468.603516	-93.708672
21473.986816	-92.701355
21479.370117	-91.380379
21484.753418	-90.648689
21490.136719	-90.815491
21495.520020	-91.247932
21500.903320	-98.372421
21506.286621	-95.213120
21511.669922	-94.801369
21517.053223	-96.084412
21522.436523	-95.290192
21527.819824	-96.346069
21533.203125	-95.293488
21538.586426	-93.386726
21543.969727	-95.200546
21549.353027	-96.954247
21554.736328	-92.804680
21560.119629	-95.948402
21565.502930	-99.705788
21570.886230	-95.121696
21576.269531	-94.871704
21581.652832	-92.487228
21587.036133	-88.160851
21592.419434	-90.133240
21597.802734	-87.147453
21603.186035	-87.374390
21608.569336	-87.413986
21613.952637	-86.243233
21619.335938	-85.704330
21624.719238	-86.060425
21630.102539	-83.846695
21635.485840	-84.225632
21640.869141	-82.542030
21646.252441	-81.928223
21651.635742	-81.905243
21657.019043	-81.088783
21662.402344	-81.533241
21667.785645	-82.321922
21673.168945	-82.791512
21678.552246	-83.884026
21683.935547	-85.291153
21689.318848	-85.837601
21694.702148	-86.422676
21700.085449	-87.307755
21705.468750	-87.038666
21710.852051	-86.817627
21716.235352	-86.267807
21721.618652	-84.856903
21727.001953	-85.946609
21732.385254	-83.857384
21737.768555	-85.449898
21743.151855	-84.038269
21748.535156	-83.812256
21753.918457	-83.649010
21759.301758	-82.900421
21764.685059	-84.903076
21770.068359	-83.195366
21775.451660	-84.438721
21780.834961	-83.821693
21786.218262	-83.788986
21791.601562	-83.677376
21796.984863	-81.962883
21802.368164	-82.318626
21807.751465	-79.965820
21813.134766	-78.561157
21818.518066	-75.687920
21823.901367	-74.590332
21829.284668	-74.291382
21834.667969	-74.507530
21840.051270	-76.113129
21845.434570	-77.504219
21850.817871	-79.164078
21856.201172	-80.635315
21861.584473	-81.877159
21866.967773	-83.045654
21872.351074	-82.884697
21877.734375	-83.276138
21883.117676	-84.183197
21888.500977	-85.022057
21893.884277	-86.048782
21899.267578	-87.054909
21904.650879	-86.895630
21910.034180	-88.310616
21915.417480	-88.779831
21920.800781	-88.913445
21926.184082	-89.525604
21931.567383	-89.234329
21936.950684	-90.033539
21942.333984	-90.894218
21947.717285	-91.119751
21953.100586	-92.922523
21958.483887	-90.943535
21963.867188	-91.443298
21969.250488	-89.581306
21974.633789	-91.167374
21980.017090	-90.772186
21985.400391	-91.099289
21990.783691	-90.022209
21996.166992	-88.446815
22001.550293	-89.303207
22006.933594	-88.206322
22012.316895	-87.334442
22017.700195	-87.462799
22023.083496	-86.097137
22028.466797	-87.248131
22033.850098	-86.478790
22039.233398	-86.560623
22044.616699	-86.070053
