Frequency (Hz)	Level (dB)
5.383301	-32.866730
10.766602	-30.772266
16.149902	-30.833460
21.533203	-30.874634
26.916504	-30.245535
32.299805	-29.139179
37.683105	-28.101231
43.066406	-27.632187
48.449707	-27.167273
53.833008	-27.826736
59.216309	-29.357597
64.599609	-30.399801
69.982910	-30.061741
75.366211	-28.855429
80.749512	-28.193327
86.132812	-28.512001
91.516113	-29.401569
96.899414	-30.869350
102.282715	-32.008995
107.666016	-32.409485
113.049316	-32.119480
118.432617	-31.614326
123.815918	-31.481350
129.199219	-31.173759
134.582520	-31.783617
139.965820	-33.519314
145.349121	-34.778069
150.732422	-34.529331
156.115723	-35.066090
161.499023	-36.787838
166.882324	-37.923977
172.265625	-38.981644
177.648926	-37.848499
183.032227	-36.351292
188.415527	-35.095768
193.798828	-35.101822
199.182129	-35.781525
204.565430	-36.773029
209.948730	-38.805973
215.332031	-41.062881
220.715332	-41.546654
226.098633	-43.749489
231.481934	-44.371685
236.865234	-46.489113
242.248535	-46.459957
247.631836	-43.562660
253.015137	-45.372288
258.398438	-48.316792
263.781738	-52.335205
269.165039	-55.417549
274.548340	-47.410107
279.931641	-42.597359
285.314941	-44.446014
290.698242	-44.354321
296.081543	-43.880455
301.464844	-41.543327
306.848145	-39.761616
312.231445	-40.817993
317.614746	-41.156765
322.998047	-41.699574
328.381348	-40.412781
333.764648	-38.951817
339.147949	-37.026192
344.531250	-36.144253
349.914551	-38.681870
355.297852	-41.138214
360.681152	-43.983379
366.064453	-40.968994
371.447754	-42.605225
376.831055	-43.187370
382.214355	-44.729370
387.597656	-47.541370
392.980957	-46.531857
398.364258	-40.527931
403.747559	-36.857899
409.130859	-39.267002
414.514160	-44.227375
419.897461	-44.073799
425.280762	-44.564289
430.664062	-44.307800
436.047363	-46.210339
441.430664	-47.625454
446.813965	-43.554676
452.197266	-40.616241
457.580566	-38.697563
462.963867	-38.366135
468.347168	-40.357109
473.730469	-42.861408
479.113770	-41.651676
484.497070	-40.054352
489.880371	-38.420967
495.263672	-38.189621
500.646973	-41.235783
506.030273	-42.774006
511.413574	-43.850266
516.796875	-38.485176
522.180176	-38.019871
527.563477	-34.913185
532.946777	-34.811077
538.330078	-35.894592
543.713379	-32.856152
549.096680	-32.374706
554.479980	-34.225433
559.863281	-34.128979
565.246582	-36.338837
570.629883	-36.694347
576.013184	-39.200790
581.396484	-39.292892
586.779785	-39.780064
592.163086	-40.699635
597.546387	-42.875793
602.929688	-39.593876
608.312988	-39.927910
613.696289	-37.933590
619.079590	-36.989521
624.462891	-35.953655
629.846191	-34.706470
635.229492	-34.665276
640.612793	-36.235809
645.996094	-37.789581
651.379395	-38.713219
656.762695	-40.003799
662.145996	-43.134151
667.529297	-46.370075
672.912598	-46.154396
678.295898	-48.897114
683.679199	-53.742218
689.062500	-54.676472
694.445801	-52.294502
699.829102	-52.279602
705.212402	-56.372990
710.595703	-57.311615
715.979004	-54.342518
721.362305	-53.775093
726.745605	-51.969360
732.128906	-53.610352
737.512207	-50.153652
742.895508	-46.242443
748.278809	-45.349552
753.662109	-46.742092
759.045410	-49.205090
764.428711	-48.916748
769.812012	-50.623173
775.195312	-50.472691
780.578613	-50.003349
785.961914	-49.293339
791.345215	-46.559380
796.728516	-44.964020
802.111816	-45.346275
807.495117	-46.765686
812.878418	-46.736752
818.261719	-47.631969
823.645020	-49.232742
829.028320	-51.008114
834.411621	-52.162174
839.794922	-52.077175
845.178223	-51.692860
850.561523	-51.571388
855.944824	-51.754917
861.328125	-52.820774
866.711426	-51.221134
872.094727	-49.371719
877.478027	-49.052711
882.861328	-49.114227
888.244629	-51.297932
893.627930	-56.457340
899.011230	-59.083218
904.394531	-54.008190
909.777832	-51.135437
915.161133	-49.195847
920.544434	-48.061050
925.927734	-48.777767
931.311035	-48.134911
936.694336	-47.676479
942.077637	-48.381390
947.460938	-47.890415
952.844238	-46.685749
958.227539	-45.319782
963.610840	-45.087429
968.994141	-45.048622
974.377441	-45.447517
979.760742	-45.441502
985.144043	-47.896980
990.527344	-52.098297
995.910645	-57.961128
1001.293945	-62.340164
1006.677246	-57.424950
1012.060547	-53.383335
1017.443848	-52.912060
1022.827148	-55.958912
1028.210449	-57.379818
1033.593750	-60.224457
1038.977051	-65.312851
1044.360352	-71.256416
1049.743652	-71.249702
1055.126953	-67.418106
1060.510254	-64.932571
1065.893555	-64.718323
1071.276855	-63.894501
1076.660156	-60.219612
1082.043457	-55.630283
1087.426758	-53.998775
1092.810059	-51.886723
1098.193359	-51.930874
1103.576660	-55.270416
1108.959961	-59.517475
1114.343262	-62.002243
1119.726562	-63.300323
1125.109863	-59.334793
1130.493164	-56.299595
1135.876465	-54.646400
1141.259766	-56.499767
1146.643066	-62.258575
1152.026367	-67.674179
1157.409668	-64.985077
1162.792969	-58.927658
1168.176270	-56.128418
1173.559570	-55.246254
1178.942871	-55.920727
1184.326172	-56.437214
1189.709473	-58.339230
1195.092773	-61.571518
1200.476074	-58.839512
1205.859375	-55.165985
1211.242676	-55.697544
1216.625977	-57.099930
1222.009277	-57.139679
1227.392578	-61.407959
1232.775879	-60.307617
1238.159180	-58.225388
1243.542480	-58.562164
1248.925781	-57.355618
1254.309082	-58.423374
1259.692383	-59.354671
1265.075684	-54.678421
1270.458984	-52.393433
1275.842285	-52.112209
1281.225586	-51.903641
1286.608887	-55.039162
1291.992188	-59.325878
1297.375488	-63.635101
1302.758789	-62.392159
1308.142090	-54.603359
1313.525391	-52.191006
1318.908691	-52.969494
1324.291992	-51.884327
1329.675293	-51.133961
1335.058594	-50.573284
1340.441895	-53.602615
1345.825195	-57.692429
1351.208496	-54.400345
1356.591797	-52.481331
1361.975098	-53.136173
1367.358398	-52.658127
1372.741699	-52.430840
1378.125000	-53.600304
1383.508301	-53.590721
1388.891602	-53.860153
1394.274902	-51.602604
1399.658203	-49.454357
1405.041504	-48.859623
1410.424805	-49.764587
1415.808105	-49.254452
1421.191406	-51.192314
1426.574707	-54.133923
1431.958008	-54.133492
1437.341309	-50.828907
1442.724609	-48.676422
1448.107910	-47.989597
1453.491211	-47.060257
1458.874512	-47.573689
1464.257812	-48.248253
1469.641113	-50.289452
1475.024414	-55.256180
1480.407715	-52.293961
1485.791016	-47.732658
1491.174316	-44.821274
1496.557617	-43.985100
1501.940918	-44.396801
1507.324219	-44.734547
1512.707520	-44.395565
1518.090820	-44.053391
1523.474121	-43.036007
1528.857422	-43.944286
1534.240723	-48.117573
1539.624023	-54.647175
1545.007324	-53.111610
1550.390625	-54.351749
1555.773926	-52.567570
1561.157227	-49.705185
1566.540527	-48.222149
1571.923828	-47.827854
1577.307129	-48.921368
1582.690430	-51.443665
1588.073730	-53.980068
1593.457031	-54.131138
1598.840332	-52.175167
1604.223633	-50.946724
1609.606934	-50.584335
1614.990234	-51.711189
1620.373535	-53.753120
1625.756836	-56.114796
1631.140137	-56.357468
1636.523438	-54.199211
1641.906738	-52.318348
1647.290039	-51.774860
1652.673340	-53.628075
1658.056641	-52.613358
1663.439941	-50.634979
1668.823242	-49.705597
1674.206543	-48.922634
1679.589844	-48.456928
1684.973145	-48.704708
1690.356445	-50.105389
1695.739746	-54.073341
1701.123047	-59.561543
1706.506348	-54.796249
1711.889648	-51.588600
1717.272949	-50.941753
1722.656250	-51.795841
1728.039551	-52.489086
1733.422852	-53.200718
1738.806152	-55.459240
1744.189453	-56.933132
1749.572754	-60.917023
1754.956055	-57.633400
1760.339355	-55.425995
1765.722656	-53.162876
1771.105957	-52.108112
1776.489258	-56.112961
1781.872559	-56.641804
1787.255859	-54.687603
1792.639160	-49.442268
1798.022461	-44.269314
1803.405762	-38.669884
1808.789062	-36.508007
1814.172363	-43.402378
1819.555664	-57.802429
1824.938965	-59.339722
1830.322266	-58.212772
1835.705566	-58.362026
1841.088867	-55.673393
1846.472168	-59.585140
1851.855469	-55.764149
1857.238770	-57.837826
1862.622070	-56.837048
1868.005371	-53.781376
1873.388672	-59.830112
1878.771973	-51.577770
1884.155273	-49.768291
1889.538574	-50.238857
1894.921875	-41.304813
1900.305176	-36.107056
1905.688477	-39.204731
1911.071777	-49.109741
1916.455078	-61.162533
1921.838379	-63.882195
1927.221680	-61.157631
1932.604980	-60.266716
1937.988281	-59.939262
1943.371582	-62.672272
1948.754883	-65.386345
1954.138184	-66.545769
1959.521484	-68.298553
1964.904785	-65.190048
1970.288086	-59.752800
1975.671387	-57.474888
1981.054688	-57.514610
1986.437988	-59.968956
1991.821289	-59.887848
1997.204590	-60.947277
2002.587891	-59.227779
2007.971191	-61.062782
2013.354492	-63.214729
2018.737793	-59.747959
2024.121094	-57.859421
2029.504395	-58.249805
2034.887695	-60.431377
2040.270996	-56.549923
2045.654297	-56.099350
2051.037598	-59.255833
2056.420898	-57.282021
2061.804199	-55.553181
2067.187500	-56.123249
2072.570801	-52.843960
2077.954102	-53.048306
2083.337402	-57.559669
2088.720703	-62.787270
2094.104004	-58.182812
2099.487305	-54.565716
2104.870605	-55.411865
2110.253906	-59.243095
2115.637207	-63.213531
2121.020508	-66.036064
2126.403809	-67.928535
2131.787109	-69.305260
2137.170410	-64.540688
2142.553711	-61.881721
2147.937012	-59.942917
2153.320312	-57.456993
2158.703613	-57.245140
2164.086914	-58.493080
2169.470215	-58.585693
2174.853516	-60.836761
2180.236816	-63.201202
2185.620117	-60.725067
2191.003418	-58.299255
2196.386719	-57.436840
2201.770020	-55.649265
2207.153320	-55.005062
2212.536621	-54.023113
2217.919922	-55.710075
2223.303223	-54.653923
2228.686523	-54.577526
2234.069824	-55.265110
2239.453125	-56.948887
2244.836426	-56.564243
2250.219727	-53.711216
2255.603027	-53.805859
2260.986328	-56.238438
2266.369629	-58.233627
2271.752930	-56.377838
2277.136230	-58.314297
2282.519531	-66.239403
2287.902832	-65.302513
2293.286133	-66.359665
2298.669434	-72.680908
2304.052734	-69.737137
2309.436035	-69.532127
2314.819336	-67.811226
2320.202637	-65.768913
2325.585938	-66.526772
2330.969238	-67.149300
2336.352539	-64.614792
2341.735840	-62.342953
2347.119141	-62.181999
2352.502441	-62.592411
2357.885742	-61.664783
2363.269043	-62.723095
2368.652344	-64.757980
2374.035645	-65.852386
2379.418945	-64.707993
2384.802246	-63.117962
2390.185547	-61.735500
2395.568848	-60.816929
2400.952148	-59.109447
2406.335449	-58.748482
2411.718750	-57.410969
2417.102051	-56.419209
2422.485352	-59.942398
2427.868652	-63.744724
2433.251953	-61.090172
2438.635254	-58.544178
2444.018555	-58.467468
2449.401855	-59.405224
2454.785156	-62.282066
2460.168457	-65.568069
2465.551758	-68.426628
2470.935059	-66.084160
2476.318359	-64.808830
2481.701660	-63.689972
2487.084961	-63.351978
2492.468262	-60.756695
2497.851562	-59.098495
2503.234863	-57.043835
2508.618164	-54.683407
2514.001465	-52.928101
2519.384766	-53.315323
2524.768066	-55.773491
2530.151367	-59.444378
2535.534668	-65.251244
2540.917969	-69.099174
2546.301270	-65.747459
2551.684570	-61.604279
2557.067871	-59.173092
2562.451172	-59.957226
2567.834473	-61.264515
2573.217773	-61.587685
2578.601074	-64.449348
2583.984375	-70.305153
2589.367676	-76.733238
2594.750977	-69.665749
2600.134277	-62.355625
2605.517578	-59.977146
2610.900879	-58.831974
2616.284180	-56.522137
2621.667480	-55.263096
2627.050781	-55.298191
2632.434082	-56.453674
2637.817383	-58.179501
2643.200684	-58.606697
2648.583984	-54.956661
2653.967285	-51.467880
2659.350586	-50.685787
2664.733887	-50.286442
2670.117188	-50.327686
2675.500488	-50.680088
2680.883789	-52.448151
2686.267090	-56.875751
2691.650391	-59.560230
2697.033691	-52.173607
2702.416992	-46.281940
2707.800293	-45.877094
2713.183594	-49.457363
2718.566895	-47.944565
2723.950195	-47.896988
2729.333496	-49.801296
2734.716797	-51.022030
2740.100098	-53.086124
2745.483398	-52.825333
2750.866699	-49.575584
2756.250000	-46.539776
2761.633301	-44.052982
2767.016602	-41.597733
2772.399902	-40.344482
2777.783203	-40.895622
2783.166504	-42.100777
2788.549805	-44.520393
2793.933105	-45.227673
2799.316406	-44.965954
2804.699707	-46.908272
2810.083008	-49.326950
2815.466309	-56.154118
2820.849609	-59.124596
2826.232910	-56.140213
2831.616211	-53.207443
2836.999512	-52.914284
2842.382812	-52.244999
2847.766113	-50.575733
2853.149414	-50.778778
2858.532715	-49.669945
2863.916016	-49.197540
2869.299316	-48.499100
2874.682617	-47.405560
2880.065918	-48.759666
2885.449219	-48.578739
2890.832520	-46.669167
2896.215820	-44.831108
2901.599121	-43.316917
2906.982422	-43.284573
2912.365723	-44.046879
2917.749023	-46.244003
2923.132324	-48.912937
2928.515625	-50.308228
2933.898926	-51.243450
2939.282227	-51.537708
2944.665527	-53.324299
2950.048828	-56.149170
2955.432129	-57.351410
2960.815430	-58.932823
2966.198730	-57.372028
2971.582031	-58.303265
2976.965332	-56.471329
2982.348633	-57.010979
2987.731934	-59.052715
2993.115234	-58.582321
2998.498535	-58.746746
3003.881836	-58.918373
3009.265137	-57.845119
3014.648438	-58.106255
3020.031738	-57.494511
3025.415039	-57.558624
3030.798340	-58.325378
3036.181641	-59.592945
3041.564941	-61.193897
3046.948242	-62.739559
3052.331543	-64.148361
3057.714844	-61.600689
3063.098145	-59.400593
3068.481445	-58.976505
3073.864746	-59.075890
3079.248047	-59.477501
3084.631348	-59.471870
3090.014648	-60.904739
3095.397949	-63.240959
3100.781250	-65.547737
3106.164551	-68.210770
3111.547852	-65.761559
3116.931152	-63.818714
3122.314453	-63.685612
3127.697754	-62.062511
3133.081055	-60.742916
3138.464355	-61.233887
3143.847656	-62.285038
3149.230957	-63.029961
3154.614258	-65.134918
3159.997559	-66.138184
3165.380859	-65.408302
3170.764160	-61.146019
3176.147461	-58.992718
3181.530762	-59.180702
3186.914062	-59.322487
3192.297363	-59.685833
3197.680664	-60.858849
3203.063965	-60.266773
3208.447266	-60.220524
3213.830566	-61.593578
3219.213867	-61.230236
3224.597168	-59.339024
3229.980469	-59.109287
3235.363770	-60.938522
3240.747070	-58.627392
3246.130371	-59.241692
3251.513672	-60.510357
3256.896973	-62.798519
3262.280273	-64.518761
3267.663574	-62.639690
3273.046875	-60.413757
3278.430176	-58.781605
3283.813477	-58.015060
3289.196777	-59.926434
3294.580078	-61.380264
3299.963379	-61.891449
3305.346680	-61.205894
3310.729980	-59.380302
3316.113281	-60.602638
3321.496582	-58.287308
3326.879883	-58.811565
3332.263184	-58.172928
3337.646484	-63.404118
3343.029785	-60.045582
3348.413086	-59.581985
3353.796387	-64.058693
3359.179688	-58.381580
3364.562988	-60.149803
3369.946289	-64.926270
3375.329590	-58.548683
3380.712891	-60.274151
3386.096191	-64.391922
3391.479492	-56.476597
3396.862793	-53.423767
3402.246094	-52.575565
3407.629395	-55.192738
3413.012695	-64.816368
3418.395996	-56.219986
3423.779297	-54.524544
3429.162598	-58.576618
3434.545898	-61.191235
3439.929199	-59.507290
3445.312500	-61.429329
3450.695801	-63.672523
3456.079102	-62.034416
3461.462402	-58.984138
3466.845703	-57.517677
3472.229004	-58.059212
3477.612305	-56.849972
3482.995605	-55.208084
3488.378906	-56.205547
3493.762207	-59.628132
3499.145508	-58.224285
3504.528809	-55.372852
3509.912109	-57.703487
3515.295410	-52.512383
3520.678711	-47.626698
3526.062012	-45.895847
3531.445312	-39.840187
3536.828613	-37.307175
3542.211914	-38.647484
3547.595215	-42.818054
3552.978516	-39.936134
3558.361816	-38.090393
3563.745117	-42.654987
3569.128418	-50.538734
3574.511719	-57.709324
3579.895020	-59.827255
3585.278320	-54.169319
3590.661621	-53.279552
3596.044922	-57.660480
3601.428223	-57.973289
3606.811523	-59.239098
3612.194824	-60.474426
3617.578125	-57.424408
3622.961426	-55.336143
3628.344727	-54.199745
3633.728027	-56.296089
3639.111328	-54.980206
3644.494629	-54.774017
3649.877930	-56.326393
3655.261230	-54.557339
3660.644531	-55.411617
3666.027832	-49.929043
3671.411133	-47.215630
3676.794434	-44.890137
3682.177734	-40.180737
3687.561035	-37.481617
3692.944336	-38.160744
3698.327637	-31.486395
3703.710938	-30.967941
3709.094238	-35.654972
3714.477539	-43.593681
3719.860840	-47.703758
3725.244141	-51.920326
3730.627441	-53.386089
3736.010742	-43.468342
3741.394043	-41.722172
3746.777344	-47.058048
3752.160645	-54.049931
3757.543945	-62.030258
3762.927246	-67.648476
3768.310547	-65.989716
3773.693848	-66.280708
3779.077148	-64.637611
3784.460449	-61.108490
3789.843750	-59.098682
3795.227051	-52.893085
3800.610352	-52.792408
3805.993652	-58.019382
3811.376953	-63.164593
3816.760254	-60.061283
3822.143555	-58.727283
3827.526855	-57.231602
3832.910156	-57.131042
3838.293457	-58.028282
3843.676758	-57.658985
3849.060059	-57.886265
3854.443359	-58.781284
3859.826660	-59.079193
3865.209961	-59.844662
3870.593262	-58.231449
3875.976562	-59.287663
3881.359863	-58.777912
3886.743164	-57.739086
3892.126465	-58.504204
3897.509766	-58.227558
3902.893066	-58.361473
3908.276367	-59.261497
3913.659668	-58.125027
3919.042969	-55.304066
3924.426270	-51.076603
3929.809570	-52.494404
3935.192871	-53.280445
3940.576172	-54.401512
3945.959473	-57.061607
3951.342773	-58.404438
3956.726074	-59.509258
3962.109375	-59.537148
3967.492676	-60.842628
3972.875977	-64.452881
3978.259277	-62.442158
3983.642578	-51.500114
3989.025879	-46.696098
3994.409180	-50.569572
3999.792480	-55.213436
4005.175781	-54.442570
4010.559082	-57.032501
4015.942383	-54.775459
4021.325684	-54.258778
4026.708984	-56.161884
4032.092285	-60.369698
4037.475586	-57.531071
4042.858887	-57.978817
4048.242188	-58.159290
4053.625488	-57.467285
4059.008789	-59.910774
4064.392090	-57.061207
4069.775391	-56.794121
4075.158691	-54.136909
4080.541992	-54.172653
4085.925293	-53.763195
4091.308594	-53.778591
4096.691895	-55.680836
4102.075195	-54.837791
4107.458496	-56.965565
4112.841797	-55.754005
4118.225098	-55.654930
4123.608398	-54.886856
4128.991699	-53.331615
4134.375000	-53.784519
4139.758301	-51.880428
4145.141602	-53.203476
4150.524902	-54.808777
4155.908203	-54.795177
4161.291504	-54.849716
4166.674805	-52.622589
4172.058105	-53.068501
4177.441406	-51.676823
4182.824707	-51.666538
4188.208008	-54.053425
4193.591309	-55.153561
4198.974609	-58.056534
4204.357910	-53.760391
4209.741211	-53.554554
4215.124512	-52.608387
4220.507812	-51.701645
4225.891113	-53.038036
4231.274414	-52.629223
4236.657715	-48.528835
4242.041016	-44.243145
4247.424316	-45.244499
4252.807617	-50.504456
4258.190918	-54.421921
4263.574219	-55.832535
4268.957520	-54.255302
4274.340820	-54.133690
4279.724121	-56.589905
4285.107422	-56.015175
4290.490723	-55.807312
4295.874023	-53.483620
4301.257324	-52.514435
4306.640625	-53.310242
4312.023926	-54.431202
4317.407227	-54.867306
4322.790527	-56.723579
4328.173828	-59.155376
4333.557129	-59.544441
4338.940430	-57.847515
4344.323730	-56.621620
4349.707031	-56.367470
4355.090332	-54.876751
4360.473633	-55.094326
4365.856934	-56.468781
4371.240234	-55.954624
4376.623535	-56.576797
4382.006836	-57.677521
4387.390137	-60.574837
4392.773438	-60.087948
4398.156738	-57.286278
4403.540039	-54.667568
4408.923340	-51.306377
4414.306641	-50.174976
4419.689941	-48.268135
4425.073242	-49.142487
4430.456543	-51.206810
4435.839844	-51.296371
4441.223145	-52.413658
4446.606445	-51.738567
4451.989746	-51.676956
4457.373047	-51.904694
4462.756348	-49.237793
4468.139648	-49.096855
4473.522949	-49.795315
4478.906250	-50.041580
4484.289551	-51.427078
4489.672852	-52.750774
4495.056152	-53.383881
4500.439453	-55.033379
4505.822754	-60.254444
4511.206055	-56.782059
4516.589355	-52.559448
4521.972656	-51.181049
4527.355957	-50.547279
4532.739258	-47.787834
4538.122559	-46.326546
4543.505859	-44.311001
4548.889160	-43.283524
4554.272461	-44.401859
4559.655762	-46.044044
4565.039062	-45.364445
4570.422363	-43.204849
4575.805664	-40.588692
4581.188965	-39.810825
4586.572266	-41.659672
4591.955566	-46.144730
4597.338867	-46.678207
4602.722168	-41.022736
4608.105469	-37.816010
4613.488770	-36.206108
4618.872070	-36.876041
4624.255371	-38.852737
4629.638672	-41.726593
4635.021973	-42.532337
4640.405273	-40.311008
4645.788574	-42.274879
4651.171875	-40.005188
4656.555176	-33.172321
4661.938477	-31.062948
4667.321777	-29.310831
4672.705078	-29.975033
4678.088379	-29.660351
4683.471680	-29.691521
4688.854980	-34.075848
4694.238281	-40.011692
4699.621582	-41.794132
4705.004883	-38.543438
4710.388184	-36.111595
4715.771484	-35.352730
4721.154785	-37.072521
4726.538086	-40.904404
4731.921387	-41.007706
4737.304688	-37.871159
4742.687988	-36.299076
4748.071289	-38.352081
4753.454590	-40.548645
4758.837891	-38.468868
4764.221191	-38.950253
4769.604492	-39.998634
4774.987793	-38.330952
4780.371094	-38.351910
4785.754395	-38.582066
4791.137695	-37.136581
4796.520996	-37.309433
4801.904297	-38.739704
4807.287598	-39.105778
4812.670898	-39.694992
4818.054199	-39.702877
4823.437500	-39.605366
4828.820801	-39.227596
4834.204102	-39.609516
4839.587402	-39.993176
4844.970703	-41.496891
4850.354004	-41.698792
4855.737305	-41.874386
4861.120605	-41.633251
4866.503906	-40.908279
4871.887207	-40.616631
4877.270508	-39.994057
4882.653809	-40.339504
4888.037109	-40.824291
4893.420410	-40.278568
4898.803711	-41.411083
4904.187012	-43.674698
4909.570312	-46.732841
4914.953613	-47.677422
4920.336914	-44.904892
4925.720215	-43.696854
4931.103516	-45.460651
4936.486816	-50.369911
4941.870117	-50.905655
4947.253418	-48.079987
4952.636719	-50.777149
4958.020020	-50.548912
4963.403320	-51.165588
4968.786621	-47.815929
4974.169922	-45.975628
4979.553223	-46.725796
4984.936523	-46.137142
4990.319824	-48.302059
4995.703125	-51.610134
5001.086426	-52.453178
5006.469727	-49.810028
5011.853027	-53.664448
5017.236328	-59.695663
5022.619629	-57.158073
5028.002930	-53.186111
5033.386230	-52.136917
5038.769531	-51.359314
5044.152832	-50.910770
5049.536133	-52.619709
5054.919434	-53.066559
5060.302734	-54.027836
5065.686035	-54.650375
5071.069336	-54.582184
5076.452637	-56.308834
5081.835938	-57.373745
5087.219238	-56.497578
5092.602539	-54.100658
5097.985840	-51.759567
5103.369141	-50.261780
5108.752441	-50.110706
5114.135742	-52.051949
5119.519043	-54.166920
5124.902344	-57.214252
5130.285645	-59.811829
5135.668945	-58.448296
5141.052246	-55.644623
5146.435547	-53.906113
5151.818848	-52.917294
5157.202148	-51.639038
5162.585449	-52.113907
5167.968750	-54.091286
5173.352051	-56.431847
5178.735352	-59.164886
5184.118652	-58.332272
5189.501953	-55.526051
5194.885254	-55.310997
5200.268555	-54.892384
5205.651855	-55.436882
5211.035156	-56.620941
5216.418457	-56.269527
5221.801758	-58.044647
5227.185059	-56.892181
5232.568359	-57.531185
5237.951660	-56.462048
5243.334961	-55.082832
5248.718262	-56.043415
5254.101562	-59.120457
5259.484863	-61.886219
5264.868164	-66.969513
5270.251465	-63.686493
5275.634766	-60.700783
5281.018066	-58.888245
5286.401367	-57.400913
5291.784668	-55.241287
5297.167969	-55.055874
5302.551270	-55.501621
5307.934570	-54.094620
5313.317871	-53.311092
5318.701172	-53.349419
5324.084473	-53.939587
5329.467773	-55.453815
5334.851074	-58.701870
5340.234375	-60.417728
5345.617676	-58.552956
5351.000977	-55.996964
5356.384277	-55.515041
5361.767578	-53.408844
5367.150879	-52.315628
5372.534180	-52.261574
5377.917480	-53.488400
5383.300781	-55.756123
5388.684082	-56.447777
5394.067383	-53.169212
5399.450684	-49.838264
5404.833984	-48.547905
5410.217285	-48.183956
5415.600586	-48.651787
5420.983887	-51.986782
5426.367188	-57.069260
5431.750488	-56.963825
5437.133789	-50.782024
5442.517090	-48.478683
5447.900391	-47.414761
5453.283691	-46.379574
5458.666992	-46.465260
5464.050293	-48.453308
5469.433594	-52.283520
5474.816895	-57.308937
5480.200195	-56.265610
5485.583496	-54.453617
5490.966797	-53.145554
5496.350098	-54.246738
5501.733398	-53.696259
5507.116699	-52.300117
5512.500000	-51.451904
5517.883301	-49.906155
5523.266602	-51.131695
5528.649902	-54.358410
5534.033203	-56.463486
5539.416504	-58.309696
5544.799805	-56.256012
5550.183105	-56.455040
5555.566406	-59.678848
5560.949707	-56.463875
5566.333008	-54.148396
5571.716309	-54.199726
5577.099609	-52.883717
5582.482910	-52.449268
5587.866211	-55.150379
5593.249512	-51.490215
5598.632812	-46.214294
5604.016113	-48.310986
5609.399414	-55.912502
5614.782715	-52.445808
5620.166016	-54.079571
5625.549316	-57.169872
5630.932617	-57.448170
5636.315918	-55.818699
5641.699219	-52.360516
5647.082520	-52.655243
5652.465820	-56.763264
5657.849121	-51.989086
5663.232422	-48.952389
5668.615723	-47.327667
5673.999023	-48.689423
5679.382324	-51.910076
5684.765625	-52.819977
5690.148926	-54.498287
5695.532227	-59.274529
5700.915527	-55.543335
5706.298828	-53.560894
5711.682129	-52.584850
5717.065430	-48.418819
5722.448730	-49.535496
5727.832031	-47.051708
5733.215332	-45.838402
5738.598633	-51.735207
5743.981934	-54.964653
5749.365234	-53.964890
5754.748535	-55.895729
5760.131836	-55.075623
5765.515137	-56.405823
5770.898438	-57.931126
5776.281738	-53.467354
5781.665039	-48.182743
5787.048340	-45.704449
5792.431641	-44.134232
5797.814941	-42.140804
5803.198242	-44.285465
5808.581543	-49.209316
5813.964844	-46.072338
5819.348145	-48.654205
5824.731445	-56.631821
5830.114746	-53.016373
5835.498047	-50.385712
5840.881348	-52.073433
5846.264648	-51.476456
5851.647949	-53.157803
5857.031250	-57.329517
5862.414551	-56.788353
5867.797852	-54.781700
5873.181152	-54.246693
5878.564453	-55.444538
5883.947754	-59.486210
5889.331055	-65.979729
5894.714355	-62.579578
5900.097656	-56.542286
5905.480957	-55.977905
5910.864258	-57.319359
5916.247559	-60.462154
5921.630859	-62.373917
5927.014160	-59.873127
5932.397461	-59.098507
5937.780762	-58.372593
5943.164062	-54.219437
5948.547363	-54.157253
5953.930664	-56.207256
5959.313965	-52.348827
5964.697266	-52.496159
5970.080566	-56.671829
5975.463867	-61.594868
5980.847168	-59.269169
5986.230469	-54.911472
5991.613770	-53.926266
5996.997070	-56.336285
6002.380371	-58.131874
6007.763672	-53.973438
6013.146973	-50.486053
6018.530273	-50.477711
6023.913574	-51.120628
6029.296875	-51.301643
6034.680176	-52.943417
6040.063477	-52.454292
6045.446777	-51.056812
6050.830078	-49.661636
6056.213379	-51.569283
6061.596680	-55.684364
6066.979980	-60.876381
6072.363281	-57.606663
6077.746582	-53.714046
6083.129883	-55.013340
6088.513184	-61.331680
6093.896484	-54.216789
6099.279785	-49.116360
6104.663086	-45.931767
6110.046387	-45.856705
6115.429688	-46.454216
6120.812988	-44.180305
6126.196289	-43.917614
6131.579590	-46.963242
6136.962891	-50.234596
6142.346191	-45.699955
6147.729492	-39.686954
6153.112793	-37.804295
6158.496094	-37.704388
6163.879395	-36.558231
6169.262695	-36.884251
6174.645996	-38.923515
6180.029297	-37.879692
6185.412598	-37.553520
6190.795898	-36.966965
6196.179199	-37.149830
6201.562500	-36.991619
6206.945801	-35.685146
6212.329102	-34.632587
6217.712402	-34.074848
6223.095703	-34.600685
6228.479004	-36.486713
6233.862305	-38.460995
6239.245605	-37.416428
6244.628906	-39.165047
6250.012207	-43.469910
6255.395508	-39.117722
6260.778809	-38.440144
6266.162109	-42.176048
6271.545410	-44.617359
6276.928711	-38.382946
6282.312012	-36.552807
6287.695312	-39.070091
6293.078613	-42.937035
6298.461914	-42.688545
6303.845215	-41.723289
6309.228516	-42.342773
6314.611816	-42.939861
6319.995117	-39.800529
6325.378418	-38.172276
6330.761719	-38.227730
6336.145020	-37.887234
6341.528320	-36.764668
6346.911621	-33.911377
6352.294922	-30.588646
6357.678223	-30.998064
6363.061523	-35.468426
6368.444824	-43.670998
6373.828125	-48.297619
6379.211426	-42.784771
6384.594727	-40.862514
6389.978027	-43.805531
6395.361328	-44.148685
6400.744629	-45.522949
6406.127930	-48.787239
6411.511230	-44.970448
6416.894531	-47.562679
6422.277832	-49.448803
6427.661133	-51.348946
6433.044434	-52.681938
6438.427734	-49.491562
6443.811035	-49.598812
6449.194336	-46.827057
6454.577637	-46.247581
6459.960938	-48.038319
6465.344238	-47.692066
6470.727539	-48.856258
6476.110840	-53.018745
6481.494141	-54.183632
6486.877441	-55.833359
6492.260742	-58.677174
6497.644043	-59.772491
6503.027344	-54.107475
6508.410645	-55.844810
6513.793945	-59.086010
6519.177246	-57.235413
6524.560547	-60.527519
6529.943848	-69.126717
6535.327148	-68.883858
6540.710449	-65.303406
6546.093750	-58.081837
6551.477051	-55.999630
6556.860352	-53.995335
6562.243652	-54.681381
6567.626953	-60.956875
6573.010254	-54.550278
6578.393555	-55.369869
6583.776855	-50.739407
6589.160156	-50.960087
6594.543457	-49.051086
6599.926758	-49.205414
6605.310059	-52.744946
6610.693359	-59.433247
6616.076660	-57.648392
6621.459961	-55.727207
6626.843262	-57.683144
6632.226562	-60.446186
6637.609863	-61.277218
6642.993164	-64.317619
6648.376465	-65.035805
6653.759766	-63.329742
6659.143066	-62.818798
6664.526367	-61.816746
6669.909668	-62.759018
6675.292969	-66.490448
6680.676270	-70.278381
6686.059570	-66.224052
6691.442871	-60.293892
6696.826172	-57.822098
6702.209473	-60.303627
6707.592773	-57.742523
6712.976074	-56.264381
6718.359375	-59.877125
6723.742676	-62.605125
6729.125977	-61.031807
6734.509277	-61.512432
6739.892578	-64.769669
6745.275879	-71.436157
6750.659180	-71.183571
6756.042480	-67.445366
6761.425781	-65.468956
6766.809082	-67.377136
6772.192383	-69.662109
6777.575684	-69.207718
6782.958984	-67.880226
6788.342285	-65.349480
6793.725586	-64.646576
6799.108887	-65.798431
6804.492188	-67.795418
6809.875488	-69.866058
6815.258789	-70.827950
6820.642090	-70.460587
6826.025391	-66.583664
6831.408691	-65.215843
6836.791992	-63.715126
6842.175293	-62.784626
6847.558594	-63.542423
6852.941895	-64.010612
6858.325195	-66.478416
6863.708496	-71.082779
6869.091797	-70.275238
6874.475098	-69.653084
6879.858398	-65.804779
6885.241699	-63.297962
6890.625000	-65.739311
6896.008301	-68.440735
6901.391602	-70.982941
6906.774902	-72.548653
6912.158203	-68.625687
6917.541504	-65.837250
6922.924805	-60.300179
6928.308105	-54.080566
6933.691406	-56.027512
6939.074707	-61.684555
6944.458008	-67.806808
6949.841309	-65.452164
6955.224609	-67.268867
6960.607910	-62.534710
6965.991211	-64.426361
6971.374512	-64.767868
6976.757812	-63.287563
6982.141113	-66.622337
6987.524414	-63.997971
6992.907715	-67.352562
6998.291016	-64.045479
7003.674316	-63.697216
7009.057617	-63.493980
7014.440918	-61.772781
7019.824219	-64.483818
7025.207520	-64.018631
7030.590820	-65.135712
7035.974121	-66.454346
7041.357422	-64.143456
7046.740723	-65.438293
7052.124023	-62.579681
7057.507324	-62.708782
7062.890625	-63.311684
7068.273926	-62.742035
7073.657227	-65.507370
7079.040527	-65.319450
7084.423828	-67.676926
7089.807129	-69.020630
7095.190430	-68.071724
7100.573730	-68.351524
7105.957031	-64.440781
7111.340332	-64.869293
7116.723633	-61.071823
7122.106934	-63.038677
7127.490234	-60.931038
7132.873535	-59.148117
7138.256836	-61.771282
7143.640137	-61.166489
7149.023438	-61.111637
7154.406738	-58.300911
7159.790039	-57.501644
7165.173340	-63.252419
7170.556641	-60.237843
7175.939941	-60.233509
7181.323242	-64.130142
7186.706543	-59.199596
7192.089844	-61.075905
7197.473145	-66.645737
7202.856445	-63.300949
7208.239746	-66.372223
7213.623047	-70.764732
7219.006348	-69.376495
7224.389648	-61.773060
7229.772949	-60.223461
7235.156250	-61.086712
7240.539551	-58.308495
7245.922852	-58.360397
7251.306152	-60.922527
7256.689453	-59.336761
7262.072754	-54.900455
7267.456055	-52.041939
7272.839355	-51.419323
7278.222656	-50.861603
7283.605957	-50.996498
7288.989258	-51.796173
7294.372559	-49.260155
7299.755859	-49.750324
7305.139160	-52.488934
7310.522461	-52.374008
7315.905762	-52.209637
7321.289062	-52.835499
7326.672363	-52.582855
7332.055664	-52.969349
7337.438965	-55.342716
7342.822266	-59.490768
7348.205566	-62.271851
7353.588867	-58.760681
7358.972168	-56.696835
7364.355469	-58.263309
7369.738770	-65.005615
7375.122070	-62.678146
7380.505371	-62.743668
7385.888672	-61.549961
7391.271973	-60.503857
7396.655273	-61.908638
7402.038574	-61.982307
7407.421875	-59.471779
7412.805176	-59.943142
7418.188477	-63.137646
7423.571777	-62.176430
7428.955078	-62.318249
7434.338379	-64.432091
7439.721680	-63.237999
7445.104980	-64.341583
7450.488281	-70.046127
7455.871582	-73.087624
7461.254883	-68.201988
7466.638184	-65.874809
7472.021484	-66.468346
7477.404785	-64.866035
7482.788086	-64.693275
7488.171387	-68.399147
7493.554688	-69.412727
7498.937988	-71.081169
7504.321289	-67.452827
7509.704590	-64.960861
7515.087891	-61.979523
7520.471191	-60.373734
7525.854492	-63.089672
7531.237793	-61.614586
7536.621094	-59.651997
7542.004395	-60.572956
7547.387695	-58.751495
7552.770996	-58.980160
7558.154297	-64.238777
7563.537598	-61.190388
7568.920898	-62.159176
7574.304199	-55.580734
7579.687500	-56.261517
7585.070801	-62.797340
7590.454102	-68.769333
7595.837402	-64.800148
7601.220703	-60.073025
7606.604004	-60.452744
7611.987305	-63.355774
7617.370605	-67.110283
7622.753906	-61.408417
7628.137207	-56.256813
7633.520508	-56.844795
7638.903809	-60.970356
7644.287109	-65.883720
7649.670410	-67.816376
7655.053711	-66.378876
7660.437012	-65.584213
7665.820312	-59.745415
7671.203613	-60.621338
7676.586914	-64.356361
7681.970215	-62.689301
7687.353516	-68.839005
7692.736816	-67.224503
7698.120117	-65.603485
7703.503418	-67.650658
7708.886719	-66.264839
7714.270020	-63.944973
7719.653320	-65.057823
7725.036621	-65.558617
7730.419922	-65.141411
7735.803223	-65.342491
7741.186523	-64.072449
7746.569824	-63.371387
7751.953125	-67.849571
7757.336426	-75.824005
7762.719727	-73.215485
7768.103027	-65.492371
7773.486328	-63.719883
7778.869629	-67.626015
7784.252930	-68.594910
7789.636230	-66.131012
7795.019531	-63.731350
7800.402832	-64.823189
7805.786133	-68.709290
7811.169434	-71.754204
7816.552734	-75.453941
7821.936035	-70.259422
7827.319336	-68.491577
7832.702637	-71.293549
7838.085938	-71.067566
7843.469238	-72.158195
7848.852539	-71.817627
7854.235840	-67.454437
7859.619141	-63.747040
7865.002441	-61.615417
7870.385742	-62.426552
7875.769043	-65.576752
7881.152344	-67.093414
7886.535645	-71.359680
7891.918945	-72.995544
7897.302246	-67.197929
7902.685547	-69.136688
7908.068848	-75.241913
7913.452148	-72.311188
7918.835449	-72.619240
7924.218750	-70.622513
7929.602051	-68.663231
7934.985352	-70.374084
7940.368652	-71.658173
7945.751953	-71.982307
7951.135254	-72.509872
7956.518555	-71.033127
7961.901855	-71.164215
7967.285156	-73.040909
7972.668457	-74.124397
7978.051758	-70.141083
7983.435059	-68.010391
7988.818359	-66.862923
7994.201660	-65.862083
7999.584961	-67.277382
8004.968262	-70.797699
8010.351562	-64.650734
8015.734863	-63.772896
8021.118164	-61.009872
8026.501465	-60.191780
8031.884766	-61.251568
8037.268066	-61.242321
8042.651367	-58.395428
8048.034668	-56.894161
8053.417969	-58.537041
8058.801270	-61.701431
8064.184570	-59.711933
8069.567871	-57.597347
8074.951172	-57.743866
8080.334473	-60.977051
8085.717773	-66.101448
8091.101074	-65.867424
8096.484375	-60.882053
8101.867676	-56.680309
8107.250977	-53.983723
8112.634277	-54.080276
8118.017578	-55.680630
8123.400879	-56.280155
8128.784180	-58.554165
8134.167480	-63.544022
8139.550781	-60.305851
8144.934082	-57.731880
8150.317383	-58.115078
8155.700684	-62.443798
8161.083984	-67.283081
8166.467285	-63.124260
8171.850586	-61.198029
8177.233887	-61.297222
8182.617188	-63.699459
8188.000488	-68.480736
8193.383789	-69.932411
8198.767090	-72.416969
8204.150391	-79.911911
8209.533691	-78.509094
8214.916992	-82.381447
8220.300293	-78.335335
8225.683594	-69.623672
8231.066895	-65.225212
8236.450195	-65.217293
8241.833496	-63.402420
8247.216797	-61.595512
8252.600098	-60.050583
8257.983398	-61.897316
8263.366699	-70.876862
8268.750000	-65.623039
8274.133301	-64.759216
8279.516602	-66.427773
8284.899902	-68.375198
8290.283203	-72.277290
8295.666504	-77.868439
8301.049805	-86.052017
8306.433105	-79.081444
8311.816406	-72.361389
8317.199707	-69.100426
8322.583008	-67.308662
8327.966309	-67.099838
8333.349609	-70.500488
8338.732910	-74.389870
8344.116211	-70.990181
8349.499512	-70.515930
8354.882812	-69.091141
8360.266113	-65.839622
8365.649414	-63.153500
8371.032715	-62.445877
8376.416016	-63.849102
8381.799316	-64.274330
8387.182617	-65.109474
8392.565918	-65.869179
8397.949219	-62.379173
8403.332520	-60.037060
8408.715820	-59.181915
8414.099121	-56.661919
8419.482422	-58.414585
8424.865723	-58.266819
8430.249023	-58.449318
8435.632324	-60.402290
8441.015625	-59.736420
8446.398926	-59.958118
8451.782227	-61.132030
8457.165527	-62.060875
8462.548828	-63.589756
8467.932129	-65.631508
8473.315430	-68.451691
8478.698730	-70.672607
8484.082031	-70.151299
8489.465332	-67.217285
8494.848633	-65.793098
8500.231934	-64.741753
8505.615234	-63.777740
8510.998535	-64.182106
8516.381836	-65.166649
8521.765137	-65.158180
8527.148438	-61.938057
8532.531738	-59.065868
8537.915039	-58.190163
8543.298340	-58.901215
8548.681641	-60.277054
8554.064941	-61.048912
8559.448242	-62.421593
8564.831543	-63.351337
8570.214844	-65.663544
8575.598145	-60.799446
8580.981445	-58.098362
8586.364746	-58.653767
8591.748047	-61.120087
8597.131348	-63.370777
8602.514648	-63.700016
8607.897949	-64.148651
8613.281250	-63.868832
8618.664551	-64.498268
8624.047852	-66.108559
8629.431152	-66.426064
8634.814453	-67.910233
8640.197754	-65.178139
8645.581055	-64.255608
8650.964355	-62.703739
8656.347656	-62.001472
8661.730957	-62.677139
8667.114258	-64.599709
8672.497559	-66.988396
8677.880859	-65.800575
8683.264160	-63.655396
8688.647461	-62.170261
8694.030762	-61.450451
8699.414062	-61.921574
8704.797363	-62.806755
8710.180664	-63.389641
8715.563965	-63.123505
8720.947266	-62.153229
8726.330566	-61.529907
8731.713867	-61.625546
8737.097168	-63.829208
8742.480469	-69.246956
8747.863770	-76.314781
8753.247070	-74.314575
8758.630371	-70.999077
8764.013672	-71.566963
8769.396973	-72.634972
8774.780273	-71.628784
8780.163574	-71.862015
8785.546875	-70.882927
8790.930176	-71.479050
8796.313477	-75.590164
8801.696777	-72.124535
8807.080078	-67.930618
8812.463379	-64.712860
8817.846680	-63.949310
8823.229980	-66.349060
8828.613281	-69.277718
8833.996582	-70.892372
8839.379883	-66.580040
8844.763184	-63.491920
8850.146484	-62.893909
8855.529785	-64.445198
8860.913086	-68.961800
8866.296387	-67.223938
8871.679688	-64.748390
8877.062988	-62.840805
8882.446289	-62.383644
8887.829590	-64.412323
8893.212891	-66.193291
8898.596191	-68.944099
8903.979492	-67.258247
8909.362793	-66.590309
8914.746094	-66.412750
8920.129395	-65.247841
8925.512695	-66.530479
8930.895996	-66.508369
8936.279297	-68.614822
8941.662598	-70.305054
8947.045898	-71.054573
8952.429199	-71.557449
8957.812500	-70.771523
8963.195801	-72.995850
8968.579102	-71.161156
8973.962402	-69.998795
8979.345703	-66.956062
8984.729004	-66.587288
8990.112305	-68.078178
8995.495605	-68.351250
9000.878906	-72.013824
9006.262207	-70.016541
9011.645508	-68.239990
9017.028809	-66.614510
9022.412109	-65.578674
9027.795410	-66.463341
9033.178711	-65.368988
9038.562012	-66.223373
9043.945312	-67.417816
9049.328613	-68.632507
9054.711914	-70.977272
9060.095215	-68.390266
9065.478516	-66.321877
9070.861816	-64.838005
9076.245117	-64.057404
9081.628418	-63.993748
9087.011719	-64.202797
9092.395020	-66.008247
9097.778320	-69.696953
9103.161621	-66.819565
9108.544922	-61.771664
9113.928223	-60.658131
9119.311523	-61.803436
9124.694824	-64.647385
9130.078125	-69.038170
9135.461426	-70.651283
9140.844727	-67.582764
9146.228027	-64.890945
9151.611328	-63.888653
9156.994629	-64.032402
9162.377930	-64.670876
9167.761230	-64.801117
9173.144531	-64.013382
9178.527832	-63.755581
9183.911133	-62.764404
9189.294434	-63.081886
9194.677734	-62.689213
9200.061035	-62.232002
9205.444336	-61.982765
9210.827637	-61.503891
9216.210938	-61.593384
9221.594238	-61.222073
9226.977539	-61.450401
9232.360840	-61.618782
9237.744141	-60.922016
9243.127441	-60.494118
9248.510742	-59.945000
9253.894043	-59.530045
9259.277344	-59.136646
9264.660645	-60.183701
9270.043945	-61.781319
9275.427246	-62.097931
9280.810547	-61.252197
9286.193848	-60.022472
9291.577148	-59.356087
9296.960449	-58.877422
9302.343750	-59.123634
9307.727051	-60.015442
9313.110352	-60.918358
9318.493652	-60.734028
9323.876953	-59.700813
9329.260254	-59.034958
9334.643555	-58.223354
9340.026855	-58.012691
9345.410156	-58.821995
9350.793457	-59.901588
9356.176758	-61.680634
9361.560059	-63.945309
9366.943359	-64.353844
9372.326660	-62.882084
9377.709961	-61.820782
9383.093262	-61.988422
9388.476562	-62.396793
9393.859863	-62.599438
9399.243164	-62.174671
9404.626465	-61.025154
9410.009766	-60.060436
9415.393066	-59.969097
9420.776367	-59.693348
9426.159668	-59.979187
9431.542969	-60.408264
9436.926270	-59.470844
9442.309570	-60.872913
9447.692871	-61.552547
9453.076172	-61.410439
9458.459473	-61.033382
9463.842773	-61.167492
9469.226074	-60.353386
9474.609375	-59.340748
9479.992676	-59.235310
9485.375977	-59.445507
9490.759277	-59.857616
9496.142578	-59.423935
9501.525879	-58.143188
9506.909180	-56.935780
9512.292480	-56.739944
9517.675781	-57.327816
9523.059082	-57.832355
9528.442383	-57.650982
9533.825684	-56.641762
9539.208984	-55.670860
9544.592285	-55.491245
9549.975586	-55.968746
9555.358887	-56.345669
9560.742188	-55.791431
9566.125488	-55.032753
9571.508789	-54.846825
9576.892090	-55.050068
9582.275391	-55.671711
9587.658691	-55.487862
9593.041992	-55.249458
9598.425293	-55.461788
9603.808594	-55.598827
9609.191895	-55.603916
9614.575195	-55.306946
9619.958496	-54.792400
9625.341797	-54.362549
9630.725098	-54.115898
9636.108398	-54.110931
9641.491699	-54.513775
9646.875000	-54.788975
9652.258301	-54.615803
9657.641602	-54.096962
9663.024902	-54.272575
9668.408203	-54.495789
9673.791504	-54.588352
9679.174805	-54.111916
9684.558105	-53.571636
9689.941406	-53.995461
9695.324707	-54.219574
9700.708008	-54.203030
9706.091309	-54.211121
9711.474609	-53.900673
9716.857910	-54.005596
9722.241211	-54.147869
9727.624512	-54.450924
9733.007812	-54.822876
9738.391113	-54.671482
9743.774414	-54.688522
9749.157715	-54.700207
9754.541016	-55.028671
9759.924316	-55.370766
9765.307617	-55.623947
9770.690918	-54.817444
9776.074219	-54.634457
9781.457520	-54.991718
9786.840820	-55.069801
9792.224121	-54.972637
9797.607422	-54.972836
9802.990723	-55.974972
9808.374023	-57.466087
9813.757324	-57.717499
9819.140625	-58.129280
9824.523926	-56.852032
9829.907227	-56.372726
9835.290527	-56.884300
9840.673828	-57.262913
9846.057129	-56.798061
9851.440430	-56.367741
9856.823730	-56.102310
9862.207031	-55.211376
9867.590332	-54.001019
9872.973633	-53.150181
9878.356934	-53.719734
9883.740234	-54.777592
9889.123535	-57.460850
9894.506836	-60.672615
9899.890137	-63.461327
9905.273438	-65.110390
9910.656738	-67.295265
9916.040039	-69.765091
9921.423340	-69.169044
9926.806641	-69.092064
9932.189941	-68.771774
9937.573242	-69.025040
9942.956543	-68.557457
9948.339844	-67.899544
9953.723145	-66.965149
9959.106445	-67.159813
9964.489746	-68.754700
9969.873047	-66.907356
9975.256348	-66.377342
9980.639648	-66.037865
9986.022949	-65.722603
9991.406250	-66.607552
9996.789551	-65.462601
10002.172852	-63.417900
10007.556152	-62.700893
10012.939453	-63.380833
10018.322754	-63.478252
10023.706055	-61.727470
10029.089355	-59.546898
10034.472656	-58.800095
10039.855957	-59.735062
10045.239258	-61.868347
10050.622559	-65.169846
10056.005859	-70.375572
10061.389160	-67.585999
10066.772461	-65.364601
10072.155762	-65.727821
10077.539062	-66.532158
10082.922363	-65.836899
10088.305664	-64.843674
10093.688965	-64.526497
10099.072266	-64.295776
10104.455566	-64.373917
10109.838867	-64.326218
10115.222168	-63.353333
10120.605469	-63.174091
10125.988770	-63.447723
10131.372070	-63.872417
10136.755371	-64.136223
10142.138672	-63.873341
10147.521973	-63.705143
10152.905273	-63.548901
10158.288574	-63.572140
10163.671875	-63.956848
10169.055176	-64.201347
10174.438477	-64.887886
10179.821777	-65.445717
10185.205078	-65.747635
10190.588379	-66.049957
10195.971680	-66.185707
10201.354980	-66.451424
10206.738281	-66.773239
10212.121582	-67.139999
10217.504883	-67.621216
10222.888184	-67.840820
10228.271484	-68.386345
10233.654785	-69.253517
10239.038086	-70.140884
10244.421387	-69.828362
10249.804688	-70.786812
10255.187988	-70.370392
10260.571289	-68.411255
10265.954590	-68.459328
10271.337891	-70.707527
10276.721191	-73.034012
10282.104492	-74.857277
10287.487793	-76.206802
10292.871094	-73.532196
10298.254395	-73.072052
10303.637695	-72.590096
10309.020996	-71.351967
10314.404297	-72.480255
10319.787598	-74.666428
10325.170898	-75.922699
10330.554199	-72.195267
10335.937500	-68.932922
10341.320801	-67.666954
10346.704102	-68.933327
10352.087402	-71.411934
10357.470703	-73.110725
10362.854004	-72.154961
10368.237305	-68.920769
10373.620605	-67.754303
10379.003906	-67.146782
10384.387207	-65.736282
10389.770508	-65.519974
10395.153809	-66.518417
10400.537109	-69.480995
10405.920410	-72.685265
10411.303711	-73.549049
10416.687012	-70.855324
10422.070312	-67.758156
10427.453613	-65.859879
10432.836914	-65.505157
10438.220215	-66.602951
10443.603516	-68.418633
10448.986816	-71.359398
10454.370117	-71.591545
10459.753418	-70.509552
10465.136719	-68.821457
10470.520020	-66.786507
10475.903320	-65.828178
10481.286621	-65.708092
10486.669922	-66.690796
10492.053223	-67.175865
10497.436523	-67.090279
10502.819824	-68.741920
10508.203125	-73.321411
10513.586426	-79.430855
10518.969727	-77.686134
10524.353027	-74.278610
10529.736328	-73.888222
10535.119629	-76.247353
10540.502930	-81.329285
10545.886230	-79.531883
10551.269531	-75.849747
10556.652832	-72.932755
10562.036133	-71.939735
10567.419434	-72.333183
10572.802734	-73.639168
10578.186035	-78.608986
10583.569336	-81.498169
10588.952637	-78.102066
10594.335938	-73.067940
10599.719238	-70.152290
10605.102539	-70.849335
10610.485840	-72.138237
10615.869141	-72.667358
10621.252441	-75.052032
10626.635742	-79.353607
10632.019043	-78.901901
10637.402344	-74.081161
10642.785645	-71.840950
10648.168945	-71.387901
10653.552246	-71.835487
10658.935547	-73.230461
10664.318848	-73.980904
10669.702148	-73.178932
10675.085449	-72.364769
10680.468750	-70.854065
10685.852051	-68.758385
10691.235352	-67.247765
10696.618652	-66.426117
10702.001953	-66.354134
10707.385254	-66.802429
10712.768555	-67.536583
10718.151855	-67.599846
10723.535156	-66.474464
10728.918457	-65.162659
10734.301758	-64.545525
10739.685059	-64.376740
10745.068359	-64.367989
10750.451660	-64.467026
10755.834961	-64.977478
10761.218262	-65.577576
10766.601562	-65.720238
10771.984863	-64.782845
10777.368164	-63.344330
10782.751465	-62.368790
10788.134766	-62.053932
10793.518066	-62.640079
10798.901367	-63.694054
10804.284668	-64.953758
10809.667969	-64.817307
10815.051270	-62.997196
10820.434570	-61.479210
10825.817871	-60.719612
10831.201172	-60.887897
10836.584473	-61.530457
10841.967773	-62.315552
10847.351074	-62.923141
10852.734375	-63.105083
10858.117676	-63.017418
10863.500977	-62.323605
10868.884277	-61.963589
10874.267578	-63.151123
10879.650879	-66.096436
10885.034180	-71.349770
10890.417480	-69.574707
10895.800781	-64.635559
10901.184082	-61.893044
10906.567383	-60.826027
10911.950684	-60.911118
10917.333984	-61.963814
10922.717285	-64.612572
10928.100586	-68.715309
10933.483887	-70.651886
10938.867188	-65.607384
10944.250488	-61.911945
10949.633789	-60.141983
10955.017090	-59.972572
10960.400391	-61.089516
10965.783691	-63.376587
10971.166992	-66.065643
10976.550293	-64.147087
10981.933594	-60.998867
10987.316895	-59.415722
10992.700195	-59.167522
10998.083496	-60.044727
11003.466797	-61.230122
11008.850098	-63.514206
11014.233398	-66.387825
11019.616699	-64.845543
11025.000000	-61.488270
11030.383301	-59.291653
11035.766602	-58.225693
11041.149902	-58.026176
11046.533203	-58.616982
11051.916504	-58.788754
11057.299805	-58.082977
11062.683105	-57.452755
11068.066406	-57.003773
11073.449707	-57.085133
11078.833008	-57.581242
11084.216309	-58.083771
11089.599609	-57.907646
11094.982910	-57.161831
11100.366211	-56.819756
11105.749512	-57.041683
11111.132812	-57.045799
11116.516113	-56.810223
11121.899414	-56.745380
11127.282715	-56.791710
11132.666016	-56.793015
11138.049316	-56.922688
11143.432617	-56.834854
11148.815918	-56.403378
11154.199219	-56.211212
11159.582520	-56.260349
11164.965820	-56.475372
11170.349121	-56.670254
11175.732422	-56.896034
11181.115723	-57.252426
11186.499023	-57.581013
11191.882324	-57.934502
11197.265625	-57.930061
11202.648926	-57.933762
11208.032227	-58.027557
11213.415527	-58.209011
11218.798828	-58.695473
11224.182129	-59.121532
11229.565430	-59.316521
11234.948730	-59.510540
11240.332031	-59.738064
11245.715332	-59.772507
11251.098633	-60.040501
11256.481934	-60.677006
11261.865234	-61.392941
11267.248535	-61.998959
11272.631836	-61.451550
11278.015137	-61.144169
11283.398438	-61.139545
11288.781738	-61.541134
11294.165039	-63.091454
11299.548340	-64.549660
11304.931641	-65.223450
11310.314941	-66.300819
11315.698242	-67.041878
11321.081543	-67.731781
11326.464844	-67.142624
11331.848145	-66.947159
11337.231445	-68.800247
11342.614746	-68.434807
11347.998047	-66.648102
11353.381348	-64.350731
11358.764648	-64.185951
11364.147949	-67.388229
11369.531250	-71.849770
11374.914551	-73.294846
11380.297852	-69.579002
11385.681152	-68.824158
11391.064453	-69.616570
11396.447754	-68.282181
11401.831055	-68.693817
11407.214355	-68.481613
11412.597656	-68.482796
11417.980957	-68.090874
11423.364258	-65.981384
11428.747559	-65.630478
11434.130859	-67.734505
11439.514160	-69.391731
11444.897461	-69.428482
11450.280762	-73.907951
11455.664062	-71.713905
11461.047363	-68.235161
11466.430664	-66.930016
11471.813965	-67.152290
11477.197266	-68.756348
11482.580566	-70.105087
11487.963867	-75.137718
11493.347168	-83.369225
11498.730469	-84.541336
11504.113770	-84.668213
11509.497070	-79.023529
11514.880371	-75.628616
11520.263672	-78.251289
11525.646973	-75.952530
11531.030273	-72.755081
11536.413574	-72.367371
11541.796875	-71.968437
11547.180176	-72.074600
11552.563477	-72.122993
11557.946777	-67.972870
11563.330078	-64.512596
11568.713379	-64.141762
11574.096680	-66.821350
11579.479980	-72.198593
11584.863281	-73.320427
11590.246582	-68.564758
11595.629883	-67.282471
11601.013184	-68.763092
11606.396484	-70.687431
11611.779785	-73.087601
11617.163086	-70.761711
11622.546387	-68.261734
11627.929688	-67.961655
11633.312988	-68.199005
11638.696289	-71.282509
11644.079590	-74.937424
11649.462891	-73.686737
11654.846191	-70.595856
11660.229492	-71.572365
11665.612793	-70.700035
11670.996094	-68.208725
11676.379395	-68.074532
11681.762695	-69.696205
11687.145996	-75.545128
11692.529297	-79.266777
11697.912598	-81.576012
11703.295898	-82.285744
11708.679199	-78.275146
11714.062500	-74.744667
11719.445801	-70.943451
11724.829102	-72.686340
11730.212402	-74.526840
11735.595703	-72.259850
11740.979004	-75.285339
11746.362305	-76.399834
11751.745605	-76.650200
11757.128906	-74.838249
11762.512207	-70.672523
11767.895508	-69.938942
11773.278809	-70.733147
11778.662109	-73.285812
11784.045410	-77.281860
11789.428711	-73.627823
11794.812012	-68.110832
11800.195312	-67.096397
11805.578613	-67.949684
11810.961914	-67.518021
11816.345215	-67.833115
11821.728516	-66.060188
11827.111816	-66.167908
11832.495117	-66.234558
11837.878418	-66.037819
11843.261719	-65.134956
11848.645020	-64.711792
11854.028320	-65.130356
11859.411621	-65.525894
11864.794922	-66.590508
11870.178223	-65.111137
11875.561523	-64.412903
11880.944824	-65.203537
11886.328125	-65.365036
11891.711426	-66.040962
11897.094727	-66.071152
11902.478027	-65.497292
11907.861328	-65.594025
11913.244629	-66.113991
11918.627930	-66.619194
11924.011230	-67.322220
11929.394531	-68.136909
11934.777832	-68.189262
11940.161133	-67.603561
11945.544434	-67.033905
11950.927734	-67.103203
11956.311035	-66.725250
11961.694336	-67.890907
11967.077637	-71.309280
11972.460938	-70.216980
11977.844238	-69.207886
11983.227539	-67.411438
11988.610840	-66.250778
11993.994141	-66.757996
11999.377441	-66.483368
12004.760742	-67.718651
12010.144043	-73.187340
12015.527344	-76.459862
12020.910645	-78.334702
12026.293945	-72.582947
12031.677246	-73.391350
12037.060547	-74.133240
12042.443848	-72.954315
12047.827148	-78.830284
12053.210449	-80.779221
12058.593750	-83.100517
12063.977051	-76.248993
12069.360352	-75.651794
12074.743652	-78.107895
12080.126953	-75.203285
12085.510254	-76.314987
12090.893555	-78.931244
12096.276855	-82.709404
12101.660156	-83.484589
12107.043457	-80.086334
12112.426758	-78.418915
12117.810059	-76.767944
12123.193359	-78.220551
12128.576660	-78.719391
12133.959961	-78.339149
12139.343262	-78.733650
12144.726562	-78.502899
12150.109863	-81.321480
12155.493164	-80.268837
12160.876465	-78.394089
12166.259766	-81.911278
12171.643066	-80.852898
12177.026367	-83.585106
12182.409668	-81.096725
12187.792969	-79.527954
12193.176270	-79.682091
12198.559570	-80.290161
12203.942871	-81.340103
12209.326172	-74.424591
12214.709473	-71.261040
12220.092773	-69.130127
12225.476074	-67.961220
12230.859375	-69.681999
12236.242676	-72.442986
12241.625977	-72.877754
12247.009277	-76.110268
12252.392578	-78.343513
12257.775879	-73.778442
12263.159180	-72.567192
12268.542480	-73.146866
12273.925781	-72.403427
12279.309082	-72.108040
12284.692383	-74.707001
12290.075684	-78.482895
12295.458984	-76.143074
12300.842285	-74.109520
12306.225586	-74.129303
12311.608887	-71.970551
12316.992188	-70.388283
12322.375488	-71.235146
12327.758789	-70.406929
12333.142090	-71.167595
12338.525391	-71.720963
12343.908691	-69.076248
12349.291992	-66.109840
12354.675293	-65.001289
12360.058594	-64.143021
12365.441895	-62.934635
12370.825195	-63.197830
12376.208496	-65.241028
12381.591797	-68.740288
12386.975098	-73.397400
12392.358398	-69.425606
12397.741699	-65.898338
12403.125000	-65.050316
12408.508301	-67.135414
12413.891602	-70.002815
12419.274902	-68.874367
12424.658203	-69.237656
12430.041504	-68.075668
12435.424805	-66.627434
12440.808105	-67.274826
12446.191406	-67.003189
12451.574707	-67.166328
12456.958008	-68.197716
12462.341309	-69.340492
12467.724609	-68.713242
12473.107910	-66.623055
12478.491211	-65.334648
12483.874512	-65.132355
12489.257812	-67.464684
12494.641113	-68.883751
12500.024414	-69.889435
12505.407715	-67.338203
12510.791016	-66.419388
12516.174316	-69.489746
12521.557617	-69.483742
12526.940918	-70.819679
12532.324219	-68.896622
12537.707520	-66.251328
12543.090820	-62.439453
12548.474121	-61.278725
12553.857422	-61.199821
12559.240723	-60.478321
12564.624023	-61.797405
12570.007324	-65.583969
12575.390625	-70.060211
12580.773926	-67.289635
12586.157227	-64.971466
12591.540527	-63.541042
12596.923828	-62.983727
12602.307129	-65.188835
12607.690430	-65.984261
12613.073730	-65.961281
12618.457031	-67.328217
12623.840332	-66.338280
12629.223633	-63.446400
12634.606934	-61.477234
12639.990234	-61.883236
12645.373535	-63.648682
12650.756836	-66.551598
12656.140137	-71.385735
12661.523438	-69.763931
12666.906738	-67.981979
12672.290039	-66.068108
12677.673340	-63.326111
12683.056641	-62.318058
12688.439941	-63.139881
12693.823242	-65.055130
12699.206543	-67.489296
12704.589844	-69.489594
12709.973145	-68.423500
12715.356445	-65.731339
12720.739746	-64.913734
12726.123047	-67.153610
12731.506348	-72.645706
12736.889648	-77.085594
12742.272949	-72.606056
12747.656250	-68.501076
12753.039551	-67.423668
12758.422852	-65.212013
12763.806152	-65.178085
12769.189453	-66.224091
12774.572754	-68.949532
12779.956055	-72.835670
12785.339355	-73.386360
12790.722656	-71.370285
12796.105957	-68.951416
12801.489258	-67.719193
12806.872559	-67.515160
12812.255859	-69.324059
12817.639160	-74.003662
12823.022461	-76.923470
12828.405762	-73.177353
12833.789062	-70.692032
12839.172363	-71.147324
12844.555664	-74.902466
12849.938965	-75.732025
12855.322266	-70.292946
12860.705566	-67.392471
12866.088867	-67.636024
12871.472168	-69.539047
12876.855469	-70.252296
12882.238770	-70.828613
12887.622070	-72.573074
12893.005371	-73.627411
12898.388672	-73.772781
12903.771973	-73.344193
12909.155273	-73.594719
12914.538574	-76.124008
12919.921875	-76.798515
12925.305176	-78.584343
12930.688477	-78.141068
12936.071777	-75.871475
12941.455078	-75.832169
12946.838379	-76.724899
12952.221680	-76.280037
12957.604980	-77.431870
12962.988281	-80.820023
12968.371582	-80.568871
12973.754883	-77.889610
12979.138184	-80.024246
12984.521484	-78.710381
12989.904785	-75.280014
12995.288086	-72.797813
13000.671387	-69.796890
13006.054688	-70.139915
13011.437988	-68.669075
13016.821289	-69.825958
13022.204590	-71.877396
13027.587891	-70.107880
13032.971191	-70.608841
13038.354492	-68.704315
13043.737793	-68.671410
13049.121094	-69.503479
13054.504395	-70.317612
13059.887695	-71.456436
13065.270996	-70.763039
13070.654297	-70.277573
13076.037598	-70.282326
13081.420898	-70.268318
13086.804199	-71.217522
13092.187500	-71.154076
13097.570801	-70.910065
13102.954102	-67.729774
13108.337402	-66.771553
13113.720703	-68.644348
13119.104004	-72.045036
13124.487305	-74.479019
13129.870605	-74.196907
13135.253906	-73.828873
13140.637207	-71.388321
13146.020508	-73.578163
13151.403809	-70.715935
13156.787109	-69.797104
13162.170410	-71.945610
13167.553711	-73.305069
13172.937012	-71.697517
13178.320312	-70.399048
13183.703613	-72.445740
13189.086914	-77.348595
13194.470215	-76.126312
13199.853516	-72.019005
13205.236816	-71.654076
13210.620117	-74.008835
13216.003418	-77.786133
13221.386719	-74.456413
13226.770020	-71.924408
13232.153320	-71.383530
13237.536621	-73.354942
13242.919922	-75.300201
13248.303223	-70.867020
13253.686523	-68.037148
13259.069824	-66.573174
13264.453125	-66.502907
13269.836426	-66.776657
13275.219727	-66.129333
13280.603027	-65.414795
13285.986328	-66.868126
13291.369629	-71.984505
13296.752930	-70.961609
13302.136230	-66.206841
13307.519531	-65.006882
13312.902832	-65.754128
13318.286133	-67.360046
13323.669434	-69.744720
13329.052734	-72.209923
13334.436035	-74.062424
13339.819336	-72.861320
13345.202637	-70.026817
13350.585938	-68.251556
13355.969238	-68.175491
13361.352539	-69.094055
13366.735840	-70.702263
13372.119141	-69.563843
13377.502441	-69.534607
13382.885742	-69.608589
13388.269043	-68.850571
13393.652344	-68.961067
13399.035645	-69.862434
13404.418945	-69.145180
13409.802246	-68.293266
13415.185547	-68.033226
13420.568848	-68.560570
13425.952148	-70.965073
13431.335449	-70.883141
13436.718750	-70.084343
13442.102051	-68.626579
13447.485352	-67.510796
13452.868652	-68.753700
13458.251953	-68.975754
13463.635254	-68.061211
13469.018555	-65.826698
13474.401855	-65.139519
13479.785156	-66.590157
13485.168457	-68.210983
13490.551758	-69.669724
13495.935059	-69.571632
13501.318359	-69.492676
13506.701660	-70.240242
13512.084961	-69.821800
13517.468262	-69.497513
13522.851562	-68.790810
13528.234863	-68.089348
13533.618164	-69.794075
13539.001465	-70.458412
13544.384766	-72.755234
13549.768066	-71.577316
13555.151367	-70.570801
13560.534668	-70.929153
13565.917969	-70.192261
13571.301270	-73.137421
13576.684570	-71.363708
13582.067871	-71.358917
13587.451172	-69.239510
13592.834473	-68.720222
13598.217773	-69.986412
13603.601074	-69.814636
13608.984375	-72.577728
13614.367676	-75.410728
13619.750977	-75.529205
13625.134277	-70.507057
13630.517578	-68.261147
13635.900879	-67.552094
13641.284180	-67.099281
13646.667480	-68.649292
13652.050781	-72.257881
13657.434082	-75.665504
13662.817383	-73.314713
13668.200684	-68.992981
13673.583984	-67.369255
13678.967285	-66.519218
13684.350586	-66.808052
13689.733887	-68.159782
13695.117188	-70.467476
13700.500488	-71.685440
13705.883789	-70.582214
13711.267090	-70.084923
13716.650391	-68.740234
13722.033691	-68.469315
13727.416992	-68.659729
13732.800293	-69.486885
13738.183594	-71.015739
13743.566895	-70.799927
13748.950195	-68.755363
13754.333496	-67.233215
13759.716797	-67.369492
13765.100098	-66.598068
13770.483398	-67.804810
13775.866699	-69.286407
13781.250000	-69.945061
13786.633301	-74.573318
13792.016602	-75.445023
13797.399902	-73.066116
13802.783203	-70.047577
13808.166504	-67.811974
13813.549805	-68.837433
13818.933105	-66.179932
13824.316406	-67.693283
13829.699707	-67.617004
13835.083008	-68.642166
13840.466309	-74.482040
13845.849609	-72.438446
13851.232910	-73.052895
13856.616211	-70.425827
13861.999512	-72.925819
13867.382812	-69.396339
13872.766113	-67.894295
13878.149414	-68.087288
13883.532715	-67.660004
13888.916016	-70.178612
13894.299316	-71.059029
13899.682617	-70.841660
13905.065918	-70.434113
13910.449219	-70.569450
13915.832520	-71.401253
13921.215820	-70.665497
13926.599121	-71.811836
13931.982422	-72.046097
13937.365723	-74.749550
13942.749023	-74.063133
13948.132324	-71.614372
13953.515625	-70.527397
13958.898926	-68.656639
13964.282227	-69.768456
13969.665527	-74.141846
13975.048828	-77.467728
13980.432129	-77.794922
13985.815430	-75.587242
13991.198730	-75.536003
13996.582031	-80.455238
14001.965332	-80.317673
14007.348633	-76.568687
14012.731934	-73.469650
14018.115234	-71.891518
14023.498535	-73.254150
14028.881836	-77.513550
14034.265137	-79.244385
14039.648438	-77.604050
14045.031738	-79.847359
14050.415039	-77.382584
14055.798340	-74.919052
14061.181641	-76.833717
14066.564941	-82.438736
14071.948242	-88.815491
14077.331543	-88.024384
14082.714844	-88.139954
14088.098145	-86.747391
14093.481445	-82.681450
14098.864746	-80.968361
14104.248047	-79.149536
14109.631348	-76.979843
14115.014648	-77.014114
14120.397949	-80.443512
14125.781250	-88.507790
14131.164551	-85.487411
14136.547852	-86.652763
14141.931152	-85.337173
14147.314453	-84.815987
14152.697754	-86.318771
14158.081055	-79.726448
14163.464355	-78.021217
14168.847656	-76.266830
14174.230957	-74.489471
14179.614258	-76.202591
14184.997559	-80.200005
14190.380859	-79.234192
14195.764160	-75.149643
14201.147461	-71.686478
14206.530762	-72.038246
14211.914062	-77.037292
14217.297363	-82.835388
14222.680664	-80.980453
14228.063965	-75.487282
14233.447266	-72.841454
14238.830566	-71.217636
14244.213867	-70.418602
14249.597168	-72.113197
14254.980469	-75.481323
14260.363770	-76.212402
14265.747070	-76.915298
14271.130371	-79.605530
14276.513672	-84.039330
14281.896973	-84.911644
14287.280273	-82.033127
14292.663574	-77.554588
14298.046875	-76.817238
14303.430176	-79.548561
14308.813477	-82.658516
14314.196777	-85.646629
14319.580078	-81.235619
14324.963379	-77.256844
14330.346680	-72.955330
14335.729980	-69.771240
14341.113281	-68.228592
14346.496582	-68.642830
14351.879883	-71.949677
14357.263184	-78.067032
14362.646484	-75.946304
14368.029785	-70.918587
14373.413086	-68.773781
14378.796387	-70.177483
14384.179688	-75.587112
14389.562988	-76.801720
14394.946289	-73.126442
14400.329590	-70.656151
14405.712891	-69.984810
14411.096191	-70.879906
14416.479492	-69.326996
14421.862793	-69.686485
14427.246094	-70.946907
14432.629395	-70.589577
14438.012695	-71.567604
14443.395996	-68.232727
14448.779297	-67.828865
14454.162598	-70.539627
14459.545898	-71.262123
14464.929199	-73.137840
14470.312500	-73.966255
14475.695801	-73.683594
14481.079102	-74.596161
14486.462402	-75.431068
14491.845703	-75.469322
14497.229004	-75.035095
14502.612305	-75.052818
14507.995605	-73.371819
14513.378906	-72.137062
14518.762207	-71.915100
14524.145508	-72.466698
14529.528809	-72.841026
14534.912109	-72.218208
14540.295410	-71.305222
14545.678711	-70.986641
14551.062012	-71.831360
14556.445312	-72.871620
14561.828613	-76.047134
14567.211914	-78.126572
14572.595215	-76.179298
14577.978516	-75.593124
14583.361816	-73.692017
14588.745117	-72.554771
14594.128418	-73.702492
14599.511719	-75.260147
14604.895020	-77.584412
14610.278320	-83.606483
14615.661621	-83.868843
14621.044922	-79.779869
14626.428223	-76.337494
14631.811523	-77.025368
14637.194824	-79.548950
14642.578125	-81.571594
14647.961426	-85.498970
14653.344727	-79.666023
14658.728027	-79.516602
14664.111328	-78.001068
14669.494629	-76.720711
14674.877930	-80.908997
14680.261230	-78.712029
14685.644531	-78.573639
14691.027832	-83.140854
14696.411133	-78.367661
14701.794434	-77.592842
14707.177734	-75.652000
14712.561035	-74.967827
14717.944336	-75.149155
14723.327637	-75.256348
14728.710938	-79.965317
14734.094238	-82.221367
14739.477539	-81.369331
14744.860840	-79.702583
14750.244141	-75.369591
14755.627441	-77.092461
14761.010742	-75.957222
14766.394043	-77.275406
14771.777344	-81.773857
14777.160645	-78.778954
14782.543945	-79.636673
14787.927246	-75.275810
14793.310547	-77.361511
14798.693848	-70.604538
14804.077148	-71.255249
14809.460449	-68.503616
14814.843750	-64.629898
14820.227051	-69.024902
14825.610352	-69.757393
14830.993652	-69.626114
14836.376953	-71.976784
14841.760254	-68.434288
14847.143555	-72.431572
14852.526855	-69.141129
14857.910156	-73.748619
14863.293457	-69.291077
14868.676758	-69.364334
14874.060059	-69.075905
14879.443359	-66.095093
14884.826660	-70.322144
14890.209961	-70.627136
14895.593262	-71.748688
14900.976562	-77.762138
14906.359863	-71.816757
14911.743164	-73.918938
14917.126465	-75.923607
14922.509766	-80.374329
14927.893066	-81.471153
14933.276367	-79.870277
14938.659668	-77.135468
14944.042969	-75.627808
14949.426270	-76.486298
14954.809570	-74.549591
14960.192871	-77.626213
14965.576172	-84.451096
14970.959473	-81.573914
14976.342773	-82.777473
14981.726074	-79.817223
14987.109375	-79.970139
14992.492676	-74.383385
14997.875977	-72.556259
15003.259277	-73.702690
15008.642578	-77.417168
15014.025879	-83.698135
15019.409180	-81.057419
15024.792480	-74.974152
15030.175781	-72.212456
15035.559082	-73.104729
15040.942383	-77.119370
15046.325684	-76.638023
15051.708984	-72.486984
15057.092285	-71.027832
15062.475586	-70.079689
15067.858887	-69.733894
15073.242188	-71.227013
15078.625488	-71.350548
15084.008789	-73.069710
15089.392090	-76.759666
15094.775391	-76.214851
15100.158691	-77.055321
15105.541992	-76.384132
15110.925293	-76.679680
15116.308594	-74.733643
15121.691895	-70.097664
15127.075195	-68.577843
15132.458496	-69.735802
15137.841797	-71.860794
15143.225098	-70.886490
15148.608398	-69.842232
15153.991699	-71.598557
15159.375000	-72.592827
15164.758301	-73.896248
15170.141602	-74.298485
15175.524902	-72.431145
15180.908203	-70.860161
15186.291504	-68.651138
15191.674805	-70.011803
15197.058105	-73.358368
15202.441406	-71.327484
15207.824707	-73.144287
15213.208008	-76.834518
15218.591309	-77.969460
15223.974609	-74.671959
15229.357910	-73.682861
15234.741211	-74.670967
15240.124512	-76.595665
15245.507812	-74.802689
15250.891113	-71.719528
15256.274414	-69.744125
15261.657715	-69.282974
15267.041016	-69.918167
15272.424316	-71.321991
15277.807617	-75.193314
15283.190918	-81.225708
15288.574219	-80.929985
15293.957520	-73.621788
15299.340820	-68.428223
15304.724121	-66.268135
15310.107422	-66.350121
15315.490723	-68.446411
15320.874023	-73.712059
15326.257324	-80.423965
15331.640625	-83.788704
15337.023926	-80.677551
15342.407227	-77.263695
15347.790527	-75.917984
15353.173828	-73.106400
15358.557129	-71.842758
15363.940430	-73.360519
15369.323730	-78.001137
15374.707031	-81.028404
15380.090332	-79.749153
15385.473633	-79.265228
15390.856934	-78.743263
15396.240234	-72.949669
15401.623535	-71.170448
15407.006836	-73.771317
15412.390137	-72.261292
15417.773438	-73.272018
15423.156738	-78.990501
15428.540039	-77.062538
15433.923340	-74.312904
15439.306641	-69.774246
15444.689941	-70.633163
15450.073242	-69.712975
15455.456543	-70.578423
15460.839844	-77.724113
15466.223145	-78.482979
15471.606445	-73.139099
15476.989746	-69.407761
15482.373047	-70.635536
15487.756348	-70.677940
15493.139648	-72.417023
15498.522949	-74.674911
15503.906250	-73.342087
15509.289551	-72.726418
15514.672852	-70.535599
15520.056152	-70.203743
15525.439453	-70.082245
15530.822754	-71.538666
15536.206055	-74.578278
15541.589355	-74.192902
15546.972656	-74.365242
15552.355957	-71.252068
15557.739258	-71.167305
15563.122559	-70.570557
15568.505859	-68.443321
15573.889160	-65.600487
15579.272461	-63.433350
15584.655762	-64.633400
15590.039062	-64.703362
15595.422363	-67.052490
15600.805664	-65.209961
15606.188965	-63.465839
15611.572266	-64.389870
15616.955566	-63.833355
15622.338867	-64.537018
15627.722168	-64.772324
15633.105469	-65.529411
15638.488770	-65.743271
15643.872070	-66.478889
15649.255371	-67.223373
15654.638672	-64.586281
15660.021973	-64.756706
15665.405273	-63.614300
15670.788574	-63.593472
15676.171875	-64.680458
15681.555176	-64.511765
15686.938477	-65.671906
15692.321777	-66.078163
15697.705078	-66.415207
15703.088379	-67.679077
15708.471680	-67.883629
15713.854980	-68.357483
15719.238281	-69.044853
15724.621582	-67.582741
15730.004883	-68.694199
15735.388184	-69.944374
15740.771484	-70.258179
15746.154785	-71.474258
15751.538086	-69.851913
15756.921387	-71.059494
15762.304688	-72.836639
15767.687988	-71.305473
15773.071289	-71.531685
15778.454590	-72.167877
15783.837891	-73.119904
15789.221191	-74.769852
15794.604492	-73.056740
15799.987793	-71.881790
15805.371094	-73.318909
15810.754395	-75.553429
15816.137695	-75.424149
15821.520996	-72.854393
15826.904297	-71.081642
15832.287598	-71.543777
15837.670898	-74.750786
15843.054199	-77.729698
15848.437500	-72.839958
15853.820801	-69.096230
15859.204102	-67.226570
15864.587402	-66.783852
15869.970703	-67.211594
15875.354004	-68.671394
15880.737305	-71.540413
15886.120605	-70.428261
15891.503906	-68.806076
15896.887207	-67.096024
15902.270508	-66.033455
15907.653809	-66.753906
15913.037109	-66.979851
15918.420410	-67.089989
15923.803711	-68.512825
15929.187012	-70.172455
15934.570312	-69.331726
15939.953613	-66.914314
15945.336914	-65.629326
15950.720215	-65.736473
15956.103516	-66.269363
15961.486816	-66.210442
15966.870117	-66.510956
15972.253418	-67.238770
15977.636719	-67.282921
15983.020020	-68.670830
15988.403320	-69.728432
15993.786621	-68.304596
15999.169922	-67.416306
16004.553223	-66.860077
16009.936523	-66.673927
16015.319824	-67.151268
16020.703125	-68.113022
16026.086426	-67.808197
16031.469727	-67.650681
16036.853027	-66.736443
16042.236328	-66.921249
16047.619629	-67.680466
16053.002930	-67.694176
16058.386230	-70.093750
16063.769531	-70.052284
16069.152832	-69.704582
16074.536133	-70.281502
16079.919434	-70.194832
16085.302734	-72.520378
16090.686035	-73.302818
16096.069336	-73.916603
16101.452637	-73.940117
16106.835938	-75.076149
16112.219238	-76.409164
16117.602539	-74.925117
16122.985840	-76.299873
16128.369141	-73.983879
16133.752441	-76.970543
16139.135742	-73.659065
16144.519043	-74.262642
16149.902344	-72.758232
16155.285645	-71.818352
16160.668945	-72.280022
16166.052246	-69.181442
16171.435547	-70.356705
16176.818848	-70.991142
16182.202148	-73.006310
16187.585449	-77.955147
16192.968750	-76.269302
16198.352051	-73.944771
16203.735352	-71.112602
16209.118652	-70.958588
16214.501953	-69.947128
16219.885254	-70.058365
16225.268555	-70.924225
16230.651855	-70.711212
16236.035156	-71.919205
16241.418457	-70.955711
16246.801758	-70.517685
16252.185059	-70.931252
16257.568359	-70.553329
16262.951660	-71.044937
16268.334961	-70.961136
16273.718262	-70.284431
16279.101562	-70.695107
16284.484863	-72.130310
16289.868164	-74.270294
16295.251465	-74.680374
16300.634766	-71.366470
16306.018066	-68.768448
16311.401367	-67.857384
16316.784668	-67.685760
16322.167969	-68.107513
16327.551270	-69.538162
16332.934570	-71.260925
16338.317871	-71.192413
16343.701172	-70.174484
16349.084473	-69.471024
16354.467773	-68.669724
16359.851074	-69.064453
16365.234375	-69.011169
16370.617676	-68.274582
16376.000977	-68.476906
16381.384277	-69.397194
16386.767578	-70.285072
16392.150879	-70.493027
16397.534180	-70.955078
16402.917480	-71.687050
16408.300781	-71.521942
16413.684082	-71.443619
16419.067383	-70.236267
16424.450684	-72.028961
16429.833984	-74.753044
16435.217285	-75.605186
16440.600586	-74.741028
16445.983887	-71.398300
16451.367188	-69.308479
16456.750488	-67.794113
16462.133789	-66.918678
16467.517090	-67.401215
16472.900391	-69.452370
16478.283691	-72.545578
16483.666992	-73.538803
16489.050293	-69.791260
16494.433594	-67.500214
16499.816895	-66.762802
16505.200195	-66.882385
16510.583496	-68.182426
16515.966797	-70.389969
16521.350098	-69.359612
16526.733398	-68.615891
16532.116699	-68.357971
16537.500000	-67.926430
16542.883301	-70.387062
16548.266602	-72.064476
16553.649902	-70.511734
16559.033203	-70.982582
16564.416504	-72.654556
16569.799805	-70.934021
16575.183105	-69.461525
16580.566406	-68.281754
16585.949707	-69.277679
16591.333008	-72.980659
16596.716309	-73.520706
16602.099609	-75.943336
16607.482910	-74.640366
16612.866211	-73.631393
16618.249512	-71.046997
16623.632812	-68.703598
16629.016113	-67.829475
16634.399414	-68.965401
16639.782715	-73.300468
16645.166016	-76.666336
16650.549316	-77.289940
16655.932617	-73.003967
16661.315918	-71.925117
16666.699219	-67.871689
16672.082520	-67.262344
16677.465820	-70.906174
16682.849121	-71.810669
16688.232422	-74.488136
16693.615723	-76.737488
16698.999023	-72.771461
16704.382324	-70.825241
16709.765625	-68.419487
16715.148926	-67.799805
16720.532227	-70.872536
16725.915527	-73.462631
16731.298828	-73.339729
16736.682129	-76.705002
16742.065430	-74.094734
16747.448730	-75.824654
16752.832031	-74.084373
16758.215332	-69.256569
16763.598633	-68.694862
16768.981934	-69.521103
16774.365234	-72.062508
16779.748535	-76.237762
16785.131836	-78.894478
16790.515137	-74.621315
16795.898438	-73.262131
16801.281738	-72.640282
16806.665039	-71.353622
16812.048340	-73.427261
16817.431641	-76.996361
16822.814941	-79.402962
16828.198242	-80.299797
16833.581543	-77.123901
16838.964844	-72.921066
16844.348145	-69.852615
16849.731445	-67.790375
16855.114746	-66.424576
16860.498047	-65.777191
16865.881348	-66.012421
16871.264648	-66.794014
16876.647949	-67.308685
16882.031250	-68.369102
16887.414551	-71.661156
16892.797852	-75.887909
16898.181152	-74.226456
16903.564453	-71.595284
16908.947754	-70.441292
16914.331055	-69.854095
16919.714355	-70.097572
16925.097656	-70.330467
16930.480957	-73.792969
16935.864258	-74.591171
16941.247559	-68.974266
16946.630859	-68.724731
16952.014160	-68.123009
16957.397461	-65.892639
16962.780762	-66.036415
16968.164062	-68.418625
16973.547363	-70.712387
16978.930664	-74.985619
16984.313965	-77.090729
16989.697266	-74.525398
16995.080566	-71.730087
17000.463867	-68.845779
17005.847168	-69.016853
17011.230469	-70.294884
17016.613770	-71.409317
17021.997070	-73.855164
17027.380371	-75.990105
17032.763672	-76.793571
17038.146973	-74.431602
17043.530273	-76.402908
17048.913574	-80.974861
17054.296875	-81.437241
17059.680176	-77.080605
17065.063477	-74.614006
17070.446777	-74.422165
17075.830078	-73.641670
17081.213379	-73.906113
17086.596680	-73.476295
17091.979980	-72.772606
17097.363281	-72.934586
17102.746582	-73.101677
17108.129883	-74.583893
17113.513184	-75.386353
17118.896484	-74.857315
17124.279785	-74.524704
17129.663086	-74.039238
17135.046387	-74.301743
17140.429688	-72.847527
17145.812988	-73.416504
17151.196289	-73.031471
17156.579590	-73.091866
17161.962891	-76.099503
17167.346191	-78.329536
17172.729492	-78.614174
17178.112793	-75.860458
17183.496094	-75.434502
17188.879395	-77.783791
17194.262695	-81.178757
17199.645996	-80.508560
17205.029297	-79.981430
17210.412598	-78.530396
17215.795898	-73.404228
17221.179199	-70.295654
17226.562500	-68.518524
17231.945801	-68.828430
17237.329102	-71.771477
17242.712402	-73.773659
17248.095703	-71.740166
17253.479004	-69.169472
17258.862305	-68.725601
17264.245605	-69.262856
17269.628906	-69.115234
17275.012207	-69.060219
17280.395508	-67.806374
17285.778809	-66.885490
17291.162109	-67.115761
17296.545410	-67.764320
17301.928711	-68.845589
17307.312012	-67.676003
17312.695312	-66.814690
17318.078613	-67.376907
17323.461914	-69.044571
17328.845215	-70.946808
17334.228516	-69.038017
17339.611816	-67.464539
17344.995117	-66.153687
17350.378418	-65.568443
17355.761719	-66.667542
17361.145020	-67.115273
17366.528320	-67.551491
17371.911621	-69.872406
17377.294922	-70.237129
17382.678223	-69.065781
17388.061523	-67.320671
17393.444824	-65.990395
17398.828125	-66.236229
17404.211426	-66.955299
17409.594727	-69.301956
17414.978027	-73.546730
17420.361328	-73.998489
17425.744629	-70.754868
17431.127930	-68.446503
17436.511230	-66.981598
17441.894531	-67.186546
17447.277832	-67.690575
17452.661133	-66.530846
17458.044434	-67.432831
17463.427734	-69.964294
17468.811035	-71.870705
17474.194336	-73.911674
17479.577637	-72.843933
17484.960938	-71.991577
17490.344238	-69.740074
17495.727539	-69.148834
17501.110840	-70.955742
17506.494141	-71.559975
17511.877441	-72.462219
17517.260742	-72.653915
17522.644043	-72.572395
17528.027344	-74.621933
17533.410645	-74.344872
17538.793945	-75.213348
17544.177246	-74.423866
17549.560547	-73.958069
17554.943848	-75.584610
17560.327148	-74.168739
17565.710449	-74.687424
17571.093750	-74.579422
17576.477051	-73.481865
17581.860352	-72.455521
17587.243652	-71.154495
17592.626953	-69.985870
17598.010254	-70.422493
17603.393555	-73.149673
17608.776855	-74.286827
17614.160156	-74.619705
17619.543457	-73.082695
17624.926758	-72.142509
17630.310059	-72.938850
17635.693359	-72.868378
17641.076660	-72.095901
17646.459961	-70.386833
17651.843262	-68.976219
17657.226562	-69.349869
17662.609863	-70.071045
17667.993164	-71.451859
17673.376465	-73.098251
17678.759766	-73.104149
17684.143066	-75.495674
17689.526367	-76.738281
17694.909668	-75.723511
17700.292969	-73.721718
17705.676270	-72.196243
17711.059570	-71.609421
17716.442871	-72.536026
17721.826172	-74.530197
17727.209473	-74.985565
17732.592773	-77.890785
17737.976074	-75.087776
17743.359375	-74.851936
17748.742676	-76.722137
17754.125977	-77.252327
17759.509277	-81.062073
17764.892578	-84.061684
17770.275879	-84.909592
17775.659180	-80.867264
17781.042480	-80.175217
17786.425781	-81.129265
17791.809082	-82.817482
17797.192383	-87.507271
17802.575684	-90.735352
17807.958984	-90.251495
17813.342285	-86.187447
17818.725586	-83.417793
17824.108887	-78.679527
17829.492188	-77.190071
17834.875488	-77.119080
17840.258789	-76.113258
17845.642090	-77.170715
17851.025391	-77.523712
17856.408691	-77.070198
17861.791992	-77.086319
17867.175293	-74.814774
17872.558594	-73.224602
17877.941895	-72.568840
17883.325195	-72.332542
17888.708496	-73.602142
17894.091797	-74.943886
17899.475098	-77.741287
17904.858398	-80.038307
17910.241699	-79.632767
17915.625000	-80.074089
17921.008301	-80.409584
17926.391602	-81.607872
17931.774902	-79.024750
17937.158203	-78.687103
17942.541504	-81.534653
17947.924805	-83.036682
17953.308105	-87.851593
17958.691406	-82.492424
17964.074707	-80.645325
17969.458008	-79.775505
17974.841309	-78.087715
17980.224609	-82.084053
17985.607910	-86.153519
17990.991211	-84.340736
17996.374512	-83.237434
18001.757812	-83.219078
18007.141113	-79.031364
18012.524414	-76.435303
18017.907715	-76.704529
18023.291016	-76.739380
18028.674316	-78.428291
18034.057617	-83.036781
18039.440918	-85.129227
18044.824219	-86.558502
18050.207520	-82.814812
18055.590820	-81.088593
18060.974121	-84.674606
18066.357422	-89.332512
18071.740723	-82.153450
18077.124023	-78.080849
18082.507324	-80.639793
18087.890625	-83.788933
18093.273926	-84.520340
18098.657227	-76.740166
18104.040527	-74.453377
18109.423828	-75.159386
18114.807129	-72.398087
18120.190430	-75.058174
18125.573730	-78.311249
18130.957031	-77.110748
18136.340332	-77.479385
18141.723633	-73.364838
18147.106934	-74.699524
18152.490234	-75.145493
18157.873535	-75.061172
18163.256836	-77.022324
18168.640137	-76.934227
18174.023438	-79.727821
18179.406738	-81.571976
18184.790039	-77.616371
18190.173340	-75.150200
18195.556641	-75.494537
18200.939941	-75.207405
18206.323242	-76.775414
18211.706543	-79.885490
18217.089844	-78.154060
18222.473145	-79.691772
18227.856445	-77.031555
18233.239746	-77.040230
18238.623047	-77.727806
18244.006348	-76.821152
18249.389648	-77.739761
18254.772949	-77.136597
18260.156250	-77.977791
18265.539551	-75.868744
18270.922852	-73.643715
18276.306152	-73.661957
18281.689453	-73.801155
18287.072754	-74.845917
18292.456055	-77.678352
18297.839355	-79.978714
18303.222656	-82.138512
18308.605957	-79.677269
18313.989258	-78.018211
18319.372559	-75.574715
18324.755859	-74.120384
18330.139160	-76.621300
18335.522461	-75.361473
18340.905762	-73.955170
18346.289062	-71.905869
18351.672363	-72.672150
18357.055664	-75.216118
18362.438965	-74.836136
18367.822266	-73.772758
18373.205566	-72.374077
18378.588867	-74.396339
18383.972168	-74.740623
18389.355469	-75.163986
18394.738770	-74.657669
18400.122070	-73.237000
18405.505371	-75.586411
18410.888672	-75.709763
18416.271973	-77.556808
18421.655273	-76.824135
18427.038574	-75.804680
18432.421875	-75.150581
18437.805176	-73.563187
18443.188477	-74.511269
18448.571777	-74.053162
18453.955078	-76.046814
18459.338379	-80.265160
18464.721680	-81.701897
18470.104980	-79.086502
18475.488281	-75.569832
18480.871582	-76.446838
18486.254883	-74.789703
18491.638184	-76.330261
18497.021484	-78.597687
18502.404785	-76.756493
18507.788086	-78.606377
18513.171387	-77.936722
18518.554688	-79.757950
18523.937988	-80.462784
18529.321289	-78.527199
18534.704590	-78.821907
18540.087891	-77.669426
18545.471191	-79.237206
18550.854492	-78.536346
18556.237793	-77.774246
18561.621094	-77.270782
18567.004395	-76.511993
18572.387695	-76.346916
18577.770996	-75.449051
18583.154297	-75.760216
18588.537598	-77.374298
18593.920898	-78.711464
18599.304199	-82.086571
18604.687500	-80.402832
18610.070801	-76.196854
18615.454102	-73.064987
18620.837402	-71.659302
18626.220703	-71.989998
18631.604004	-72.941193
18636.987305	-74.910065
18642.370605	-78.907280
18647.753906	-77.841614
18653.137207	-77.455063
18658.520508	-76.117447
18663.903809	-75.735245
18669.287109	-77.713982
18674.670410	-76.285286
18680.053711	-76.102104
18685.437012	-75.994545
18690.820312	-74.482910
18696.203613	-75.746078
18701.586914	-76.448418
18706.970215	-77.943352
18712.353516	-80.610641
18717.736816	-79.541786
18723.120117	-79.187790
18728.503418	-76.961662
18733.886719	-78.528236
18739.270020	-79.951736
18744.653320	-79.667900
18750.036621	-80.745461
18755.419922	-75.594040
18760.803223	-76.007805
18766.186523	-76.665192
18771.569824	-75.595078
18776.953125	-80.147652
18782.336426	-79.883141
18787.719727	-81.014343
18793.103027	-80.273323
18798.486328	-77.863884
18803.869629	-76.744629
18809.252930	-74.314941
18814.636230	-76.173248
18820.019531	-76.685547
18825.402832	-77.807114
18830.786133	-80.427971
18836.169434	-77.487137
18841.552734	-77.703857
18846.936035	-74.579720
18852.319336	-74.053215
18857.702637	-74.446037
18863.085938	-74.035362
18868.469238	-76.353851
18873.852539	-76.039093
18879.235840	-74.977493
18884.619141	-73.484344
18890.002441	-72.045464
18895.385742	-72.500877
18900.769043	-74.060692
18906.152344	-76.225815
18911.535645	-74.553108
18916.918945	-73.784195
18922.302246	-74.505501
18927.685547	-75.105186
18933.068848	-76.053780
18938.452148	-75.836632
18943.835449	-76.078049
18949.218750	-75.241302
18954.602051	-78.244751
18959.985352	-77.836594
18965.368652	-75.501068
18970.751953	-77.470627
18976.135254	-74.295830
18981.518555	-74.942383
18986.901855	-80.981010
18992.285156	-79.128204
18997.668457	-81.265091
19003.051758	-85.270996
19008.435059	-82.250473
19013.818359	-82.430878
19019.201660	-79.019524
19024.584961	-78.855957
19029.968262	-84.249863
19035.351562	-86.065247
19040.734863	-83.100868
19046.118164	-76.263756
19051.501465	-74.515198
19056.884766	-77.696098
19062.268066	-79.084732
19067.651367	-76.730606
19073.034668	-73.191490
19078.417969	-68.873413
19083.801270	-67.040474
19089.184570	-67.609695
19094.567871	-69.916077
19099.951172	-72.363152
19105.334473	-75.156265
19110.717773	-71.320061
19116.101074	-68.915947
19121.484375	-68.578880
19126.867676	-68.407982
19132.250977	-69.833908
19137.634277	-71.517097
19143.017578	-72.897438
19148.400879	-74.249245
19153.784180	-72.454742
19159.167480	-71.441376
19164.550781	-72.395111
19169.934082	-74.850174
19175.317383	-79.406502
19180.700684	-79.174469
19186.083984	-74.619316
19191.467285	-73.470985
19196.850586	-74.904541
19202.233887	-79.462608
19207.617188	-79.131538
19213.000488	-73.944557
19218.383789	-72.018517
19223.767090	-71.721550
19229.150391	-72.885674
19234.533691	-74.550728
19239.916992	-74.029625
19245.300293	-72.058907
19250.683594	-71.169067
19256.066895	-72.302086
19261.450195	-75.309692
19266.833496	-78.354851
19272.216797	-79.184212
19277.600098	-77.104057
19282.983398	-76.510696
19288.366699	-75.894615
19293.750000	-73.408905
19299.133301	-73.054970
19304.516602	-73.186455
19309.899902	-74.889961
19315.283203	-77.662674
19320.666504	-78.074623
19326.049805	-80.428268
19331.433105	-77.819946
19336.816406	-73.756737
19342.199707	-71.491714
19347.583008	-70.407120
19352.966309	-70.784355
19358.349609	-73.572220
19363.732910	-76.509544
19369.116211	-80.216179
19374.499512	-79.969864
19379.882812	-76.567314
19385.266113	-73.900948
19390.649414	-70.830162
19396.032715	-70.582169
19401.416016	-70.628670
19406.799316	-70.422226
19412.182617	-72.716560
19417.565918	-74.734138
19422.949219	-76.626259
19428.332520	-78.313377
19433.715820	-76.055420
19439.099121	-74.403603
19444.482422	-72.568451
19449.865723	-71.861725
19455.249023	-70.570282
19460.632324	-70.489098
19466.015625	-73.398598
19471.398926	-77.531342
19476.782227	-80.373497
19482.165527	-74.511292
19487.548828	-71.225967
19492.932129	-69.924828
19498.315430	-68.945129
19503.698730	-69.012970
19509.082031	-70.430923
19514.465332	-72.224869
19519.848633	-74.535782
19525.231934	-77.347527
19530.615234	-75.919044
19535.998535	-72.555298
19541.381836	-71.172150
19546.765137	-70.857269
19552.148438	-70.759605
19557.531738	-73.094284
19562.915039	-75.616997
19568.298340	-76.890800
19573.681641	-80.652306
19579.064941	-81.215973
19584.448242	-76.479919
19589.831543	-73.227386
19595.214844	-73.073067
19600.598145	-69.609222
19605.981445	-69.680489
19611.364746	-76.632072
19616.748047	-80.464729
19622.131348	-76.676704
19627.514648	-71.455544
19632.897949	-73.470848
19638.281250	-73.505981
19643.664551	-73.213066
19649.047852	-74.250702
19654.431152	-75.094826
19659.814453	-80.476227
19665.197754	-84.186470
19670.581055	-78.154716
19675.964355	-74.557587
19681.347656	-75.290466
19686.730957	-76.285652
19692.114258	-79.036682
19697.497559	-82.110214
19702.880859	-80.585304
19708.264160	-79.414856
19713.647461	-81.295090
19719.030762	-86.126541
19724.414062	-81.755676
19729.797363	-75.530945
19735.180664	-74.412521
19740.563965	-75.990242
19745.947266	-76.175163
19751.330566	-79.169205
19756.713867	-84.662422
19762.097168	-78.665291
19767.480469	-76.466881
19772.863770	-76.773277
19778.247070	-76.458656
19783.630371	-79.148094
19789.013672	-84.509468
19794.396973	-78.400772
19799.780273	-78.991447
19805.163574	-79.738754
19810.546875	-80.171494
19815.930176	-78.909348
19821.313477	-72.123955
19826.696777	-70.347351
19832.080078	-71.243309
19837.463379	-72.809921
19842.846680	-75.659431
19848.229980	-82.017090
19853.613281	-80.841675
19858.996582	-80.340324
19864.379883	-80.836891
19869.763184	-73.956116
19875.146484	-70.223686
19880.529785	-68.869240
19885.913086	-69.725876
19891.296387	-72.892410
19896.679688	-78.088623
19902.062988	-76.122627
19907.446289	-73.463432
19912.829590	-72.484955
19918.212891	-73.386993
19923.596191	-74.550499
19928.979492	-75.389740
19934.362793	-76.495506
19939.746094	-75.247223
19945.129395	-72.990662
19950.512695	-72.480103
19955.895996	-71.249352
19961.279297	-69.656151
19966.662598	-69.088860
19972.045898	-69.892303
19977.429199	-74.046219
19982.812500	-78.701561
19988.195801	-74.373680
19993.579102	-70.885284
19998.962402	-69.432961
20004.345703	-69.907333
20009.729004	-69.986504
20015.112305	-68.221855
20020.495605	-67.872971
20025.878906	-68.507668
20031.262207	-70.774857
20036.645508	-75.058739
20042.028809	-77.560204
20047.412109	-78.463303
20052.795410	-72.991859
20058.178711	-71.787857
20063.562012	-69.812912
20068.945312	-68.017395
20074.328613	-69.750916
20079.711914	-72.188637
20085.095215	-72.809280
20090.478516	-75.580261
20095.861816	-76.505157
20101.245117	-75.855057
20106.628418	-73.833557
20112.011719	-71.131012
20117.395020	-70.852234
20122.778320	-71.421127
20128.161621	-71.938782
20133.544922	-74.315163
20138.928223	-71.707878
20144.311523	-69.639122
20149.694824	-68.337120
20155.078125	-68.778778
20160.461426	-74.282623
20165.844727	-75.831924
20171.228027	-76.578979
20176.611328	-73.364868
20181.994629	-72.082184
20187.377930	-78.555145
20192.761230	-78.482796
20198.144531	-77.167404
20203.527832	-78.423965
20208.911133	-74.664673
20214.294434	-72.823135
20219.677734	-74.021637
20225.061035	-77.411896
20230.444336	-78.852371
20235.827637	-82.280807
20241.210938	-83.063072
20246.594238	-78.954628
20251.977539	-73.433105
20257.360840	-71.419571
20262.744141	-71.580391
20268.127441	-71.131775
20273.510742	-73.134254
20278.894043	-74.524956
20284.277344	-72.186195
20289.660645	-73.528542
20295.043945	-74.700287
20300.427246	-74.244247
20305.810547	-76.618584
20311.193848	-75.452637
20316.577148	-73.351456
20321.960449	-72.622192
20327.343750	-71.587685
20332.727051	-71.753929
20338.110352	-72.252113
20343.493652	-72.749947
20348.876953	-73.631432
20354.260254	-73.360497
20359.643555	-74.709190
20365.026855	-76.564072
20370.410156	-75.476402
20375.793457	-77.149132
20381.176758	-79.435341
20386.560059	-80.356491
20391.943359	-76.860199
20397.326660	-74.482399
20402.709961	-74.193733
20408.093262	-71.421661
20413.476562	-70.393295
20418.859863	-72.458572
20424.243164	-72.524734
20429.626465	-74.622772
20435.009766	-73.585442
20440.393066	-72.611473
20445.776367	-71.574310
20451.159668	-69.267616
20456.542969	-71.123032
20461.926270	-72.338158
20467.309570	-73.153488
20472.692871	-74.600670
20478.076172	-74.720818
20483.459473	-76.720573
20488.842773	-75.428299
20494.226074	-78.867569
20499.609375	-88.802895
20504.992676	-81.077042
20510.375977	-76.729584
20515.759277	-74.398453
20521.142578	-73.906395
20526.525879	-72.537758
20531.909180	-72.010101
20537.292480	-74.186317
20542.675781	-79.488777
20548.059082	-85.271019
20553.442383	-81.931755
20558.825684	-78.638611
20564.208984	-78.444267
20569.592285	-80.210419
20574.975586	-82.183823
20580.358887	-86.930420
20585.742188	-92.142250
20591.125488	-89.337547
20596.508789	-85.151054
20601.892090	-83.705132
20607.275391	-84.541626
20612.658691	-83.419785
20618.041992	-81.734711
20623.425293	-85.598648
20628.808594	-87.386002
20634.191895	-84.436562
20639.575195	-83.460739
20644.958496	-77.088722
20650.341797	-75.032219
20655.725098	-74.861282
20661.108398	-74.480247
20666.491699	-73.980293
20671.875000	-73.441475
20677.258301	-74.032166
20682.641602	-75.217781
20688.024902	-77.229996
20693.408203	-78.997871
20698.791504	-77.441551
20704.174805	-74.963852
20709.558105	-73.264938
20714.941406	-71.589783
20720.324707	-72.200569
20725.708008	-73.118797
20731.091309	-73.079369
20736.474609	-78.216553
20741.857910	-78.825462
20747.241211	-80.256531
20752.624512	-75.694695
20758.007812	-74.800926
20763.391113	-74.209457
20768.774414	-73.855858
20774.157715	-74.603256
20779.541016	-73.696976
20784.924316	-76.223953
20790.307617	-76.680862
20795.690918	-76.870392
20801.074219	-75.019203
20806.457520	-73.606453
20811.840820	-74.380028
20817.224121	-72.602486
20822.607422	-73.030418
20827.990723	-73.581299
20833.374023	-72.993752
20838.757324	-73.012505
20844.140625	-73.629387
20849.523926	-73.489822
20854.907227	-72.200668
20860.290527	-72.466064
20865.673828	-72.065613
20871.057129	-71.157433
20876.440430	-71.266174
20881.823730	-73.949707
20887.207031	-73.049309
20892.590332	-71.513527
20897.973633	-73.988510
20903.356934	-73.455032
20908.740234	-72.667244
20914.123535	-72.785110
20919.506836	-74.141823
20924.890137	-75.210228
20930.273438	-73.456688
20935.656738	-74.027237
20941.040039	-72.448051
20946.423340	-72.943497
20951.806641	-76.671761
20957.189941	-74.605087
20962.573242	-73.998360
20967.956543	-72.715446
20973.339844	-70.954178
20978.723145	-71.155548
20984.106445	-72.186081
20989.489746	-74.799660
20994.873047	-77.617043
21000.256348	-75.556717
21005.639648	-72.007660
21011.022949	-69.512260
21016.406250	-69.326233
21021.789551	-70.360313
21027.172852	-72.669983
21032.556152	-76.208466
21037.939453	-75.082413
21043.322754	-73.540436
21048.706055	-71.606674
21054.089355	-71.041550
21059.472656	-71.794754
21064.855957	-71.857712
21070.239258	-72.104721
21075.622559	-72.326454
21081.005859	-71.563400
21086.389160	-71.775818
21091.772461	-73.777374
21097.155762	-74.255264
21102.539062	-75.644554
21107.922363	-77.788551
21113.305664	-76.594986
21118.688965	-75.719185
21124.072266	-73.876701
21129.455566	-73.887581
21134.838867	-73.886063
21140.222168	-73.390488
21145.605469	-73.715599
21150.988770	-72.661972
21156.372070	-71.951958
21161.755371	-73.173935
21167.138672	-74.768311
21172.521973	-76.683350
21177.905273	-77.309113
21183.288574	-75.904968
21188.671875	-74.072197
21194.055176	-72.385719
21199.438477	-72.574303
21204.821777	-74.197609
21210.205078	-75.961136
21215.588379	-76.478592
21220.971680	-74.930099
21226.354980	-73.442284
21231.738281	-72.684830
21237.121582	-72.312859
21242.504883	-72.088463
21247.888184	-71.985390
21253.271484	-72.515831
21258.654785	-73.590385
21264.038086	-74.262375
21269.421387	-75.267540
21274.804688	-75.758232
21280.187988	-76.951653
21285.571289	-76.811096
21290.954590	-75.995384
21296.337891	-75.962311
21301.721191	-75.612610
21307.104492	-75.690971
21312.487793	-74.994003
21317.871094	-74.324722
21323.254395	-74.228287
21328.637695	-75.045692
21334.020996	-77.390045
21339.404297	-79.853935
21344.787598	-82.145088
21350.170898	-80.287743
21355.554199	-79.345375
21360.937500	-79.367813
21366.320801	-77.950935
21371.704102	-77.452652
21377.087402	-77.129753
21382.470703	-76.854042
21387.854004	-77.170525
21393.237305	-77.559875
21398.620605	-78.601318
21404.003906	-80.922897
21409.387207	-83.886467
21414.770508	-85.922623
21420.153809	-83.770332
21425.537109	-79.552429
21430.920410	-77.532860
21436.303711	-77.070320
21441.687012	-77.029953
21447.070312	-76.966743
21452.453613	-77.584320
21457.836914	-79.672485
21463.220215	-83.019684
21468.603516	-85.753021
21473.986816	-89.730934
21479.370117	-90.123642
21484.753418	-89.549721
21490.136719	-90.773354
21495.520020	-87.731316
21500.903320	-89.154869
21506.286621	-92.024910
21511.669922	-95.240639
21517.053223	-95.989288
21522.436523	-90.875191
21527.819824	-90.270859
21533.203125	-89.371376
21538.586426	-86.771225
21543.969727	-88.394119
21549.353027	-91.069153
21554.736328	-92.044128
21560.119629	-92.692795
21565.502930	-90.272110
21570.886230	-88.340515
21576.269531	-86.877953
21581.652832	-88.408463
21587.036133	-90.129974
21592.419434	-92.695229
21597.802734	-93.855331
21603.186035	-88.274544
21608.569336	-85.777390
21613.952637	-82.712090
21619.335938	-81.775505
21624.719238	-82.895996
21630.102539	-82.354645
21635.485840	-84.543266
21640.869141	-85.094017
21646.252441	-83.349724
21651.635742	-82.668686
21657.019043	-79.320709
21662.402344	-80.010178
21667.785645	-80.402115
21673.168945	-78.934143
21678.552246	-79.229019
21683.935547	-77.804237
21689.318848	-78.012421
21694.702148	-77.701973
21700.085449	-77.260284
21705.468750	-76.809669
21710.852051	-75.455292
21716.235352	-75.313957
21721.618652	-75.429390
21727.001953	-76.186455
21732.385254	-76.873573
21737.768555	-77.391983
21743.151855	-77.693665
21748.535156	-76.462425
21753.918457	-74.205086
21759.301758	-73.193954
21764.685059	-72.844566
21770.068359	-73.171135
21775.451660	-74.834946
21780.834961	-76.621010
21786.218262	-76.631897
21791.601562	-75.642929
21796.984863	-74.428223
21802.368164	-73.791611
21807.751465	-73.877922
21813.134766	-74.486259
21818.518066	-75.355148
21823.901367	-76.139618
21829.284668	-76.155075
21834.667969	-75.343216
21840.051270	-74.424553
21845.434570	-73.658310
21850.817871	-74.475983
21856.201172	-75.845276
21861.584473	-76.464188
21866.967773	-76.488884
21872.351074	-74.997177
21877.734375	-74.385605
21883.117676	-74.192764
21888.500977	-73.890976
21893.884277	-74.285049
21899.267578	-74.382355
21904.650879	-75.179947
21910.034180	-76.048264
21915.417480	-76.446342
21920.800781	-76.232689
21926.184082	-75.074379
21931.567383	-75.142029
21936.950684	-75.561844
21942.333984	-76.233574
21947.717285	-77.391159
21953.100586	-77.275719
21958.483887	-77.529907
21963.867188	-76.799164
21969.250488	-77.004784
21974.633789	-77.446434
21980.017090	-77.592682
21985.400391	-78.486191
21990.783691	-78.558922
21996.166992	-78.432648
22001.550293	-77.784523
22006.933594	-77.336075
22012.316895	-77.158714
22017.700195	-76.993080
22023.083496	-77.004639
22028.466797	-76.933151
22033.850098	-77.843178
22039.233398	-78.428024
22044.616699	-78.691628
