Frequency (Hz)	Level (dB)
5.383301	-22.395622
10.766602	-19.737606
16.149902	-19.791000
21.533203	-20.477123
26.916504	-21.161997
32.299805	-23.020130
37.683105	-26.218441
43.066406	-29.348385
48.449707	-26.057999
53.833008	-23.641489
59.216309	-24.213564
64.599609	-24.335371
69.982910	-23.949474
75.366211	-23.864054
80.749512	-23.811371
86.132812	-23.822311
91.516113	-23.659592
96.899414	-23.772236
102.282715	-23.253710
107.666016	-23.053303
113.049316	-22.628571
118.432617	-22.186089
123.815918	-22.261246
129.199219	-22.302782
134.582520	-22.291256
139.965820	-22.423592
145.349121	-22.871136
150.732422	-23.044773
156.115723	-23.291965
161.499023	-23.656113
166.882324	-23.942545
172.265625	-24.166071
177.648926	-24.221128
183.032227	-24.436045
188.415527	-25.352053
193.798828	-26.644638
199.182129	-27.134396
204.565430	-27.516636
209.948730	-29.093716
215.332031	-30.250090
220.715332	-31.023224
226.098633	-32.223068
231.481934	-33.975483
236.865234	-35.587963
242.248535	-37.892075
247.631836	-45.156994
253.015137	-56.274109
258.398438	-74.997269
263.781738	-49.014133
269.165039	-43.779854
274.548340	-41.280113
279.931641	-39.833263
285.314941	-39.886322
290.698242	-38.464294
296.081543	-38.197529
301.464844	-39.341805
306.848145	-38.864788
312.231445	-38.242046
317.614746	-38.254807
322.998047	-36.825954
328.381348	-35.996445
333.764648	-34.709614
339.147949	-32.907913
344.531250	-31.760311
349.914551	-31.797621
355.297852	-31.555586
360.681152	-31.010578
366.064453	-32.153587
371.447754	-31.649433
376.831055	-30.542871
382.214355	-29.953753
387.597656	-30.072645
392.980957	-30.499554
398.364258	-28.976728
403.747559	-29.364006
409.130859	-30.747427
414.514160	-30.111698
419.897461	-28.159811
425.280762	-28.950087
430.664062	-35.115196
436.047363	-30.728718
441.430664	-30.330336
446.813965	-34.790573
452.197266	-33.226364
457.580566	-29.598890
462.963867	-32.330795
468.347168	-40.990097
473.730469	-33.331688
479.113770	-32.231773
484.497070	-36.428577
489.880371	-38.647449
495.263672	-34.442528
500.646973	-36.374447
506.030273	-40.847622
511.413574	-47.241531
516.796875	-43.665272
522.180176	-46.152859
527.563477	-60.269138
532.946777	-51.268051
538.330078	-44.604675
543.713379	-43.392971
549.096680	-45.415462
554.479980	-45.402969
559.863281	-47.876286
565.246582	-48.114964
570.629883	-44.569946
576.013184	-44.698586
581.396484	-48.211674
586.779785	-44.425217
592.163086	-45.677376
597.546387	-55.814301
602.929688	-47.648773
608.312988	-42.345463
613.696289	-41.630558
619.079590	-43.074642
624.462891	-46.049194
629.846191	-40.855816
635.229492	-40.538960
640.612793	-52.110264
645.996094	-41.981915
651.379395	-40.908699
656.762695	-40.905045
662.145996	-43.775330
667.529297	-45.106724
672.912598	-44.469227
678.295898	-52.951939
683.679199	-50.127235
689.062500	-47.238831
694.445801	-50.897324
699.829102	-44.055508
705.212402	-47.816807
710.595703	-40.431087
715.979004	-39.049419
721.362305	-44.394081
726.745605	-43.476597
732.128906	-41.942509
737.512207	-46.514801
742.895508	-47.293217
748.278809	-42.232918
753.662109	-42.049271
759.045410	-49.993423
764.428711	-45.024349
769.812012	-51.167076
775.195312	-51.425743
780.578613	-50.816811
785.961914	-42.460155
791.345215	-42.219051
796.728516	-35.567757
802.111816	-33.634773
807.495117	-31.762613
812.878418	-33.094788
818.261719	-32.799908
823.645020	-30.034151
829.028320	-28.619566
834.411621	-29.952274
839.794922	-35.706196
845.178223	-34.865532
850.561523	-29.925402
855.944824	-34.148201
861.328125	-26.871256
866.711426	-22.560888
872.094727	-24.870569
877.478027	-26.908766
882.861328	-28.908579
888.244629	-29.644533
893.627930	-29.635252
899.011230	-32.277195
904.394531	-35.144711
909.777832	-32.311829
915.161133	-33.217384
920.544434	-38.679317
925.927734	-43.017239
931.311035	-38.144699
936.694336	-38.097645
942.077637	-47.617924
947.460938	-43.694878
952.844238	-42.526726
958.227539	-49.963505
963.610840	-46.604683
968.994141	-40.943230
974.377441	-42.850780
979.760742	-43.313942
985.144043	-38.828117
990.527344	-39.426861
995.910645	-37.071011
1001.293945	-36.737751
1006.677246	-38.607277
1012.060547	-39.870930
1017.443848	-39.190308
1022.827148	-36.368843
1028.210449	-35.688828
1033.593750	-37.913082
1038.977051	-33.012688
1044.360352	-28.236198
1049.743652	-25.138962
1055.126953	-23.806313
1060.510254	-24.824987
1065.893555	-27.278444
1071.276855	-27.532064
1076.660156	-25.788765
1082.043457	-23.777020
1087.426758	-23.261206
1092.810059	-24.785629
1098.193359	-27.156294
1103.576660	-28.775412
1108.959961	-30.100414
1114.343262	-32.428120
1119.726562	-35.194675
1125.109863	-36.669933
1130.493164	-36.112240
1135.876465	-35.894588
1141.259766	-37.035526
1146.643066	-36.933186
1152.026367	-36.304031
1157.409668	-36.752445
1162.792969	-38.058514
1168.176270	-40.635216
1173.559570	-43.475754
1178.942871	-45.159172
1184.326172	-44.460972
1189.709473	-43.770676
1195.092773	-44.993172
1200.476074	-45.772934
1205.859375	-43.721256
1211.242676	-44.194721
1216.625977	-45.241680
1222.009277	-45.623463
1227.392578	-46.085548
1232.775879	-46.043430
1238.159180	-42.215820
1243.542480	-41.885422
1248.925781	-42.570370
1254.309082	-38.805450
1259.692383	-37.034225
1265.075684	-36.954155
1270.458984	-35.623505
1275.842285	-34.801773
1281.225586	-38.453293
1286.608887	-38.134926
1291.992188	-34.944645
1297.375488	-34.179211
1302.758789	-38.924706
1308.142090	-42.942928
1313.525391	-44.996017
1318.908691	-47.146366
1324.291992	-46.094383
1329.675293	-49.019829
1335.058594	-57.383518
1340.441895	-58.226017
1345.825195	-51.790119
1351.208496	-56.715527
1356.591797	-49.521889
1361.975098	-49.587833
1367.358398	-46.324593
1372.741699	-45.650028
1378.125000	-44.063148
1383.508301	-41.793297
1388.891602	-41.119446
1394.274902	-43.920692
1399.658203	-45.808701
1405.041504	-40.769451
1410.424805	-39.179119
1415.808105	-39.408356
1421.191406	-40.235699
1426.574707	-40.879490
1431.958008	-41.237091
1437.341309	-38.990845
1442.724609	-41.443333
1448.107910	-42.554390
1453.491211	-43.331509
1458.874512	-42.692009
1464.257812	-44.208538
1469.641113	-39.988625
1475.024414	-38.312038
1480.407715	-40.257866
1485.791016	-48.700596
1491.174316	-42.492027
1496.557617	-39.885365
1501.940918	-38.566589
1507.324219	-36.713364
1512.707520	-33.505566
1518.090820	-32.424484
1523.474121	-33.854797
1528.857422	-31.740715
1534.240723	-28.996819
1539.624023	-30.804462
1545.007324	-28.390907
1550.390625	-25.622595
1555.773926	-27.804832
1561.157227	-29.004528
1566.540527	-32.098431
1571.923828	-30.919933
1577.307129	-30.623747
1582.690430	-30.860544
1588.073730	-31.400812
1593.457031	-33.782745
1598.840332	-36.579533
1604.223633	-43.174950
1609.606934	-43.479866
1614.990234	-38.293751
1620.373535	-35.839211
1625.756836	-37.506958
1631.140137	-37.562298
1636.523438	-36.134399
1641.906738	-37.299614
1647.290039	-39.459503
1652.673340	-39.972343
1658.056641	-40.047585
1663.439941	-39.040955
1668.823242	-40.257385
1674.206543	-41.151272
1679.589844	-40.781078
1684.973145	-43.726524
1690.356445	-45.830765
1695.739746	-40.836540
1701.123047	-40.656078
1706.506348	-48.910805
1711.889648	-44.059521
1717.272949	-43.802181
1722.656250	-42.549450
1728.039551	-41.803291
1733.422852	-40.269791
1738.806152	-37.498489
1744.189453	-37.868244
1749.572754	-41.617203
1754.956055	-40.535652
1760.339355	-39.831654
1765.722656	-41.989349
1771.105957	-38.682724
1776.489258	-38.677387
1781.872559	-39.773865
1787.255859	-42.052078
1792.639160	-41.481575
1798.022461	-40.545353
1803.405762	-43.791756
1808.789062	-42.716934
1814.172363	-41.611610
1819.555664	-41.574005
1824.938965	-50.004536
1830.322266	-42.295128
1835.705566	-42.421375
1841.088867	-42.902756
1846.472168	-42.470520
1851.855469	-42.769981
1857.238770	-42.973988
1862.622070	-42.764214
1868.005371	-46.132568
1873.388672	-48.982594
1878.771973	-44.873547
1884.155273	-45.341072
1889.538574	-48.243958
1894.921875	-48.227135
1900.305176	-48.472492
1905.688477	-50.753315
1911.071777	-51.099884
1916.455078	-51.651093
1921.838379	-49.596931
1927.221680	-55.603535
1932.604980	-59.941616
1937.988281	-54.986557
1943.371582	-51.210155
1948.754883	-56.782272
1954.138184	-51.049477
1959.521484	-52.024998
1964.904785	-57.279240
1970.288086	-53.157063
1975.671387	-53.035954
1981.054688	-53.299614
1986.437988	-51.609985
1991.821289	-48.163765
1997.204590	-48.220871
2002.587891	-47.410709
2007.971191	-46.462666
2013.354492	-44.296028
2018.737793	-44.164879
2024.121094	-44.721653
2029.504395	-48.628075
2034.887695	-48.200478
2040.270996	-46.831661
2045.654297	-47.653374
2051.037598	-56.464577
2056.420898	-53.281281
2061.804199	-46.030125
2067.187500	-43.055885
2072.570801	-42.194828
2077.954102	-41.820038
2083.337402	-41.309704
2088.720703	-41.703152
2094.104004	-41.415215
2099.487305	-40.344547
2104.870605	-39.236729
2110.253906	-38.912823
2115.637207	-37.457077
2121.020508	-35.707001
2126.403809	-35.073170
2131.787109	-33.906906
2137.170410	-33.141518
2142.553711	-35.095459
2147.937012	-40.325523
2153.320312	-44.355461
2158.703613	-47.212830
2164.086914	-49.589088
2169.470215	-39.209469
2174.853516	-37.428284
2180.236816	-36.697495
2185.620117	-38.123764
2191.003418	-32.725430
2196.386719	-27.058214
2201.770020	-23.567568
2207.153320	-21.932322
2212.536621	-25.122761
2217.919922	-31.616165
2223.303223	-34.746624
2228.686523	-37.211361
2234.069824	-42.096996
2239.453125	-43.394329
2244.836426	-45.106041
2250.219727	-47.811119
2255.603027	-45.813908
2260.986328	-45.519550
2266.369629	-50.476780
2271.752930	-61.486401
2277.136230	-57.602730
2282.519531	-52.988232
2287.902832	-54.805550
2293.286133	-56.777962
2298.669434	-49.799164
2304.052734	-48.063599
2309.436035	-52.691715
2314.819336	-52.367645
2320.202637	-52.213657
2325.585938	-62.173225
2330.969238	-66.958984
2336.352539	-50.743816
2341.735840	-45.609520
2347.119141	-47.837013
2352.502441	-53.836777
2357.885742	-48.640770
2363.269043	-47.781002
2368.652344	-52.444004
2374.035645	-56.522671
2379.418945	-49.289009
2384.802246	-47.507435
2390.185547	-50.558868
2395.568848	-54.034550
2400.952148	-49.541615
2406.335449	-50.080647
2411.718750	-53.746784
2417.102051	-59.257614
2422.485352	-49.798691
2427.868652	-50.412231
2433.251953	-56.115005
2438.635254	-49.198399
2444.018555	-49.626911
2449.401855	-52.573494
2454.785156	-54.011066
2460.168457	-50.719753
2465.551758	-48.139858
2470.935059	-51.241192
2476.318359	-61.347809
2481.701660	-57.641853
2487.084961	-56.655445
2492.468262	-59.812660
2497.851562	-58.123310
2503.234863	-51.062405
2508.618164	-55.300392
2514.001465	-58.487526
2519.384766	-51.783607
2524.768066	-51.316608
2530.151367	-55.710152
2535.534668	-54.585468
2540.917969	-51.174915
2546.301270	-53.693501
2551.684570	-61.105007
2557.067871	-55.959885
2562.451172	-56.060043
2567.834473	-55.346138
2573.217773	-55.456741
2578.601074	-56.140549
2583.984375	-50.582233
2589.367676	-53.798386
2594.750977	-63.173954
2600.134277	-57.634781
2605.517578	-58.579838
2610.900879	-55.547588
2616.284180	-55.880184
2621.667480	-59.240273
2627.050781	-60.237640
2632.434082	-55.050583
2637.817383	-51.704903
2643.200684	-48.303299
2648.583984	-47.310997
2653.967285	-45.673912
2659.350586	-44.914452
2664.733887	-46.762688
2670.117188	-45.411007
2675.500488	-44.210407
2680.883789	-42.150379
2686.267090	-41.614639
2691.650391	-38.972111
2697.033691	-37.102844
2702.416992	-36.547024
2707.800293	-38.598904
2713.183594	-41.975552
2718.566895	-46.367172
2723.950195	-57.992146
2729.333496	-65.361374
2734.716797	-57.356731
2740.100098	-46.095585
2745.483398	-43.225452
2750.866699	-45.526676
2756.250000	-45.284962
2761.633301	-44.812576
2767.016602	-45.953083
2772.399902	-48.214317
2777.783203	-49.360012
2783.166504	-48.710899
2788.549805	-48.712200
2793.933105	-51.048584
2799.316406	-51.907734
2804.699707	-47.142506
2810.083008	-47.564407
2815.466309	-51.079594
2820.849609	-46.809181
2826.232910	-45.450714
2831.616211	-48.384029
2836.999512	-52.703346
2842.382812	-48.400536
2847.766113	-47.051987
2853.149414	-49.557556
2858.532715	-47.466225
2863.916016	-45.040649
2869.299316	-45.366104
2874.682617	-46.799267
2880.065918	-51.474361
2885.449219	-48.361656
2890.832520	-46.095966
2896.215820	-51.864143
2901.599121	-49.627625
2906.982422	-46.669956
2912.365723	-48.060986
2917.749023	-54.024483
2923.132324	-57.567841
2928.515625	-55.766602
2933.898926	-59.799900
2939.282227	-55.046906
2944.665527	-53.862453
2950.048828	-56.037453
2955.432129	-48.668247
2960.815430	-41.336990
2966.198730	-32.673004
2971.582031	-30.169901
2976.965332	-36.199562
2982.348633	-42.922832
2987.731934	-36.491993
2993.115234	-40.553902
2998.498535	-64.394691
3003.881836	-47.832676
3009.265137	-49.683186
3014.648438	-58.398106
3020.031738	-51.556973
3025.415039	-47.332100
3030.798340	-46.085701
3036.181641	-49.409924
3041.564941	-49.040146
3046.948242	-49.242622
3052.331543	-48.325531
3057.714844	-48.101917
3063.098145	-53.318413
3068.481445	-47.836971
3073.864746	-45.945961
3079.248047	-47.350349
3084.631348	-49.339752
3090.014648	-45.901447
3095.397949	-37.797424
3100.781250	-34.452305
3106.164551	-36.370975
3111.547852	-39.655830
3116.931152	-43.276623
3122.314453	-44.259998
3127.697754	-47.146637
3133.081055	-40.202202
3138.464355	-37.543102
3143.847656	-40.274620
3149.230957	-37.186020
3154.614258	-35.885010
3159.997559	-36.212681
3165.380859	-35.309254
3170.764160	-36.996758
3176.147461	-33.888565
3181.530762	-33.605373
3186.914062	-32.512909
3192.297363	-32.601364
3197.680664	-30.496574
3203.063965	-20.566818
3208.447266	-16.031641
3213.830566	-13.309708
3219.213867	-14.799827
3224.597168	-19.906832
3229.980469	-23.467087
3235.363770	-25.012821
3240.747070	-27.316494
3246.130371	-29.273674
3251.513672	-30.853348
3256.896973	-33.918488
3262.280273	-36.484470
3267.663574	-37.967793
3273.046875	-36.240746
3278.430176	-38.319790
3283.813477	-37.839931
3289.196777	-36.584194
3294.580078	-38.535858
3299.963379	-37.300411
3305.346680	-38.839863
3310.729980	-40.205563
3316.113281	-42.338280
3321.496582	-45.055889
3326.879883	-43.503815
3332.263184	-44.890446
3337.646484	-44.211624
3343.029785	-44.650112
3348.413086	-44.315968
3353.796387	-46.160664
3359.179688	-48.572094
3364.562988	-52.036865
3369.946289	-54.216209
3375.329590	-50.991409
3380.712891	-53.180515
3386.096191	-49.648262
3391.479492	-49.136322
3396.862793	-48.586025
3402.246094	-50.383572
3407.629395	-56.252354
3413.012695	-67.022682
3418.395996	-57.212330
3423.779297	-51.698524
3429.162598	-50.678024
3434.545898	-51.358593
3439.929199	-54.604565
3445.312500	-70.107513
3450.695801	-56.031528
3456.079102	-55.463173
3461.462402	-56.041878
3466.845703	-49.989208
3472.229004	-49.269444
3477.612305	-50.141590
3482.995605	-51.934475
3488.378906	-49.950928
3493.762207	-48.953590
3499.145508	-49.896191
3504.528809	-47.854588
3509.912109	-46.445007
3515.295410	-46.032703
3520.678711	-47.838341
3526.062012	-47.379330
3531.445312	-46.492977
3536.828613	-46.941925
3542.211914	-47.390396
3547.595215	-47.221394
3552.978516	-46.063828
3558.361816	-46.606144
3563.745117	-47.552223
3569.128418	-47.305332
3574.511719	-46.236900
3579.895020	-48.492039
3585.278320	-51.839165
3590.661621	-51.808304
3596.044922	-52.028618
3601.428223	-55.222782
3606.811523	-59.987923
3612.194824	-58.036999
3617.578125	-56.512001
3622.961426	-63.065228
3628.344727	-55.288166
3633.728027	-57.366398
3639.111328	-60.969017
3644.494629	-53.181705
3649.877930	-48.576851
3655.261230	-53.124645
3660.644531	-52.388294
3666.027832	-50.548969
3671.411133	-46.602730
3676.794434	-48.114594
3682.177734	-47.716026
3687.561035	-44.852005
3692.944336	-44.535091
3698.327637	-45.372108
3703.710938	-50.414127
3709.094238	-45.321907
3714.477539	-45.562252
3719.860840	-44.799637
3725.244141	-48.596458
3730.627441	-46.181660
3736.010742	-45.082729
3741.394043	-48.903870
3746.777344	-42.546177
3752.160645	-40.674084
3757.543945	-40.393093
3762.927246	-44.883141
3768.310547	-51.517612
3773.693848	-50.660336
3779.077148	-47.655518
3784.460449	-49.220802
3789.843750	-51.663845
3795.227051	-53.401043
3800.610352	-51.136105
3805.993652	-46.702545
3811.376953	-47.740665
3816.760254	-49.691002
3822.143555	-47.325657
3827.526855	-44.799938
3832.910156	-50.115265
3838.293457	-50.616417
3843.676758	-43.468361
3849.060059	-39.843472
3854.443359	-41.134529
3859.826660	-41.884163
3865.209961	-40.038517
3870.593262	-40.923847
3875.976562	-51.242474
3881.359863	-41.493809
3886.743164	-43.227142
3892.126465	-40.770996
3897.509766	-44.505657
3902.893066	-43.731625
3908.276367	-35.023079
3913.659668	-36.054077
3919.042969	-44.870628
3924.426270	-41.763268
3929.809570	-44.795750
3935.192871	-45.793686
3940.576172	-44.746693
3945.959473	-42.872623
3951.342773	-49.645206
3956.726074	-49.210442
3962.109375	-45.950142
3967.492676	-44.607735
3972.875977	-44.773239
3978.259277	-45.786114
3983.642578	-44.298080
3989.025879	-44.371555
3994.409180	-44.793331
3999.792480	-46.424973
4005.175781	-45.256443
4010.559082	-48.748566
4015.942383	-44.060299
4021.325684	-45.504387
4026.708984	-49.258980
4032.092285	-49.683914
4037.475586	-59.629829
4042.858887	-52.639290
4048.242188	-58.631008
4053.625488	-57.248951
4059.008789	-59.143230
4064.392090	-56.228325
4069.775391	-52.188145
4075.158691	-46.394909
4080.541992	-47.272724
4085.925293	-52.378693
4091.308594	-52.919312
4096.691895	-55.366970
4102.075195	-60.670143
4107.458496	-57.193672
4112.841797	-69.474373
4118.225098	-60.702911
4123.608398	-62.125019
4128.991699	-57.940842
4134.375000	-49.662441
4139.758301	-48.870323
4145.141602	-49.258224
4150.524902	-45.435902
4155.908203	-43.468910
4161.291504	-41.421291
4166.674805	-40.179596
4172.058105	-44.242405
4177.441406	-44.045990
4182.824707	-39.690620
4188.208008	-38.633118
4193.591309	-39.850639
4198.974609	-43.162502
4204.357910	-34.896042
4209.741211	-30.771208
4215.124512	-28.977306
4220.507812	-26.444624
4225.891113	-23.082598
4231.274414	-22.624306
4236.657715	-24.671257
4242.041016	-25.543680
4247.424316	-25.173498
4252.807617	-19.956083
4258.190918	-15.842663
4263.574219	-11.987617
4268.957520	-11.357868
4274.340820	-14.546822
4279.724121	-21.963081
4285.107422	-22.537348
4290.490723	-23.913439
4295.874023	-30.219034
4301.257324	-32.159126
4306.640625	-34.785042
4312.023926	-39.182877
4317.407227	-40.626160
4322.790527	-40.320877
4328.173828	-36.783157
4333.557129	-35.983631
4338.940430	-39.522423
4344.323730	-40.148914
4349.707031	-40.793781
4355.090332	-41.194103
4360.473633	-41.865463
4365.856934	-48.202251
4371.240234	-51.572552
4376.623535	-47.016953
4382.006836	-46.751133
4387.390137	-51.418926
4392.773438	-47.636913
4398.156738	-48.202995
4403.540039	-49.041862
4408.923340	-51.467583
4414.306641	-56.610100
4419.689941	-51.168976
4425.073242	-49.398754
4430.456543	-51.124660
4435.839844	-51.804195
4441.223145	-53.182407
4446.606445	-47.519661
4451.989746	-53.667450
4457.373047	-58.244686
4462.756348	-70.204468
4468.139648	-53.294807
4473.522949	-54.447655
4478.906250	-55.566860
4484.289551	-50.118912
4489.672852	-50.287437
4495.056152	-52.805290
4500.439453	-59.608856
4505.822754	-50.417309
4511.206055	-51.846596
4516.589355	-56.908749
4521.972656	-51.925995
4527.355957	-46.904041
4532.739258	-48.487099
4538.122559	-53.247036
4543.505859	-48.954788
4548.889160	-47.640598
4554.272461	-47.645550
4559.655762	-48.894482
4565.039062	-51.176804
4570.422363	-52.644245
4575.805664	-50.084194
4581.188965	-50.921852
4586.572266	-49.877617
4591.955566	-48.592693
4597.338867	-57.684280
4602.722168	-53.010262
4608.105469	-51.140095
4613.488770	-56.930092
4618.872070	-69.233025
4624.255371	-54.975994
4629.638672	-52.905090
4635.021973	-54.437756
4640.405273	-53.675987
4645.788574	-52.880421
4651.171875	-48.968227
4656.555176	-50.204609
4661.938477	-49.830807
4667.321777	-48.854187
4672.705078	-49.709450
4678.088379	-52.671448
4683.471680	-55.482182
4688.854980	-50.022221
4694.238281	-51.152924
4699.621582	-51.332104
4705.004883	-50.126415
4710.388184	-49.156940
4715.771484	-51.138397
4721.154785	-52.373581
4726.538086	-53.498661
4731.921387	-56.909229
4737.304688	-66.147614
4742.687988	-58.136330
4748.071289	-56.917057
4753.454590	-67.560600
4758.837891	-56.128765
4764.221191	-47.757473
4769.604492	-47.282375
4774.987793	-46.495457
4780.371094	-48.927147
4785.754395	-49.532356
4791.137695	-48.127853
4796.520996	-48.128464
4801.904297	-47.160439
4807.287598	-46.867325
4812.670898	-46.283504
4818.054199	-47.173340
4823.437500	-48.320507
4828.820801	-46.542023
4834.204102	-45.654522
4839.587402	-45.126900
4844.970703	-51.585258
4850.354004	-43.499104
4855.737305	-47.137146
4861.120605	-57.561874
4866.503906	-54.055599
4871.887207	-46.903130
4877.270508	-51.633247
4882.653809	-46.920380
4888.037109	-45.506531
4893.420410	-47.326542
4898.803711	-46.208347
4904.187012	-44.705750
4909.570312	-50.799122
4914.953613	-55.054958
4920.336914	-51.460659
4925.720215	-56.697281
4931.103516	-54.355049
4936.486816	-52.849464
4941.870117	-57.413597
4947.253418	-60.211857
4952.636719	-53.007359
4958.020020	-47.542046
4963.403320	-48.749279
4968.786621	-52.490009
4974.169922	-51.104580
4979.553223	-52.662868
4984.936523	-57.306438
4990.319824	-53.769299
4995.703125	-48.298958
5001.086426	-48.552822
5006.469727	-50.586929
5011.853027	-53.290176
5017.236328	-55.834904
5022.619629	-51.520691
5028.002930	-61.522114
5033.386230	-55.478168
5038.769531	-49.446358
5044.152832	-47.863605
5049.536133	-50.388153
5054.919434	-59.957355
5060.302734	-47.862984
5065.686035	-46.330162
5071.069336	-46.851929
5076.452637	-49.655453
5081.835938	-48.411301
5087.219238	-47.706566
5092.602539	-49.769203
5097.985840	-47.249298
5103.369141	-43.060890
5108.752441	-43.013340
5114.135742	-47.497631
5119.519043	-49.571358
5124.902344	-54.412926
5130.285645	-45.698799
5135.668945	-44.627602
5141.052246	-44.987068
5146.435547	-42.039261
5151.818848	-43.358322
5157.202148	-58.334816
5162.585449	-50.593540
5167.968750	-48.485619
5173.352051	-48.621204
5178.735352	-47.929501
5184.118652	-50.924351
5189.501953	-48.638985
5194.885254	-46.023975
5200.268555	-43.307144
5205.651855	-44.516159
5211.035156	-44.112095
5216.418457	-41.318623
5221.801758	-39.745338
5227.185059	-40.551067
5232.568359	-41.391632
5237.951660	-38.548969
5243.334961	-38.332855
5248.718262	-38.827625
5254.101562	-40.810677
5259.484863	-40.768185
5264.868164	-39.547680
5270.251465	-38.942352
5275.634766	-37.515823
5281.018066	-38.350006
5286.401367	-45.164539
5291.784668	-39.172470
5297.167969	-34.149136
5302.551270	-35.266777
5307.934570	-35.305588
5313.317871	-36.386211
5318.701172	-35.319504
5324.084473	-30.962440
5329.467773	-31.267300
5334.851074	-38.638420
5340.234375	-26.319830
5345.617676	-21.397058
5351.000977	-18.583567
5356.384277	-17.308334
5361.767578	-20.065002
5367.150879	-24.190706
5372.534180	-21.624037
5377.917480	-22.083340
5383.300781	-26.454222
5388.684082	-31.947092
5394.067383	-38.788601
5399.450684	-38.729527
5404.833984	-35.729507
5410.217285	-35.375168
5415.600586	-39.179478
5420.983887	-37.633812
5426.367188	-33.855442
5431.750488	-35.792282
5437.133789	-42.728508
5442.517090	-44.518696
5447.900391	-42.280872
5453.283691	-45.718102
5458.666992	-49.181049
5464.050293	-67.589050
5469.433594	-54.173862
5474.816895	-49.114281
5480.200195	-46.557198
5485.583496	-46.627602
5490.966797	-54.438133
5496.350098	-50.815403
5501.733398	-46.702858
5507.116699	-46.328304
5512.500000	-46.122894
5517.883301	-46.937782
5523.266602	-41.428291
5528.649902	-38.064014
5534.033203	-35.440315
5539.416504	-34.457336
5544.799805	-35.861053
5550.183105	-39.752678
5555.566406	-34.637241
5560.949707	-32.933746
5566.333008	-35.408607
5571.716309	-42.237896
5577.099609	-37.042389
5582.482910	-38.494484
5587.866211	-41.568485
5593.249512	-43.318535
5598.632812	-40.490368
5604.016113	-41.926456
5609.399414	-47.727474
5614.782715	-42.991074
5620.166016	-44.233768
5625.549316	-43.325974
5630.932617	-44.607441
5636.315918	-39.152187
5641.699219	-38.394466
5647.082520	-41.661194
5652.465820	-42.188728
5657.849121	-39.090912
5663.232422	-38.724590
5668.615723	-41.947540
5673.999023	-43.029297
5679.382324	-40.431847
5684.765625	-41.548862
5690.148926	-45.135075
5695.532227	-47.480827
5700.915527	-48.578190
5706.298828	-47.105743
5711.682129	-50.108040
5717.065430	-63.515614
5722.448730	-56.381905
5727.832031	-59.762280
5733.215332	-55.906513
5738.598633	-55.703499
5743.981934	-64.982643
5749.365234	-56.763935
5754.748535	-56.001358
5760.131836	-65.285568
5765.515137	-61.552010
5770.898438	-55.959518
5776.281738	-57.051163
5781.665039	-70.915527
5787.048340	-56.790604
5792.431641	-52.126358
5797.814941	-58.857414
5803.198242	-55.642155
5808.581543	-49.716965
5813.964844	-48.496658
5819.348145	-48.543133
5824.731445	-55.045193
5830.114746	-55.004517
5835.498047	-52.183163
5840.881348	-54.534248
5846.264648	-53.582165
5851.647949	-53.228638
5857.031250	-52.293198
5862.414551	-57.289288
5867.797852	-65.087563
5873.181152	-61.294353
5878.564453	-81.808243
5883.947754	-56.579250
5889.331055	-54.844204
5894.714355	-52.689964
5900.097656	-51.940094
5905.480957	-50.320679
5910.864258	-45.592388
5916.247559	-41.933765
5921.630859	-45.507687
5927.014160	-44.973606
5932.397461	-46.234810
5937.780762	-46.554836
5943.164062	-49.974018
5948.547363	-52.061417
5953.930664	-46.763878
5959.313965	-47.217934
5964.697266	-50.749817
5970.080566	-52.717663
5975.463867	-51.083523
5980.847168	-50.261005
5986.230469	-54.226440
5991.613770	-54.767048
5996.997070	-54.891808
6002.380371	-53.341698
6007.763672	-57.008671
6013.146973	-56.391121
6018.530273	-50.953873
6023.913574	-50.957344
6029.296875	-50.021046
6034.680176	-47.972252
6040.063477	-48.578476
6045.446777	-48.600094
6050.830078	-49.553303
6056.213379	-48.120987
6061.596680	-48.126244
6066.979980	-48.284264
6072.363281	-48.149170
6077.746582	-48.147358
6083.129883	-49.994213
6088.513184	-49.497559
6093.896484	-50.293900
6099.279785	-53.278446
6104.663086	-52.348537
6110.046387	-53.278763
6115.429688	-60.297844
6120.812988	-60.002396
6126.196289	-60.586872
6131.579590	-61.076649
6136.962891	-57.978104
6142.346191	-55.967083
6147.729492	-57.094036
6153.112793	-58.827000
6158.496094	-58.740265
6163.879395	-57.984997
6169.262695	-56.922199
6174.645996	-57.855915
6180.029297	-61.709156
6185.412598	-69.476303
6190.795898	-60.914745
6196.179199	-57.108646
6201.562500	-53.148434
6206.945801	-51.826542
6212.329102	-51.588116
6217.712402	-52.639519
6223.095703	-52.393215
6228.479004	-49.340908
6233.862305	-49.500435
6239.245605	-48.797169
6244.628906	-48.013077
6250.012207	-48.262814
6255.395508	-46.810863
6260.778809	-47.063946
6266.162109	-47.408180
6271.545410	-46.191338
6276.928711	-45.106461
6282.312012	-44.958103
6287.695312	-44.588600
6293.078613	-44.934399
6298.461914	-46.251904
6303.845215	-45.275940
6309.228516	-45.305061
6314.611816	-46.442600
6319.995117	-47.862942
6325.378418	-45.717491
6330.761719	-46.525372
6336.145020	-50.008308
6341.528320	-49.558258
6346.911621	-48.145630
6352.294922	-49.624092
6357.678223	-50.966061
6363.061523	-48.989635
6368.444824	-50.718594
6373.828125	-54.086063
6379.211426	-50.677109
6384.594727	-51.470043
6389.978027	-52.235470
6395.361328	-51.212921
6400.744629	-52.205013
6406.127930	-52.899094
6411.511230	-52.230591
6416.894531	-50.252651
6422.277832	-47.726719
6427.661133	-47.117771
6433.044434	-45.801037
6438.427734	-47.106392
6443.811035	-52.683800
6449.194336	-63.676682
6454.577637	-53.817959
6459.960938	-52.192089
6465.344238	-51.343697
6470.727539	-53.171272
6476.110840	-54.376015
6481.494141	-50.205006
6486.877441	-50.697647
6492.260742	-54.845940
6497.644043	-56.059631
6503.027344	-56.517788
6508.410645	-51.458984
6513.793945	-50.218624
6519.177246	-53.883427
6524.560547	-53.511600
6529.943848	-50.424553
6535.327148	-50.326710
6540.710449	-56.211208
6546.093750	-54.014809
6551.477051	-48.321239
6556.860352	-54.069447
6562.243652	-55.239552
6567.626953	-48.919392
6573.010254	-47.948902
6578.393555	-49.582958
6583.776855	-54.904163
6589.160156	-46.797508
6594.543457	-45.667160
6599.926758	-50.209450
6605.310059	-52.175316
6610.693359	-45.039173
6616.076660	-42.610695
6621.459961	-44.183884
6626.843262	-48.071880
6632.226562	-41.768559
6637.609863	-43.129951
6642.993164	-53.672958
6648.376465	-52.514397
6653.759766	-50.033394
6659.143066	-56.532368
6664.526367	-60.307281
6669.909668	-51.445122
6675.292969	-49.619282
6680.676270	-50.797859
6686.059570	-52.103786
6691.442871	-49.864849
6696.826172	-48.204494
6702.209473	-50.088192
6707.592773	-51.730408
6712.976074	-50.592899
6718.359375	-50.245312
6723.742676	-50.132885
6729.125977	-55.607761
6734.509277	-52.603046
6739.892578	-50.248474
6745.275879	-52.606724
6750.659180	-55.762810
6756.042480	-52.512894
6761.425781	-51.441196
6766.809082	-54.048336
6772.192383	-52.519421
6777.575684	-47.946091
6782.958984	-50.688950
6788.342285	-54.490219
6793.725586	-52.494003
6799.108887	-46.732765
6804.492188	-47.064812
6809.875488	-50.071671
6815.258789	-47.128437
6820.642090	-46.112068
6826.025391	-47.341091
6831.408691	-48.307575
6836.791992	-45.869148
6842.175293	-45.086910
6847.558594	-48.934620
6852.941895	-46.412071
6858.325195	-44.194485
6863.708496	-44.365120
6869.091797	-45.296040
6874.475098	-45.454578
6879.858398	-45.103256
6885.241699	-43.277111
6890.625000	-46.513721
6896.008301	-45.896984
6901.391602	-50.572926
6906.774902	-47.725281
6912.158203	-38.554585
6917.541504	-35.424431
6922.924805	-34.602318
6928.308105	-35.260483
6933.691406	-35.386116
6939.074707	-33.993855
6944.458008	-35.889442
6949.841309	-40.518173
6955.224609	-30.237902
6960.607910	-25.710148
6965.991211	-23.050234
6971.374512	-24.256601
6976.757812	-30.943132
6982.141113	-30.951981
6987.524414	-31.455532
6992.907715	-37.090401
6998.291016	-48.151333
7003.674316	-41.403698
7009.057617	-44.641399
7014.440918	-62.113483
7019.824219	-50.412003
7025.207520	-55.180096
7030.590820	-55.275883
7035.974121	-54.798729
7041.357422	-64.333534
7046.740723	-55.348808
7052.124023	-64.840523
7057.507324	-63.525513
7062.890625	-61.913208
7068.273926	-60.836254
7073.657227	-52.338173
7079.040527	-49.687897
7084.423828	-47.427940
7089.807129	-47.757027
7095.190430	-53.203178
7100.573730	-50.699699
7105.957031	-53.174900
7111.340332	-52.130051
7116.723633	-54.135303
7122.106934	-56.997597
7127.490234	-53.004707
7132.873535	-52.140247
7138.256836	-53.148464
7143.640137	-54.579044
7149.023438	-52.437351
7154.406738	-52.687149
7159.790039	-53.962975
7165.173340	-51.585625
7170.556641	-50.327553
7175.939941	-51.648952
7181.323242	-50.678238
7186.706543	-51.741386
7192.089844	-50.955910
7197.473145	-49.311646
7202.856445	-51.106533
7208.239746	-49.658207
7213.623047	-48.516579
7219.006348	-48.946728
7224.389648	-48.287430
7229.772949	-48.202599
7235.156250	-49.042892
7240.539551	-51.675865
7245.922852	-52.212990
7251.306152	-51.185925
7256.689453	-52.485264
7262.072754	-52.039749
7267.456055	-52.741711
7272.839355	-53.557671
7278.222656	-53.296482
7283.605957	-54.296337
7288.989258	-56.425362
7294.372559	-56.371254
7299.755859	-55.564125
7305.139160	-56.172436
7310.522461	-57.585438
7315.905762	-57.552258
7321.289062	-56.162411
7326.672363	-61.397770
7332.055664	-60.214329
7337.438965	-59.372459
7342.822266	-62.559349
7348.205566	-63.357025
7353.588867	-74.032684
7358.972168	-68.249802
7364.355469	-62.973660
7369.738770	-60.895809
7375.122070	-61.696026
7380.505371	-63.818054
7385.888672	-60.588959
7391.271973	-59.179989
7396.655273	-59.400002
7402.038574	-59.783234
7407.421875	-57.656662
7412.805176	-56.207710
7418.188477	-55.459488
7423.571777	-55.113663
7428.955078	-62.439320
7434.338379	-59.036137
7439.721680	-51.905952
7445.104980	-48.942059
7450.488281	-48.504391
7455.871582	-48.763763
7461.254883	-47.360355
7466.638184	-44.955597
7472.021484	-42.592854
7477.404785	-41.695354
7482.788086	-43.000084
7488.171387	-47.208523
7493.554688	-53.788532
7498.937988	-57.432735
7504.321289	-57.667091
7509.704590	-56.048077
7515.087891	-55.248940
7520.471191	-54.124077
7525.854492	-53.875240
7531.237793	-53.622299
7536.621094	-55.076839
7542.004395	-57.518002
7547.387695	-55.724682
7552.770996	-52.140274
7558.154297	-50.195126
7563.537598	-51.363327
7568.920898	-53.166904
7574.304199	-53.925938
7579.687500	-55.625149
7585.070801	-57.770744
7590.454102	-58.466518
7595.837402	-56.658955
7601.220703	-55.163425
7606.604004	-54.452042
7611.987305	-54.129951
7617.370605	-54.006306
7622.753906	-54.539055
7628.137207	-54.694691
7633.520508	-56.796585
7638.903809	-56.741676
7644.287109	-56.422390
7649.670410	-56.583385
7655.053711	-56.397907
7660.437012	-56.147720
7665.820312	-55.960823
7671.203613	-55.553280
7676.586914	-54.909744
7681.970215	-54.231995
7687.353516	-53.601944
7692.736816	-53.613796
7698.120117	-54.391891
7703.503418	-53.857540
7708.886719	-53.183392
7714.270020	-54.611061
7719.653320	-55.988270
7725.036621	-56.133789
7730.419922	-57.215240
7735.803223	-57.868168
7741.186523	-58.998440
7746.569824	-60.325466
7751.953125	-60.397308
7757.336426	-62.652439
7762.719727	-61.413387
7768.103027	-59.963837
7773.486328	-59.015491
7778.869629	-58.705761
7784.252930	-56.255013
7789.636230	-54.894535
7795.019531	-55.145729
7800.402832	-55.223427
7805.786133	-53.009365
7811.169434	-51.883270
7816.552734	-53.039066
7821.936035	-52.679611
7827.319336	-51.363564
7832.702637	-51.574936
7838.085938	-53.033730
7843.469238	-52.494255
7848.852539	-50.513500
7854.235840	-50.675171
7859.619141	-51.583893
7865.002441	-50.837509
7870.385742	-48.892448
7875.769043	-48.686962
7881.152344	-50.601635
7886.535645	-48.841621
7891.918945	-46.631844
7897.302246	-50.497623
7902.685547	-51.849583
7908.068848	-48.140858
7913.452148	-49.458950
7918.835449	-52.318817
7924.218750	-50.010788
7929.602051	-47.204052
7934.985352	-48.686264
7940.368652	-54.177181
7945.751953	-51.181122
7951.135254	-49.167271
7956.518555	-53.631592
7961.901855	-58.710381
7967.285156	-52.387096
7972.668457	-54.594482
7978.051758	-76.153900
7983.435059	-55.925823
7988.818359	-57.365368
7994.201660	-63.215187
7999.584961	-55.702229
8004.968262	-53.601616
8010.351562	-54.261131
8015.734863	-54.982273
8021.118164	-52.980980
8026.501465	-52.130150
8031.884766	-52.618252
8037.268066	-54.547596
8042.651367	-53.462132
8048.034668	-54.503078
8053.417969	-56.193855
8058.801270	-57.483616
8064.184570	-61.713120
8069.567871	-63.370270
8074.951172	-66.721352
8080.334473	-71.402603
8085.717773	-68.349319
8091.101074	-67.113914
8096.484375	-67.322784
8101.867676	-63.081253
8107.250977	-63.418472
8112.634277	-63.083462
8118.017578	-66.655846
8123.400879	-65.298950
8128.784180	-64.115868
8134.167480	-62.714325
8139.550781	-60.774834
8144.934082	-57.543869
8150.317383	-56.954945
8155.700684	-58.364922
8161.083984	-58.264172
8166.467285	-56.668034
8171.850586	-55.515652
8177.233887	-58.415394
8182.617188	-59.601017
8188.000488	-58.365768
8193.383789	-59.197502
8198.767090	-58.633202
8204.150391	-58.826042
8209.533691	-57.700134
8214.916992	-58.031239
8220.300293	-59.383610
8225.683594	-58.988686
8231.066895	-57.207966
8236.450195	-57.954666
8241.833496	-59.841873
8247.216797	-60.349625
8252.600098	-60.190201
8257.983398	-61.529522
8263.366699	-64.990814
8268.750000	-68.685989
8274.133301	-66.217949
8279.516602	-67.443542
8284.899902	-65.579620
8290.283203	-64.991203
8295.666504	-61.938126
8301.049805	-62.955868
8306.433105	-66.671204
8311.816406	-63.212372
8317.199707	-60.873222
8322.583008	-59.472416
8327.966309	-58.034210
8333.349609	-57.632042
8338.732910	-56.535206
8344.116211	-56.382389
8349.499512	-57.055126
8354.882812	-56.911880
8360.266113	-57.415241
8365.649414	-58.190231
8371.032715	-56.957897
8376.416016	-56.644981
8381.799316	-56.442646
8387.182617	-56.360210
8392.565918	-56.542854
8397.949219	-58.112541
8403.332520	-57.515118
8408.715820	-54.650658
8414.099121	-53.177113
8419.482422	-51.911945
8424.865723	-52.097763
8430.249023	-52.477383
8435.632324	-54.127243
8441.015625	-54.631100
8446.398926	-53.929756
8451.782227	-54.736965
8457.165527	-54.198811
8462.548828	-52.859314
8467.932129	-52.385902
8473.315430	-50.154221
8478.698730	-50.435184
8484.082031	-52.513546
8489.465332	-59.093102
8494.848633	-54.766747
8500.231934	-51.005402
8505.615234	-50.508659
8510.998535	-49.952126
8516.381836	-48.802456
8521.765137	-46.600540
8527.148438	-43.765644
8532.531738	-42.364845
8537.915039	-43.127724
8543.298340	-45.766541
8548.681641	-48.265869
8554.064941	-47.601959
8559.448242	-46.296082
8564.831543	-45.471279
8570.214844	-45.094662
8575.598145	-45.793854
8580.981445	-46.905102
8586.364746	-46.883453
8591.748047	-48.051247
8597.131348	-51.239429
8602.514648	-53.586372
8607.897949	-55.937183
8613.281250	-58.512325
8618.664551	-57.466621
8624.047852	-54.691689
8629.431152	-54.917141
8634.814453	-55.158543
8640.197754	-55.416611
8645.581055	-56.464748
8650.964355	-58.051762
8656.347656	-55.708504
8661.730957	-56.401550
8667.114258	-57.728741
8672.497559	-57.298969
8677.880859	-57.366730
8683.264160	-61.116562
8688.647461	-61.232494
8694.030762	-60.448200
8699.414062	-63.279381
8704.797363	-65.373596
8710.180664	-63.314178
8715.563965	-64.101898
8720.947266	-67.937164
8726.330566	-67.501793
8731.713867	-65.122993
8737.097168	-63.653465
8742.480469	-62.278893
8747.863770	-64.096703
8753.247070	-63.198563
8758.630371	-60.719028
8764.013672	-59.383442
8769.396973	-58.678909
8774.780273	-58.887173
8780.163574	-59.225292
8785.546875	-57.770031
8790.930176	-57.374081
8796.313477	-57.952263
8801.696777	-57.776337
8807.080078	-58.261909
8812.463379	-58.564407
8817.846680	-60.239300
8823.229980	-61.185551
8828.613281	-61.977146
8833.996582	-62.819679
8839.379883	-60.923889
8844.763184	-59.743290
8850.146484	-59.270729
8855.529785	-58.931755
8860.913086	-57.443638
8866.296387	-56.246754
8871.679688	-56.318771
8877.062988	-56.227909
8882.446289	-55.875675
8887.829590	-55.444820
8893.212891	-55.893246
8898.596191	-56.273247
8903.979492	-56.498253
8909.362793	-56.828022
8914.746094	-57.376713
8920.129395	-57.014694
8925.512695	-56.169865
8930.895996	-56.159348
8936.279297	-56.195290
8941.662598	-56.384857
8947.045898	-56.639687
8952.429199	-57.340073
8957.812500	-57.931675
8963.195801	-58.384903
8968.579102	-59.270275
8973.962402	-60.411465
8979.345703	-62.308319
8984.729004	-63.423302
8990.112305	-63.625385
8995.495605	-65.590912
9000.878906	-67.489693
9006.262207	-68.157127
9011.645508	-67.499870
9017.028809	-66.550491
9022.412109	-65.452888
9027.795410	-63.420586
9033.178711	-61.754745
9038.562012	-60.879093
9043.945312	-60.381973
9049.328613	-59.120869
9054.711914	-58.584896
9060.095215	-58.573849
9065.478516	-59.226177
9070.861816	-60.365170
9076.245117	-61.536804
9081.628418	-63.308743
9087.011719	-65.522072
9092.395020	-65.598984
9097.778320	-63.118015
9103.161621	-61.799240
9108.544922	-59.952152
9113.928223	-58.481163
9119.311523	-57.690464
9124.694824	-56.334610
9130.078125	-54.462639
9135.461426	-53.954384
9140.844727	-54.135418
9146.228027	-54.117161
9151.611328	-54.416439
9156.994629	-55.515461
9162.377930	-57.946056
9167.761230	-58.028809
9173.144531	-56.607262
9178.527832	-55.445873
9183.911133	-55.418888
9189.294434	-55.224659
9194.677734	-55.359257
9200.061035	-55.943329
9205.444336	-56.472092
9210.827637	-57.274441
9216.210938	-57.862541
9221.594238	-58.636959
9226.977539	-58.229916
9232.360840	-58.372227
9237.744141	-59.069195
9243.127441	-59.102722
9248.510742	-59.149673
9253.894043	-59.266350
9259.277344	-59.619167
9264.660645	-59.626160
9270.043945	-60.037930
9275.427246	-60.304226
9280.810547	-60.579765
9286.193848	-60.983353
9291.577148	-60.415585
9296.960449	-61.614845
9302.343750	-62.617836
9307.727051	-61.039085
9313.110352	-60.957577
9318.493652	-63.624981
9323.876953	-64.679787
9329.260254	-62.752083
9334.643555	-63.349400
9340.026855	-62.820972
9345.410156	-59.513355
9350.793457	-58.194363
9356.176758	-57.607815
9361.560059	-55.782257
9366.943359	-54.270695
9372.326660	-53.790550
9377.709961	-54.192787
9383.093262	-53.723843
9388.476562	-53.351303
9393.859863	-53.762230
9399.243164	-53.656364
9404.626465	-53.630611
9410.009766	-54.233185
9415.393066	-55.283749
9420.776367	-56.470280
9426.159668	-56.002693
9431.542969	-55.626545
9436.926270	-55.688145
9442.309570	-56.109913
9447.692871	-55.537960
9453.076172	-55.307930
9458.459473	-54.737633
9463.842773	-54.018070
9469.226074	-53.718697
9474.609375	-53.418388
9479.992676	-52.939968
9485.375977	-52.604340
9490.759277	-52.543324
9496.142578	-52.686558
9501.525879	-52.430557
9506.909180	-52.056675
9512.292480	-52.115501
9517.675781	-52.764297
9523.059082	-54.016491
9528.442383	-54.338638
9533.825684	-54.151287
9539.208984	-54.608440
9544.592285	-56.180176
9549.975586	-57.907467
9555.358887	-56.008907
9560.742188	-54.982845
9566.125488	-57.696091
9571.508789	-58.946552
9576.892090	-52.997734
9582.275391	-49.847927
9587.658691	-48.760033
9593.041992	-48.536766
9598.425293	-48.302395
9603.808594	-47.166664
9609.191895	-44.980061
9614.575195	-43.342724
9619.958496	-42.618546
9625.341797	-43.002781
9630.725098	-44.439003
9636.108398	-45.397552
9641.491699	-45.369160
9646.875000	-46.577065
9652.258301	-49.981319
9657.641602	-53.889801
9663.024902	-56.701202
9668.408203	-62.592857
9673.791504	-73.222137
9679.174805	-63.238441
9684.558105	-61.969563
9689.941406	-59.731693
9695.324707	-58.344093
9700.708008	-58.636890
9706.091309	-59.931988
9711.474609	-60.768642
9716.857910	-62.079422
9722.241211	-62.608345
9727.624512	-63.132729
9733.007812	-65.736382
9738.391113	-65.968498
9743.774414	-64.025284
9749.157715	-64.707260
9754.541016	-66.933250
9759.924316	-66.198082
9765.307617	-63.595142
9770.690918	-61.198124
9776.074219	-61.742790
9781.457520	-62.280746
9786.840820	-59.410793
9792.224121	-56.830940
9797.607422	-55.611877
9802.990723	-55.308868
9808.374023	-55.331924
9813.757324	-55.730473
9819.140625	-55.027863
9824.523926	-54.792236
9829.907227	-55.866962
9835.290527	-57.740334
9840.673828	-58.100128
9846.057129	-58.186756
9851.440430	-58.957409
9856.823730	-59.494022
9862.207031	-61.041946
9867.590332	-63.267784
9872.973633	-66.616325
9878.356934	-74.042114
9883.740234	-80.618210
9889.123535	-73.144554
9894.506836	-68.614792
9899.890137	-66.856392
9905.273438	-67.015488
9910.656738	-69.349960
9916.040039	-66.435349
9921.423340	-65.035622
9926.806641	-67.554428
9932.189941	-73.276207
9937.573242	-74.478111
9942.956543	-71.008781
9948.339844	-66.695793
9953.723145	-63.025673
9959.106445	-62.597561
9964.489746	-61.969490
9969.873047	-59.991131
9975.256348	-59.746723
9980.639648	-60.500038
9986.022949	-60.484200
9991.406250	-59.713512
9996.789551	-59.765003
10002.172852	-60.502411
10007.556152	-61.036327
10012.939453	-61.173496
10018.322754	-62.671486
10023.706055	-64.502892
10029.089355	-63.215046
10034.472656	-61.636650
10039.855957	-61.831772
10045.239258	-61.258411
10050.622559	-59.239475
10056.005859	-58.601128
10061.389160	-59.252029
10066.772461	-59.679024
10072.155762	-58.388596
10077.539062	-57.358166
10082.922363	-57.112320
10088.305664	-56.400513
10093.688965	-56.301216
10099.072266	-56.439163
10104.455566	-56.710781
10109.838867	-56.734238
10115.222168	-57.059330
10120.605469	-58.050926
10125.988770	-58.875607
10131.372070	-58.477043
10136.755371	-59.003262
10142.138672	-60.465446
10147.521973	-62.258430
10152.905273	-63.651520
10158.288574	-67.428452
10163.671875	-63.390083
10169.055176	-56.628830
10174.438477	-54.354542
10179.821777	-54.684101
10185.205078	-57.242290
10190.588379	-61.619869
10195.971680	-64.002541
10201.354980	-65.109383
10206.738281	-66.351700
10212.121582	-66.942825
10217.504883	-65.125412
10222.888184	-64.284874
10228.271484	-66.553192
10233.654785	-67.996864
10239.038086	-67.288017
10244.421387	-66.516182
10249.804688	-66.861557
10255.187988	-67.875771
10260.571289	-70.670067
10265.954590	-70.823227
10271.337891	-70.346268
10276.721191	-69.885101
10282.104492	-70.208084
10287.487793	-71.130287
10292.871094	-77.557648
10298.254395	-78.987564
10303.637695	-75.205574
10309.020996	-77.616356
10314.404297	-78.448280
10319.787598	-70.766220
10325.170898	-68.134857
10330.554199	-67.646843
10335.937500	-66.505974
10341.320801	-65.749283
10346.704102	-65.422791
10352.087402	-64.263596
10357.470703	-62.461636
10362.854004	-62.674137
10368.237305	-65.790268
10373.620605	-65.864922
10379.003906	-66.763855
10384.387207	-74.625969
10389.770508	-72.168900
10395.153809	-68.649170
10400.537109	-64.684280
10405.920410	-61.063389
10411.303711	-59.090691
10416.687012	-58.272564
10422.070312	-57.355999
10427.453613	-56.327927
10432.836914	-56.020859
10438.220215	-55.773209
10443.603516	-55.392014
10448.986816	-55.351269
10454.370117	-56.107651
10459.753418	-57.468994
10465.136719	-58.801083
10470.520020	-60.243813
10475.903320	-62.057590
10481.286621	-62.973492
10486.669922	-62.925793
10492.053223	-63.788170
10497.436523	-64.214447
10502.819824	-63.580208
10508.203125	-62.413189
10513.586426	-61.547668
10518.969727	-61.151630
10524.353027	-60.655659
10529.736328	-60.501755
10535.119629	-61.222305
10540.502930	-61.901340
10545.886230	-61.813145
10551.269531	-62.088245
10556.652832	-62.887501
10562.036133	-63.023933
10567.419434	-62.979218
10572.802734	-63.633888
10578.186035	-64.496452
10583.569336	-65.126129
10588.952637	-65.310356
10594.335938	-65.443710
10599.719238	-65.898224
10605.102539	-67.174484
10610.485840	-68.945908
10615.869141	-68.863708
10621.252441	-68.161469
10626.635742	-67.696815
10632.019043	-67.552795
10637.402344	-66.627419
10642.785645	-64.818352
10648.168945	-61.542065
10653.552246	-59.023964
10658.935547	-57.519772
10664.318848	-56.074944
10669.702148	-54.730156
10675.085449	-53.704018
10680.468750	-52.904278
10685.852051	-52.762173
10691.235352	-52.579453
10696.618652	-51.082958
10702.001953	-49.808945
10707.385254	-49.650661
10712.768555	-50.395939
10718.151855	-52.004604
10723.535156	-53.888992
10728.918457	-56.298374
10734.301758	-59.233234
10739.685059	-58.291134
10745.068359	-55.814342
10750.451660	-54.016933
10755.834961	-53.165802
10761.218262	-53.349751
10766.601562	-54.224869
10771.984863	-55.083778
10777.368164	-56.691082
10782.751465	-58.235840
10788.134766	-57.411263
10793.518066	-56.489697
10798.901367	-56.205917
10804.284668	-54.853348
10809.667969	-54.109776
10815.051270	-54.174114
10820.434570	-54.425522
10825.817871	-54.252495
10831.201172	-53.963848
10836.584473	-54.239685
10841.967773	-54.323818
10847.351074	-54.302326
10852.734375	-54.086430
10858.117676	-54.061405
10863.500977	-54.283237
10868.884277	-54.140423
10874.267578	-53.704403
10879.650879	-53.618973
10885.034180	-53.545654
10890.417480	-53.549454
10895.800781	-54.158451
10901.184082	-55.065983
10906.567383	-55.104706
10911.950684	-55.158337
10917.333984	-56.578888
10922.717285	-58.372395
10928.100586	-58.736347
10933.483887	-59.548618
10938.867188	-62.266541
10944.250488	-64.687759
10949.633789	-66.065010
10955.017090	-68.311584
10960.400391	-71.035637
10965.783691	-68.182381
10971.166992	-66.618614
10976.550293	-64.186501
10981.933594	-61.759998
10987.316895	-60.416138
10992.700195	-59.530514
10998.083496	-58.596024
11003.466797	-57.536808
11008.850098	-57.076385
11014.233398	-57.027126
11019.616699	-56.838135
11025.000000	-56.910686
11030.383301	-57.345196
11035.766602	-57.793907
11041.149902	-58.086315
11046.533203	-58.516350
11051.916504	-59.922104
11057.299805	-61.146461
11062.683105	-61.289906
11068.066406	-61.222301
11073.449707	-60.679287
11078.833008	-59.841209
11084.216309	-58.098888
11089.599609	-57.605057
11094.982910	-57.269829
11100.366211	-56.303486
11105.749512	-55.861393
11111.132812	-56.369251
11116.516113	-56.124008
11121.899414	-55.246017
11127.282715	-55.016743
11132.666016	-54.917843
11138.049316	-55.012924
11143.432617	-55.410820
11148.815918	-55.981873
11154.199219	-56.286736
11159.582520	-57.171097
11164.965820	-58.443115
11170.349121	-59.242805
11175.732422	-59.769924
11181.115723	-60.690960
11186.499023	-60.763340
11191.882324	-56.913567
11197.265625	-53.736217
11202.648926	-52.866516
11208.032227	-52.856823
11213.415527	-52.639431
11218.798828	-50.673508
11224.182129	-48.278835
11229.565430	-47.116943
11234.948730	-47.605888
11240.332031	-50.019703
11245.715332	-52.946392
11251.098633	-54.207615
11256.481934	-56.429470
11261.865234	-61.093655
11267.248535	-62.851936
11272.631836	-61.857136
11278.015137	-63.139961
11283.398438	-65.153702
11288.781738	-64.074371
11294.165039	-62.765316
11299.548340	-62.234230
11304.931641	-61.752926
11310.314941	-62.534042
11315.698242	-62.778210
11321.081543	-63.115250
11326.464844	-63.807079
11331.848145	-63.864952
11337.231445	-63.855274
11342.614746	-64.606636
11347.998047	-66.939301
11353.381348	-67.585556
11358.764648	-66.631310
11364.147949	-66.516800
11369.531250	-67.763313
11374.914551	-68.267204
11380.297852	-68.660782
11385.681152	-69.957954
11391.064453	-70.968849
11396.447754	-68.890266
11401.831055	-69.156219
11407.214355	-69.963928
11412.597656	-68.119751
11417.980957	-67.096924
11423.364258	-67.257729
11428.747559	-66.839287
11434.130859	-65.720978
11439.514160	-64.436234
11444.897461	-63.291733
11450.280762	-63.012630
11455.664062	-62.240540
11461.047363	-60.813011
11466.430664	-60.499432
11471.813965	-61.156017
11477.197266	-61.410988
11482.580566	-61.644726
11487.963867	-63.014500
11493.347168	-65.150208
11498.730469	-68.377106
11504.113770	-74.714340
11509.497070	-85.849480
11514.880371	-72.339249
11520.263672	-66.706764
11525.646973	-63.594116
11531.030273	-61.854004
11536.413574	-60.276043
11541.796875	-59.042625
11547.180176	-58.425285
11552.563477	-58.055328
11557.946777	-57.818317
11563.330078	-57.644184
11568.713379	-57.987183
11574.096680	-58.544056
11579.479980	-58.668530
11584.863281	-58.794865
11590.246582	-59.379299
11595.629883	-59.376560
11601.013184	-59.110565
11606.396484	-59.005474
11611.779785	-58.870758
11617.163086	-58.722633
11622.546387	-58.357143
11627.929688	-58.357285
11633.312988	-58.729042
11638.696289	-59.462254
11644.079590	-60.215679
11649.462891	-61.581295
11654.846191	-62.394779
11660.229492	-62.464096
11665.612793	-62.345535
11670.996094	-62.442665
11676.379395	-62.486149
11681.762695	-62.719955
11687.145996	-63.003273
11692.529297	-63.147934
11697.912598	-63.380478
11703.295898	-64.228333
11708.679199	-65.623817
11714.062500	-65.296127
11719.445801	-64.399864
11724.829102	-62.899399
11730.212402	-61.086800
11735.595703	-59.508160
11740.979004	-58.367798
11746.362305	-57.634636
11751.745605	-57.139088
11757.128906	-56.737080
11762.512207	-56.988766
11767.895508	-57.907097
11773.278809	-58.871826
11778.662109	-59.613537
11784.045410	-61.140892
11789.428711	-64.082748
11794.812012	-68.535919
11800.195312	-72.093277
11805.578613	-70.479408
11810.961914	-67.112930
11816.345215	-65.558205
11821.728516	-65.774521
11827.111816	-64.431427
11832.495117	-62.488670
11837.878418	-62.401909
11843.261719	-63.790512
11848.645020	-65.330132
11854.028320	-65.417206
11859.411621	-65.833862
11864.794922	-68.863724
11870.178223	-71.753899
11875.561523	-67.323509
11880.944824	-67.798180
11886.328125	-69.928284
11891.711426	-66.974831
11897.094727	-64.467171
11902.478027	-64.878662
11907.861328	-66.040962
11913.244629	-65.112961
11918.627930	-63.240627
11924.011230	-63.317757
11929.394531	-63.892052
11934.777832	-62.149818
11940.161133	-61.062691
11945.544434	-60.807632
11950.927734	-60.525654
11956.311035	-59.059406
11961.694336	-57.789097
11967.077637	-57.167084
11972.460938	-56.659157
11977.844238	-55.984428
11983.227539	-55.852844
11988.610840	-56.410851
11993.994141	-57.182568
11999.377441	-57.488342
12004.760742	-58.155365
12010.144043	-59.620926
12015.527344	-60.133324
12020.910645	-60.973026
12026.293945	-62.386631
12031.677246	-62.309505
12037.060547	-61.585636
12042.443848	-60.554253
12047.827148	-58.763615
12053.210449	-57.354622
12058.593750	-56.331055
12063.977051	-55.424809
12069.360352	-54.703938
12074.743652	-54.379002
12080.126953	-54.455116
12085.510254	-54.265125
12090.893555	-54.460011
12096.276855	-54.968948
12101.660156	-55.254745
12107.043457	-55.795502
12112.426758	-56.095074
12117.810059	-56.726707
12123.193359	-57.419243
12128.576660	-57.060829
12133.959961	-57.445286
12139.343262	-57.325531
12144.726562	-56.521194
12150.109863	-55.603321
12155.493164	-55.221519
12160.876465	-55.796341
12166.259766	-56.616196
12171.643066	-57.708111
12177.026367	-58.615395
12182.409668	-60.083397
12187.792969	-62.149715
12193.176270	-60.278061
12198.559570	-62.507851
12203.942871	-63.403347
12209.326172	-62.288166
12214.709473	-63.706211
12220.092773	-65.773293
12225.476074	-66.086632
12230.859375	-66.562401
12236.242676	-68.345215
12241.625977	-70.728622
12247.009277	-74.522331
12252.392578	-76.476562
12257.775879	-67.375572
12263.159180	-63.098728
12268.542480	-60.697227
12273.925781	-59.966873
12279.309082	-59.021614
12284.692383	-57.492237
12290.075684	-56.359673
12295.458984	-56.524391
12300.842285	-57.393551
12306.225586	-55.763569
12311.608887	-52.840393
12316.992188	-50.999866
12322.375488	-50.668770
12327.758789	-51.166508
12333.142090	-51.788174
12338.525391	-52.181614
12343.908691	-54.018787
12349.291992	-57.742043
12354.675293	-61.264336
12360.058594	-65.504478
12365.441895	-73.374680
12370.825195	-71.188316
12376.208496	-70.264557
12381.591797	-70.571739
12386.975098	-66.860764
12392.358398	-68.154060
12397.741699	-74.466736
12403.125000	-73.993698
12408.508301	-74.350197
12413.891602	-74.147217
12419.274902	-70.794907
12424.658203	-67.365929
12430.041504	-65.003296
12435.424805	-64.033257
12440.808105	-63.138294
12446.191406	-62.269852
12451.574707	-62.573776
12456.958008	-63.453972
12462.341309	-62.932556
12467.724609	-62.930496
12473.107910	-63.437519
12478.491211	-62.375687
12483.874512	-62.176533
12489.257812	-61.577431
12494.641113	-60.091816
12500.024414	-59.268391
12505.407715	-59.094593
12510.791016	-59.049019
12516.174316	-58.815979
12521.557617	-58.080681
12526.940918	-58.171124
12532.324219	-59.309406
12537.707520	-60.112507
12543.090820	-60.594349
12548.474121	-61.697395
12553.857422	-63.406475
12559.240723	-65.092102
12564.624023	-66.180794
12570.007324	-66.795364
12575.390625	-67.827927
12580.773926	-68.322594
12586.157227	-67.642059
12591.540527	-67.061531
12596.923828	-66.572258
12602.307129	-67.701965
12607.690430	-69.191727
12613.073730	-69.791626
12618.457031	-70.237656
12623.840332	-74.448631
12629.223633	-72.030205
12634.606934	-69.165009
12639.990234	-68.865837
12645.373535	-66.331413
12650.756836	-64.088310
12656.140137	-62.815926
12661.523438	-62.442329
12666.906738	-62.119873
12672.290039	-62.006168
12677.673340	-62.420147
12683.056641	-63.004551
12688.439941	-64.611961
12693.823242	-66.551147
12699.206543	-70.413086
12704.589844	-75.993073
12709.973145	-73.866859
12715.356445	-67.754684
12720.739746	-65.847198
12726.123047	-64.116928
12731.506348	-62.882835
12736.889648	-61.887287
12742.272949	-61.295906
12747.656250	-61.165512
12753.039551	-60.920807
12758.422852	-61.034924
12763.806152	-61.004627
12769.189453	-60.927776
12774.572754	-59.938931
12779.956055	-59.724342
12785.339355	-59.357727
12790.722656	-59.789719
12796.105957	-59.812019
12801.489258	-59.420036
12806.872559	-60.197296
12812.255859	-61.446178
12817.639160	-62.534363
12823.022461	-63.599030
12828.405762	-64.909340
12833.789062	-66.521324
12839.172363	-67.529610
12844.555664	-67.592407
12849.938965	-65.900528
12855.322266	-64.470940
12860.705566	-63.983604
12866.088867	-64.337952
12871.472168	-64.830421
12876.855469	-64.326866
12882.238770	-65.088280
12887.622070	-66.935669
12893.005371	-69.870811
12898.388672	-71.586075
12903.771973	-72.837921
12909.155273	-73.430168
12914.538574	-72.417992
12919.921875	-73.185493
12925.305176	-74.361938
12930.688477	-73.599266
12936.071777	-75.813789
12941.455078	-79.366882
12946.838379	-82.557304
12952.221680	-80.695435
12957.604980	-80.386841
12962.988281	-73.084656
12968.371582	-70.738548
12973.754883	-71.355064
12979.138184	-71.680107
12984.521484	-70.699745
12989.904785	-71.666534
12995.288086	-72.795143
13000.671387	-71.446480
13006.054688	-69.880737
13011.437988	-67.685799
13016.821289	-66.531876
13022.204590	-65.047920
13027.587891	-64.492126
13032.971191	-63.809097
13038.354492	-63.822372
13043.737793	-64.386017
13049.121094	-64.359085
13054.504395	-66.633568
13059.887695	-69.083412
13065.270996	-72.994545
13070.654297	-83.890800
13076.037598	-76.548820
13081.420898	-68.920792
13086.804199	-67.110847
13092.187500	-64.231384
13097.570801	-62.492661
13102.954102	-61.103775
13108.337402	-61.023834
13113.720703	-60.572567
13119.104004	-60.398697
13124.487305	-61.298367
13129.870605	-61.546558
13135.253906	-63.227390
13140.637207	-63.343029
13146.020508	-65.539116
13151.403809	-67.765198
13156.787109	-69.384842
13162.170410	-69.195595
13167.553711	-70.634872
13172.937012	-66.544228
13178.320312	-64.790390
13183.703613	-64.853584
13189.086914	-63.951622
13194.470215	-62.908440
13199.853516	-63.044643
13205.236816	-63.360062
13210.620117	-63.718105
13216.003418	-64.489708
13221.386719	-64.555305
13226.770020	-66.391556
13232.153320	-67.365913
13237.536621	-67.446129
13242.919922	-68.013870
13248.303223	-69.298973
13253.686523	-68.980888
13259.069824	-67.610367
13264.453125	-70.288025
13269.836426	-72.707962
13275.219727	-71.871933
13280.603027	-75.621689
13285.986328	-77.358818
13291.369629	-75.911537
13296.752930	-77.728943
13302.136230	-75.484070
13307.519531	-73.729462
13312.902832	-72.916992
13318.286133	-71.654373
13323.669434	-70.711090
13329.052734	-71.514297
13334.436035	-70.716125
13339.819336	-68.807976
13345.202637	-66.797722
13350.585938	-65.284035
13355.969238	-64.047829
13361.352539	-62.465397
13366.735840	-61.727131
13372.119141	-61.121342
13377.502441	-60.879829
13382.885742	-61.312836
13388.269043	-61.746639
13393.652344	-62.772224
13399.035645	-64.548393
13404.418945	-66.823624
13409.802246	-71.891190
13415.185547	-78.681732
13420.568848	-82.829086
13425.952148	-71.774590
13431.335449	-67.584328
13436.718750	-65.226685
13442.102051	-63.369495
13447.485352	-62.620148
13452.868652	-62.499401
13458.251953	-63.216496
13463.635254	-63.937508
13469.018555	-64.549736
13474.401855	-66.034767
13479.785156	-66.708054
13485.168457	-67.057808
13490.551758	-67.450996
13495.935059	-66.626083
13501.318359	-66.839447
13506.701660	-66.409164
13512.084961	-65.957535
13517.468262	-66.768097
13522.851562	-66.593681
13528.234863	-67.107994
13533.618164	-67.925964
13539.001465	-70.018211
13544.384766	-71.661880
13549.768066	-72.414993
13555.151367	-74.532707
13560.534668	-74.859680
13565.917969	-71.587730
13571.301270	-69.286385
13576.684570	-68.240891
13582.067871	-68.542107
13587.451172	-66.630013
13592.834473	-64.249763
13598.217773	-63.838726
13603.601074	-64.515076
13608.984375	-63.053486
13614.367676	-60.457565
13619.750977	-60.699463
13625.134277	-61.881603
13630.517578	-61.352127
13635.900879	-59.917347
13641.284180	-60.439827
13646.667480	-63.876991
13652.050781	-64.096870
13657.434082	-63.775467
13662.817383	-67.921486
13668.200684	-78.747002
13673.583984	-73.158104
13678.967285	-73.640442
13684.350586	-74.172104
13689.733887	-66.120834
13695.117188	-64.722336
13700.500488	-66.022133
13705.883789	-64.588280
13711.267090	-62.676384
13716.650391	-63.225098
13722.033691	-65.740685
13727.416992	-64.971016
13732.800293	-64.132149
13738.183594	-66.310776
13743.566895	-67.989067
13748.950195	-67.337280
13754.333496	-67.433968
13759.716797	-67.596992
13765.100098	-66.939980
13770.483398	-64.546944
13775.866699	-64.310989
13781.250000	-63.178288
13786.633301	-62.119610
13792.016602	-61.197842
13797.399902	-60.842056
13802.783203	-61.197514
13808.166504	-61.286205
13813.549805	-62.086887
13818.933105	-63.079361
13824.316406	-63.036385
13829.699707	-63.804340
13835.083008	-65.297600
13840.466309	-65.901657
13845.849609	-65.985817
13851.232910	-67.712379
13856.616211	-69.269539
13861.999512	-70.163673
13867.382812	-68.976791
13872.766113	-68.267609
13878.149414	-69.572617
13883.532715	-71.037346
13888.916016	-71.361435
13894.299316	-70.359657
13899.682617	-68.797150
13905.065918	-72.081337
13910.449219	-73.748581
13915.832520	-69.954254
13921.215820	-68.099754
13926.599121	-66.258919
13931.982422	-64.393471
13937.365723	-63.359623
13942.749023	-62.682510
13948.132324	-61.074223
13953.515625	-60.014156
13958.898926	-60.669689
13964.282227	-60.909897
13969.665527	-60.592175
13975.048828	-60.341167
13980.432129	-61.367023
13985.815430	-62.308975
13991.198730	-62.787712
13996.582031	-64.082718
14001.965332	-64.192253
14007.348633	-65.503868
14012.731934	-65.105965
14018.115234	-63.611088
14023.498535	-63.838543
14028.881836	-65.203964
14034.265137	-64.273697
14039.648438	-64.084953
14045.031738	-65.078667
14050.415039	-66.190643
14055.798340	-65.068565
14061.181641	-64.576050
14066.564941	-64.969551
14071.948242	-65.702263
14077.331543	-64.805298
14082.714844	-63.341862
14088.098145	-64.553490
14093.481445	-63.695518
14098.864746	-62.306450
14104.248047	-61.904255
14109.631348	-63.083645
14115.014648	-64.562454
14120.397949	-63.544346
14125.781250	-64.687439
14131.164551	-66.811928
14136.547852	-68.604012
14141.931152	-67.131050
14147.314453	-69.016060
14152.697754	-67.517860
14158.081055	-64.762978
14163.464355	-61.601440
14168.847656	-60.681446
14174.230957	-60.845772
14179.614258	-60.441963
14184.997559	-60.446831
14190.380859	-59.676777
14195.764160	-61.401100
14201.147461	-62.384621
14206.530762	-60.839169
14211.914062	-60.868221
14217.297363	-59.674774
14222.680664	-58.564972
14228.063965	-59.426006
14233.447266	-58.519932
14238.830566	-58.593128
14244.213867	-61.618523
14249.597168	-61.461056
14254.980469	-59.565838
14260.363770	-58.004650
14265.747070	-58.689648
14271.130371	-60.423958
14276.513672	-61.491821
14281.896973	-65.832664
14287.280273	-63.945099
14292.663574	-59.514202
14298.046875	-57.086452
14303.430176	-56.741779
14308.813477	-56.322960
14314.196777	-54.542572
14319.580078	-55.270660
14324.963379	-57.422611
14330.346680	-57.853188
14335.729980	-56.533962
14341.113281	-58.933506
14346.496582	-63.169521
14351.879883	-61.060905
14357.263184	-61.922417
14362.646484	-65.030357
14368.029785	-64.999222
14373.413086	-63.423569
14378.796387	-62.578316
14384.179688	-64.198654
14389.562988	-63.404221
14394.946289	-60.600651
14400.329590	-61.224720
14405.712891	-62.331421
14411.096191	-58.848286
14416.479492	-58.238064
14421.862793	-57.888035
14427.246094	-59.445763
14432.629395	-57.219791
14438.012695	-56.635098
14443.395996	-57.649818
14448.779297	-59.359612
14454.162598	-59.647690
14459.545898	-59.487762
14464.929199	-62.672501
14470.312500	-67.422508
14475.695801	-73.531212
14481.079102	-73.453468
14486.462402	-73.087471
14491.845703	-69.204300
14497.229004	-68.644066
14502.612305	-71.241524
14507.995605	-69.976242
14513.378906	-65.553520
14518.762207	-67.069687
14524.145508	-70.193329
14529.528809	-71.215309
14534.912109	-76.474442
14540.295410	-72.962997
14545.678711	-74.820854
14551.062012	-85.904228
14556.445312	-76.864304
14561.828613	-76.775482
14567.211914	-83.133148
14572.595215	-83.708420
14577.978516	-74.098167
14583.361816	-73.481628
14588.745117	-74.894783
14594.128418	-77.891281
14599.511719	-73.411606
14604.895020	-72.262733
14610.278320	-74.114281
14615.661621	-74.900291
14621.044922	-71.737991
14626.428223	-69.471497
14631.811523	-68.970436
14637.194824	-67.384415
14642.578125	-64.658195
14647.961426	-62.590366
14653.344727	-62.164341
14658.728027	-62.052387
14664.111328	-60.624802
14669.494629	-60.172688
14674.877930	-60.765045
14680.261230	-61.147503
14685.644531	-61.693600
14691.027832	-62.266537
14696.411133	-63.451633
14701.794434	-66.216301
14707.177734	-70.189133
14712.561035	-74.304207
14717.944336	-86.800735
14723.327637	-73.823990
14728.710938	-68.285004
14734.094238	-66.540611
14739.477539	-64.911392
14744.860840	-63.270393
14750.244141	-62.105915
14755.627441	-61.935078
14761.010742	-62.401299
14766.394043	-62.217274
14771.777344	-62.206150
14777.160645	-62.651039
14782.543945	-64.421593
14787.927246	-64.737785
14793.310547	-64.913765
14798.693848	-65.335266
14804.077148	-67.152420
14809.460449	-66.181923
14814.843750	-65.462883
14820.227051	-66.310562
14825.610352	-66.119484
14830.993652	-65.225601
14836.376953	-65.157661
14841.760254	-66.526443
14847.143555	-67.634743
14852.526855	-68.205162
14857.910156	-68.410629
14863.293457	-71.854645
14868.676758	-75.638756
14874.060059	-75.653618
14879.443359	-77.301666
14884.826660	-89.779297
14890.209961	-83.708763
14895.593262	-91.765945
14900.976562	-80.936020
14906.359863	-74.196060
14911.743164	-71.254982
14917.126465	-69.767929
14922.509766	-67.744797
14927.893066	-65.532257
14933.276367	-64.664673
14938.659668	-64.540497
14944.042969	-64.240891
14949.426270	-64.129608
14954.809570	-64.467316
14960.192871	-65.551819
14965.576172	-67.944321
14970.959473	-71.348450
14976.342773	-73.976280
14981.726074	-73.383369
14987.109375	-70.672508
14992.492676	-68.769661
14997.875977	-67.637474
15003.259277	-66.108902
15008.642578	-64.288231
15014.025879	-63.309311
15019.409180	-63.808826
15024.792480	-64.233528
15030.175781	-63.893578
15035.559082	-63.931396
15040.942383	-65.738884
15046.325684	-66.746140
15051.708984	-65.562820
15057.092285	-65.489136
15062.475586	-65.454445
15067.858887	-64.446213
15073.242188	-63.173000
15078.625488	-62.618622
15084.008789	-62.961670
15089.392090	-63.100872
15094.775391	-62.901436
15100.158691	-63.524925
15105.541992	-65.362709
15110.925293	-66.822884
15116.308594	-66.979752
15121.691895	-67.806686
15127.075195	-70.161362
15132.458496	-70.229294
15137.841797	-67.551361
15143.225098	-68.241867
15148.608398	-70.610184
15153.991699	-69.966759
15159.375000	-69.181908
15164.758301	-70.557961
15170.141602	-75.197800
15175.524902	-81.253090
15180.908203	-78.976730
15186.291504	-73.771301
15191.674805	-69.830727
15197.058105	-68.781944
15202.441406	-70.057838
15207.824707	-70.881790
15213.208008	-67.931374
15218.591309	-66.030144
15223.974609	-66.960106
15229.357910	-67.400246
15234.741211	-66.538857
15240.124512	-64.864563
15245.507812	-62.777596
15250.891113	-62.756115
15256.274414	-63.914440
15261.657715	-63.100521
15267.041016	-61.652184
15272.424316	-61.746452
15277.807617	-63.363876
15283.190918	-64.308464
15288.574219	-63.099789
15293.957520	-63.623997
15299.340820	-67.076630
15304.724121	-66.123596
15310.107422	-64.650459
15315.490723	-65.289215
15320.874023	-66.219635
15326.257324	-63.447540
15331.640625	-61.790768
15337.023926	-62.838806
15342.407227	-62.937447
15347.790527	-61.821033
15353.173828	-60.869678
15358.557129	-62.996059
15363.940430	-64.320801
15369.323730	-63.131203
15374.707031	-63.190529
15380.090332	-67.945030
15385.473633	-67.109863
15390.856934	-67.241081
15396.240234	-69.807968
15401.623535	-69.604057
15407.006836	-66.558113
15412.390137	-63.957672
15417.773438	-64.350037
15423.156738	-64.235588
15428.540039	-63.205479
15433.923340	-62.104256
15439.306641	-63.358471
15444.689941	-63.632923
15450.073242	-61.046967
15455.456543	-61.019665
15460.839844	-62.447376
15466.223145	-60.835983
15471.606445	-60.043827
15476.989746	-59.786308
15482.373047	-60.832733
15487.756348	-61.217632
15493.139648	-60.054409
15498.522949	-60.656761
15503.906250	-62.304821
15509.289551	-63.397972
15514.672852	-63.341946
15520.056152	-62.293945
15525.439453	-65.651573
15530.822754	-67.924522
15536.206055	-66.045464
15541.589355	-67.264236
15546.972656	-69.942413
15552.355957	-71.012337
15557.739258	-76.183640
15563.122559	-76.746727
15568.505859	-77.839363
15573.889160	-83.053093
15579.272461	-72.706665
15584.655762	-72.039772
15590.039062	-73.882080
15595.422363	-70.022881
15600.805664	-67.582367
15606.188965	-69.635689
15611.572266	-73.099846
15616.955566	-71.161835
15622.338867	-73.493790
15627.722168	-81.586716
15633.105469	-79.857231
15638.488770	-72.990440
15643.872070	-72.134506
15649.255371	-69.424850
15654.638672	-66.606071
15660.021973	-66.485344
15665.405273	-67.226135
15670.788574	-67.475563
15676.171875	-66.449905
15681.555176	-67.333794
15686.938477	-68.598190
15692.321777	-65.132660
15697.705078	-64.518593
15703.088379	-63.530762
15708.471680	-62.092403
15713.854980	-61.007057
15719.238281	-60.588333
15724.621582	-60.737793
15730.004883	-60.182022
15735.388184	-60.748669
15740.771484	-60.978653
15746.154785	-62.319271
15751.538086	-63.267082
15756.921387	-65.114967
15762.304688	-68.254463
15767.687988	-71.035919
15773.071289	-78.672012
15778.454590	-76.656036
15783.837891	-71.521431
15789.221191	-72.147766
15794.604492	-69.833717
15799.987793	-68.634888
15805.371094	-67.094177
15810.754395	-68.074722
15816.137695	-70.130043
15821.520996	-68.426270
15826.904297	-68.601341
15832.287598	-71.113670
15837.670898	-73.606956
15843.054199	-68.325706
15848.437500	-72.003044
15853.820801	-71.316803
15859.204102	-69.964958
15864.587402	-67.344604
15869.970703	-68.787918
15875.354004	-70.379723
15880.737305	-67.467964
15886.120605	-67.776451
15891.503906	-73.183441
15896.887207	-71.510147
15902.270508	-68.028458
15907.653809	-73.487549
15913.037109	-72.986946
15918.420410	-68.133400
15923.803711	-69.490654
15929.187012	-70.659096
15934.570312	-68.756989
15939.953613	-67.661354
15945.336914	-67.733780
15950.720215	-69.253510
15956.103516	-67.562897
15961.486816	-65.972397
15966.870117	-66.930527
15972.253418	-65.957397
15977.636719	-64.448570
15983.020020	-62.981792
15988.403320	-62.905354
15993.786621	-63.250053
15999.169922	-61.643509
16004.553223	-61.925091
16009.936523	-62.414623
16015.319824	-63.536499
16020.703125	-64.504753
16026.086426	-65.195496
16031.469727	-66.860062
16036.853027	-69.903366
16042.236328	-77.717422
16047.619629	-80.545471
16053.002930	-74.762207
16058.386230	-70.484772
16063.769531	-67.863953
16069.152832	-68.286453
16074.536133	-68.611244
16079.919434	-67.144257
16085.302734	-68.373497
16090.686035	-67.700485
16096.069336	-71.433792
16101.452637	-78.163857
16106.835938	-72.836243
16112.219238	-73.864479
16117.602539	-81.619049
16122.985840	-78.254463
16128.369141	-74.012497
16133.752441	-74.353622
16139.135742	-78.545540
16144.519043	-70.252190
16149.902344	-66.679420
16155.285645	-67.664627
16160.668945	-69.690514
16166.052246	-67.177803
16171.435547	-64.562988
16176.818848	-64.585747
16182.202148	-67.312355
16187.585449	-68.398270
16192.968750	-65.015350
16198.352051	-66.351990
16203.735352	-67.615456
16209.118652	-64.447914
16214.501953	-61.970837
16219.885254	-64.197998
16225.268555	-61.849438
16230.651855	-61.007668
16236.035156	-62.464848
16241.418457	-60.338467
16246.801758	-61.927280
16252.185059	-62.532310
16257.568359	-62.067547
16262.951660	-64.202629
16268.334961	-65.827866
16273.718262	-67.784920
16279.101562	-73.258987
16284.484863	-71.131973
16289.868164	-71.008438
16295.251465	-66.529488
16300.634766	-62.962513
16306.018066	-62.151211
16311.401367	-61.994766
16316.784668	-60.275402
16322.167969	-59.365185
16327.551270	-60.135616
16332.934570	-60.840935
16338.317871	-60.802914
16343.701172	-61.219734
16349.084473	-63.114269
16354.467773	-64.681526
16359.851074	-64.204781
16365.234375	-64.860374
16370.617676	-65.518280
16376.000977	-64.716232
16381.384277	-63.319675
16386.767578	-62.801334
16392.150879	-63.207470
16397.534180	-62.275261
16402.917480	-61.960663
16408.300781	-62.059795
16413.684082	-62.385532
16419.067383	-62.235058
16424.450684	-62.762791
16429.833984	-63.506874
16435.217285	-65.085251
16440.600586	-66.440292
16445.983887	-66.992622
16451.367188	-66.882256
16456.750488	-68.538300
16462.133789	-66.633446
16467.517090	-65.273117
16472.900391	-65.611992
16478.283691	-66.905228
16483.666992	-64.850914
16489.050293	-63.767689
16494.433594	-64.148987
16499.816895	-62.687527
16505.200195	-60.987457
16510.583496	-61.162952
16515.966797	-64.336197
16521.350098	-67.255768
16526.733398	-67.134438
16532.116699	-71.987312
16537.500000	-69.118065
16542.883301	-67.871429
16548.266602	-66.541000
16553.649902	-63.494808
16559.033203	-63.286358
16564.416504	-65.242752
16569.799805	-63.000755
16575.183105	-61.881107
16580.566406	-64.333359
16585.949707	-65.980545
16591.333008	-65.093887
16596.716309	-66.391533
16602.099609	-67.773643
16607.482910	-70.828728
16612.866211	-73.155312
16618.249512	-70.990967
16623.632812	-72.098389
16629.016113	-70.882233
16634.399414	-65.727859
16639.782715	-65.003098
16645.166016	-65.336594
16650.549316	-64.092300
16655.932617	-62.914433
16661.315918	-63.502758
16666.699219	-65.741898
16672.082520	-65.502686
16677.465820	-64.361778
16682.849121	-65.781250
16688.232422	-65.682396
16693.615723	-62.604565
16698.999023	-62.128742
16704.382324	-62.320583
16709.765625	-61.501205
16715.148926	-60.394154
16720.532227	-60.470646
16725.915527	-62.175446
16731.298828	-62.056633
16736.682129	-62.243481
16742.065430	-62.710499
16747.448730	-66.503807
16752.832031	-66.675102
16758.215332	-64.835602
16763.598633	-67.703545
16768.981934	-72.598747
16774.365234	-66.465675
16779.748535	-66.469887
16785.131836	-71.531975
16790.515137	-75.950172
16795.898438	-69.484566
16801.281738	-67.891502
16806.665039	-69.184006
16812.048340	-71.793564
16817.431641	-92.782349
16822.814941	-68.366493
16828.198242	-64.698662
16833.581543	-68.316017
16838.964844	-74.110619
16844.348145	-66.995056
16849.731445	-65.895950
16855.114746	-70.025398
16860.498047	-78.890167
16865.881348	-70.102303
16871.264648	-69.584167
16876.647949	-77.782341
16882.031250	-77.433868
16887.414551	-75.633652
16892.797852	-96.140305
16898.181152	-75.626099
16903.564453	-72.844147
16908.947754	-71.893066
16914.331055	-73.889549
16919.714355	-72.273064
16925.097656	-71.064285
16930.480957	-74.061569
16935.864258	-80.313156
16941.247559	-78.936371
16946.630859	-80.212463
16952.014160	-79.587616
16957.397461	-74.621414
16962.780762	-71.388336
16968.164062	-70.058205
16973.547363	-68.936211
16978.930664	-67.574203
16984.313965	-66.688431
16989.697266	-66.107262
16995.080566	-66.470810
17000.463867	-66.790199
17005.847168	-66.893867
17011.230469	-67.022598
17016.613770	-67.238968
17021.997070	-68.458138
17027.380371	-67.347588
17032.763672	-67.189400
17038.146973	-68.311310
17043.530273	-68.296844
17048.913574	-68.207848
17054.296875	-69.635437
17059.680176	-71.364929
17065.063477	-75.037354
17070.446777	-79.714745
17075.830078	-88.095673
17081.213379	-82.069870
17086.596680	-71.936317
17091.979980	-69.389732
17097.363281	-68.755363
17102.746582	-65.997520
17108.129883	-64.455383
17113.513184	-64.464043
17118.896484	-64.574989
17124.279785	-64.731789
17129.663086	-65.561348
17135.046387	-66.364166
17140.429688	-68.518318
17145.812988	-71.916641
17151.196289	-73.823578
17156.579590	-73.629501
17161.962891	-71.524513
17167.346191	-69.366928
17172.729492	-68.548325
17178.112793	-68.063057
17183.496094	-67.224121
17188.879395	-67.233566
17194.262695	-68.030609
17199.645996	-69.706009
17205.029297	-70.675156
17210.412598	-71.276047
17215.795898	-71.105232
17221.179199	-69.957909
17226.562500	-68.209366
17231.945801	-66.806885
17237.329102	-66.525307
17242.712402	-66.393005
17248.095703	-66.413101
17253.479004	-66.703377
17258.862305	-67.775871
17264.245605	-68.941002
17269.628906	-69.453056
17275.012207	-69.215637
17280.395508	-68.870522
17285.778809	-68.183617
17291.162109	-66.708580
17296.545410	-66.260727
17301.928711	-66.032043
17307.312012	-66.123466
17312.695312	-66.196762
17318.078613	-67.310623
17323.461914	-69.522011
17328.845215	-71.547760
17334.228516	-76.861298
17339.611816	-83.473984
17344.995117	-76.030838
17350.378418	-71.720993
17355.761719	-68.281372
17361.145020	-65.708969
17366.528320	-64.801422
17371.911621	-63.916435
17377.294922	-63.308792
17382.678223	-62.691776
17388.061523	-62.830193
17393.444824	-63.759666
17398.828125	-63.962746
17404.211426	-63.930122
17409.594727	-64.618118
17414.978027	-66.725372
17420.361328	-67.462273
17425.744629	-67.119400
17431.127930	-68.457336
17436.511230	-70.245354
17441.894531	-71.409821
17447.277832	-70.466270
17452.661133	-70.219666
17458.044434	-72.393990
17463.427734	-71.108101
17468.811035	-68.896751
17474.194336	-67.794121
17479.577637	-69.223312
17484.960938	-68.704369
17490.344238	-66.934052
17495.727539	-67.023048
17501.110840	-68.364731
17506.494141	-66.725113
17511.877441	-65.098152
17517.260742	-65.245667
17522.644043	-67.338898
17528.027344	-65.163422
17533.410645	-64.336128
17538.793945	-65.933998
17544.177246	-66.209679
17549.560547	-64.463791
17554.943848	-63.959953
17560.327148	-66.598640
17565.710449	-65.277214
17571.093750	-64.202950
17576.477051	-67.238411
17581.860352	-66.292641
17587.243652	-65.835747
17592.626953	-66.034805
17598.010254	-65.369621
17603.393555	-63.739498
17608.776855	-62.758953
17614.160156	-61.632801
17619.543457	-60.523659
17624.926758	-59.601799
17630.310059	-59.110329
17635.693359	-59.189327
17641.076660	-58.952648
17646.459961	-59.269814
17651.843262	-60.196312
17657.226562	-61.090046
17662.609863	-62.074711
17667.993164	-64.188141
17673.376465	-67.032272
17678.759766	-69.269615
17684.143066	-69.824142
17689.526367	-69.875313
17694.909668	-67.829048
17700.292969	-66.322166
17705.676270	-65.587212
17711.059570	-65.562721
17716.442871	-65.715591
17721.826172	-65.711174
17727.209473	-66.885712
17732.592773	-69.759354
17737.976074	-71.015076
17743.359375	-71.354492
17748.742676	-71.681656
17754.125977	-69.595978
17759.509277	-67.661514
17764.892578	-66.472244
17770.275879	-66.151108
17775.659180	-65.399231
17781.042480	-65.410965
17786.425781	-65.365837
17791.809082	-66.021103
17797.192383	-67.399963
17802.575684	-67.767357
17807.958984	-68.563850
17813.342285	-69.746193
17818.725586	-70.642509
17824.108887	-69.827911
17829.492188	-68.372887
17834.875488	-67.411491
17840.258789	-66.886894
17845.642090	-65.578262
17851.025391	-64.848198
17856.408691	-64.402740
17861.791992	-64.593430
17867.175293	-64.756119
17872.558594	-64.745049
17877.941895	-65.006172
17883.325195	-66.290184
17888.708496	-68.279892
17894.091797	-70.348335
17899.475098	-72.086708
17904.858398	-77.979248
17910.241699	-89.700737
17915.625000	-76.401566
17921.008301	-71.926987
17926.391602	-68.839149
17931.774902	-65.892326
17937.158203	-64.044014
17942.541504	-63.043003
17947.924805	-62.816368
17953.308105	-62.005844
17958.691406	-61.477997
17964.074707	-61.674175
17969.458008	-62.089729
17974.841309	-62.293819
17980.224609	-62.306431
17985.607910	-62.514439
17990.991211	-63.203739
17996.374512	-63.308056
18001.757812	-62.577782
18007.141113	-62.610924
18012.524414	-62.539124
18017.907715	-61.906120
18023.291016	-61.143372
18028.674316	-61.195641
18034.057617	-61.457466
18039.440918	-60.994045
18044.824219	-60.842594
18050.207520	-61.442177
18055.590820	-62.069294
18060.974121	-62.362774
18066.357422	-62.638138
18071.740723	-63.324863
18077.124023	-64.388527
18082.507324	-64.689690
18087.890625	-64.827538
18093.273926	-65.136711
18098.657227	-66.514175
18104.040527	-66.561951
18109.423828	-67.149147
18114.807129	-68.674149
18120.190430	-70.880363
18125.573730	-73.249756
18130.957031	-74.960464
18136.340332	-76.590454
18141.723633	-77.697716
18147.106934	-70.672241
18152.490234	-69.147560
18157.873535	-68.513710
18163.256836	-66.706718
18168.640137	-64.419678
18174.023438	-63.260361
18179.406738	-63.553101
18184.790039	-63.564911
18190.173340	-62.568985
18195.556641	-61.882854
18200.939941	-62.200169
18206.323242	-63.441601
18211.706543	-63.604500
18217.089844	-63.581928
18222.473145	-63.255619
18227.856445	-65.662544
18233.239746	-68.386971
18238.623047	-67.323814
18244.006348	-66.630005
18249.389648	-70.568779
18254.772949	-69.519829
18260.156250	-64.825813
18265.539551	-64.929726
18270.922852	-67.028511
18276.306152	-65.511368
18281.689453	-61.698078
18287.072754	-62.844887
18292.456055	-67.774208
18297.839355	-64.695335
18303.222656	-61.910648
18308.605957	-65.911995
18313.989258	-70.435890
18319.372559	-63.971500
18324.755859	-63.651161
18330.139160	-68.560287
18335.522461	-65.898567
18340.905762	-62.126331
18346.289062	-63.543468
18351.672363	-69.628021
18357.055664	-65.837769
18362.438965	-64.250771
18367.822266	-68.731201
18373.205566	-76.912239
18378.588867	-67.544289
18383.972168	-67.926102
18389.355469	-71.652306
18394.738770	-64.718842
18400.122070	-61.458477
18405.505371	-62.280998
18410.888672	-62.954441
18416.271973	-60.890663
18421.655273	-59.742111
18427.038574	-60.802589
18432.421875	-63.013741
18437.805176	-62.834461
18443.188477	-63.242371
18448.571777	-64.736938
18453.955078	-69.369652
18459.338379	-74.217560
18464.721680	-72.046753
18470.104980	-72.334885
18475.488281	-72.349503
18480.871582	-72.599976
18486.254883	-72.282158
18491.638184	-70.241890
18497.021484	-69.781219
18502.404785	-70.055878
18507.788086	-73.897736
18513.171387	-72.607056
18518.554688	-69.886040
18523.937988	-70.221260
18529.321289	-69.751717
18534.704590	-67.947159
18540.087891	-66.664497
18545.471191	-67.475128
18550.854492	-68.301308
18556.237793	-68.750458
18561.621094	-68.957458
18567.004395	-70.494965
18572.387695	-72.523232
18577.770996	-72.473221
18583.154297	-73.813095
18588.537598	-76.336395
18593.920898	-81.236191
18599.304199	-80.375267
18604.687500	-81.384125
18610.070801	-92.263313
18615.454102	-82.054817
18620.837402	-79.854980
18626.220703	-82.020760
18631.604004	-77.830170
18636.987305	-75.771843
18642.370605	-75.332993
18647.753906	-72.774666
18653.137207	-70.822578
18658.520508	-68.304764
18663.903809	-67.368210
18669.287109	-66.211037
18674.670410	-65.336571
18680.053711	-64.546562
18685.437012	-63.509407
18690.820312	-63.292522
18696.203613	-63.083817
18701.586914	-62.842064
18706.970215	-62.454388
18712.353516	-62.269466
18717.736816	-62.503666
18723.120117	-62.941696
18728.503418	-62.699833
18733.886719	-63.229916
18739.270020	-64.214073
18744.653320	-65.355576
18750.036621	-66.676140
18755.419922	-67.570404
18760.803223	-68.994179
18766.186523	-70.687050
18771.569824	-68.167267
18776.953125	-66.514877
18782.336426	-66.454414
18787.719727	-64.929123
18793.103027	-63.719780
18798.486328	-63.238941
18803.869629	-63.780704
18809.252930	-63.621956
18814.636230	-63.110500
18820.019531	-64.210236
18825.402832	-65.853371
18830.786133	-67.540436
18836.169434	-67.927887
18841.552734	-69.523476
18846.936035	-70.074936
18852.319336	-67.542236
18857.702637	-65.781540
18863.085938	-65.239502
18868.469238	-65.134827
18873.852539	-64.058952
18879.235840	-63.347618
18884.619141	-64.556572
18890.002441	-64.384735
18895.385742	-63.143856
18900.769043	-62.808842
18906.152344	-62.548817
18911.535645	-61.366478
18916.918945	-59.602810
18922.302246	-59.617371
18927.685547	-59.939762
18933.068848	-58.991592
18938.452148	-58.550388
18943.835449	-59.547714
18949.218750	-60.508286
18954.602051	-60.544594
18959.985352	-61.101810
18965.368652	-63.912090
18970.751953	-66.966064
18976.135254	-67.796707
18981.518555	-72.014389
18986.901855	-77.467529
18992.285156	-70.266846
18997.668457	-67.346512
19003.051758	-66.978256
19008.435059	-65.909264
19013.818359	-64.132584
19019.201660	-63.573429
19024.584961	-64.018242
19029.968262	-64.406136
19035.351562	-64.409279
19040.734863	-64.584045
19046.118164	-65.908394
19051.501465	-67.528778
19056.884766	-67.384590
19062.268066	-68.774658
19067.651367	-71.138779
19073.034668	-72.488312
19078.417969	-73.854691
19083.801270	-73.915634
19089.184570	-76.411827
19094.567871	-75.639580
19099.951172	-75.429352
19105.334473	-75.217552
19110.717773	-74.260704
19116.101074	-74.350601
19121.484375	-73.236221
19126.867676	-73.375031
19132.250977	-72.326904
19137.634277	-71.981339
19143.017578	-70.166931
19148.400879	-69.910919
19153.784180	-68.123108
19159.167480	-66.881088
19164.550781	-65.917015
19169.934082	-64.755821
19175.317383	-63.654720
19180.700684	-62.667114
19186.083984	-62.426960
19191.467285	-62.360130
19196.850586	-61.340931
19202.233887	-61.747711
19207.617188	-62.685162
19213.000488	-64.230927
19218.383789	-66.492645
19223.767090	-66.292603
19229.150391	-68.283691
19234.533691	-70.987335
19239.916992	-70.824745
19245.300293	-68.431633
19250.683594	-64.916374
19256.066895	-63.292034
19261.450195	-64.089676
19266.833496	-64.417526
19272.216797	-63.122868
19277.600098	-62.979977
19282.983398	-64.783836
19288.366699	-66.385498
19293.750000	-67.549957
19299.133301	-67.920151
19304.516602	-70.968201
19309.899902	-79.971992
19315.283203	-75.834564
19320.666504	-76.466713
19326.049805	-78.740349
19331.433105	-74.011986
19336.816406	-71.184341
19342.199707	-73.177704
19347.583008	-77.038048
19352.966309	-77.077904
19358.349609	-77.544487
19363.732910	-89.336700
19369.116211	-81.406471
19374.499512	-75.027710
19379.882812	-74.443619
19385.266113	-74.894142
19390.649414	-70.894012
19396.032715	-70.048958
19401.416016	-71.418083
19406.799316	-74.478645
19412.182617	-76.106567
19417.565918	-77.050621
19422.949219	-81.219482
19428.332520	-79.821327
19433.715820	-75.577988
19439.099121	-74.570229
19444.482422	-73.945595
19449.865723	-70.468124
19455.249023	-69.356552
19460.632324	-71.350594
19466.015625	-73.768745
19471.398926	-74.755569
19476.782227	-74.793846
19482.165527	-76.338341
19487.548828	-75.276573
19492.932129	-73.195084
19498.315430	-73.631233
19503.698730	-69.149933
19509.082031	-67.204079
19514.465332	-66.276306
19519.848633	-67.392708
19525.231934	-67.686577
19530.615234	-66.027878
19535.998535	-69.198212
19541.381836	-70.621841
19546.765137	-76.977478
19552.148438	-73.286575
19557.531738	-78.913757
19562.915039	-71.733673
19568.298340	-68.969658
19573.681641	-66.803825
19579.064941	-66.801094
19584.448242	-65.706993
19589.831543	-63.570442
19595.214844	-64.594620
19600.598145	-66.277420
19605.981445	-64.620453
19611.364746	-65.247276
19616.748047	-69.298546
19622.131348	-68.052979
19627.514648	-71.331802
19632.897949	-71.212173
19638.281250	-71.559639
19643.664551	-70.066788
19649.047852	-68.898026
19654.431152	-67.113350
19659.814453	-70.189217
19665.197754	-68.217346
19670.581055	-67.833580
19675.964355	-72.098442
19681.347656	-70.949547
19686.730957	-68.672554
19692.114258	-73.412254
19697.497559	-71.350624
19702.880859	-69.447350
19708.264160	-69.249649
19713.647461	-68.718567
19719.030762	-67.668655
19724.414062	-66.177498
19729.797363	-66.696243
19735.180664	-67.692665
19740.563965	-67.566437
19745.947266	-68.180969
19751.330566	-67.600204
19756.713867	-67.809647
19762.097168	-69.825089
19767.480469	-69.548927
19772.863770	-67.670052
19778.247070	-67.667381
19783.630371	-68.840446
19789.013672	-70.037247
19794.396973	-69.388947
19799.780273	-70.649361
19805.163574	-72.726875
19810.546875	-75.600861
19815.930176	-81.878662
19821.313477	-81.621742
19826.696777	-75.799522
19832.080078	-69.088501
19837.463379	-67.127716
19842.846680	-68.446770
19848.229980	-67.235703
19853.613281	-65.297592
19858.996582	-65.720345
19864.379883	-67.591248
19869.763184	-69.206383
19875.146484	-68.410309
19880.529785	-69.386963
19885.913086	-73.766884
19891.296387	-70.023590
19896.679688	-68.079384
19902.062988	-68.466400
19907.446289	-67.941490
19912.829590	-65.193153
19918.212891	-65.181145
19923.596191	-66.386902
19928.979492	-67.313583
19934.362793	-67.017036
19939.746094	-68.208511
19945.129395	-72.788483
19950.512695	-75.682991
19955.895996	-79.805153
19961.279297	-80.050056
19966.662598	-74.929962
19972.045898	-70.421806
19977.429199	-70.973091
19982.812500	-71.015297
19988.195801	-70.159584
19993.579102	-71.112892
19998.962402	-73.796539
20004.345703	-75.596237
20009.729004	-73.650360
20015.112305	-72.055634
20020.495605	-70.716278
20025.878906	-69.027878
20031.262207	-68.479080
20036.645508	-66.603798
20042.028809	-66.424728
20047.412109	-67.166641
20052.795410	-67.567635
20058.178711	-68.438225
20063.562012	-68.980446
20068.945312	-71.736626
20074.328613	-76.768303
20079.711914	-81.256790
20085.095215	-86.542122
20090.478516	-78.736183
20095.861816	-74.350029
20101.245117	-73.208984
20106.628418	-72.723785
20112.011719	-70.972214
20117.395020	-69.724922
20122.778320	-71.584557
20128.161621	-72.000000
20133.544922	-72.685310
20138.928223	-72.073746
20144.311523	-73.047417
20149.694824	-74.849739
20155.078125	-71.127350
20160.461426	-70.211502
20165.844727	-71.106934
20171.228027	-70.574432
20176.611328	-68.535172
20181.994629	-69.210403
20187.377930	-70.516136
20192.761230	-70.864967
20198.144531	-69.937401
20203.527832	-71.399529
20208.911133	-74.634850
20214.294434	-73.732239
20219.677734	-73.357903
20225.061035	-75.068939
20230.444336	-76.884941
20235.827637	-72.317596
20241.210938	-72.955109
20246.594238	-74.890862
20251.977539	-77.027786
20257.360840	-74.471481
20262.744141	-78.461967
20268.127441	-88.774376
20273.510742	-76.651245
20278.894043	-73.852547
20284.277344	-73.684326
20289.660645	-68.118584
20295.043945	-66.032883
20300.427246	-65.785149
20305.810547	-65.672333
20311.193848	-64.926094
20316.577148	-64.108475
20321.960449	-64.596481
20327.343750	-66.382019
20332.727051	-67.862549
20338.110352	-67.983192
20343.493652	-70.088768
20348.876953	-73.189522
20354.260254	-76.922470
20359.643555	-77.157265
20365.026855	-71.328896
20370.410156	-68.881203
20375.793457	-68.675888
20381.176758	-68.988007
20386.560059	-69.806847
20391.943359	-69.105659
20397.326660	-70.250504
20402.709961	-74.213745
20408.093262	-81.625267
20413.476562	-81.689941
20418.859863	-81.885460
20424.243164	-75.479065
20429.626465	-71.978065
20435.009766	-70.055412
20440.393066	-70.166595
20445.776367	-70.613579
20451.159668	-70.940567
20456.542969	-71.956543
20461.926270	-73.832741
20467.309570	-82.460884
20472.692871	-88.597855
20478.076172	-86.557358
20483.459473	-77.892181
20488.842773	-72.612267
20494.226074	-69.677078
20499.609375	-71.804146
20504.992676	-70.896278
20510.375977	-69.280739
20515.759277	-69.490959
20521.142578	-73.207504
20526.525879	-72.055153
20531.909180	-68.802216
20537.292480	-69.999214
20542.675781	-70.166931
20548.059082	-65.656265
20553.442383	-64.072754
20558.825684	-65.836960
20564.208984	-64.889771
20569.592285	-62.778839
20574.975586	-62.639847
20580.358887	-65.343727
20585.742188	-65.412292
20591.125488	-63.573803
20596.508789	-64.558434
20601.892090	-67.600182
20607.275391	-71.770988
20612.658691	-67.918129
20618.041992	-65.978264
20623.425293	-69.348793
20628.808594	-75.619072
20634.191895	-71.753960
20639.575195	-69.035179
20644.958496	-70.601768
20650.341797	-80.307686
20655.725098	-78.785454
20661.108398	-74.304794
20666.491699	-78.917389
20671.875000	-77.531357
20677.258301	-74.462997
20682.641602	-77.009613
20688.024902	-78.475533
20693.408203	-69.627754
20698.791504	-68.569931
20704.174805	-72.364380
20709.558105	-69.864609
20714.941406	-67.090370
20720.324707	-68.514343
20725.708008	-71.812943
20731.091309	-68.309410
20736.474609	-68.225632
20741.857910	-69.344955
20747.241211	-70.205307
20752.624512	-68.810532
20758.007812	-69.854897
20763.391113	-71.479706
20768.774414	-71.988441
20774.157715	-74.890167
20779.541016	-73.940437
20784.924316	-72.376289
20790.307617	-70.927948
20795.690918	-68.631134
20801.074219	-66.641769
20806.457520	-64.433426
20811.840820	-63.424717
20817.224121	-62.658642
20822.607422	-61.631817
20827.990723	-61.131222
20833.374023	-60.980618
20838.757324	-61.175560
20844.140625	-61.310329
20849.523926	-62.133720
20854.907227	-63.440258
20860.290527	-65.468887
20865.673828	-68.039711
20871.057129	-71.669029
20876.440430	-82.516602
20881.823730	-77.382057
20887.207031	-72.891335
20892.590332	-70.480095
20897.973633	-67.513763
20903.356934	-66.044662
20908.740234	-65.801384
20914.123535	-65.995850
20919.506836	-65.762329
20924.890137	-65.934151
20930.273438	-67.815857
20935.656738	-67.307678
20941.040039	-65.553299
20946.423340	-65.060623
20951.806641	-64.066582
20957.189941	-62.267399
20962.573242	-61.116859
20967.956543	-61.049206
20973.339844	-61.246201
20978.723145	-60.868713
20984.106445	-61.016796
20989.489746	-61.829594
20994.873047	-63.043888
21000.256348	-63.417881
21005.639648	-63.563267
21011.022949	-65.565956
21016.406250	-66.294144
21021.789551	-64.952240
21027.172852	-64.929642
21032.556152	-65.372612
21037.939453	-64.539932
21043.322754	-63.276989
21048.706055	-62.533195
21054.089355	-63.121651
21059.472656	-63.207893
21064.855957	-62.383656
21070.239258	-62.555573
21075.622559	-63.694771
21081.005859	-65.494003
21086.389160	-65.437622
21091.772461	-65.845352
21097.155762	-70.902458
21102.539062	-76.567345
21107.922363	-71.771614
21113.305664	-72.847847
21118.688965	-72.326248
21124.072266	-65.152779
21129.455566	-63.466518
21134.838867	-64.064941
21140.222168	-62.644051
21145.605469	-60.355495
21150.988770	-60.256481
21156.372070	-61.453281
21161.755371	-61.172970
21167.138672	-59.939655
21172.521973	-61.223465
21177.905273	-64.834831
21183.288574	-64.617790
21188.671875	-64.850601
21194.055176	-69.090080
21199.438477	-74.141663
21204.821777	-70.275856
21210.205078	-72.149643
21215.588379	-72.401031
21220.971680	-68.639992
21226.354980	-67.061546
21231.738281	-68.084595
21237.121582	-68.124123
21242.504883	-67.473663
21247.888184	-67.805206
21253.271484	-70.175743
21258.654785	-71.162399
21264.038086	-70.489418
21269.421387	-70.438461
21274.804688	-71.288017
21280.187988	-69.384895
21285.571289	-68.910973
21290.954590	-68.649857
21296.337891	-69.645996
21301.721191	-68.089272
21307.104492	-68.908691
21312.487793	-67.656136
21317.871094	-69.093887
21323.254395	-70.972237
21328.637695	-69.656654
21334.020996	-75.311066
21339.404297	-72.149231
21344.787598	-77.995117
21350.170898	-73.217987
21355.554199	-77.027962
21360.937500	-75.768608
21366.320801	-76.738777
21371.704102	-106.113625
21377.087402	-78.342209
21382.470703	-75.547157
21387.854004	-79.786209
21393.237305	-78.301575
21398.620605	-71.294258
21404.003906	-74.369812
21409.387207	-71.152466
21414.770508	-69.647255
21420.153809	-69.003654
21425.537109	-67.506416
21430.920410	-69.503464
21436.303711	-69.736687
21441.687012	-70.724335
21447.070312	-73.859550
21452.453613	-77.620491
21457.836914	-77.073174
21463.220215	-72.003838
21468.603516	-71.153999
21473.986816	-67.635002
21479.370117	-65.761452
21484.753418	-65.070175
21490.136719	-64.582260
21495.520020	-64.328583
21500.903320	-64.503349
21506.286621	-65.001633
21511.669922	-65.995667
21517.053223	-67.299873
21522.436523	-68.168930
21527.819824	-68.316238
21533.203125	-69.223747
21538.586426	-68.634964
21543.969727	-66.993477
21549.353027	-67.489471
21554.736328	-67.159225
21560.119629	-66.906990
21565.502930	-68.112892
21570.886230	-69.312553
21576.269531	-71.723312
21581.652832	-76.200050
21587.036133	-83.739967
21592.419434	-85.837547
21597.802734	-75.422050
21603.186035	-71.213921
21608.569336	-68.451904
21613.952637	-66.944839
21619.335938	-66.074936
21624.719238	-65.434189
21630.102539	-65.076393
21635.485840	-65.412674
21640.869141	-66.155754
21646.252441	-66.298851
21651.635742	-66.911125
21657.019043	-67.427170
21662.402344	-68.279289
21667.785645	-68.744370
21673.168945	-68.978394
21678.552246	-69.315201
21683.935547	-69.670158
21689.318848	-70.814980
21694.702148	-72.171455
21700.085449	-72.363762
21705.468750	-74.950508
21710.852051	-81.368980
21716.235352	-79.761444
21721.618652	-82.200294
21727.001953	-77.843895
21732.385254	-74.294556
21737.768555	-73.669350
21743.151855	-71.710602
21748.535156	-71.712616
21753.918457	-70.473236
21759.301758	-70.124794
21764.685059	-71.010040
21770.068359	-69.911491
21775.451660	-70.238243
21780.834961	-69.404327
21786.218262	-68.779892
21791.601562	-67.494301
21796.984863	-67.341904
21802.368164	-66.381760
21807.751465	-65.855522
21813.134766	-65.755051
21818.518066	-66.013657
21823.901367	-65.865227
21829.284668	-65.790573
21834.667969	-67.151672
21840.051270	-66.639854
21845.434570	-66.640724
21850.817871	-66.862427
21856.201172	-66.108749
21861.584473	-64.734978
21866.967773	-64.232124
21872.351074	-63.479103
21877.734375	-62.808414
21883.117676	-62.678902
21888.500977	-62.331120
21893.884277	-62.868790
21899.267578	-63.306190
21904.650879	-64.332199
21910.034180	-65.879463
21915.417480	-68.172447
21920.800781	-71.313713
21926.184082	-74.982285
21931.567383	-91.008545
21936.950684	-80.220642
21942.333984	-73.308403
21947.717285	-70.613419
21953.100586	-68.662285
21958.483887	-67.405518
21963.867188	-67.198181
21969.250488	-67.228859
21974.633789	-68.221504
21980.017090	-68.987213
21985.400391	-71.026276
21990.783691	-73.446205
21996.166992	-77.301903
22001.550293	-80.439819
22006.933594	-78.279015
22012.316895	-77.381706
22017.700195	-74.697487
22023.083496	-72.706017
22028.466797	-72.385170
22033.850098	-72.340622
22039.233398	-71.748138
22044.616699	-71.759155
