Frequency (Hz)	Level (dB)
5.383301	-50.310020
10.766602	-50.072880
16.149902	-49.348679
21.533203	-47.936787
26.916504	-46.985287
32.299805	-47.224903
37.683105	-46.024124
43.066406	-45.362427
48.449707	-42.934731
53.833008	-44.177753
59.216309	-45.163597
64.599609	-46.305901
69.982910	-46.525791
75.366211	-46.634541
80.749512	-46.496174
86.132812	-46.925716
91.516113	-47.425758
96.899414	-46.162403
102.282715	-45.225025
107.666016	-45.559273
113.049316	-46.992123
118.432617	-45.673996
123.815918	-44.794350
129.199219	-45.547783
134.582520	-45.292225
139.965820	-46.151409
145.349121	-46.438263
150.732422	-46.171131
156.115723	-47.002613
161.499023	-51.510365
166.882324	-48.885475
172.265625	-45.695423
177.648926	-46.810509
183.032227	-46.423038
188.415527	-47.406315
193.798828	-47.621902
199.182129	-44.595284
204.565430	-43.681450
209.948730	-46.255032
215.332031	-46.143440
220.715332	-46.760403
226.098633	-44.870766
231.481934	-40.980080
236.865234	-40.353470
242.248535	-42.493179
247.631836	-42.979870
253.015137	-40.495197
258.398438	-41.277576
263.781738	-41.071857
269.165039	-36.734211
274.548340	-35.725620
279.931641	-39.293629
285.314941	-37.965897
290.698242	-34.509327
296.081543	-33.237980
301.464844	-32.139076
306.848145	-29.828508
312.231445	-28.873791
317.614746	-28.474913
322.998047	-27.501865
328.381348	-27.587307
333.764648	-25.038359
339.147949	-23.881233
344.531250	-24.580257
349.914551	-26.342888
355.297852	-29.339731
360.681152	-31.436733
366.064453	-31.304903
371.447754	-30.573576
376.831055	-30.883047
382.214355	-32.626324
387.597656	-32.762386
392.980957	-33.465996
398.364258	-33.898754
403.747559	-33.230633
409.130859	-32.321568
414.514160	-32.093323
419.897461	-30.958210
425.280762	-29.646578
430.664062	-29.603483
436.047363	-28.904737
441.430664	-28.633877
446.813965	-28.310421
452.197266	-27.388744
457.580566	-26.185484
462.963867	-25.888329
468.347168	-25.032551
473.730469	-24.055941
479.113770	-23.565033
484.497070	-23.518505
489.880371	-22.203884
495.263672	-22.819363
500.646973	-23.490290
506.030273	-23.372248
511.413574	-25.252949
516.796875	-26.700317
522.180176	-27.642178
527.563477	-30.172962
532.946777	-29.992910
538.330078	-33.501492
543.713379	-37.175282
549.096680	-37.974316
554.479980	-38.272305
559.863281	-38.573544
565.246582	-36.509682
570.629883	-36.157135
576.013184	-34.535080
581.396484	-34.682289
586.779785	-36.591976
592.163086	-37.656128
597.546387	-39.835522
602.929688	-41.645809
608.312988	-37.080975
613.696289	-36.576035
619.079590	-38.268772
624.462891	-36.613438
629.846191	-36.105728
635.229492	-36.881378
640.612793	-35.437252
645.996094	-30.501537
651.379395	-30.089437
656.762695	-27.665977
662.145996	-22.866350
667.529297	-22.767494
672.912598	-23.210434
678.295898	-22.102247
683.679199	-24.228245
689.062500	-28.611399
694.445801	-28.406862
699.829102	-29.477751
705.212402	-35.356705
710.595703	-38.506443
715.979004	-38.517567
721.362305	-39.814491
726.745605	-42.513985
732.128906	-45.922474
737.512207	-45.584721
742.895508	-43.213436
748.278809	-44.301960
753.662109	-48.751156
759.045410	-49.295841
764.428711	-45.874065
769.812012	-43.105160
775.195312	-43.939991
780.578613	-48.705387
785.961914	-51.650703
791.345215	-45.228428
796.728516	-44.491829
802.111816	-45.457771
807.495117	-44.447674
812.878418	-41.815216
818.261719	-40.103359
823.645020	-37.259586
829.028320	-36.006535
834.411621	-37.899979
839.794922	-37.716473
845.178223	-38.844498
850.561523	-41.252781
855.944824	-42.003006
861.328125	-45.499210
866.711426	-46.184868
872.094727	-44.621071
877.478027	-45.762852
882.861328	-50.224350
888.244629	-56.833183
893.627930	-52.143970
899.011230	-46.692501
904.394531	-47.915142
909.777832	-48.351723
915.161133	-51.099464
920.544434	-52.209839
925.927734	-49.182335
931.311035	-47.864319
936.694336	-44.540077
942.077637	-41.293129
947.460938	-40.407318
952.844238	-37.719452
958.227539	-36.124805
963.610840	-39.290169
968.994141	-40.008835
974.377441	-41.451504
979.760742	-45.614754
985.144043	-47.096046
990.527344	-48.360130
995.910645	-49.906628
1001.293945	-52.972710
1006.677246	-52.898064
1012.060547	-52.752895
1017.443848	-57.176960
1022.827148	-58.382069
1028.210449	-49.490566
1033.593750	-47.782890
1038.977051	-44.799656
1044.360352	-42.571751
1049.743652	-39.998650
1055.126953	-37.670910
1060.510254	-37.594761
1065.893555	-36.551586
1071.276855	-39.789291
1076.660156	-41.230858
1082.043457	-38.220131
1087.426758	-38.466091
1092.810059	-36.712757
1098.193359	-38.499058
1103.576660	-40.802601
1108.959961	-41.488350
1114.343262	-40.141148
1119.726562	-39.778667
1125.109863	-43.260723
1130.493164	-44.732876
1135.876465	-47.267021
1141.259766	-49.387535
1146.643066	-50.146194
1152.026367	-50.504250
1157.409668	-47.787674
1162.792969	-49.157703
1168.176270	-47.292427
1173.559570	-47.134518
1178.942871	-48.579418
1184.326172	-47.684490
1189.709473	-48.783886
1195.092773	-49.723820
1200.476074	-47.473740
1205.859375	-45.984154
1211.242676	-46.076965
1216.625977	-45.896225
1222.009277	-44.728054
1227.392578	-44.720158
1232.775879	-42.543591
1238.159180	-42.715649
1243.542480	-44.867950
1248.925781	-45.003403
1254.309082	-44.568039
1259.692383	-43.469601
1265.075684	-42.987400
1270.458984	-44.226089
1275.842285	-44.817005
1281.225586	-43.488110
1286.608887	-43.807575
1291.992188	-43.651608
1297.375488	-43.819321
1302.758789	-42.952534
1308.142090	-41.283585
1313.525391	-41.358658
1318.908691	-42.294621
1324.291992	-41.747730
1329.675293	-43.012676
1335.058594	-42.400650
1340.441895	-41.238888
1345.825195	-42.502029
1351.208496	-40.846157
1356.591797	-41.034187
1361.975098	-42.365536
1367.358398	-41.368580
1372.741699	-40.528248
1378.125000	-41.435707
1383.508301	-39.512352
1388.891602	-39.483356
1394.274902	-41.834484
1399.658203	-44.072815
1405.041504	-46.798683
1410.424805	-48.647110
1415.808105	-46.027683
1421.191406	-46.729195
1426.574707	-48.471584
1431.958008	-45.988903
1437.341309	-46.092682
1442.724609	-43.823593
1448.107910	-42.943600
1453.491211	-45.579998
1458.874512	-44.830952
1464.257812	-46.261795
1469.641113	-47.320400
1475.024414	-44.663765
1480.407715	-40.468731
1485.791016	-42.383732
1491.174316	-45.567501
1496.557617	-44.305031
1501.940918	-46.757832
1507.324219	-46.901630
1512.707520	-46.182323
1518.090820	-47.683189
1523.474121	-46.072277
1528.857422	-45.948666
1534.240723	-47.742222
1539.624023	-47.573345
1545.007324	-47.400848
1550.390625	-47.349461
1555.773926	-45.952297
1561.157227	-45.390381
1566.540527	-47.030788
1571.923828	-48.264294
1577.307129	-47.552429
1582.690430	-48.574760
1588.073730	-47.658840
1593.457031	-47.080227
1598.840332	-49.781765
1604.223633	-50.335365
1609.606934	-49.240757
1614.990234	-52.731876
1620.373535	-51.941574
1625.756836	-49.535717
1631.140137	-51.749741
1636.523438	-53.431774
1641.906738	-53.919910
1647.290039	-55.678623
1652.673340	-52.009766
1658.056641	-49.807491
1663.439941	-51.575222
1668.823242	-52.437641
1674.206543	-49.230957
1679.589844	-49.107288
1684.973145	-51.347862
1690.356445	-50.413288
1695.739746	-49.036331
1701.123047	-50.148865
1706.506348	-46.997250
1711.889648	-44.590530
1717.272949	-46.917381
1722.656250	-48.761463
1728.039551	-47.294323
1733.422852	-48.035461
1738.806152	-49.267288
1744.189453	-49.709824
1749.572754	-50.566586
1754.956055	-51.641567
1760.339355	-53.399239
1765.722656	-52.787567
1771.105957	-52.975628
1776.489258	-52.468655
1781.872559	-50.954292
1787.255859	-52.587803
1792.639160	-53.890892
1798.022461	-52.949173
1803.405762	-52.040512
1808.789062	-51.336533
1814.172363	-49.450703
1819.555664	-46.463718
1824.938965	-45.637608
1830.322266	-46.008427
1835.705566	-45.629642
1841.088867	-44.928944
1846.472168	-45.555763
1851.855469	-44.913040
1857.238770	-45.371799
1862.622070	-46.953133
1868.005371	-46.645782
1873.388672	-47.792484
1878.771973	-49.831818
1884.155273	-50.373550
1889.538574	-52.387093
1894.921875	-52.965759
1900.305176	-52.993900
1905.688477	-53.790241
1911.071777	-54.217236
1916.455078	-54.844616
1921.838379	-55.881626
1927.221680	-56.065887
1932.604980	-60.602478
1937.988281	-61.281731
1943.371582	-60.354515
1948.754883	-56.960491
1954.138184	-53.580223
1959.521484	-54.510189
1964.904785	-52.570427
1970.288086	-51.934021
1975.671387	-53.535374
1981.054688	-53.569328
1986.437988	-51.718803
1991.821289	-51.682636
1997.204590	-53.019596
2002.587891	-55.462658
2007.971191	-56.519932
2013.354492	-55.355431
2018.737793	-55.185326
2024.121094	-53.299057
2029.504395	-55.102726
2034.887695	-57.471668
2040.270996	-56.431103
2045.654297	-56.925331
2051.037598	-57.928909
2056.420898	-57.171108
2061.804199	-60.090385
2067.187500	-58.880589
2072.570801	-57.570423
2077.954102	-60.858120
2083.337402	-62.657520
2088.720703	-59.963211
2094.104004	-58.754982
2099.487305	-59.945908
2104.870605	-63.587555
2110.253906	-63.004799
2115.637207	-63.703556
2121.020508	-60.732773
2126.403809	-55.964626
2131.787109	-56.053989
2137.170410	-58.312233
2142.553711	-56.588978
2147.937012	-55.858768
2153.320312	-57.112427
2158.703613	-54.612556
2164.086914	-53.906834
2169.470215	-57.230991
2174.853516	-55.082806
2180.236816	-54.014050
2185.620117	-55.811554
2191.003418	-54.240005
2196.386719	-54.534615
2201.770020	-58.031631
2207.153320	-58.579769
2212.536621	-55.176804
2217.919922	-55.573738
2223.303223	-55.128223
2228.686523	-55.405617
2234.069824	-55.247269
2239.453125	-51.052574
2244.836426	-50.914104
2250.219727	-49.423260
2255.603027	-47.437668
2260.986328	-48.385933
2266.369629	-50.197182
2271.752930	-50.150631
2277.136230	-50.956470
2282.519531	-51.339054
2287.902832	-50.389698
2293.286133	-51.326050
2298.669434	-51.701977
2304.052734	-50.921719
2309.436035	-51.354233
2314.819336	-51.337471
2320.202637	-50.197372
2325.585938	-51.348713
2330.969238	-52.291370
2336.352539	-51.717152
2341.735840	-53.680401
2347.119141	-53.623119
2352.502441	-54.201199
2357.885742	-55.692722
2363.269043	-55.250729
2368.652344	-55.864769
2374.035645	-55.104042
2379.418945	-55.274357
2384.802246	-56.434090
2390.185547	-56.160900
2395.568848	-56.262489
2400.952148	-57.655109
2406.335449	-57.048576
2411.718750	-57.975246
2417.102051	-56.348721
2422.485352	-55.305691
2427.868652	-54.770023
2433.251953	-58.366966
2438.635254	-61.332367
2444.018555	-52.695290
2449.401855	-46.730927
2454.785156	-45.271946
2460.168457	-47.840614
2465.551758	-49.982639
2470.935059	-49.859894
2476.318359	-51.131290
2481.701660	-53.703587
2487.084961	-53.117016
2492.468262	-53.797691
2497.851562	-56.517475
2503.234863	-56.484406
2508.618164	-54.165878
2514.001465	-53.400681
2519.384766	-52.713215
2524.768066	-54.096310
2530.151367	-53.993141
2535.534668	-51.666508
2540.917969	-53.255882
2546.301270	-52.860508
2551.684570	-51.507969
2557.067871	-53.814442
2562.451172	-55.037514
2567.834473	-56.016056
2573.217773	-59.415379
2578.601074	-58.429352
2583.984375	-56.962887
2589.367676	-58.048958
2594.750977	-61.418770
2600.134277	-60.529854
2605.517578	-62.725365
2610.900879	-65.096375
2616.284180	-65.239456
2621.667480	-65.152809
2627.050781	-67.754631
2632.434082	-68.273643
2637.817383	-66.528114
2643.200684	-61.398994
2648.583984	-60.191383
2653.967285	-62.578854
2659.350586	-61.051304
2664.733887	-59.118469
2670.117188	-61.106670
2675.500488	-60.720634
2680.883789	-58.066635
2686.267090	-58.138424
2691.650391	-59.808819
2697.033691	-62.569290
2702.416992	-65.397079
2707.800293	-69.542877
2713.183594	-69.020821
2718.566895	-64.800789
2723.950195	-61.941132
2729.333496	-59.015659
2734.716797	-58.065006
2740.100098	-58.995579
2745.483398	-57.562225
2750.866699	-56.455574
2756.250000	-56.001926
2761.633301	-56.351303
2767.016602	-56.240303
2772.399902	-55.667107
2777.783203	-57.177376
2783.166504	-56.374531
2788.549805	-54.654881
2793.933105	-57.092453
2799.316406	-61.952667
2804.699707	-61.554813
2810.083008	-65.398575
2815.466309	-69.376450
2820.849609	-67.966232
2826.232910	-63.306419
2831.616211	-61.572929
2836.999512	-63.698437
2842.382812	-62.298393
2847.766113	-61.431278
2853.149414	-61.775440
2858.532715	-60.017799
2863.916016	-59.387783
2869.299316	-63.862507
2874.682617	-64.457756
2880.065918	-63.866970
2885.449219	-63.348518
2890.832520	-60.579441
2896.215820	-58.086018
2901.599121	-58.178288
2906.982422	-65.069908
2912.365723	-68.580986
2917.749023	-65.590851
2923.132324	-61.675163
2928.515625	-59.253193
2933.898926	-59.884594
2939.282227	-60.731739
2944.665527	-58.442310
2950.048828	-58.246922
2955.432129	-60.101669
2960.815430	-57.674591
2966.198730	-57.633060
2971.582031	-60.482864
2976.965332	-61.557144
2982.348633	-60.868042
2987.731934	-60.587948
2993.115234	-60.694218
2998.498535	-57.405411
3003.881836	-56.943066
3009.265137	-57.291553
3014.648438	-54.133114
3020.031738	-54.294930
3025.415039	-54.403080
3030.798340	-51.676258
3036.181641	-53.117664
3041.564941	-54.766563
3046.948242	-54.697037
3052.331543	-58.792278
3057.714844	-61.368458
3063.098145	-59.875996
3068.481445	-57.332706
3073.864746	-55.132702
3079.248047	-53.324146
3084.631348	-54.576462
3090.014648	-56.840015
3095.397949	-56.085182
3100.781250	-57.636391
3106.164551	-62.773701
3111.547852	-65.582436
3116.931152	-63.096767
3122.314453	-58.880173
3127.697754	-59.114292
3133.081055	-57.102909
3138.464355	-56.932156
3143.847656	-59.303890
3149.230957	-62.556122
3154.614258	-61.087543
3159.997559	-60.171940
3165.380859	-58.864044
3170.764160	-59.173019
3176.147461	-56.639587
3181.530762	-54.108467
3186.914062	-54.177731
3192.297363	-54.591885
3197.680664	-54.233669
3203.063965	-54.782036
3208.447266	-53.983082
3213.830566	-53.877369
3219.213867	-53.082283
3224.597168	-52.664192
3229.980469	-54.579964
3235.363770	-53.755627
3240.747070	-53.330360
3246.130371	-54.808002
3251.513672	-53.238636
3256.896973	-53.198479
3262.280273	-54.674152
3267.663574	-52.652416
3273.046875	-53.110313
3278.430176	-55.894535
3283.813477	-54.911686
3289.196777	-55.518837
3294.580078	-56.578030
3299.963379	-54.419319
3305.346680	-55.101864
3310.729980	-53.801510
3316.113281	-49.995480
3321.496582	-49.842621
3326.879883	-51.463840
3332.263184	-49.836395
3337.646484	-51.463303
3343.029785	-54.188496
3348.413086	-53.568005
3353.796387	-55.226006
3359.179688	-57.755222
3364.562988	-54.880688
3369.946289	-54.189140
3375.329590	-57.117496
3380.712891	-57.109215
3386.096191	-56.088062
3391.479492	-57.829079
3396.862793	-57.575172
3402.246094	-59.952511
3407.629395	-66.100845
3413.012695	-68.689919
3418.395996	-64.500648
3423.779297	-60.521835
3429.162598	-60.114227
3434.545898	-62.373096
3439.929199	-62.989132
3445.312500	-63.143116
3450.695801	-64.991570
3456.079102	-67.250610
3461.462402	-65.748642
3466.845703	-61.241074
3472.229004	-59.422550
3477.612305	-54.050209
3482.995605	-51.407074
3488.378906	-49.653954
3493.762207	-46.256199
3499.145508	-45.771740
3504.528809	-49.910450
3509.912109	-51.522221
3515.295410	-53.483204
3520.678711	-55.829731
3526.062012	-56.737190
3531.445312	-60.671089
3536.828613	-63.601440
3542.211914	-65.061966
3547.595215	-67.570770
3552.978516	-69.922569
3558.361816	-69.970566
3563.745117	-68.871513
3569.128418	-65.000656
3574.511719	-64.224945
3579.895020	-70.738731
3585.278320	-69.043892
3590.661621	-67.096474
3596.044922	-62.918449
3601.428223	-60.189480
3606.811523	-62.148529
3612.194824	-67.365410
3617.578125	-71.596085
3622.961426	-67.295815
3628.344727	-59.750053
3633.728027	-57.657761
3639.111328	-58.785133
3644.494629	-59.571972
3649.877930	-62.223652
3655.261230	-60.555984
3660.644531	-57.434105
3666.027832	-56.952507
3671.411133	-57.038399
3676.794434	-55.883289
3682.177734	-56.279793
3687.561035	-56.983788
3692.944336	-56.975334
3698.327637	-57.435116
3703.710938	-57.366325
3709.094238	-56.681671
3714.477539	-56.270290
3719.860840	-56.460381
3725.244141	-57.018192
3730.627441	-56.758598
3736.010742	-57.409939
3741.394043	-56.830940
3746.777344	-56.814560
3752.160645	-57.187740
3757.543945	-56.929012
3762.927246	-58.555336
3768.310547	-57.781754
3773.693848	-56.556301
3779.077148	-56.970356
3784.460449	-54.610138
3789.843750	-52.207661
3795.227051	-53.404930
3800.610352	-53.889774
3805.993652	-51.979164
3811.376953	-53.800701
3816.760254	-54.667828
3822.143555	-55.109058
3827.526855	-54.778587
3832.910156	-50.795326
3838.293457	-50.007431
3843.676758	-51.106350
3849.060059	-51.322849
3854.443359	-53.950256
3859.826660	-54.511208
3865.209961	-56.089893
3870.593262	-56.929886
3875.976562	-57.106632
3881.359863	-55.896164
3886.743164	-55.510239
3892.126465	-56.782944
3897.509766	-56.500294
3902.893066	-57.533527
3908.276367	-58.629173
3913.659668	-58.617069
3919.042969	-58.004097
3924.426270	-58.233139
3929.809570	-56.411240
3935.192871	-53.980667
3940.576172	-54.506306
3945.959473	-56.285244
3951.342773	-55.909985
3956.726074	-55.900974
3962.109375	-56.929764
3967.492676	-56.921314
3972.875977	-57.788013
3978.259277	-59.219685
3983.642578	-62.139153
3989.025879	-70.197395
3994.409180	-67.786926
3999.792480	-66.481155
4005.175781	-64.105179
4010.559082	-62.570557
4015.942383	-62.838215
4021.325684	-61.373116
4026.708984	-61.027588
4032.092285	-62.959255
4037.475586	-65.186935
4042.858887	-69.431435
4048.242188	-72.542625
4053.625488	-65.985664
4059.008789	-62.597214
4064.392090	-62.029171
4069.775391	-61.475391
4075.158691	-58.426601
4080.541992	-58.675686
4085.925293	-60.061543
4091.308594	-58.542908
4096.691895	-59.476055
4102.075195	-59.106121
4107.458496	-55.751858
4112.841797	-56.017105
4118.225098	-56.289505
4123.608398	-55.422035
4128.991699	-57.615757
4134.375000	-56.123375
4139.758301	-55.280914
4145.141602	-55.385719
4150.524902	-52.959614
4155.908203	-52.132076
4161.291504	-52.987698
4166.674805	-56.029613
4172.058105	-56.703255
4177.441406	-57.814175
4182.824707	-60.063316
4188.208008	-59.479889
4193.591309	-63.334846
4198.974609	-69.922531
4204.357910	-66.492538
4209.741211	-64.839485
4215.124512	-64.793549
4220.507812	-62.185875
4225.891113	-60.633701
4231.274414	-59.656685
4236.657715	-57.943066
4242.041016	-55.861980
4247.424316	-55.393051
4252.807617	-56.675327
4258.190918	-54.579979
4263.574219	-52.424366
4268.957520	-53.231148
4274.340820	-52.496189
4279.724121	-52.777550
4285.107422	-55.236351
4290.490723	-53.636715
4295.874023	-53.900295
4301.257324	-55.614330
4306.640625	-53.890450
4312.023926	-53.711765
4317.407227	-56.323528
4322.790527	-55.758533
4328.173828	-56.124725
4333.557129	-60.232719
4338.940430	-61.810085
4344.323730	-62.643360
4349.707031	-61.176411
4355.090332	-61.316990
4360.473633	-60.542046
4365.856934	-60.298870
4371.240234	-60.355854
4376.623535	-57.158546
4382.006836	-57.645004
4387.390137	-58.527225
4392.773438	-56.958923
4398.156738	-57.683899
4403.540039	-60.022038
4408.923340	-61.529953
4414.306641	-61.801140
4419.689941	-60.534161
4425.073242	-59.680492
4430.456543	-57.826706
4435.839844	-59.030258
4441.223145	-59.666332
4446.606445	-56.731655
4451.989746	-57.081444
4457.373047	-56.042732
4462.756348	-54.462677
4468.139648	-55.282562
4473.522949	-53.049599
4478.906250	-53.081871
4484.289551	-55.902092
4489.672852	-55.577888
4495.056152	-55.606682
4500.439453	-52.339996
4505.822754	-50.559303
4511.206055	-53.981758
4516.589355	-56.322289
4521.972656	-55.338421
4527.355957	-56.552433
4532.739258	-56.924660
4538.122559	-54.674889
4543.505859	-56.324059
4548.889160	-57.284508
4554.272461	-56.323505
4559.655762	-58.530247
4565.039062	-62.384777
4570.422363	-64.344070
4575.805664	-63.758869
4581.188965	-64.551208
4586.572266	-64.509033
4591.955566	-65.668854
4597.338867	-61.722324
4602.722168	-59.599586
4608.105469	-59.555180
4613.488770	-58.348701
4618.872070	-58.937645
4624.255371	-56.290936
4629.638672	-55.061588
4635.021973	-57.751377
4640.405273	-61.622421
4645.788574	-61.876926
4651.171875	-61.768650
4656.555176	-61.256088
4661.938477	-62.417130
4667.321777	-57.878391
4672.705078	-54.571079
4678.088379	-53.090069
4683.471680	-53.082157
4688.854980	-54.065762
4694.238281	-57.945007
4699.621582	-63.894073
4705.004883	-58.929577
4710.388184	-54.425861
4715.771484	-51.325470
4721.154785	-48.284000
4726.538086	-46.608002
4731.921387	-46.220917
4737.304688	-46.557335
4742.687988	-47.118019
4748.071289	-48.550144
4753.454590	-50.641678
4758.837891	-53.607086
4764.221191	-56.717831
4769.604492	-58.884293
4774.987793	-59.409664
4780.371094	-60.195496
4785.754395	-57.166172
4791.137695	-52.653355
4796.520996	-51.065052
4801.904297	-51.347683
4807.287598	-52.708294
4812.670898	-52.233696
4818.054199	-53.755562
4823.437500	-52.903114
4828.820801	-52.075581
4834.204102	-53.839779
4839.587402	-52.082378
4844.970703	-53.274857
4850.354004	-55.424229
4855.737305	-54.226540
4861.120605	-55.679512
4866.503906	-60.190247
4871.887207	-61.227413
4877.270508	-59.648373
4882.653809	-59.400272
4888.037109	-57.898094
4893.420410	-55.035133
4898.803711	-52.532593
4904.187012	-52.888733
4909.570312	-54.245663
4914.953613	-52.615387
4920.336914	-53.095798
4925.720215	-52.930210
4931.103516	-51.843716
4936.486816	-53.033371
4941.870117	-54.042641
4947.253418	-54.726368
4952.636719	-57.028065
4958.020020	-59.612801
4963.403320	-61.119709
4968.786621	-59.677883
4974.169922	-56.791588
4979.553223	-56.144100
4984.936523	-56.018753
4990.319824	-56.110039
4995.703125	-57.336601
5001.086426	-57.884987
5006.469727	-58.845142
5011.853027	-60.989784
5017.236328	-61.204594
5022.619629	-60.600140
5028.002930	-63.945122
5033.386230	-66.403587
5038.769531	-66.232147
5044.152832	-63.797195
5049.536133	-63.890778
5054.919434	-64.377037
5060.302734	-62.572960
5065.686035	-61.838272
5071.069336	-61.217598
5076.452637	-60.463264
5081.835938	-56.876045
5087.219238	-55.708302
5092.602539	-56.487736
5097.985840	-56.070869
5103.369141	-55.162601
5108.752441	-56.953632
5114.135742	-59.286396
5119.519043	-61.575897
5124.902344	-63.463104
5130.285645	-62.786495
5135.668945	-63.519485
5141.052246	-62.854103
5146.435547	-63.168404
5151.818848	-63.226124
5157.202148	-61.774982
5162.585449	-63.760498
5167.968750	-64.896370
5173.352051	-64.190804
5178.735352	-60.468632
5184.118652	-59.323181
5189.501953	-58.230236
5194.885254	-57.118046
5200.268555	-55.066120
5205.651855	-52.830387
5211.035156	-53.284534
5216.418457	-54.043076
5221.801758	-53.097595
5227.185059	-55.352135
5232.568359	-55.549236
5237.951660	-55.913700
5243.334961	-57.753998
5248.718262	-56.342793
5254.101562	-54.986095
5259.484863	-56.053459
5264.868164	-54.339100
5270.251465	-53.263760
5275.634766	-55.022739
5281.018066	-54.160522
5286.401367	-53.592854
5291.784668	-54.103245
5297.167969	-52.090332
5302.551270	-51.760418
5307.934570	-53.624306
5313.317871	-53.149334
5318.701172	-52.990105
5324.084473	-54.959232
5329.467773	-54.308559
5334.851074	-54.577839
5340.234375	-56.496471
5345.617676	-57.285278
5351.000977	-57.686829
5356.384277	-59.892994
5361.767578	-60.423046
5367.150879	-61.808521
5372.534180	-65.029427
5377.917480	-62.365063
5383.300781	-60.296238
5388.684082	-61.546719
5394.067383	-59.700672
5399.450684	-58.105732
5404.833984	-59.604275
5410.217285	-57.844273
5415.600586	-56.570107
5420.983887	-58.356285
5426.367188	-56.723804
5431.750488	-55.163689
5437.133789	-57.497097
5442.517090	-57.450974
5447.900391	-55.701889
5453.283691	-56.855152
5458.666992	-60.017242
5464.050293	-58.129597
5469.433594	-57.280842
5474.816895	-60.127956
5480.200195	-61.761166
5485.583496	-59.500858
5490.966797	-59.671173
5496.350098	-59.313553
5501.733398	-58.050323
5507.116699	-59.594627
5512.500000	-57.720272
5517.883301	-54.938171
5523.266602	-55.922607
5528.649902	-55.595039
5534.033203	-53.607407
5539.416504	-52.737328
5544.799805	-52.264309
5550.183105	-51.495422
5555.566406	-51.787125
5560.949707	-52.398548
5566.333008	-53.029716
5571.716309	-54.998341
5577.099609	-59.146748
5582.482910	-63.289024
5587.866211	-67.731026
5593.249512	-67.380806
5598.632812	-63.235836
5604.016113	-58.982212
5609.399414	-57.823109
5614.782715	-56.222126
5620.166016	-54.712833
5625.549316	-55.191719
5630.932617	-55.191208
5636.315918	-54.261776
5641.699219	-54.573513
5647.082520	-54.491997
5652.465820	-54.123680
5657.849121	-55.366882
5663.232422	-55.621311
5668.615723	-55.527573
5673.999023	-56.723392
5679.382324	-55.462543
5684.765625	-55.982601
5690.148926	-58.148724
5695.532227	-58.104149
5700.915527	-60.287472
5706.298828	-61.023659
5711.682129	-59.601196
5717.065430	-59.771603
5722.448730	-57.889549
5727.832031	-57.180870
5733.215332	-60.166306
5738.598633	-62.798855
5743.981934	-68.129158
5749.365234	-63.818550
5754.748535	-59.223431
5760.131836	-58.263710
5765.515137	-58.088032
5770.898438	-57.996170
5776.281738	-58.785225
5781.665039	-57.483131
5787.048340	-58.504669
5792.431641	-58.628399
5797.814941	-57.149376
5803.198242	-59.176647
5808.581543	-60.708145
5813.964844	-59.746521
5819.348145	-60.037518
5824.731445	-59.888180
5830.114746	-57.933495
5835.498047	-57.011456
5840.881348	-55.791542
5846.264648	-54.501480
5851.647949	-54.413963
5857.031250	-53.823929
5862.414551	-52.658524
5867.797852	-53.178333
5873.181152	-53.421078
5878.564453	-53.326942
5883.947754	-54.057961
5889.331055	-52.436394
5894.714355	-52.239346
5900.097656	-53.473278
5905.480957	-53.645851
5910.864258	-53.698509
5916.247559	-54.338074
5921.630859	-56.191235
5927.014160	-57.102962
5932.397461	-57.829689
5937.780762	-60.827175
5943.164062	-62.835777
5948.547363	-62.380054
5953.930664	-64.874031
5959.313965	-67.170593
5964.697266	-65.114792
5970.080566	-65.761070
5975.463867	-68.940407
5980.847168	-73.754822
5986.230469	-72.562225
5991.613770	-68.945831
5996.997070	-68.524559
6002.380371	-66.244011
6007.763672	-64.519066
6013.146973	-64.958191
6018.530273	-65.351677
6023.913574	-64.592041
6029.296875	-64.070427
6034.680176	-64.509026
6040.063477	-67.036110
6045.446777	-67.480804
6050.830078	-66.930168
6056.213379	-66.925903
6061.596680	-66.030678
6066.979980	-66.910667
6072.363281	-69.297447
6077.746582	-67.247871
6083.129883	-62.444260
6088.513184	-60.812565
6093.896484	-59.927193
6099.279785	-58.324219
6104.663086	-57.907547
6110.046387	-57.608532
6115.429688	-56.099613
6120.812988	-55.570385
6126.196289	-54.989418
6131.579590	-54.410465
6136.962891	-54.588890
6142.346191	-54.234600
6147.729492	-53.544689
6153.112793	-53.487217
6158.496094	-53.564346
6163.879395	-52.958389
6169.262695	-53.348289
6174.645996	-53.667080
6180.029297	-52.491772
6185.412598	-53.700661
6190.795898	-56.515915
6196.179199	-57.643566
6201.562500	-61.162487
6206.945801	-62.602383
6212.329102	-63.152336
6217.712402	-62.230968
6223.095703	-61.324554
6228.479004	-62.185291
6233.862305	-62.486084
6239.245605	-63.630653
6244.628906	-63.879482
6250.012207	-63.402214
6255.395508	-63.766472
6260.778809	-65.621101
6266.162109	-66.729050
6271.545410	-67.295906
6276.928711	-69.297752
6282.312012	-70.228935
6287.695312	-67.735001
6293.078613	-64.064468
6298.461914	-61.655865
6303.845215	-61.456013
6309.228516	-62.413467
6314.611816	-63.295986
6319.995117	-63.652611
6325.378418	-65.775368
6330.761719	-69.433762
6336.145020	-71.425125
6341.528320	-73.458153
6346.911621	-70.942368
6352.294922	-69.442192
6357.678223	-66.915375
6363.061523	-64.751884
6368.444824	-65.050659
6373.828125	-64.842049
6379.211426	-65.175987
6384.594727	-66.419205
6389.978027	-65.883965
6395.361328	-65.836876
6400.744629	-67.679176
6406.127930	-67.963562
6411.511230	-68.815552
6416.894531	-67.854416
6422.277832	-65.088364
6427.661133	-65.024216
6433.044434	-65.088760
6438.427734	-64.511009
6443.811035	-64.448418
6449.194336	-63.764053
6454.577637	-62.554733
6459.960938	-62.746056
6465.344238	-62.272583
6470.727539	-61.722103
6476.110840	-61.932632
6481.494141	-61.229885
6486.877441	-60.708374
6492.260742	-59.921616
6497.644043	-58.776970
6503.027344	-57.726322
6508.410645	-57.108307
6513.793945	-57.215420
6519.177246	-57.263313
6524.560547	-57.200245
6529.943848	-57.761639
6535.327148	-57.956001
6540.710449	-58.640381
6546.093750	-59.583794
6551.477051	-59.898006
6556.860352	-61.152149
6562.243652	-62.842731
6567.626953	-63.752987
6573.010254	-65.155121
6578.393555	-65.175026
6583.776855	-64.328125
6589.160156	-65.242882
6594.543457	-64.445877
6599.926758	-62.944485
6605.310059	-63.050915
6610.693359	-62.722607
6616.076660	-62.555885
6621.459961	-63.027504
6626.843262	-62.778610
6632.226562	-61.767899
6637.609863	-61.339256
6642.993164	-61.185341
6648.376465	-60.287632
6653.759766	-60.163216
6659.143066	-59.867496
6664.526367	-59.282997
6669.909668	-59.386211
6675.292969	-59.236759
6680.676270	-59.061604
6686.059570	-58.711216
6691.442871	-57.574982
6696.826172	-56.721989
6702.209473	-55.942551
6707.592773	-55.563507
6712.976074	-55.476261
6718.359375	-55.661751
6723.742676	-56.445126
6729.125977	-57.211197
6734.509277	-58.398037
6739.892578	-59.957226
6745.275879	-60.067642
6750.659180	-60.227875
6756.042480	-60.836071
6761.425781	-60.988880
6766.809082	-62.293915
6772.192383	-63.993561
6777.575684	-63.702885
6782.958984	-64.324348
6788.342285	-64.898590
6793.725586	-64.245270
6799.108887	-65.061096
6804.492188	-64.454147
6809.875488	-63.599407
6815.258789	-63.277199
6820.642090	-62.318153
6826.025391	-62.226139
6831.408691	-62.527813
6836.791992	-63.370182
6842.175293	-64.179459
6847.558594	-64.657379
6852.941895	-66.032509
6858.325195	-66.740623
6863.708496	-67.455589
6869.091797	-69.005814
6874.475098	-70.572151
6879.858398	-74.179497
6885.241699	-76.721069
6890.625000	-72.747383
6896.008301	-69.657028
6901.391602	-67.407600
6906.774902	-66.650436
6912.158203	-65.988106
6917.541504	-64.774963
6922.924805	-63.776859
6928.308105	-63.443760
6933.691406	-63.434471
6939.074707	-63.698975
6944.458008	-64.019234
6949.841309	-64.314751
6955.224609	-65.377831
6960.607910	-65.854698
6965.991211	-67.089539
6971.374512	-68.135818
6976.757812	-67.423889
6982.141113	-67.385452
6987.524414	-66.978806
6992.907715	-65.876328
6998.291016	-65.799080
7003.674316	-66.805847
7009.057617	-67.599045
7014.440918	-67.706085
7019.824219	-67.996033
7025.207520	-67.776604
7030.590820	-66.848717
7035.974121	-66.682587
7041.357422	-66.568497
7046.740723	-65.626556
7052.124023	-65.481033
7057.507324	-65.804878
7062.890625	-65.668625
7068.273926	-66.258385
7073.657227	-66.929459
7079.040527	-67.380348
7084.423828	-68.284752
7089.807129	-68.995796
7095.190430	-68.647453
7100.573730	-69.778580
7105.957031	-70.694496
7111.340332	-70.215141
7116.723633	-72.113091
7122.106934	-72.690628
7127.490234	-72.534828
7132.873535	-74.458138
7138.256836	-74.672417
7143.640137	-75.754128
7149.023438	-77.691795
7154.406738	-76.441467
7159.790039	-75.015671
7165.173340	-74.098961
7170.556641	-71.600967
7175.939941	-70.476143
7181.323242	-70.234352
7186.706543	-70.417450
7192.089844	-70.715240
7197.473145	-71.777748
7202.856445	-72.881935
7208.239746	-74.802887
7213.623047	-78.740486
7219.006348	-80.867424
7224.389648	-80.670433
7229.772949	-78.828079
7235.156250	-77.734703
7240.539551	-77.519699
7245.922852	-76.898293
7251.306152	-76.266762
7256.689453	-74.673515
7262.072754	-73.844582
7267.456055	-72.799515
7272.839355	-71.057800
7278.222656	-70.213860
7283.605957	-69.578667
7288.989258	-68.978432
7294.372559	-69.355965
7299.755859	-69.595978
7305.139160	-70.018768
7310.522461	-71.159744
7315.905762	-72.316803
7321.289062	-73.247498
7326.672363	-75.782219
7332.055664	-78.480324
7337.438965	-79.570732
7342.822266	-81.219650
7348.205566	-82.962563
7353.588867	-80.315811
7358.972168	-77.340103
7364.355469	-76.103394
7369.738770	-74.834106
7375.122070	-72.876602
7380.505371	-71.384758
7385.888672	-71.761696
7391.271973	-72.216728
7396.655273	-72.544525
7402.038574	-74.853073
7407.421875	-76.742592
7412.805176	-77.171234
7418.188477	-79.516449
7423.571777	-80.071594
7428.955078	-78.735168
7434.338379	-78.440117
7439.721680	-76.315872
7445.104980	-75.601158
7450.488281	-74.779716
7455.871582	-72.618965
7461.254883	-72.124214
7466.638184	-72.521370
7472.021484	-71.396660
7477.404785	-71.222946
7482.788086	-69.990021
7488.171387	-67.520378
7493.554688	-67.607033
7498.937988	-67.802826
7504.321289	-67.368736
7509.704590	-68.089050
7515.087891	-68.063004
7520.471191	-68.033783
7525.854492	-69.081032
7531.237793	-69.665512
7536.621094	-70.286835
7542.004395	-72.067055
7547.387695	-72.667603
7552.770996	-72.630280
7558.154297	-73.016571
7563.537598	-72.184616
7568.920898	-71.306801
7574.304199	-71.579605
7579.687500	-70.571365
7585.070801	-69.824394
7590.454102	-70.148903
7595.837402	-69.226997
7601.220703	-68.747673
7606.604004	-68.352798
7611.987305	-67.514030
7617.370605	-67.304001
7622.753906	-67.326660
7628.137207	-66.701874
7633.520508	-66.495003
7638.903809	-67.015175
7644.287109	-67.051498
7649.670410	-67.226173
7655.053711	-67.613670
7660.437012	-67.281090
7665.820312	-67.301582
7671.203613	-68.101692
7676.586914	-68.952774
7681.970215	-69.837761
7687.353516	-71.085503
7692.736816	-72.012238
7698.120117	-73.751198
7703.503418	-75.863983
7708.886719	-78.887779
7714.270020	-86.975861
7719.653320	-92.366562
7725.036621	-81.497910
7730.419922	-77.663422
7735.803223	-76.015900
7741.186523	-74.444252
7746.569824	-72.900856
7751.953125	-71.413673
7757.336426	-70.476837
7762.719727	-69.840302
7768.103027	-69.619469
7773.486328	-69.367989
7778.869629	-69.302788
7784.252930	-69.422493
7789.636230	-69.481239
7795.019531	-70.030365
7800.402832	-70.564781
7805.786133	-71.241707
7811.169434	-72.071098
7816.552734	-73.225189
7821.936035	-73.980469
7827.319336	-74.443024
7832.702637	-74.883545
7838.085938	-74.649361
7843.469238	-74.809875
7848.852539	-74.697426
7854.235840	-74.088333
7859.619141	-74.452255
7865.002441	-75.470306
7870.385742	-74.350296
7875.769043	-74.344101
7881.152344	-73.271622
7886.535645	-71.883202
7891.918945	-72.047050
7897.302246	-71.039223
7902.685547	-70.324303
7908.068848	-70.674065
7913.452148	-70.528526
7918.835449	-70.829903
7924.218750	-72.255989
7929.602051	-72.646790
7934.985352	-72.629822
7940.368652	-74.336945
7945.751953	-76.633881
7951.135254	-78.618729
7956.518555	-81.642540
7961.901855	-84.588730
7967.285156	-81.952171
7972.668457	-79.057228
7978.051758	-78.973633
7983.435059	-77.680534
7988.818359	-76.301178
7994.201660	-77.251656
7999.584961	-77.591187
8004.968262	-77.663025
8010.351562	-78.389862
8015.734863	-79.077385
8021.118164	-77.696388
8026.501465	-76.374123
8031.884766	-75.564819
8037.268066	-74.641014
8042.651367	-73.710915
8048.034668	-72.425003
8053.417969	-71.275452
8058.801270	-70.693665
8064.184570	-70.261543
8069.567871	-69.816643
8074.951172	-69.411552
8080.334473	-68.872742
8085.717773	-68.846046
8091.101074	-69.083183
8096.484375	-69.159592
8101.867676	-69.367233
8107.250977	-69.454918
8112.634277	-69.530144
8118.017578	-69.556068
8123.400879	-69.755249
8128.784180	-69.634171
8134.167480	-69.732956
8139.550781	-70.177605
8144.934082	-70.349564
8150.317383	-70.280495
8155.700684	-70.170547
8161.083984	-70.283157
8166.467285	-69.797302
8171.850586	-69.307678
8177.233887	-68.429512
8182.617188	-67.596786
8188.000488	-66.947968
8193.383789	-66.179626
8198.767090	-65.304146
8204.150391	-64.776718
8209.533691	-64.727715
8214.916992	-64.916473
8220.300293	-65.266396
8225.683594	-65.607437
8231.066895	-65.813751
8236.450195	-66.128601
8241.833496	-66.427361
8247.216797	-66.524757
8252.600098	-66.743858
8257.983398	-66.648582
8263.366699	-66.569084
8268.750000	-67.034752
8274.133301	-67.183830
8279.516602	-67.523537
8284.899902	-68.069504
8290.283203	-68.437935
8295.666504	-68.869156
8301.049805	-69.673965
8306.433105	-70.418518
8311.816406	-71.335518
8317.199707	-72.617722
8322.583008	-73.008324
8327.966309	-73.529640
8333.349609	-73.612114
8338.732910	-73.603149
8344.116211	-74.108688
8349.499512	-74.528625
8354.882812	-74.399986
8360.266113	-74.981277
8365.649414	-75.690361
8371.032715	-75.571167
8376.416016	-76.157455
8381.799316	-76.643150
8387.182617	-77.095955
8392.565918	-77.420815
8397.949219	-77.617912
8403.332520	-77.512360
8408.715820	-78.059769
8414.099121	-77.897232
8419.482422	-77.393883
8424.865723	-76.812599
8430.249023	-75.840736
8435.632324	-75.394684
8441.015625	-74.608330
8446.398926	-73.759438
8451.782227	-73.139442
8457.165527	-72.766762
8462.548828	-71.857620
8467.932129	-71.315239
8473.315430	-71.241852
8478.698730	-70.935951
8484.082031	-71.068230
8489.465332	-71.729279
8494.848633	-72.256409
8500.231934	-72.721222
8505.615234	-73.644279
8510.998535	-73.850258
8516.381836	-74.041122
8521.765137	-74.592461
8527.148438	-74.430283
8532.531738	-74.828430
8537.915039	-75.994003
8543.298340	-76.841049
8548.681641	-77.618126
8554.064941	-79.585655
8559.448242	-80.439133
8564.831543	-80.702126
8570.214844	-81.004005
8575.598145	-80.199806
8580.981445	-79.714134
8586.364746	-79.169518
8591.748047	-78.652229
8597.131348	-77.565918
8602.514648	-76.800720
8607.897949	-75.772148
8613.281250	-75.073959
8618.664551	-74.882568
8624.047852	-74.428497
8629.431152	-73.992630
8634.814453	-73.876007
8640.197754	-73.514793
8645.581055	-72.760788
8650.964355	-72.712868
8656.347656	-72.693802
8661.730957	-72.218895
8667.114258	-72.590416
8672.497559	-72.603073
8677.880859	-72.708183
8683.264160	-73.189728
8688.647461	-73.540886
8694.030762	-73.824112
8699.414062	-74.046715
8704.797363	-74.753502
8710.180664	-74.864861
8715.563965	-75.079071
8720.947266	-75.963539
8726.330566	-76.238937
8731.713867	-76.377892
8737.097168	-77.319038
8742.480469	-77.857735
8747.863770	-77.718681
8753.247070	-78.618767
8758.630371	-78.502205
8764.013672	-78.464287
8769.396973	-79.100983
8774.780273	-78.619774
8780.163574	-78.041893
8785.546875	-77.511749
8790.930176	-76.914314
8796.313477	-76.608017
8801.696777	-76.719719
8807.080078	-76.341019
8812.463379	-76.303459
8817.846680	-76.436340
8823.229980	-76.464066
8828.613281	-76.356667
8833.996582	-76.037636
8839.379883	-76.116028
8844.763184	-76.031021
8850.146484	-75.965332
8855.529785	-75.837257
8860.913086	-75.687469
8866.296387	-75.536842
8871.679688	-75.529785
8877.062988	-75.689484
8882.446289	-75.493835
8887.829590	-75.707352
8893.212891	-75.799332
8898.596191	-75.811630
8903.979492	-76.246117
8909.362793	-76.566246
8914.746094	-76.980103
8920.129395	-77.115952
8925.512695	-77.643646
8930.895996	-77.508698
8936.279297	-77.321709
8941.662598	-77.762695
8947.045898	-77.808968
8952.429199	-78.025360
8957.812500	-77.816963
8963.195801	-77.090607
8968.579102	-76.441727
8973.962402	-76.127647
8979.345703	-75.341232
8984.729004	-75.306801
8990.112305	-75.013725
8995.495605	-74.360130
9000.878906	-74.343605
9006.262207	-73.640594
9011.645508	-73.227036
9017.028809	-73.198326
9022.412109	-72.622154
9027.795410	-72.163643
9033.178711	-72.093735
9038.562012	-71.669548
9043.945312	-71.602402
9049.328613	-71.706985
9054.711914	-71.768951
9060.095215	-72.160561
9065.478516	-72.194786
9070.861816	-72.455772
9076.245117	-72.408890
9081.628418	-72.515747
9087.011719	-72.679665
9092.395020	-72.486748
9097.778320	-72.146660
9103.161621	-71.823326
9108.544922	-71.350616
9113.928223	-70.754333
9119.311523	-70.363464
9124.694824	-69.751854
9130.078125	-69.407104
9135.461426	-69.121056
9140.844727	-68.926895
9146.228027	-68.968231
9151.611328	-69.066772
9156.994629	-69.209961
9162.377930	-69.429916
9167.761230	-69.823471
9173.144531	-70.160789
9178.527832	-70.962532
9183.911133	-71.866104
9189.294434	-72.784065
9194.677734	-74.014427
9200.061035	-75.109756
9205.444336	-76.033409
9210.827637	-76.679115
9216.210938	-76.930061
9221.594238	-76.434830
9226.977539	-76.089180
9232.360840	-75.081871
9237.744141	-74.317917
9243.127441	-73.459045
9248.510742	-72.901733
9253.894043	-72.514252
9259.277344	-72.136261
9264.660645	-72.160370
9270.043945	-72.210175
9275.427246	-72.192924
9280.810547	-72.251518
9286.193848	-72.369255
9291.577148	-72.446304
9296.960449	-72.756035
9302.343750	-73.103783
9307.727051	-73.479118
9313.110352	-73.739784
9318.493652	-73.814468
9323.876953	-74.044083
9329.260254	-73.870064
9334.643555	-73.783272
9340.026855	-73.584351
9345.410156	-73.423706
9350.793457	-73.193382
9356.176758	-72.940735
9361.560059	-72.479805
9366.943359	-72.130501
9372.326660	-71.869278
9377.709961	-71.386665
9383.093262	-71.253426
9388.476562	-70.964348
9393.859863	-70.767723
9399.243164	-70.681625
9404.626465	-70.742287
9410.009766	-70.823669
9415.393066	-71.039040
9420.776367	-71.266373
9426.159668	-71.301186
9431.542969	-71.745758
9436.926270	-72.017143
9442.309570	-72.422394
9447.692871	-72.857895
9453.076172	-73.089340
9458.459473	-73.634987
9463.842773	-74.502617
9469.226074	-74.953346
9474.609375	-75.050522
9479.992676	-75.467804
9485.375977	-75.576347
9490.759277	-76.395340
9496.142578	-78.089592
9501.525879	-79.637222
9506.909180	-82.071350
9512.292480	-85.473907
9517.675781	-89.010651
9523.059082	-90.428749
9528.442383	-92.365479
9533.825684	-94.510902
9539.208984	-94.529167
9544.592285	-94.114288
9549.975586	-92.775291
9555.358887	-89.827972
9560.742188	-88.111275
9566.125488	-87.466927
9571.508789	-87.427788
9576.892090	-86.226562
9582.275391	-86.208923
9587.658691	-84.628807
9593.041992	-83.664627
9598.425293	-82.941658
9603.808594	-81.992470
9609.191895	-81.008179
9614.575195	-79.743332
9619.958496	-78.874146
9625.341797	-78.157791
9630.725098	-77.929733
9636.108398	-77.582108
9641.491699	-77.747971
9646.875000	-77.966743
9652.258301	-78.488747
9657.641602	-79.182732
9663.024902	-79.632248
9668.408203	-80.743385
9673.791504	-81.784554
9679.174805	-83.670647
9684.558105	-85.782440
9689.941406	-87.108154
9695.324707	-89.566490
9700.708008	-91.827934
9706.091309	-90.122368
9711.474609	-87.412819
9716.857910	-85.248077
9722.241211	-84.366570
9727.624512	-84.191589
9733.007812	-83.528801
9738.391113	-83.212509
9743.774414	-82.814827
9749.157715	-83.584267
9754.541016	-84.011192
9759.924316	-85.359024
9765.307617	-86.674141
9770.690918	-87.147148
9776.074219	-87.443977
9781.457520	-86.187737
9786.840820	-84.712578
9792.224121	-82.909515
9797.607422	-81.509460
9802.990723	-79.842720
9808.374023	-78.708885
9813.757324	-77.598930
9819.140625	-76.889343
9824.523926	-76.360611
9829.907227	-76.024582
9835.290527	-75.501404
9840.673828	-75.136383
9846.057129	-75.179520
9851.440430	-75.048561
9856.823730	-75.191986
9862.207031	-75.569138
9867.590332	-75.951775
9872.973633	-76.357979
9878.356934	-77.210358
9883.740234	-78.152321
9889.123535	-78.968575
9894.506836	-80.878006
9899.890137	-82.308693
9905.273438	-84.062057
9910.656738	-86.991287
9916.040039	-89.548187
9921.423340	-92.403625
9926.806641	-93.312653
9932.189941	-90.667969
9937.573242	-88.299896
9942.956543	-86.395485
9948.339844	-85.345398
9953.723145	-84.596603
9959.106445	-84.189438
9964.489746	-84.395096
9969.873047	-84.385460
9975.256348	-84.767525
9980.639648	-84.805336
9986.022949	-85.676537
9991.406250	-85.416794
9996.789551	-84.880859
10002.172852	-85.584244
10007.556152	-85.375748
10012.939453	-85.265465
10018.322754	-85.944862
10023.706055	-86.505348
10029.089355	-86.512436
10034.472656	-88.691505
10039.855957	-90.247849
10045.239258	-91.858643
10050.622559	-93.799805
10056.005859	-93.284134
10061.389160	-92.736488
10066.772461	-90.788925
10072.155762	-88.506660
10077.539062	-86.891617
10082.922363	-85.312370
10088.305664	-83.557045
10093.688965	-82.810997
10099.072266	-81.561577
10104.455566	-80.831406
10109.838867	-80.534874
10115.222168	-80.439987
10120.605469	-79.817612
10125.988770	-79.514938
10131.372070	-79.666595
10136.755371	-79.474350
10142.138672	-79.795906
10147.521973	-80.310211
10152.905273	-81.071129
10158.288574	-81.921783
10163.671875	-83.259491
10169.055176	-84.369652
10174.438477	-85.701782
10179.821777	-87.119316
10185.205078	-86.853439
10190.588379	-86.309692
10195.971680	-84.072266
10201.354980	-82.664368
10206.738281	-81.498749
10212.121582	-80.832520
10217.504883	-80.064293
10222.888184	-79.632553
10228.271484	-79.286652
10233.654785	-79.090485
10239.038086	-79.278358
10244.421387	-79.607674
10249.804688	-80.122955
10255.187988	-80.638527
10260.571289	-81.866638
10265.954590	-82.891701
10271.337891	-84.373611
10276.721191	-86.946404
10282.104492	-89.077461
10287.487793	-94.100662
10292.871094	-100.162941
10298.254395	-94.107956
10303.637695	-89.209709
10309.020996	-85.812912
10314.404297	-83.512703
10319.787598	-82.199409
10325.170898	-80.689674
10330.554199	-80.008209
10335.937500	-79.457558
10341.320801	-78.979141
10346.704102	-78.718857
10352.087402	-78.865906
10357.470703	-79.359474
10362.854004	-79.684044
10368.237305	-80.768402
10373.620605	-81.810097
10379.003906	-83.378265
10384.387207	-85.503830
10389.770508	-87.959183
10395.153809	-92.606483
10400.537109	-100.505234
10405.920410	-95.773926
10411.303711	-91.159401
10416.687012	-87.556351
10422.070312	-84.945854
10427.453613	-83.396706
10432.836914	-81.630478
10438.220215	-80.606606
10443.603516	-79.606224
10448.986816	-79.284409
10454.370117	-78.866051
10459.753418	-78.613632
10465.136719	-78.844704
10470.520020	-78.849815
10475.903320	-79.025902
10481.286621	-79.441505
10486.669922	-80.080429
10492.053223	-80.667999
10497.436523	-81.726089
10502.819824	-82.584183
10508.203125	-83.098038
10513.586426	-83.962708
10518.969727	-83.603127
10524.353027	-83.459892
10529.736328	-82.633057
10535.119629	-82.095718
10540.502930	-81.374603
10545.886230	-81.115623
10551.269531	-80.547363
10556.652832	-80.040253
10562.036133	-79.843216
10567.419434	-79.547737
10572.802734	-79.450401
10578.186035	-78.934258
10583.569336	-78.592964
10588.952637	-78.282730
10594.335938	-78.166435
10599.719238	-78.134666
10605.102539	-77.963318
10610.485840	-77.807724
10615.869141	-77.578613
10621.252441	-77.450867
10626.635742	-77.042595
10632.019043	-76.936943
10637.402344	-76.605339
10642.785645	-76.326996
10648.168945	-76.348381
10653.552246	-76.240280
10658.935547	-76.118233
10664.318848	-75.753807
10669.702148	-75.624489
10675.085449	-75.243340
10680.468750	-75.114082
10685.852051	-75.015938
10691.235352	-74.644188
10696.618652	-74.629799
10702.001953	-74.603767
10707.385254	-74.466507
10712.768555	-74.350243
10718.151855	-74.353668
10723.535156	-74.204445
10728.918457	-74.461861
10734.301758	-74.810585
10739.685059	-74.897606
10745.068359	-75.297188
10750.451660	-75.470695
10755.834961	-75.626732
10761.218262	-75.855675
10766.601562	-76.147331
10771.984863	-76.199127
10777.368164	-76.391159
10782.751465	-76.650421
10788.134766	-76.744919
10793.518066	-77.194695
10798.901367	-77.444908
10804.284668	-77.720833
10809.667969	-78.075027
10815.051270	-78.593063
10820.434570	-78.705948
10825.817871	-79.209557
10831.201172	-79.608551
10836.584473	-79.654579
10841.967773	-80.239220
10847.351074	-80.594864
10852.734375	-80.869797
10858.117676	-80.965950
10863.500977	-80.830605
10868.884277	-80.219269
10874.267578	-79.618568
10879.650879	-78.384682
10885.034180	-77.558136
10890.417480	-76.748444
10895.800781	-75.945175
10901.184082	-75.307320
10906.567383	-74.771011
10911.950684	-74.339394
10917.333984	-73.928146
10922.717285	-73.841171
10928.100586	-73.586678
10933.483887	-73.641342
10938.867188	-73.801315
10944.250488	-73.995659
10949.633789	-74.303856
10955.017090	-74.625740
10960.400391	-75.095734
10965.783691	-75.518372
10971.166992	-76.101318
10976.550293	-76.437874
10981.933594	-77.005043
10987.316895	-77.316765
10992.700195	-77.378792
10998.083496	-77.334190
11003.466797	-77.127609
11008.850098	-76.766861
11014.233398	-76.162430
11019.616699	-75.527145
11025.000000	-74.866928
11030.383301	-74.564354
11035.766602	-74.190979
11041.149902	-74.038979
11046.533203	-73.858841
11051.916504	-73.737534
11057.299805	-73.877472
11062.683105	-74.000633
11068.066406	-74.263336
11073.449707	-74.540535
11078.833008	-74.916161
11084.216309	-75.110039
11089.599609	-75.537590
11094.982910	-75.759216
11100.366211	-75.962799
11105.749512	-76.319138
11111.132812	-76.525276
11116.516113	-77.161842
11121.899414	-77.704750
11127.282715	-78.282074
11132.666016	-78.844513
11138.049316	-79.790215
11143.432617	-80.552681
11148.815918	-81.484467
11154.199219	-82.624229
11159.582520	-83.619720
11164.965820	-85.043587
11170.349121	-85.957916
11175.732422	-87.343292
11181.115723	-87.922974
11186.499023	-88.330231
11191.882324	-87.140602
11197.265625	-86.678566
11202.648926	-85.484222
11208.032227	-84.741623
11213.415527	-84.159248
11218.798828	-83.685867
11224.182129	-83.232353
11229.565430	-83.268822
11234.948730	-83.691772
11240.332031	-83.912521
11245.715332	-85.319801
11251.098633	-86.331009
11256.481934	-88.225281
11261.865234	-90.829895
11267.248535	-94.657364
11272.631836	-96.079491
11278.015137	-95.087326
11283.398438	-90.812210
11288.781738	-88.058792
11294.165039	-85.230087
11299.548340	-82.820450
11304.931641	-81.122963
11310.314941	-79.673752
11315.698242	-78.478806
11321.081543	-77.432266
11326.464844	-76.845291
11331.848145	-76.170494
11337.231445	-75.883301
11342.614746	-75.537697
11347.998047	-75.306404
11353.381348	-75.334663
11358.764648	-75.238167
11364.147949	-75.316833
11369.531250	-75.356209
11374.914551	-75.437225
11380.297852	-75.493851
11385.681152	-75.757065
11391.064453	-75.907715
11396.447754	-75.987793
11401.831055	-75.983620
11407.214355	-75.884827
11412.597656	-76.033508
11417.980957	-75.911842
11423.364258	-75.970459
11428.747559	-75.918442
11434.130859	-76.121323
11439.514160	-76.234085
11444.897461	-76.421921
11450.280762	-76.728683
11455.664062	-77.020309
11461.047363	-77.287926
11466.430664	-77.300079
11471.813965	-77.411720
11477.197266	-77.112801
11482.580566	-76.975563
11487.963867	-76.771706
11493.347168	-76.588509
11498.730469	-76.309425
11504.113770	-76.019051
11509.497070	-75.644974
11514.880371	-75.219772
11520.263672	-75.045677
11525.646973	-74.743958
11531.030273	-74.529984
11536.413574	-74.410011
11541.796875	-74.570862
11547.180176	-74.703285
11552.563477	-74.827225
11557.946777	-75.208046
11563.330078	-75.432365
11568.713379	-75.859764
11574.096680	-76.256195
11579.479980	-76.878334
11584.863281	-77.657951
11590.246582	-78.442055
11595.629883	-79.341774
11601.013184	-80.228317
11606.396484	-81.597214
11611.779785	-82.662483
11617.163086	-84.236183
11622.546387	-86.225266
11627.929688	-88.261230
11633.312988	-90.521797
11638.696289	-92.854797
11644.079590	-95.615234
11649.462891	-96.060028
11654.846191	-95.705635
11660.229492	-92.381332
11665.612793	-92.045135
11670.996094	-89.767014
11676.379395	-88.150368
11681.762695	-87.494469
11687.145996	-87.704536
11692.529297	-87.533859
11697.912598	-87.099586
11703.295898	-87.488464
11708.679199	-87.189064
11714.062500	-87.427094
11719.445801	-87.398239
11724.829102	-88.335945
11730.212402	-89.156738
11735.595703	-89.317238
11740.979004	-89.315239
11746.362305	-88.518135
11751.745605	-88.015038
11757.128906	-86.732201
11762.512207	-86.092697
11767.895508	-84.538101
11773.278809	-83.323547
11778.662109	-82.493004
11784.045410	-81.662392
11789.428711	-80.836388
11794.812012	-80.369057
11800.195312	-80.294167
11805.578613	-79.849556
11810.961914	-79.729080
11816.345215	-79.220627
11821.728516	-78.933479
11827.111816	-78.701706
11832.495117	-78.561920
11837.878418	-78.181595
11843.261719	-77.853851
11848.645020	-77.786713
11854.028320	-77.515320
11859.411621	-77.510300
11864.794922	-77.252998
11870.178223	-77.058304
11875.561523	-77.075706
11880.944824	-77.154175
11886.328125	-77.133881
11891.711426	-77.247673
11897.094727	-77.448784
11902.478027	-77.300362
11907.861328	-77.406013
11913.244629	-77.147377
11918.627930	-77.008163
11924.011230	-76.782410
11929.394531	-76.730125
11934.777832	-76.830353
11940.161133	-76.978203
11945.544434	-77.517502
11950.927734	-77.906029
11956.311035	-78.392113
11961.694336	-78.684433
11967.077637	-79.174698
11972.460938	-79.339584
11977.844238	-79.508911
11983.227539	-79.666855
11988.610840	-79.912498
11993.994141	-80.240364
11999.377441	-80.305489
12004.760742	-80.868217
12010.144043	-81.197861
12015.527344	-81.642220
12020.910645	-82.098839
12026.293945	-82.895851
12031.677246	-83.830086
12037.060547	-85.244675
12042.443848	-86.583076
12047.827148	-88.172386
12053.210449	-91.916504
12058.593750	-94.084808
12063.977051	-94.945641
12069.360352	-91.465416
12074.743652	-88.450829
12080.126953	-86.312057
12085.510254	-85.101669
12090.893555	-83.548828
12096.276855	-82.774529
12101.660156	-82.036133
12107.043457	-81.589561
12112.426758	-81.438499
12117.810059	-80.906532
12123.193359	-80.815193
12128.576660	-80.774376
12133.959961	-80.945183
12139.343262	-81.105515
12144.726562	-81.652481
12150.109863	-82.233803
12155.493164	-83.018845
12160.876465	-84.029221
12166.259766	-84.673531
12171.643066	-85.687424
12177.026367	-86.240166
12182.409668	-86.638847
12187.792969	-87.101074
12193.176270	-86.755928
12198.559570	-86.670593
12203.942871	-85.900764
12209.326172	-85.221428
12214.709473	-84.943245
12220.092773	-84.577965
12225.476074	-84.262268
12230.859375	-83.774406
12236.242676	-84.001648
12241.625977	-83.677048
12247.009277	-83.797775
12252.392578	-84.237968
12257.775879	-84.390717
12263.159180	-84.910622
12268.542480	-84.879501
12273.925781	-85.237778
12279.309082	-84.904221
12284.692383	-85.230408
12290.075684	-84.852165
12295.458984	-84.557571
12300.842285	-83.911255
12306.225586	-83.010201
12311.608887	-82.476021
12316.992188	-81.858940
12322.375488	-81.629974
12327.758789	-81.114174
12333.142090	-81.361595
12338.525391	-81.494888
12343.908691	-81.613419
12349.291992	-82.263947
12354.675293	-82.460403
12360.058594	-82.686249
12365.441895	-83.185989
12370.825195	-83.810814
12376.208496	-83.912834
12381.591797	-84.668816
12386.975098	-84.750969
12392.358398	-85.336517
12397.741699	-85.892372
12403.125000	-85.834709
12408.508301	-86.149529
12413.891602	-86.477852
12419.274902	-87.016396
12424.658203	-86.756912
12430.041504	-86.295135
12435.424805	-85.392525
12440.808105	-84.930763
12446.191406	-84.524658
12451.574707	-84.714272
12456.958008	-84.274788
12462.341309	-84.018768
12467.724609	-84.088264
12473.107910	-83.753784
12478.491211	-84.872063
12483.874512	-85.354889
12489.257812	-85.965591
12494.641113	-86.998306
12500.024414	-87.614128
12505.407715	-88.312019
12510.791016	-89.083870
12516.174316	-91.652527
12521.557617	-94.579727
12526.940918	-100.311089
12532.324219	-102.634087
12537.707520	-95.813942
12543.090820	-91.151360
12548.474121	-88.046471
12553.857422	-85.683838
12559.240723	-84.365517
12564.624023	-83.171257
12570.007324	-82.865616
12575.390625	-81.994781
12580.773926	-81.568268
12586.157227	-81.678680
12591.540527	-81.577408
12596.923828	-82.014725
12602.307129	-82.797699
12607.690430	-83.617882
12613.073730	-84.310242
12618.457031	-85.723457
12623.840332	-87.874046
12629.223633	-89.256798
12634.606934	-91.525963
12639.990234	-93.875023
12645.373535	-93.021584
12650.756836	-90.032967
12656.140137	-87.549088
12661.523438	-86.077309
12666.906738	-84.409431
12672.290039	-83.031052
12677.673340	-82.157150
12683.056641	-81.196831
12688.439941	-80.766365
12693.823242	-80.249748
12699.206543	-79.777306
12704.589844	-79.518333
12709.973145	-79.571419
12715.356445	-79.534058
12720.739746	-79.259712
12726.123047	-79.694160
12731.506348	-79.845963
12736.889648	-79.919342
12742.272949	-80.165031
12747.656250	-80.338737
12753.039551	-80.302101
12758.422852	-80.665741
12763.806152	-81.130852
12769.189453	-81.122787
12774.572754	-81.651688
12779.956055	-81.573273
12785.339355	-81.589439
12790.722656	-81.804512
12796.105957	-82.276871
12801.489258	-82.461555
12806.872559	-82.904602
12812.255859	-83.044197
12817.639160	-82.979134
12823.022461	-83.038689
12828.405762	-82.544159
12833.789062	-82.509949
12839.172363	-82.061577
12844.555664	-81.430580
12849.938965	-80.669830
12855.322266	-80.476242
12860.705566	-79.976089
12866.088867	-79.958504
12871.472168	-80.095276
12876.855469	-79.812683
12882.238770	-79.914658
12887.622070	-80.057793
12893.005371	-80.633003
12898.388672	-81.279991
12903.771973	-82.051697
12909.155273	-82.754799
12914.538574	-84.102524
12919.921875	-85.179359
12925.305176	-86.441246
12930.688477	-87.160118
12936.071777	-87.010056
12941.455078	-87.011475
12946.838379	-85.876572
12952.221680	-85.049904
12957.604980	-83.563614
12962.988281	-82.491135
12968.371582	-81.359955
12973.754883	-80.740372
12979.138184	-79.803589
12984.521484	-79.226425
12989.904785	-78.726784
12995.288086	-78.270760
13000.671387	-77.892838
13006.054688	-77.307022
13011.437988	-77.071785
13016.821289	-76.674675
13022.204590	-76.352249
13027.587891	-75.993240
13032.971191	-75.946350
13038.354492	-75.916664
13043.737793	-75.848022
13049.121094	-75.997559
13054.504395	-75.985268
13059.887695	-76.251396
13065.270996	-76.576981
13070.654297	-76.954376
13076.037598	-77.266808
13081.420898	-77.640854
13086.804199	-78.096481
13092.187500	-78.668449
13097.570801	-79.660530
13102.954102	-80.512993
13108.337402	-81.488815
13113.720703	-82.212433
13119.104004	-83.632797
13124.487305	-84.593102
13129.870605	-86.137680
13135.253906	-86.999435
13140.637207	-86.221306
13146.020508	-85.191093
13151.403809	-84.011810
13156.787109	-83.174477
13162.170410	-82.348946
13167.553711	-82.039429
13172.937012	-81.578300
13178.320312	-81.552444
13183.703613	-81.491882
13189.086914	-81.579109
13194.470215	-81.846359
13199.853516	-82.136742
13205.236816	-82.611176
13210.620117	-82.508400
13216.003418	-82.943581
13221.386719	-83.063797
13226.770020	-83.659172
13232.153320	-84.888382
13237.536621	-85.241829
13242.919922	-85.877136
13248.303223	-86.926460
13253.686523	-87.954201
13259.069824	-88.250450
13264.453125	-89.135368
13269.836426	-90.766022
13275.219727	-91.494385
13280.603027	-93.224014
13285.986328	-95.653427
13291.369629	-96.688507
13296.752930	-97.469299
13302.136230	-98.692848
13307.519531	-100.033920
13312.902832	-97.418373
13318.286133	-94.097694
13323.669434	-94.808350
13329.052734	-93.035294
13334.436035	-91.279167
13339.819336	-90.521950
13345.202637	-89.099457
13350.585938	-88.553688
13355.969238	-87.702713
13361.352539	-87.328224
13366.735840	-86.703331
13372.119141	-86.814873
13377.502441	-86.954147
13382.885742	-87.312271
13388.269043	-88.190208
13393.652344	-88.162079
13399.035645	-89.241501
13404.418945	-88.227615
13409.802246	-88.319519
13415.185547	-87.399422
13420.568848	-86.569008
13425.952148	-86.459305
13431.335449	-85.683975
13436.718750	-85.605156
13442.102051	-85.545418
13447.485352	-86.171837
13452.868652	-86.199715
13458.251953	-86.619209
13463.635254	-86.470329
13469.018555	-86.668198
13474.401855	-87.441559
13479.785156	-88.261574
13485.168457	-88.514290
13490.551758	-89.103264
13495.935059	-90.409836
13501.318359	-89.685371
13506.701660	-90.680435
13512.084961	-90.621788
13517.468262	-89.968224
13522.851562	-89.700752
13528.234863	-89.329025
13533.618164	-88.416672
13539.001465	-87.846344
13544.384766	-87.515472
13549.768066	-87.348503
13555.151367	-88.034454
13560.534668	-86.617722
13565.917969	-85.867401
13571.301270	-85.413429
13576.684570	-84.437813
13582.067871	-83.251457
13587.451172	-82.549408
13592.834473	-81.583748
13598.217773	-81.157173
13603.601074	-80.980125
13608.984375	-80.154572
13614.367676	-79.621765
13619.750977	-78.958374
13625.134277	-78.573860
13630.517578	-78.168625
13635.900879	-78.079674
13641.284180	-78.000908
13646.667480	-77.978584
13652.050781	-78.212006
13657.434082	-78.399239
13662.817383	-78.869850
13668.200684	-79.299644
13673.583984	-80.176987
13678.967285	-81.113914
13684.350586	-82.353065
13689.733887	-84.118019
13695.117188	-85.248062
13700.500488	-87.463470
13705.883789	-89.734543
13711.267090	-92.497314
13716.650391	-98.063980
13722.033691	-106.819107
13727.416992	-96.650307
13732.800293	-91.958076
13738.183594	-88.595093
13743.566895	-87.714508
13748.950195	-86.776863
13754.333496	-86.149010
13759.716797	-86.634476
13765.100098	-87.503418
13770.483398	-88.203217
13775.866699	-88.867790
13781.250000	-90.859993
13786.633301	-92.499222
13792.016602	-94.019684
13797.399902	-95.168587
13802.783203	-92.971458
13808.166504	-89.732445
13813.549805	-88.012527
13818.933105	-85.883514
13824.316406	-84.168411
13829.699707	-82.958122
13835.083008	-82.307190
13840.466309	-81.744713
13845.849609	-80.907417
13851.232910	-80.692162
13856.616211	-80.285973
13861.999512	-80.218307
13867.382812	-80.140633
13872.766113	-80.352409
13878.149414	-80.426697
13883.532715	-80.483208
13888.916016	-80.816254
13894.299316	-80.930901
13899.682617	-81.184151
13905.065918	-81.139946
13910.449219	-80.984016
13915.832520	-80.426590
13921.215820	-80.218452
13926.599121	-79.690353
13931.982422	-79.153366
13937.365723	-78.797859
13942.749023	-78.350182
13948.132324	-77.942688
13953.515625	-77.609261
13958.898926	-77.498474
13964.282227	-77.464195
13969.665527	-77.665482
13975.048828	-77.640266
13980.432129	-77.850052
13985.815430	-78.053802
13991.198730	-78.299118
13996.582031	-78.969444
14001.965332	-79.387505
14007.348633	-80.053276
14012.731934	-80.470787
14018.115234	-81.260559
14023.498535	-81.778557
14028.881836	-82.297501
14034.265137	-82.847260
14039.648438	-83.409050
14045.031738	-84.116653
14050.415039	-84.378357
14055.798340	-85.144211
14061.181641	-84.886681
14066.564941	-85.150131
14071.948242	-85.758820
14077.331543	-86.366394
14082.714844	-86.861450
14088.098145	-88.147453
14093.481445	-89.136192
14098.864746	-89.638802
14104.248047	-90.986900
14109.631348	-90.720551
14115.014648	-92.815262
14120.397949	-94.973503
14125.781250	-97.156151
14131.164551	-98.183899
14136.547852	-98.773788
14141.931152	-96.279465
14147.314453	-96.156883
14152.697754	-93.107353
14158.081055	-91.850647
14163.464355	-91.347557
14168.847656	-90.618744
14174.230957	-90.597649
14179.614258	-90.257675
14184.997559	-91.124130
14190.380859	-90.829552
14195.764160	-91.529015
14201.147461	-92.786339
14206.530762	-93.584793
14211.914062	-94.994423
14217.297363	-95.983826
14222.680664	-98.741920
14228.063965	-98.508041
14233.447266	-98.205223
14238.830566	-98.191658
14244.213867	-96.888107
14249.597168	-95.992271
14254.980469	-95.719360
14260.363770	-95.977394
14265.747070	-93.924240
14271.130371	-93.294968
14276.513672	-92.283882
14281.896973	-90.258247
14287.280273	-89.872879
14292.663574	-88.655289
14298.046875	-87.568939
14303.430176	-86.765411
14308.813477	-87.059151
14314.196777	-86.854431
14319.580078	-86.664864
14324.963379	-86.428818
14330.346680	-85.534462
14335.729980	-85.232254
14341.113281	-84.982780
14346.496582	-84.683907
14351.879883	-84.916672
14357.263184	-85.810814
14362.646484	-86.898155
14368.029785	-87.394524
14373.413086	-88.503479
14378.796387	-88.451950
14384.179688	-88.962456
14389.562988	-89.218826
14394.946289	-89.524147
14400.329590	-88.722473
14405.712891	-88.330963
14411.096191	-87.656242
14416.479492	-86.992104
14421.862793	-86.334572
14427.246094	-85.437958
14432.629395	-85.619324
14438.012695	-85.614502
14443.395996	-86.134094
14448.779297	-86.438889
14454.162598	-86.797127
14459.545898	-87.018204
14464.929199	-87.967300
14470.312500	-88.298485
14475.695801	-88.083473
14481.079102	-88.353569
14486.462402	-87.767570
14491.845703	-88.057045
14497.229004	-87.536293
14502.612305	-86.468933
14507.995605	-84.371613
14513.378906	-83.108398
14518.762207	-82.271332
14524.145508	-81.388298
14529.528809	-81.134476
14534.912109	-81.007156
14540.295410	-81.152046
14545.678711	-81.342972
14551.062012	-81.853844
14556.445312	-82.216927
14561.828613	-83.293968
14567.211914	-84.770760
14572.595215	-85.852722
14577.978516	-87.036278
14583.361816	-87.245880
14588.745117	-88.225807
14594.128418	-88.404327
14599.511719	-88.370293
14604.895020	-87.674507
14610.278320	-87.914467
14615.661621	-87.864319
14621.044922	-87.034821
14626.428223	-86.193542
14631.811523	-85.458725
14637.194824	-84.938087
14642.578125	-84.445717
14647.961426	-84.289360
14653.344727	-83.596657
14658.728027	-83.635849
14664.111328	-83.788948
14669.494629	-83.591415
14674.877930	-83.795876
14680.261230	-83.798241
14685.644531	-84.020485
14691.027832	-84.525024
14696.411133	-85.347878
14701.794434	-85.902641
14707.177734	-87.052429
14712.561035	-88.237640
14717.944336	-88.531990
14723.327637	-90.216118
14728.710938	-91.102730
14734.094238	-91.470566
14739.477539	-91.194870
14744.860840	-91.005974
14750.244141	-91.326118
14755.627441	-91.012497
14761.010742	-91.407845
14766.394043	-90.388809
14771.777344	-90.028122
14777.160645	-90.724022
14782.543945	-90.531181
14787.927246	-91.315018
14793.310547	-91.564308
14798.693848	-91.627823
14804.077148	-92.295540
14809.460449	-93.750977
14814.843750	-95.148849
14820.227051	-96.145752
14825.610352	-100.210701
14830.993652	-99.953194
14836.376953	-100.051254
14841.760254	-102.670258
14847.143555	-102.450272
14852.526855	-99.596703
14857.910156	-99.940849
14863.293457	-98.188911
14868.676758	-96.158859
14874.060059	-95.912636
14879.443359	-95.454712
14884.826660	-92.914162
14890.209961	-93.786125
14895.593262	-92.520515
14900.976562	-91.156769
14906.359863	-91.278030
14911.743164	-90.645081
14917.126465	-90.245789
14922.509766	-90.459389
14927.893066	-91.207809
14933.276367	-90.832153
14938.659668	-91.851891
14944.042969	-91.706757
14949.426270	-91.318222
14954.809570	-90.385925
14960.192871	-89.481071
14965.576172	-87.592834
14970.959473	-86.225746
14976.342773	-85.384041
14981.726074	-83.996269
14987.109375	-83.550674
14992.492676	-82.778687
14997.875977	-82.054901
15003.259277	-81.853348
15008.642578	-82.064713
15014.025879	-81.969917
15019.409180	-82.379486
15024.792480	-83.472672
15030.175781	-83.933929
15035.559082	-85.277176
15040.942383	-86.363113
15046.325684	-87.898506
15051.708984	-90.301186
15057.092285	-92.335556
15062.475586	-96.588272
15067.858887	-98.445267
15073.242188	-99.133560
15078.625488	-98.347321
15084.008789	-93.499817
15089.392090	-92.141327
15094.775391	-91.068092
15100.158691	-89.342918
15105.541992	-87.627823
15110.925293	-86.119194
15116.308594	-85.385361
15121.691895	-84.667618
15127.075195	-84.822792
15132.458496	-85.124344
15137.841797	-85.370209
15143.225098	-85.060585
15148.608398	-85.657158
15153.991699	-86.369797
15159.375000	-85.581451
15164.758301	-85.990051
15170.141602	-85.997971
15175.524902	-85.872948
15180.908203	-85.916611
15186.291504	-85.446449
15191.674805	-84.602783
15197.058105	-84.338196
15202.441406	-83.483192
15207.824707	-82.990799
15213.208008	-82.655632
15218.591309	-81.586632
15223.974609	-81.914825
15229.357910	-82.003815
15234.741211	-81.867882
15240.124512	-82.570236
15245.507812	-83.819679
15250.891113	-84.553474
15256.274414	-85.507156
15261.657715	-85.927589
15267.041016	-86.249634
15272.424316	-87.035431
15277.807617	-86.305244
15283.190918	-86.983459
15288.574219	-86.335205
15293.957520	-86.090652
15299.340820	-85.946213
15304.724121	-85.342628
15310.107422	-85.002937
15315.490723	-84.973686
15320.874023	-85.038467
15326.257324	-85.070633
15331.640625	-86.080688
15337.023926	-86.086655
15342.407227	-86.937096
15347.790527	-89.256241
15353.173828	-90.209908
15358.557129	-91.566460
15363.940430	-93.108116
15369.323730	-95.132698
15374.707031	-93.505615
15380.090332	-91.751045
15385.473633	-92.399048
15390.856934	-89.918892
15396.240234	-88.246002
15401.623535	-87.501480
15407.006836	-86.437523
15412.390137	-85.692963
15417.773438	-85.588547
15423.156738	-85.798973
15428.540039	-84.855110
15433.923340	-85.101059
15439.306641	-85.135704
15444.689941	-84.852364
15450.073242	-85.433090
15455.456543	-85.129349
15460.839844	-85.207832
15466.223145	-85.374435
15471.606445	-85.854103
15476.989746	-85.890381
15482.373047	-86.923218
15487.756348	-87.631264
15493.139648	-87.549164
15498.522949	-88.716141
15503.906250	-89.156044
15509.289551	-89.620293
15514.672852	-89.717651
15520.056152	-90.538818
15525.439453	-90.157455
15530.822754	-90.754234
15536.206055	-91.033676
15541.589355	-89.940430
15546.972656	-89.513893
15552.355957	-87.834015
15557.739258	-86.952324
15563.122559	-86.529816
15568.505859	-86.370026
15573.889160	-86.017349
15579.272461	-85.767883
15584.655762	-85.751312
15590.039062	-85.584206
15595.422363	-86.041870
15600.805664	-86.323914
15606.188965	-86.850525
15611.572266	-86.828865
15616.955566	-87.734184
15622.338867	-87.944656
15627.722168	-87.592346
15633.105469	-88.185204
15638.488770	-88.222015
15643.872070	-88.444229
15649.255371	-88.081207
15654.638672	-87.706161
15660.021973	-86.809875
15665.405273	-86.267250
15670.788574	-85.844269
15676.171875	-85.622643
15681.555176	-85.645584
15686.938477	-85.153877
15692.321777	-84.939018
15697.705078	-84.053085
15703.088379	-83.713707
15708.471680	-83.446083
15713.854980	-83.396790
15719.238281	-83.085815
15724.621582	-82.475777
15730.004883	-81.881149
15735.388184	-81.330933
15740.771484	-81.368225
15746.154785	-80.881058
15751.538086	-80.688942
15756.921387	-80.599907
15762.304688	-80.746071
15767.687988	-80.951248
15773.071289	-81.326347
15778.454590	-81.563080
15783.837891	-81.450890
15789.221191	-81.864120
15794.604492	-81.826019
15799.987793	-82.433891
15805.371094	-82.953293
15810.754395	-83.213287
15816.137695	-83.448059
15821.520996	-83.879562
15826.904297	-84.167572
15832.287598	-83.594284
15837.670898	-83.520187
15843.054199	-83.536156
15848.437500	-83.975037
15853.820801	-84.333176
15859.204102	-84.870514
15864.587402	-85.217613
15869.970703	-85.674217
15875.354004	-86.444611
15880.737305	-87.885689
15886.120605	-90.206886
15891.503906	-90.743477
15896.887207	-93.198097
15902.270508	-97.235680
15907.653809	-99.394569
15913.037109	-100.795845
15918.420410	-100.750679
15923.803711	-98.254562
15929.187012	-96.643829
15934.570312	-92.684921
15939.953613	-92.284569
15945.336914	-91.852043
15950.720215	-90.303886
15956.103516	-90.105057
15961.486816	-89.207558
15966.870117	-88.871796
15972.253418	-88.093422
15977.636719	-87.064468
15983.020020	-85.784210
15988.403320	-85.381119
15993.786621	-85.142273
15999.169922	-85.167885
16004.553223	-85.269722
16009.936523	-84.361504
16015.319824	-84.242218
16020.703125	-84.261650
16026.086426	-84.195610
16031.469727	-84.106453
16036.853027	-84.400169
16042.236328	-84.990425
16047.619629	-85.197609
16053.002930	-85.621193
16058.386230	-85.828461
16063.769531	-86.518257
16069.152832	-87.319962
16074.536133	-88.463303
16079.919434	-88.519196
16085.302734	-89.053238
16090.686035	-90.411453
16096.069336	-90.896797
16101.452637	-90.306557
16106.835938	-88.349648
16112.219238	-87.950874
16117.602539	-87.894188
16122.985840	-88.216362
16128.369141	-88.951447
16133.752441	-89.277046
16139.135742	-90.060814
16144.519043	-89.860565
16149.902344	-90.439568
16155.285645	-90.984879
16160.668945	-91.277969
16166.052246	-90.529411
16171.435547	-89.925476
16176.818848	-90.378456
16182.202148	-90.080757
16187.585449	-90.229568
16192.968750	-88.952141
16198.352051	-87.307335
16203.735352	-86.245682
16209.118652	-85.633217
16214.501953	-85.416107
16219.885254	-84.730156
16225.268555	-84.545242
16230.651855	-83.837982
16236.035156	-83.625587
16241.418457	-83.379974
16246.801758	-83.372231
16252.185059	-83.278816
16257.568359	-82.923416
16262.951660	-83.496376
16268.334961	-83.354553
16273.718262	-83.300957
16279.101562	-82.882568
16284.484863	-82.635582
16289.868164	-82.610245
16295.251465	-82.670731
16300.634766	-82.268799
16306.018066	-81.866646
16311.401367	-81.430786
16316.784668	-80.924400
16322.167969	-80.911789
16327.551270	-80.805794
16332.934570	-80.751282
16338.317871	-80.383621
16343.701172	-80.225403
16349.084473	-80.181168
16354.467773	-79.908356
16359.851074	-79.925659
16365.234375	-80.218697
16370.617676	-80.685410
16376.000977	-80.907593
16381.384277	-81.247253
16386.767578	-81.508728
16392.150879	-82.192932
16397.534180	-82.982475
16402.917480	-83.422104
16408.300781	-84.574715
16413.684082	-85.258461
16419.067383	-86.644089
16424.450684	-88.281319
16429.833984	-90.815437
16435.217285	-94.249954
16440.600586	-96.548515
16445.983887	-100.951744
16451.367188	-101.637665
16456.750488	-104.345543
16462.133789	-104.657776
16467.517090	-105.209145
16472.900391	-103.076164
16478.283691	-101.257614
16483.666992	-101.782127
16489.050293	-102.493553
16494.433594	-101.854652
16499.816895	-102.367462
16505.200195	-97.937675
16510.583496	-97.872726
16515.966797	-99.044785
16521.350098	-100.759026
16526.733398	-100.475098
16532.116699	-98.938011
16537.500000	-95.725143
16542.883301	-93.881050
16548.266602	-91.289314
16553.649902	-89.990372
16559.033203	-89.474167
16564.416504	-87.984505
16569.799805	-86.790344
16575.183105	-85.917458
16580.566406	-85.386414
16585.949707	-84.717079
16591.333008	-84.698624
16596.716309	-84.453102
16602.099609	-84.866188
16607.482910	-85.482269
16612.866211	-85.679153
16618.249512	-86.434135
16623.632812	-86.703369
16629.016113	-87.295731
16634.399414	-87.713326
16639.782715	-88.397141
16645.166016	-87.695343
16650.549316	-87.858795
16655.932617	-87.582726
16661.315918	-86.718109
16666.699219	-86.052574
16672.082520	-84.742508
16677.465820	-83.777534
16682.849121	-83.045723
16688.232422	-82.366341
16693.615723	-81.443321
16698.999023	-81.263428
16704.382324	-80.981506
16709.765625	-80.809883
16715.148926	-81.007530
16720.532227	-80.876038
16725.915527	-80.734535
16731.298828	-80.985992
16736.682129	-81.326050
16742.065430	-81.528061
16747.448730	-82.338814
16752.832031	-82.976173
16758.215332	-83.708252
16763.598633	-84.597229
16768.981934	-84.946648
16774.365234	-86.012810
16779.748535	-86.337128
16785.131836	-86.749550
16790.515137	-86.667786
16795.898438	-86.850113
16801.281738	-86.959290
16806.665039	-87.642197
16812.048340	-88.204185
16817.431641	-89.041908
16822.814941	-89.987411
16828.198242	-91.080780
16833.581543	-93.145348
16838.964844	-93.634041
16844.348145	-95.564400
16849.731445	-96.837059
16855.114746	-98.303139
16860.498047	-98.118210
16865.881348	-98.058617
16871.264648	-97.070168
16876.647949	-95.830681
16882.031250	-92.943153
16887.414551	-91.236664
16892.797852	-89.716026
16898.181152	-89.380524
16903.564453	-89.237717
16908.947754	-89.105713
16914.331055	-89.399582
16919.714355	-89.240089
16925.097656	-89.447876
16930.480957	-90.047073
16935.864258	-90.067711
16941.247559	-91.020821
16946.630859	-91.651993
16952.014160	-91.906471
16957.397461	-91.659439
16962.780762	-92.265411
16968.164062	-92.596375
16973.547363	-91.446266
16978.930664	-91.644592
16984.313965	-91.492050
16989.697266	-91.318382
16995.080566	-90.861099
17000.463867	-90.281250
17005.847168	-90.017044
17011.230469	-89.627251
17016.613770	-88.886993
17021.997070	-87.797256
17027.380371	-87.690727
17032.763672	-86.912971
17038.146973	-86.642471
17043.530273	-86.146179
17048.913574	-85.717041
17054.296875	-85.214142
17059.680176	-84.750824
17065.063477	-84.972717
17070.446777	-84.822403
17075.830078	-85.063164
17081.213379	-84.890045
17086.596680	-84.685165
17091.979980	-84.627205
17097.363281	-84.458565
17102.746582	-84.483208
17108.129883	-84.458260
17113.513184	-84.504372
17118.896484	-83.982193
17124.279785	-84.311081
17129.663086	-84.544746
17135.046387	-84.425964
17140.429688	-84.150383
17145.812988	-83.957352
17151.196289	-83.935425
17156.579590	-83.706009
17161.962891	-83.553596
17167.346191	-83.019905
17172.729492	-83.096985
17178.112793	-83.173241
17183.496094	-83.090614
17188.879395	-83.332733
17194.262695	-83.700890
17199.645996	-84.270462
17205.029297	-84.784904
17210.412598	-86.057785
17215.795898	-86.989807
17221.179199	-88.455177
17226.562500	-90.483986
17231.945801	-93.027481
17237.329102	-96.430267
17242.712402	-100.608238
17248.095703	-105.276169
17253.479004	-99.540665
17258.862305	-94.788063
17264.245605	-91.906059
17269.628906	-90.163628
17275.012207	-88.974083
17280.395508	-87.926605
17285.778809	-86.972946
17291.162109	-87.046425
17296.545410	-86.820084
17301.928711	-86.958908
17307.312012	-87.050667
17312.695312	-87.072914
17318.078613	-87.290337
17323.461914	-87.475586
17328.845215	-88.058174
17334.228516	-88.406403
17339.611816	-88.497147
17344.995117	-87.874527
17350.378418	-88.211082
17355.761719	-88.226570
17361.145020	-88.129349
17366.528320	-87.563965
17371.911621	-87.331070
17377.294922	-87.874458
17382.678223	-87.767387
17388.061523	-88.270180
17393.444824	-88.096626
17398.828125	-88.019897
17404.211426	-87.973381
17409.594727	-88.327217
17414.978027	-88.498619
17420.361328	-88.643433
17425.744629	-89.994453
17431.127930	-90.821571
17436.511230	-91.596161
17441.894531	-92.577080
17447.277832	-92.990005
17452.661133	-94.579376
17458.044434	-94.005440
17463.427734	-93.831985
17468.811035	-93.401390
17474.194336	-93.092583
17479.577637	-92.630600
17484.960938	-91.556633
17490.344238	-91.405159
17495.727539	-90.118317
17501.110840	-89.848923
17506.494141	-89.478569
17511.877441	-89.383522
17517.260742	-89.630768
17522.644043	-89.768471
17528.027344	-90.571159
17533.410645	-90.119667
17538.793945	-90.579582
17544.177246	-89.977692
17549.560547	-89.954765
17554.943848	-89.658806
17560.327148	-89.091652
17565.710449	-89.037262
17571.093750	-88.474899
17576.477051	-87.921860
17581.860352	-86.975143
17587.243652	-86.544006
17592.626953	-86.047409
17598.010254	-86.160942
17603.393555	-86.061829
17608.776855	-85.934265
17614.160156	-85.733276
17619.543457	-85.172974
17624.926758	-85.678322
17630.310059	-85.619072
17635.693359	-85.730270
17641.076660	-85.798141
17646.459961	-86.232895
17651.843262	-86.534225
17657.226562	-86.432983
17662.609863	-86.969170
17667.993164	-86.840439
17673.376465	-87.299286
17678.759766	-87.583458
17684.143066	-87.741913
17689.526367	-87.869019
17694.909668	-88.079582
17700.292969	-87.835915
17705.676270	-87.751816
17711.059570	-88.344719
17716.442871	-88.129852
17721.826172	-88.554504
17727.209473	-89.198158
17732.592773	-89.650307
17737.976074	-90.275368
17743.359375	-90.743324
17748.742676	-91.791183
17754.125977	-92.284492
17759.509277	-94.884964
17764.892578	-96.170303
17770.275879	-96.318703
17775.659180	-98.695679
17781.042480	-100.569756
17786.425781	-104.861450
17791.809082	-105.936470
17797.192383	-107.760895
17802.575684	-104.933792
17807.958984	-103.265236
17813.342285	-99.423370
17818.725586	-98.742867
17824.108887	-96.180229
17829.492188	-95.315826
17834.875488	-94.608650
17840.258789	-94.906784
17845.642090	-94.576424
17851.025391	-94.662994
17856.408691	-96.026344
17861.791992	-96.385277
17867.175293	-98.610359
17872.558594	-99.631317
17877.941895	-101.714561
17883.325195	-105.283913
17888.708496	-105.592995
17894.091797	-101.365112
17899.475098	-99.232567
17904.858398	-98.620888
17910.241699	-98.821159
17915.625000	-98.261108
17921.008301	-95.418144
17926.391602	-94.457016
17931.774902	-93.526604
17937.158203	-93.050491
17942.541504	-92.395355
17947.924805	-91.786812
17953.308105	-91.952789
17958.691406	-90.974670
17964.074707	-90.705902
17969.458008	-89.867378
17974.841309	-88.920174
17980.224609	-89.062187
17985.607910	-88.900169
17990.991211	-89.096069
17996.374512	-89.046700
18001.757812	-88.790443
18007.141113	-88.820328
18012.524414	-88.333176
18017.907715	-88.486565
18023.291016	-88.639526
18028.674316	-89.548859
18034.057617	-90.284248
18039.440918	-91.239365
18044.824219	-92.194901
18050.207520	-92.951019
18055.590820	-95.095673
18060.974121	-95.546593
18066.357422	-96.832825
18071.740723	-96.428047
18077.124023	-97.830566
18082.507324	-96.997612
18087.890625	-97.038666
18093.273926	-95.405190
18098.657227	-94.614067
18104.040527	-93.402168
18109.423828	-92.302147
18114.807129	-91.890572
18120.190430	-91.331146
18125.573730	-91.837875
18130.957031	-91.575516
18136.340332	-91.046532
18141.723633	-90.888290
18147.106934	-90.456779
18152.490234	-90.417946
18157.873535	-89.754105
18163.256836	-89.517006
18168.640137	-88.904655
18174.023438	-88.333946
18179.406738	-87.876778
18184.790039	-86.629349
18190.173340	-85.967941
18195.556641	-85.434608
18200.939941	-85.041153
18206.323242	-84.423294
18211.706543	-83.861725
18217.089844	-83.625534
18222.473145	-83.022171
18227.856445	-82.751358
18233.239746	-82.333412
18238.623047	-82.155029
18244.006348	-82.107132
18249.389648	-82.156822
18254.772949	-81.981224
18260.156250	-81.967697
18265.539551	-82.737679
18270.922852	-82.869278
18276.306152	-83.315910
18281.689453	-83.588692
18287.072754	-83.808174
18292.456055	-84.428635
18297.839355	-85.028976
18303.222656	-85.337029
18308.605957	-85.789497
18313.989258	-86.910774
18319.372559	-87.326096
18324.755859	-88.337395
18330.139160	-89.317635
18335.522461	-90.061272
18340.905762	-91.742241
18346.289062	-94.702209
18351.672363	-97.517288
18357.055664	-100.011169
18362.438965	-101.548813
18367.822266	-99.536354
18373.205566	-99.069313
18378.588867	-96.966759
18383.972168	-96.229301
18389.355469	-95.064590
18394.738770	-95.340836
18400.122070	-93.957657
18405.505371	-92.943344
18410.888672	-91.657990
18416.271973	-91.410835
18421.655273	-90.311569
18427.038574	-88.959862
18432.421875	-87.969879
18437.805176	-87.594856
18443.188477	-87.461136
18448.571777	-86.989532
18453.955078	-86.905350
18459.338379	-86.695198
18464.721680	-86.839317
18470.104980	-86.907974
18475.488281	-87.074982
18480.871582	-87.397789
18486.254883	-87.942566
18491.638184	-89.541885
18497.021484	-89.855835
18502.404785	-90.338852
18507.788086	-91.179787
18513.171387	-92.756699
18518.554688	-92.879868
18523.937988	-94.316246
18529.321289	-95.964462
18534.704590	-96.302605
18540.087891	-97.052589
18545.471191	-96.501610
18550.854492	-96.297646
18556.237793	-95.579910
18561.621094	-96.292358
18567.004395	-96.584328
18572.387695	-96.344254
18577.770996	-95.836761
18583.154297	-94.769165
18588.537598	-94.639099
18593.920898	-94.373627
18599.304199	-93.883118
18604.687500	-91.803963
18610.070801	-90.740242
18615.454102	-89.892998
18620.837402	-89.037170
18626.220703	-88.820480
18631.604004	-87.504181
18636.987305	-87.072800
18642.370605	-86.991936
18647.753906	-86.678841
18653.137207	-86.202858
18658.520508	-85.658913
18663.903809	-85.880264
18669.287109	-85.730003
18674.670410	-86.251503
18680.053711	-86.717110
18685.437012	-87.345345
18690.820312	-88.342728
18696.203613	-90.069130
18701.586914	-91.941643
18706.970215	-92.926910
18712.353516	-98.032990
18717.736816	-102.915611
18723.120117	-103.581863
18728.503418	-97.135056
18733.886719	-94.315910
18739.270020	-91.487289
18744.653320	-89.401031
18750.036621	-87.681076
18755.419922	-86.771759
18760.803223	-85.707901
18766.186523	-85.036026
18771.569824	-85.241005
18776.953125	-85.257645
18782.336426	-85.765266
18787.719727	-85.841797
18793.103027	-86.119019
18798.486328	-86.110817
18803.869629	-86.177071
18809.252930	-86.658363
18814.636230	-86.690399
18820.019531	-87.207901
18825.402832	-87.716621
18830.786133	-88.430206
18836.169434	-88.751160
18841.552734	-89.077888
18846.936035	-88.901619
18852.319336	-88.952751
18857.702637	-88.998833
18863.085938	-88.258331
18868.469238	-88.426437
18873.852539	-88.319359
18879.235840	-88.641930
18884.619141	-88.950539
18890.002441	-88.843163
18895.385742	-88.833405
18900.769043	-88.110596
18906.152344	-87.944214
18911.535645	-87.716026
18916.918945	-87.919678
18922.302246	-88.077179
18927.685547	-88.210022
18933.068848	-87.692589
18938.452148	-87.193642
18943.835449	-87.206978
18949.218750	-86.393005
18954.602051	-86.897987
18959.985352	-87.477448
18965.368652	-87.729340
18970.751953	-88.445625
18976.135254	-89.160477
18981.518555	-90.787880
18986.901855	-91.454147
18992.285156	-92.167786
18997.668457	-91.605629
19003.051758	-91.945740
19008.435059	-91.970207
19013.818359	-91.511932
19019.201660	-90.460861
19024.584961	-89.231621
19029.968262	-89.061920
19035.351562	-88.950386
19040.734863	-88.847046
19046.118164	-88.120232
19051.501465	-87.479744
19056.884766	-86.938072
19062.268066	-87.102951
19067.651367	-86.984360
19073.034668	-86.466225
19078.417969	-86.235382
19083.801270	-85.614418
19089.184570	-85.523613
19094.567871	-84.853203
19099.951172	-84.789848
19105.334473	-84.591156
19110.717773	-84.820793
19116.101074	-85.430618
19121.484375	-85.623947
19126.867676	-86.323715
19132.250977	-86.843597
19137.634277	-87.235191
19143.017578	-87.204262
19148.400879	-87.400833
19153.784180	-87.223228
19159.167480	-87.384598
19164.550781	-87.853462
19169.934082	-87.881508
19175.317383	-88.439064
19180.700684	-88.829117
19186.083984	-89.227287
19191.467285	-89.698509
19196.850586	-90.188492
19202.233887	-91.654099
19207.617188	-92.103607
19213.000488	-92.603874
19218.383789	-92.712318
19223.767090	-93.791077
19229.150391	-94.111076
19234.533691	-95.087051
19239.916992	-99.354164
19245.300293	-100.969978
19250.683594	-103.242004
19256.066895	-103.997253
19261.450195	-103.315147
19266.833496	-106.104904
19272.216797	-104.321129
19277.600098	-103.357841
19282.983398	-102.415955
19288.366699	-100.238770
19293.750000	-100.002144
19299.133301	-97.372597
19304.516602	-96.849228
19309.899902	-95.582573
19315.283203	-93.960045
19320.666504	-93.595802
19326.049805	-91.768044
19331.433105	-90.466904
19336.816406	-89.641174
19342.199707	-89.506248
19347.583008	-88.780434
19352.966309	-88.266251
19358.349609	-87.664444
19363.732910	-86.736107
19369.116211	-86.453239
19374.499512	-85.813049
19379.882812	-86.267647
19385.266113	-86.184425
19390.649414	-86.406471
19396.032715	-86.897789
19401.416016	-86.971947
19406.799316	-87.416550
19412.182617	-87.819328
19417.565918	-88.416618
19422.949219	-88.317612
19428.332520	-88.811928
19433.715820	-88.643784
19439.099121	-89.019470
19444.482422	-89.114708
19449.865723	-88.548897
19455.249023	-89.039650
19460.632324	-88.483879
19466.015625	-88.378769
19471.398926	-88.336243
19476.782227	-88.573555
19482.165527	-88.106461
19487.548828	-87.728760
19492.932129	-86.873596
19498.315430	-86.578606
19503.698730	-86.669334
19509.082031	-85.950897
19514.465332	-85.571167
19519.848633	-85.080963
19525.231934	-85.031105
19530.615234	-84.954330
19535.998535	-85.140205
19541.381836	-85.129974
19546.765137	-85.075668
19552.148438	-85.105225
19557.531738	-85.421333
19562.915039	-86.877647
19568.298340	-87.442909
19573.681641	-88.228386
19579.064941	-89.774521
19584.448242	-91.776711
19589.831543	-94.508606
19595.214844	-95.935555
19600.598145	-98.353180
19605.981445	-100.480408
19611.364746	-104.346268
19616.748047	-100.405785
19622.131348	-99.963867
19627.514648	-98.795654
19632.897949	-99.887032
19638.281250	-100.218727
19643.664551	-100.921509
19649.047852	-100.548737
19654.431152	-99.716324
19659.814453	-98.560127
19665.197754	-97.433640
19670.581055	-98.611244
19675.964355	-97.784660
19681.347656	-97.027519
19686.730957	-94.731544
19692.114258	-94.151970
19697.497559	-93.410179
19702.880859	-91.916573
19708.264160	-92.367378
19713.647461	-91.878532
19719.030762	-90.798996
19724.414062	-90.850029
19729.797363	-90.749092
19735.180664	-90.467079
19740.563965	-91.061111
19745.947266	-92.788658
19751.330566	-91.196083
19756.713867	-91.751892
19762.097168	-92.699455
19767.480469	-92.293343
19772.863770	-93.607521
19778.247070	-93.078827
19783.630371	-92.139091
19789.013672	-92.778374
19794.396973	-93.125374
19799.780273	-91.533745
19805.163574	-91.553078
19810.546875	-89.414024
19815.930176	-88.479546
19821.313477	-88.035599
19826.696777	-86.922630
19832.080078	-86.055130
19837.463379	-86.195770
19842.846680	-86.494835
19848.229980	-85.947220
19853.613281	-86.086884
19858.996582	-85.629158
19864.379883	-85.675797
19869.763184	-86.416969
19875.146484	-86.700539
19880.529785	-86.444862
19885.913086	-86.734772
19891.296387	-87.343864
19896.679688	-86.987801
19902.062988	-87.659050
19907.446289	-87.964943
19912.829590	-87.868423
19918.212891	-88.623337
19923.596191	-89.143715
19928.979492	-88.466415
19934.362793	-88.606628
19939.746094	-88.846931
19945.129395	-88.317062
19950.512695	-89.237305
19955.895996	-89.194260
19961.279297	-89.666969
19966.662598	-90.773186
19972.045898	-91.640030
19977.429199	-92.677841
19982.812500	-93.664902
19988.195801	-94.338760
19993.579102	-94.292511
19998.962402	-96.576653
20004.345703	-95.988205
20009.729004	-95.976303
20015.112305	-95.569191
20020.495605	-96.134407
20025.878906	-95.551826
20031.262207	-95.275902
20036.645508	-95.632729
20042.028809	-95.444344
20047.412109	-96.602615
20052.795410	-97.470634
20058.178711	-96.481300
20063.562012	-95.403748
20068.945312	-94.098122
20074.328613	-93.221207
20079.711914	-92.101570
20085.095215	-92.301521
20090.478516	-92.392509
20095.861816	-90.719963
20101.245117	-91.683266
20106.628418	-91.923058
20112.011719	-92.228020
20117.395020	-92.314888
20122.778320	-93.326363
20128.161621	-93.998833
20133.544922	-93.355453
20138.928223	-94.338249
20144.311523	-93.852852
20149.694824	-93.563057
20155.078125	-93.346130
20160.461426	-92.083817
20165.844727	-91.295547
20171.228027	-90.607513
20176.611328	-89.289307
20181.994629	-88.231003
20187.377930	-87.359146
20192.761230	-87.797508
20198.144531	-87.795662
20203.527832	-87.530830
20208.911133	-88.115356
20214.294434	-87.808754
20219.677734	-87.958794
20225.061035	-88.533859
20230.444336	-89.858429
20235.827637	-90.669785
20241.210938	-91.786789
20246.594238	-92.242851
20251.977539	-91.995232
20257.360840	-93.189079
20262.744141	-92.824074
20268.127441	-93.859406
20273.510742	-93.785561
20278.894043	-92.475708
20284.277344	-93.626587
20289.660645	-93.331024
20295.043945	-91.614838
20300.427246	-91.264984
20305.810547	-90.932747
20311.193848	-89.541153
20316.577148	-89.250748
20321.960449	-88.080795
20327.343750	-87.183006
20332.727051	-87.361252
20338.110352	-86.643669
20343.493652	-86.555473
20348.876953	-86.449417
20354.260254	-86.253777
20359.643555	-85.975609
20365.026855	-86.230095
20370.410156	-86.338905
20375.793457	-85.886627
20381.176758	-86.126762
20386.560059	-85.752365
20391.943359	-85.632462
20397.326660	-85.458733
20402.709961	-85.085533
20408.093262	-84.857536
20413.476562	-84.987144
20418.859863	-84.978127
20424.243164	-84.891251
20429.626465	-85.018517
20435.009766	-84.739929
20440.393066	-84.970886
20445.776367	-84.562881
20451.159668	-84.432625
20456.542969	-84.031525
20461.926270	-83.572548
20467.309570	-83.284958
20472.692871	-83.029472
20478.076172	-82.805939
20483.459473	-82.639297
20488.842773	-83.289040
20494.226074	-83.521545
20499.609375	-84.126526
20504.992676	-84.676956
20510.375977	-85.564255
20515.759277	-86.950027
20521.142578	-88.064392
20526.525879	-89.576088
20531.909180	-91.162621
20537.292480	-94.325180
20542.675781	-95.997421
20548.059082	-97.199318
20553.442383	-97.731361
20558.825684	-100.647224
20564.208984	-107.381966
20569.592285	-104.968834
20574.975586	-99.006195
20580.358887	-96.015625
20585.742188	-93.323097
20591.125488	-91.814690
20596.508789	-89.824074
20601.892090	-88.894485
20607.275391	-87.883606
20612.658691	-86.809723
20618.041992	-86.006416
20623.425293	-85.028900
20628.808594	-84.976517
20634.191895	-84.922073
20639.575195	-85.162605
20644.958496	-85.215485
20650.341797	-85.009033
20655.725098	-84.655380
20661.108398	-84.522346
20666.491699	-84.541855
20671.875000	-84.189201
20677.258301	-84.755852
20682.641602	-85.565834
20688.024902	-86.605667
20693.408203	-87.836235
20698.791504	-88.884010
20704.174805	-89.487686
20709.558105	-90.167191
20714.941406	-91.944962
20720.324707	-92.883064
20725.708008	-95.135223
20731.091309	-98.258057
20736.474609	-99.650322
20741.857910	-100.478363
20747.241211	-102.038330
20752.624512	-102.820999
20758.007812	-100.248497
20763.391113	-97.997856
20768.774414	-97.797295
20774.157715	-95.961174
20779.541016	-96.660629
20784.924316	-98.339981
20790.307617	-99.402336
20795.690918	-100.501343
20801.074219	-100.905800
20806.457520	-100.667374
20811.840820	-99.109032
20817.224121	-97.531502
20822.607422	-95.910667
20827.990723	-97.753998
20833.374023	-96.489670
20838.757324	-97.411049
20844.140625	-97.689072
20849.523926	-96.968239
20854.907227	-95.270981
20860.290527	-94.000587
20865.673828	-91.850174
20871.057129	-90.690353
20876.440430	-90.040176
20881.823730	-89.206017
20887.207031	-89.118477
20892.590332	-88.927795
20897.973633	-89.433037
20903.356934	-89.296761
20908.740234	-89.664276
20914.123535	-89.760712
20919.506836	-89.493805
20924.890137	-89.104088
20930.273438	-88.911095
20935.656738	-88.760742
20941.040039	-88.317101
20946.423340	-89.201714
20951.806641	-89.339447
20957.189941	-89.739388
20962.573242	-89.879829
20967.956543	-90.493683
20973.339844	-90.330185
20978.723145	-90.452652
20984.106445	-89.878983
20989.489746	-89.506592
20994.873047	-89.158958
21000.256348	-87.887566
21005.639648	-87.875114
21011.022949	-87.429321
21016.406250	-87.236015
21021.789551	-87.071022
21027.172852	-87.462769
21032.556152	-87.646873
21037.939453	-88.061295
21043.322754	-89.502693
21048.706055	-90.096199
21054.089355	-92.065247
21059.472656	-94.034447
21064.855957	-97.031151
21070.239258	-102.081184
21075.622559	-106.265450
21081.005859	-100.051430
21086.389160	-97.672302
21091.772461	-94.165031
21097.155762	-91.788040
21102.539062	-89.207420
21107.922363	-87.702827
21113.305664	-87.057419
21118.688965	-86.534554
21124.072266	-85.967171
21129.455566	-85.168076
21134.838867	-85.396111
21140.222168	-84.730988
21145.605469	-84.531845
21150.988770	-84.567947
21156.372070	-84.429214
21161.755371	-84.093384
21167.138672	-84.006721
21172.521973	-84.204941
21177.905273	-84.241768
21183.288574	-84.452568
21188.671875	-84.348930
21194.055176	-84.976128
21199.438477	-85.534630
21204.821777	-85.841881
21210.205078	-85.706886
21215.588379	-85.698456
21220.971680	-85.870415
21226.354980	-85.249695
21231.738281	-85.134171
21237.121582	-84.482101
21242.504883	-84.188858
21247.888184	-83.751236
21253.271484	-83.288315
21258.654785	-82.913338
21264.038086	-82.950623
21269.421387	-83.104729
21274.804688	-82.789360
21280.187988	-82.991028
21285.571289	-83.031898
21290.954590	-83.401688
21296.337891	-83.562065
21301.721191	-84.030678
21307.104492	-84.438393
21312.487793	-84.600876
21317.871094	-85.168289
21323.254395	-85.727837
21328.637695	-86.524796
21334.020996	-87.061356
21339.404297	-88.330231
21344.787598	-89.081306
21350.170898	-90.098190
21355.554199	-92.000023
21360.937500	-92.494278
21366.320801	-94.198044
21371.704102	-95.296288
21377.087402	-95.541634
21382.470703	-96.210587
21387.854004	-95.179337
21393.237305	-94.126488
21398.620605	-92.786499
21404.003906	-92.006660
21409.387207	-91.486282
21414.770508	-90.259735
21420.153809	-89.913704
21425.537109	-89.186211
21430.920410	-89.159592
21436.303711	-89.034988
21441.687012	-89.291000
21447.070312	-88.766724
21452.453613	-88.598137
21457.836914	-89.235382
21463.220215	-89.085808
21468.603516	-89.694695
21473.986816	-89.667740
21479.370117	-89.795456
21484.753418	-89.770882
21490.136719	-89.968781
21495.520020	-89.668434
21500.903320	-89.060760
21506.286621	-88.660339
21511.669922	-87.869698
21517.053223	-87.378456
21522.436523	-86.148758
21527.819824	-85.485527
21533.203125	-85.202896
21538.586426	-85.622894
21543.969727	-85.454765
21549.353027	-85.236771
21554.736328	-85.460999
21560.119629	-85.359520
21565.502930	-85.862282
21570.886230	-86.225006
21576.269531	-87.015831
21581.652832	-87.308311
21587.036133	-87.978279
21592.419434	-88.914795
21597.802734	-89.696205
21603.186035	-90.690453
21608.569336	-90.853752
21613.952637	-91.630394
21619.335938	-92.237312
21624.719238	-93.146004
21630.102539	-92.957001
21635.485840	-94.146103
21640.869141	-93.853630
21646.252441	-94.133453
21651.635742	-94.459503
21657.019043	-93.211411
21662.402344	-92.976601
21667.785645	-92.817253
21673.168945	-93.156357
21678.552246	-93.316162
21683.935547	-94.272194
21689.318848	-93.514359
21694.702148	-94.891220
21700.085449	-95.564819
21705.468750	-95.014153
21710.852051	-96.094604
21716.235352	-98.066429
21721.618652	-99.017982
21727.001953	-98.413689
21732.385254	-98.257401
21737.768555	-96.551964
21743.151855	-96.977402
21748.535156	-95.394470
21753.918457	-95.221741
21759.301758	-94.929276
21764.685059	-95.205109
21770.068359	-95.506729
21775.451660	-95.909485
21780.834961	-96.484146
21786.218262	-95.652161
21791.601562	-96.707619
21796.984863	-96.952461
21802.368164	-97.557846
21807.751465	-96.811462
21813.134766	-97.074081
21818.518066	-99.534912
21823.901367	-98.290779
21829.284668	-99.226036
21834.667969	-98.601669
21840.051270	-98.140579
21845.434570	-98.271156
21850.817871	-97.434082
21856.201172	-97.479134
21861.584473	-96.771019
21866.967773	-96.395164
21872.351074	-95.142464
21877.734375	-94.965996
21883.117676	-94.579269
21888.500977	-93.450386
21893.884277	-92.845139
21899.267578	-91.857796
21904.650879	-91.885086
21910.034180	-90.674828
21915.417480	-90.122604
21920.800781	-89.497215
21926.184082	-89.020775
21931.567383	-88.865074
21936.950684	-88.646240
21942.333984	-89.079384
21947.717285	-89.198135
21953.100586	-89.869843
21958.483887	-89.933365
21963.867188	-90.921494
21969.250488	-92.436989
21974.633789	-93.128258
21980.017090	-94.834183
21985.400391	-95.661552
21990.783691	-98.368668
21996.166992	-99.376083
22001.550293	-99.868393
22006.933594	-98.426598
22012.316895	-99.544334
22017.700195	-97.489059
22023.083496	-96.275398
22028.466797	-95.991089
22033.850098	-95.401787
22039.233398	-94.559204
22044.616699	-93.748940
