Frequency (Hz)	Level (dB)
5.383301	-32.972057
10.766602	-29.358057
16.149902	-27.761036
21.533203	-27.060795
26.916504	-27.190849
32.299805	-27.542448
37.683105	-26.324791
43.066406	-26.292263
48.449707	-26.732378
53.833008	-27.316778
59.216309	-27.186380
64.599609	-26.866436
69.982910	-26.591681
75.366211	-26.546127
80.749512	-27.364120
86.132812	-28.249931
91.516113	-27.697922
96.899414	-27.416784
102.282715	-27.625231
107.666016	-28.046045
113.049316	-28.908552
118.432617	-30.440487
123.815918	-31.680986
129.199219	-30.392431
134.582520	-28.986782
139.965820	-29.327276
145.349121	-32.348999
150.732422	-35.920898
156.115723	-36.980515
161.499023	-38.084805
166.882324	-36.567616
172.265625	-35.857075
177.648926	-37.135269
183.032227	-31.899710
188.415527	-27.638363
193.798828	-26.008825
199.182129	-25.679943
204.565430	-25.117292
209.948730	-23.773335
215.332031	-24.118694
220.715332	-29.619133
226.098633	-41.078884
231.481934	-38.399700
236.865234	-37.242798
242.248535	-32.878128
247.631836	-31.565426
253.015137	-33.638996
258.398438	-33.936588
263.781738	-29.040930
269.165039	-26.849792
274.548340	-25.873026
279.931641	-25.628794
285.314941	-25.422905
290.698242	-24.587076
296.081543	-24.328272
301.464844	-26.544359
306.848145	-25.842230
312.231445	-21.752115
317.614746	-21.216061
322.998047	-24.177652
328.381348	-31.557291
333.764648	-38.028355
339.147949	-47.721039
344.531250	-35.167408
349.914551	-27.706993
355.297852	-24.330412
360.681152	-24.423136
366.064453	-28.083160
371.447754	-33.439758
376.831055	-32.421001
382.214355	-34.434193
387.597656	-41.572990
392.980957	-40.703667
398.364258	-32.283081
403.747559	-29.410723
409.130859	-30.030842
414.514160	-33.490124
419.897461	-41.755901
425.280762	-30.820747
430.664062	-25.933632
436.047363	-27.594248
441.430664	-29.883108
446.813965	-30.828108
452.197266	-35.375351
457.580566	-37.938000
462.963867	-35.520863
468.347168	-37.365570
473.730469	-45.424797
479.113770	-43.081558
484.497070	-38.818741
489.880371	-37.754921
495.263672	-36.931709
500.646973	-37.218246
506.030273	-41.505512
511.413574	-44.024837
516.796875	-42.781357
522.180176	-45.142139
527.563477	-43.490368
532.946777	-35.118595
538.330078	-30.278643
543.713379	-28.261358
549.096680	-29.071125
554.479980	-29.314089
559.863281	-27.957396
565.246582	-24.672155
570.629883	-19.688633
576.013184	-17.761639
581.396484	-18.671783
586.779785	-22.720898
592.163086	-27.201506
597.546387	-24.074636
602.929688	-20.721479
608.312988	-20.485048
613.696289	-24.602808
619.079590	-28.914202
624.462891	-28.014679
629.846191	-27.477913
635.229492	-26.208790
640.612793	-26.313641
645.996094	-29.055691
651.379395	-39.955990
656.762695	-25.218559
662.145996	-21.217451
667.529297	-23.668962
672.912598	-31.041859
678.295898	-32.535675
683.679199	-33.030628
689.062500	-34.747753
694.445801	-37.827488
699.829102	-32.672096
705.212402	-26.745190
710.595703	-25.988150
715.979004	-27.160292
721.362305	-25.572029
726.745605	-27.601973
732.128906	-31.040146
737.512207	-31.985561
742.895508	-36.089020
748.278809	-44.265072
753.662109	-39.949604
759.045410	-30.778563
764.428711	-27.347719
769.812012	-28.616198
775.195312	-36.565453
780.578613	-33.146095
785.961914	-28.079203
791.345215	-28.542400
796.728516	-34.060932
802.111816	-42.650734
807.495117	-37.204285
812.878418	-36.295044
818.261719	-37.556870
823.645020	-45.923016
829.028320	-39.917835
834.411621	-35.182194
839.794922	-34.529591
845.178223	-34.624126
850.561523	-34.865257
855.944824	-34.941963
861.328125	-35.478916
866.711426	-36.480587
872.094727	-36.759789
877.478027	-39.267742
882.861328	-38.604897
888.244629	-37.373699
893.627930	-38.461334
899.011230	-39.474255
904.394531	-40.686180
909.777832	-39.673229
915.161133	-38.255100
920.544434	-39.019547
925.927734	-38.791855
931.311035	-36.971527
936.694336	-36.395523
942.077637	-37.350128
947.460938	-38.919880
952.844238	-40.100903
958.227539	-38.696835
963.610840	-37.065006
968.994141	-38.719528
974.377441	-43.111874
979.760742	-41.415421
985.144043	-39.668804
990.527344	-36.845528
995.910645	-36.222977
1001.293945	-35.355652
1006.677246	-34.176903
1012.060547	-35.613937
1017.443848	-41.123116
1022.827148	-46.420559
1028.210449	-42.106884
1033.593750	-43.745171
1038.977051	-48.452831
1044.360352	-44.884369
1049.743652	-45.271221
1055.126953	-47.279732
1060.510254	-50.977348
1065.893555	-60.846931
1071.276855	-52.376183
1076.660156	-53.699345
1082.043457	-50.138096
1087.426758	-43.705456
1092.810059	-41.750160
1098.193359	-39.213329
1103.576660	-38.150074
1108.959961	-38.956650
1114.343262	-37.177513
1119.726562	-37.099327
1125.109863	-39.950653
1130.493164	-38.152779
1135.876465	-36.193218
1141.259766	-35.503036
1146.643066	-35.974602
1152.026367	-36.250038
1157.409668	-35.663311
1162.792969	-36.413158
1168.176270	-37.278217
1173.559570	-38.828854
1178.942871	-41.640358
1184.326172	-38.585846
1189.709473	-37.666473
1195.092773	-40.322891
1200.476074	-41.227222
1205.859375	-40.842041
1211.242676	-40.685387
1216.625977	-40.475937
1222.009277	-41.183456
1227.392578	-42.447586
1232.775879	-43.119865
1238.159180	-42.625328
1243.542480	-41.118587
1248.925781	-41.862320
1254.309082	-43.580669
1259.692383	-43.217907
1265.075684	-43.388058
1270.458984	-42.716446
1275.842285	-40.965057
1281.225586	-39.946857
1286.608887	-41.743801
1291.992188	-46.279728
1297.375488	-48.185417
1302.758789	-47.786152
1308.142090	-50.972404
1313.525391	-50.417778
1318.908691	-49.046619
1324.291992	-49.659836
1329.675293	-47.973248
1335.058594	-49.487152
1340.441895	-51.594791
1345.825195	-46.321976
1351.208496	-45.615822
1356.591797	-45.840168
1361.975098	-45.129215
1367.358398	-47.582462
1372.741699	-56.886734
1378.125000	-53.581448
1383.508301	-45.413879
1388.891602	-42.407730
1394.274902	-41.019402
1399.658203	-40.004784
1405.041504	-39.995819
1410.424805	-40.950890
1415.808105	-44.723743
1421.191406	-46.911983
1426.574707	-40.728195
1431.958008	-39.047852
1437.341309	-41.581726
1442.724609	-47.304081
1448.107910	-47.639435
1453.491211	-47.616135
1458.874512	-44.560993
1464.257812	-41.109177
1469.641113	-40.199657
1475.024414	-43.145973
1480.407715	-44.960743
1485.791016	-44.187252
1491.174316	-43.754162
1496.557617	-40.918854
1501.940918	-39.874817
1507.324219	-40.135860
1512.707520	-39.715172
1518.090820	-39.955944
1523.474121	-42.607937
1528.857422	-47.084660
1534.240723	-46.119434
1539.624023	-43.511227
1545.007324	-42.089886
1550.390625	-43.555649
1555.773926	-42.991787
1561.157227	-42.530487
1566.540527	-44.238358
1571.923828	-43.999264
1577.307129	-43.337147
1582.690430	-45.532089
1588.073730	-45.791531
1593.457031	-39.898300
1598.840332	-35.848156
1604.223633	-35.117588
1609.606934	-38.307831
1614.990234	-43.191490
1620.373535	-45.506367
1625.756836	-42.899727
1631.140137	-41.215794
1636.523438	-43.515697
1641.906738	-47.631672
1647.290039	-45.466507
1652.673340	-42.037724
1658.056641	-38.502396
1663.439941	-36.502838
1668.823242	-36.072197
1674.206543	-36.127522
1679.589844	-36.466064
1684.973145	-38.798325
1690.356445	-41.256844
1695.739746	-45.830097
1701.123047	-50.148548
1706.506348	-47.082619
1711.889648	-47.403194
1717.272949	-47.559204
1722.656250	-47.843933
1728.039551	-45.156403
1733.422852	-44.724102
1738.806152	-45.831821
1744.189453	-45.968754
1749.572754	-47.236137
1754.956055	-50.690128
1760.339355	-52.247097
1765.722656	-49.899586
1771.105957	-48.169106
1776.489258	-50.519096
1781.872559	-56.909355
1787.255859	-46.853497
1792.639160	-42.297413
1798.022461	-41.431534
1803.405762	-45.452568
1808.789062	-53.965691
1814.172363	-44.602394
1819.555664	-43.065922
1824.938965	-46.545170
1830.322266	-42.781456
1835.705566	-41.270672
1841.088867	-43.863411
1846.472168	-42.753517
1851.855469	-42.904701
1857.238770	-42.328411
1862.622070	-39.834469
1868.005371	-38.335320
1873.388672	-39.344086
1878.771973	-41.637257
1884.155273	-40.928955
1889.538574	-39.763477
1894.921875	-40.254997
1900.305176	-39.760197
1905.688477	-39.156654
1911.071777	-38.695690
1916.455078	-36.538322
1921.838379	-35.777851
1927.221680	-38.334728
1932.604980	-44.552483
1937.988281	-46.531319
1943.371582	-44.278461
1948.754883	-43.847519
1954.138184	-46.395771
1959.521484	-55.535538
1964.904785	-52.505692
1970.288086	-47.470688
1975.671387	-48.110870
1981.054688	-49.451683
1986.437988	-49.730770
1991.821289	-50.182785
1997.204590	-49.262592
2002.587891	-47.926270
2007.971191	-47.375011
2013.354492	-45.941147
2018.737793	-44.163429
2024.121094	-42.737442
2029.504395	-41.984814
2034.887695	-42.812588
2040.270996	-43.479027
2045.654297	-42.319534
2051.037598	-43.740208
2056.420898	-46.312408
2061.804199	-44.387833
2067.187500	-44.883320
2072.570801	-45.955887
2077.954102	-46.273079
2083.337402	-50.705303
2088.720703	-52.599869
2094.104004	-47.811218
2099.487305	-46.460613
2104.870605	-46.445946
2110.253906	-45.874596
2115.637207	-44.638851
2121.020508	-42.822914
2126.403809	-42.330025
2131.787109	-44.116371
2137.170410	-48.788616
2142.553711	-47.410728
2147.937012	-43.088711
2153.320312	-42.480083
2158.703613	-44.833317
2164.086914	-49.103168
2169.470215	-47.289394
2174.853516	-43.912861
2180.236816	-45.631672
2185.620117	-52.863670
2191.003418	-44.604706
2196.386719	-41.890366
2201.770020	-43.768131
2207.153320	-49.524181
2212.536621	-44.009918
2217.919922	-42.580936
2223.303223	-46.818729
2228.686523	-58.975925
2234.069824	-56.126270
2239.453125	-59.004589
2244.836426	-58.803215
2250.219727	-52.185078
2255.603027	-49.710419
2260.986328	-49.104164
2266.369629	-50.070892
2271.752930	-50.217438
2277.136230	-47.459785
2282.519531	-47.593597
2287.902832	-51.438496
2293.286133	-54.883995
2298.669434	-55.435223
2304.052734	-53.838379
2309.436035	-52.856327
2314.819336	-51.313099
2320.202637	-50.390934
2325.585938	-51.755798
2330.969238	-52.304752
2336.352539	-50.269714
2341.735840	-49.305359
2347.119141	-51.121872
2352.502441	-51.936428
2357.885742	-51.325016
2363.269043	-53.793983
2368.652344	-54.620869
2374.035645	-49.013081
2379.418945	-46.821243
2384.802246	-46.634052
2390.185547	-46.601120
2395.568848	-45.989746
2400.952148	-45.200321
2406.335449	-44.617657
2411.718750	-44.290489
2417.102051	-44.276970
2422.485352	-45.379158
2427.868652	-47.905285
2433.251953	-48.738487
2438.635254	-47.244030
2444.018555	-44.334606
2449.401855	-42.263790
2454.785156	-42.180576
2460.168457	-42.836063
2465.551758	-44.414032
2470.935059	-46.560619
2476.318359	-46.866135
2481.701660	-47.095421
2487.084961	-47.102104
2492.468262	-45.902431
2497.851562	-44.872925
2503.234863	-44.373970
2508.618164	-43.550850
2514.001465	-43.038994
2519.384766	-42.598976
2524.768066	-42.490234
2530.151367	-44.483902
2535.534668	-51.179741
2540.917969	-55.880238
2546.301270	-51.242607
2551.684570	-46.255703
2557.067871	-39.680954
2562.451172	-37.342545
2567.834473	-37.367947
2573.217773	-38.357327
2578.601074	-40.003620
2583.984375	-41.202034
2589.367676	-41.919289
2594.750977	-43.178402
2600.134277	-44.903896
2605.517578	-46.755787
2610.900879	-48.496994
2616.284180	-49.088661
2621.667480	-49.164326
2627.050781	-48.885448
2632.434082	-50.223961
2637.817383	-51.099384
2643.200684	-49.718555
2648.583984	-50.852016
2653.967285	-54.302158
2659.350586	-52.236805
2664.733887	-51.345268
2670.117188	-50.856308
2675.500488	-48.120991
2680.883789	-47.445618
2686.267090	-49.276596
2691.650391	-51.729843
2697.033691	-49.523403
2702.416992	-48.054409
2707.800293	-48.275082
2713.183594	-48.800957
2718.566895	-46.986744
2723.950195	-44.754929
2729.333496	-44.199142
2734.716797	-44.716541
2740.100098	-44.818924
2745.483398	-44.387730
2750.866699	-44.609055
2756.250000	-45.823784
2761.633301	-47.597771
2767.016602	-48.211811
2772.399902	-49.323444
2777.783203	-53.871613
2783.166504	-62.648594
2788.549805	-52.364292
2793.933105	-47.800110
2799.316406	-44.105316
2804.699707	-40.884487
2810.083008	-37.825447
2815.466309	-36.689590
2820.849609	-39.264946
2826.232910	-44.941296
2831.616211	-43.434444
2836.999512	-43.898586
2842.382812	-47.502121
2847.766113	-48.011913
2853.149414	-45.039078
2858.532715	-42.769028
2863.916016	-42.326130
2869.299316	-40.880325
2874.682617	-39.416164
2880.065918	-40.529022
2885.449219	-43.680553
2890.832520	-46.312206
2896.215820	-49.218971
2901.599121	-50.063911
2906.982422	-47.145107
2912.365723	-45.960110
2917.749023	-46.521793
2923.132324	-47.932384
2928.515625	-48.105518
2933.898926	-46.524181
2939.282227	-46.003830
2944.665527	-46.862591
2950.048828	-49.246056
2955.432129	-50.603554
2960.815430	-48.724171
2966.198730	-49.586987
2971.582031	-56.640018
2976.965332	-57.404316
2982.348633	-51.463951
2987.731934	-48.022018
2993.115234	-46.931156
2998.498535	-45.164326
3003.881836	-44.381680
3009.265137	-45.448624
3014.648438	-43.757286
3020.031738	-43.167114
3025.415039	-44.678711
3030.798340	-44.747124
3036.181641	-44.287086
3041.564941	-43.989941
3046.948242	-43.392780
3052.331543	-43.802181
3057.714844	-45.352333
3063.098145	-47.642384
3068.481445	-53.025742
3073.864746	-56.903500
3079.248047	-52.841942
3084.631348	-54.548775
3090.014648	-60.659672
3095.397949	-57.767513
3100.781250	-56.485485
3106.164551	-54.760838
3111.547852	-51.217194
3116.931152	-49.594250
3122.314453	-48.576523
3127.697754	-48.751945
3133.081055	-49.774197
3138.464355	-49.670250
3143.847656	-49.625988
3149.230957	-48.999687
3154.614258	-46.659935
3159.997559	-44.601433
3165.380859	-43.652321
3170.764160	-42.815384
3176.147461	-41.627468
3181.530762	-40.836941
3186.914062	-41.544899
3192.297363	-42.579510
3197.680664	-42.171772
3203.063965	-43.182583
3208.447266	-45.804134
3213.830566	-46.721291
3219.213867	-47.555115
3224.597168	-49.162220
3229.980469	-50.013073
3235.363770	-48.825993
3240.747070	-46.857277
3246.130371	-45.558197
3251.513672	-45.810486
3256.896973	-47.061192
3262.280273	-50.766750
3267.663574	-55.603634
3273.046875	-51.465702
3278.430176	-51.250500
3283.813477	-52.043247
3289.196777	-54.032547
3294.580078	-54.069965
3299.963379	-50.569221
3305.346680	-50.626675
3310.729980	-49.512630
3316.113281	-46.903927
3321.496582	-46.609650
3326.879883	-47.441757
3332.263184	-47.155033
3337.646484	-46.243591
3343.029785	-46.547230
3348.413086	-48.425682
3353.796387	-47.754704
3359.179688	-45.038212
3364.562988	-43.525581
3369.946289	-42.657536
3375.329590	-42.698174
3380.712891	-42.838909
3386.096191	-41.667614
3391.479492	-41.576904
3396.862793	-42.925026
3402.246094	-44.470707
3407.629395	-45.674561
3413.012695	-48.364777
3418.395996	-55.305386
3423.779297	-52.726948
3429.162598	-44.906338
3434.545898	-42.187649
3439.929199	-42.958431
3445.312500	-42.132648
3450.695801	-39.803417
3456.079102	-39.061150
3461.462402	-39.361404
3466.845703	-40.764427
3472.229004	-41.995697
3477.612305	-40.377865
3482.995605	-39.674534
3488.378906	-41.696857
3493.762207	-46.501354
3499.145508	-52.945164
3504.528809	-53.713203
3509.912109	-51.191071
3515.295410	-50.758011
3520.678711	-51.257103
3526.062012	-54.416355
3531.445312	-60.576813
3536.828613	-51.987286
3542.211914	-45.284626
3547.595215	-42.205379
3552.978516	-41.753216
3558.361816	-42.061409
3563.745117	-42.227783
3569.128418	-41.708565
3574.511719	-39.906918
3579.895020	-39.351505
3585.278320	-40.660393
3590.661621	-43.517590
3596.044922	-45.150543
3601.428223	-42.407063
3606.811523	-43.005432
3612.194824	-48.652042
3617.578125	-51.047054
3622.961426	-44.700024
3628.344727	-43.159683
3633.728027	-45.590641
3639.111328	-51.551739
3644.494629	-53.060608
3649.877930	-48.964390
3655.261230	-47.427437
3660.644531	-47.713047
3666.027832	-50.254879
3671.411133	-56.650894
3676.794434	-56.325981
3682.177734	-49.992981
3687.561035	-49.255821
3692.944336	-54.024666
3698.327637	-58.821968
3703.710938	-59.739368
3709.094238	-71.195206
3714.477539	-56.757053
3719.860840	-52.113789
3725.244141	-51.074413
3730.627441	-50.411709
3736.010742	-48.104439
3741.394043	-46.480293
3746.777344	-46.460190
3752.160645	-48.451084
3757.543945	-53.548717
3762.927246	-65.404861
3768.310547	-61.135925
3773.693848	-58.050026
3779.077148	-53.918461
3784.460449	-50.164932
3789.843750	-48.347221
3795.227051	-46.889553
3800.610352	-46.250381
3805.993652	-45.315735
3811.376953	-45.019772
3816.760254	-44.353542
3822.143555	-40.278900
3827.526855	-37.772591
3832.910156	-37.514603
3838.293457	-38.785637
3843.676758	-40.514626
3849.060059	-39.692791
3854.443359	-38.436398
3859.826660	-38.099403
3865.209961	-38.204559
3870.593262	-38.699680
3875.976562	-39.245987
3881.359863	-40.112583
3886.743164	-41.644642
3892.126465	-44.404297
3897.509766	-49.534004
3902.893066	-58.149200
3908.276367	-59.042564
3913.659668	-54.232769
3919.042969	-50.477936
3924.426270	-48.151657
3929.809570	-48.020023
3935.192871	-50.904037
3940.576172	-56.562195
3945.959473	-48.036221
3951.342773	-43.747643
3956.726074	-42.874004
3962.109375	-42.012848
3967.492676	-41.265804
3972.875977	-40.943039
3978.259277	-41.127941
3983.642578	-40.524532
3989.025879	-38.973785
3994.409180	-38.451077
3999.792480	-37.863964
4005.175781	-37.293976
4010.559082	-39.192001
4015.942383	-42.890602
4021.325684	-44.055756
4026.708984	-43.275410
4032.092285	-43.356010
4037.475586	-45.869225
4042.858887	-47.067623
4048.242188	-46.001347
4053.625488	-44.920189
4059.008789	-45.792160
4064.392090	-48.242813
4069.775391	-46.994122
4075.158691	-44.928085
4080.541992	-45.450294
4085.925293	-48.105942
4091.308594	-49.377480
4096.691895	-47.124069
4102.075195	-46.793674
4107.458496	-50.890297
4112.841797	-57.553249
4118.225098	-54.343910
4123.608398	-51.061852
4128.991699	-50.671497
4134.375000	-51.699265
4139.758301	-48.226097
4145.141602	-45.547020
4150.524902	-45.041130
4155.908203	-45.475922
4161.291504	-45.534470
4166.674805	-44.699368
4172.058105	-46.336567
4177.441406	-50.736027
4182.824707	-47.534000
4188.208008	-44.474522
4193.591309	-43.366043
4198.974609	-43.967861
4204.357910	-47.137844
4209.741211	-50.516293
4215.124512	-47.170357
4220.507812	-44.885849
4225.891113	-44.064693
4231.274414	-43.905132
4236.657715	-42.522381
4242.041016	-40.915733
4247.424316	-41.537991
4252.807617	-43.305820
4258.190918	-44.242443
4263.574219	-46.515423
4268.957520	-49.695881
4274.340820	-47.558174
4279.724121	-45.443184
4285.107422	-45.343079
4290.490723	-45.690037
4295.874023	-45.837509
4301.257324	-46.445675
4306.640625	-47.599556
4312.023926	-48.993126
4317.407227	-49.649124
4322.790527	-48.477287
4328.173828	-47.711357
4333.557129	-48.489357
4338.940430	-47.656338
4344.323730	-46.202526
4349.707031	-47.551796
4355.090332	-50.454067
4360.473633	-55.700718
4365.856934	-64.745697
4371.240234	-55.368458
4376.623535	-56.429153
4382.006836	-55.550083
4387.390137	-49.316341
4392.773438	-47.864197
4398.156738	-48.394642
4403.540039	-49.082447
4408.923340	-51.421852
4414.306641	-46.516293
4419.689941	-42.789219
4425.073242	-42.890705
4430.456543	-45.909756
4435.839844	-45.602711
4441.223145	-42.291641
4446.606445	-41.886036
4451.989746	-44.554901
4457.373047	-48.827114
4462.756348	-49.547356
4468.139648	-49.654324
4473.522949	-47.061790
4478.906250	-45.001858
4484.289551	-44.728645
4489.672852	-43.822384
4495.056152	-42.061935
4500.439453	-41.647636
4505.822754	-42.388489
4511.206055	-42.142551
4516.589355	-41.447254
4521.972656	-42.403294
4527.355957	-45.459011
4532.739258	-49.478207
4538.122559	-51.673443
4543.505859	-50.307980
4548.889160	-47.163727
4554.272461	-45.514671
4559.655762	-46.010498
4565.039062	-46.869282
4570.422363	-45.938866
4575.805664	-44.988392
4581.188965	-44.852718
4586.572266	-44.409679
4591.955566	-44.134415
4597.338867	-46.497250
4602.722168	-51.227489
4608.105469	-49.686935
4613.488770	-47.966984
4618.872070	-43.694118
4624.255371	-43.016094
4629.638672	-45.439972
4635.021973	-43.558578
4640.405273	-42.992741
4645.788574	-44.476662
4651.171875	-43.023888
4656.555176	-40.517178
4661.938477	-38.990215
4667.321777	-38.887608
4672.705078	-39.824463
4678.088379	-40.717709
4683.471680	-39.704235
4688.854980	-38.365314
4694.238281	-38.078575
4699.621582	-38.294769
4705.004883	-39.629505
4710.388184	-43.221523
4715.771484	-43.874405
4721.154785	-41.929718
4726.538086	-42.093594
4731.921387	-42.329376
4737.304688	-40.277855
4742.687988	-38.951550
4748.071289	-39.339809
4753.454590	-41.054600
4758.837891	-41.868874
4764.221191	-40.634705
4769.604492	-41.320400
4774.987793	-44.577797
4780.371094	-49.099377
4785.754395	-50.289387
4791.137695	-44.348137
4796.520996	-40.192627
4801.904297	-38.187035
4807.287598	-36.961166
4812.670898	-36.854710
4818.054199	-38.860069
4823.437500	-41.199219
4828.820801	-40.086464
4834.204102	-37.474052
4839.587402	-36.595921
4844.970703	-37.916779
4850.354004	-40.524239
4855.737305	-42.292187
4861.120605	-43.918137
4866.503906	-47.238983
4871.887207	-50.665443
4877.270508	-50.454563
4882.653809	-48.803959
4888.037109	-47.749203
4893.420410	-47.964008
4898.803711	-48.544060
4904.187012	-48.290016
4909.570312	-47.216995
4914.953613	-45.232014
4920.336914	-43.369408
4925.720215	-42.634003
4931.103516	-43.050282
4936.486816	-44.270187
4941.870117	-46.530781
4947.253418	-48.106030
4952.636719	-48.921074
4958.020020	-51.039799
4963.403320	-53.555271
4968.786621	-57.651203
4974.169922	-55.711697
4979.553223	-53.924923
4984.936523	-53.688293
4990.319824	-53.067818
4995.703125	-52.512638
5001.086426	-53.613937
5006.469727	-57.490776
5011.853027	-56.729366
5017.236328	-51.522137
5022.619629	-48.959583
5028.002930	-48.358688
5033.386230	-47.160221
5038.769531	-45.760246
5044.152832	-45.774044
5049.536133	-45.286232
5054.919434	-44.209026
5060.302734	-44.013905
5065.686035	-43.859749
5071.069336	-44.072269
5076.452637	-43.957497
5081.835938	-43.256538
5087.219238	-43.210182
5092.602539	-42.679893
5097.985840	-41.981609
5103.369141	-41.904842
5108.752441	-42.478348
5114.135742	-44.119675
5119.519043	-46.491203
5124.902344	-50.333954
5130.285645	-53.730885
5135.668945	-51.846199
5141.052246	-49.367359
5146.435547	-47.267742
5151.818848	-47.408543
5157.202148	-47.066959
5162.585449	-47.303982
5167.968750	-47.770767
5173.352051	-47.720047
5178.735352	-49.502296
5184.118652	-52.182655
5189.501953	-50.330276
5194.885254	-47.036652
5200.268555	-46.920269
5205.651855	-50.087624
5211.035156	-56.365696
5216.418457	-56.006241
5221.801758	-51.217403
5227.185059	-48.196175
5232.568359	-47.128292
5237.951660	-47.569508
5243.334961	-46.746132
5248.718262	-45.299038
5254.101562	-45.169670
5259.484863	-45.288960
5264.868164	-44.751877
5270.251465	-44.650669
5275.634766	-45.218292
5281.018066	-46.070438
5286.401367	-47.010479
5291.784668	-48.247540
5297.167969	-50.069389
5302.551270	-51.622734
5307.934570	-51.402431
5313.317871	-49.550842
5318.701172	-47.028496
5324.084473	-45.756710
5329.467773	-45.967091
5334.851074	-46.575989
5340.234375	-48.311073
5345.617676	-52.383942
5351.000977	-60.223621
5356.384277	-61.780338
5361.767578	-60.068478
5367.150879	-58.891350
5372.534180	-55.418568
5377.917480	-52.906746
5383.300781	-51.654861
5388.684082	-47.511868
5394.067383	-43.704185
5399.450684	-42.126560
5404.833984	-41.756874
5410.217285	-41.695103
5415.600586	-42.732491
5420.983887	-44.812710
5426.367188	-47.951759
5431.750488	-49.955414
5437.133789	-48.094872
5442.517090	-47.932228
5447.900391	-46.602787
5453.283691	-43.715714
5458.666992	-41.578796
5464.050293	-40.003132
5469.433594	-38.989677
5474.816895	-38.671600
5480.200195	-39.176708
5485.583496	-40.429939
5490.966797	-42.264278
5496.350098	-43.989174
5501.733398	-45.721447
5507.116699	-47.763115
5512.500000	-49.525406
5517.883301	-50.178638
5523.266602	-46.880764
5528.649902	-44.405785
5534.033203	-45.053085
5539.416504	-47.968269
5544.799805	-46.966511
5550.183105	-45.511513
5555.566406	-45.191158
5560.949707	-47.070503
5566.333008	-48.781948
5571.716309	-47.554230
5577.099609	-45.099991
5582.482910	-43.354450
5587.866211	-42.906307
5593.249512	-42.935402
5598.632812	-43.813557
5604.016113	-46.887226
5609.399414	-52.926674
5614.782715	-57.482956
5620.166016	-45.856472
5625.549316	-42.095322
5630.932617	-40.946362
5636.315918	-41.092506
5641.699219	-41.664696
5647.082520	-41.775032
5652.465820	-40.798717
5657.849121	-39.660515
5663.232422	-38.728271
5668.615723	-38.215504
5673.999023	-38.808239
5679.382324	-39.703690
5684.765625	-40.053474
5690.148926	-40.875484
5695.532227	-42.358604
5700.915527	-43.759701
5706.298828	-45.354542
5711.682129	-46.562778
5717.065430	-47.278286
5722.448730	-48.190781
5727.832031	-50.132278
5733.215332	-48.808228
5738.598633	-46.979321
5743.981934	-47.708660
5749.365234	-49.528275
5754.748535	-50.419853
5760.131836	-50.311260
5765.515137	-49.753353
5770.898438	-49.820232
5776.281738	-51.798962
5781.665039	-53.508430
5787.048340	-51.188568
5792.431641	-49.796478
5797.814941	-50.788933
5803.198242	-53.165203
5808.581543	-52.009369
5813.964844	-49.657688
5819.348145	-49.200253
5824.731445	-50.328617
5830.114746	-52.820969
5835.498047	-55.506050
5840.881348	-51.707973
5846.264648	-48.519699
5851.647949	-48.235409
5857.031250	-48.092789
5862.414551	-46.234894
5867.797852	-45.901493
5873.181152	-46.843338
5878.564453	-47.535065
5883.947754	-47.604137
5889.331055	-47.738075
5894.714355	-49.277950
5900.097656	-52.425102
5905.480957	-55.343475
5910.864258	-53.218353
5916.247559	-50.819031
5921.630859	-51.193878
5927.014160	-54.783947
5932.397461	-60.885384
5937.780762	-65.307121
5943.164062	-61.470253
5948.547363	-54.672710
5953.930664	-51.741680
5959.313965	-51.183449
5964.697266	-50.025589
5970.080566	-48.245708
5975.463867	-47.095734
5980.847168	-46.566601
5986.230469	-46.454521
5991.613770	-46.517731
5996.997070	-46.501083
6002.380371	-46.237877
6007.763672	-45.946537
6013.146973	-46.235863
6018.530273	-46.525455
6023.913574	-45.859638
6029.296875	-45.783169
6034.680176	-46.543861
6040.063477	-47.274734
6045.446777	-48.343357
6050.830078	-49.844280
6056.213379	-48.471531
6061.596680	-45.411949
6066.979980	-43.659866
6072.363281	-43.001205
6077.746582	-43.103214
6083.129883	-43.703815
6088.513184	-44.644733
6093.896484	-45.375675
6099.279785	-44.731461
6104.663086	-43.651875
6110.046387	-42.693333
6115.429688	-42.195412
6120.812988	-42.228107
6126.196289	-42.707111
6131.579590	-43.968163
6136.962891	-45.377121
6142.346191	-46.565414
6147.729492	-47.563114
6153.112793	-48.356812
6158.496094	-50.212593
6163.879395	-53.181519
6169.262695	-58.435329
6174.645996	-66.383575
6180.029297	-53.025204
6185.412598	-49.431221
6190.795898	-48.603523
6196.179199	-48.225300
6201.562500	-48.396954
6206.945801	-49.830284
6212.329102	-51.761402
6217.712402	-51.693909
6223.095703	-50.280312
6228.479004	-50.370392
6233.862305	-51.002071
6239.245605	-51.105934
6244.628906	-51.336082
6250.012207	-51.203640
6255.395508	-50.864658
6260.778809	-50.553524
6266.162109	-49.724152
6271.545410	-47.960930
6276.928711	-46.339622
6282.312012	-45.575417
6287.695312	-45.838913
6293.078613	-47.445927
6298.461914	-49.975525
6303.845215	-50.013279
6309.228516	-49.430164
6314.611816	-49.612572
6319.995117	-49.002396
6325.378418	-48.223976
6330.761719	-47.651852
6336.145020	-47.943897
6341.528320	-49.635593
6346.911621	-53.055950
6352.294922	-59.863907
6357.678223	-69.989372
6363.061523	-68.546768
6368.444824	-57.783241
6373.828125	-54.635929
6379.211426	-53.565746
6384.594727	-51.621002
6389.978027	-50.279774
6395.361328	-49.583088
6400.744629	-49.141537
6406.127930	-48.581112
6411.511230	-48.027603
6416.894531	-48.041145
6422.277832	-48.319221
6427.661133	-47.975491
6433.044434	-47.029694
6438.427734	-46.128891
6443.811035	-45.825001
6449.194336	-46.272503
6454.577637	-46.466396
6459.960938	-46.036896
6465.344238	-46.049679
6470.727539	-46.790768
6476.110840	-47.610905
6481.494141	-47.805191
6486.877441	-48.161049
6492.260742	-49.230682
6497.644043	-50.894810
6503.027344	-52.471058
6508.410645	-52.443859
6513.793945	-52.614155
6519.177246	-53.391163
6524.560547	-53.381130
6529.943848	-53.939301
6535.327148	-55.059639
6540.710449	-56.744171
6546.093750	-59.926880
6551.477051	-63.553501
6556.860352	-61.875183
6562.243652	-60.220440
6567.626953	-57.649803
6573.010254	-54.230400
6578.393555	-52.011208
6583.776855	-50.902706
6589.160156	-50.123135
6594.543457	-49.572392
6599.926758	-49.659946
6605.310059	-50.488110
6610.693359	-50.602234
6616.076660	-50.261791
6621.459961	-50.086948
6626.843262	-49.638966
6632.226562	-49.857613
6637.609863	-50.889515
6642.993164	-51.609306
6648.376465	-51.938332
6653.759766	-52.637020
6659.143066	-53.320602
6664.526367	-54.578369
6669.909668	-54.276798
6675.292969	-52.301193
6680.676270	-51.371765
6686.059570	-51.442558
6691.442871	-52.288242
6696.826172	-53.418583
6702.209473	-54.127502
6707.592773	-53.885429
6712.976074	-52.375862
6718.359375	-51.187954
6723.742676	-51.472931
6729.125977	-52.451351
6734.509277	-53.620392
6739.892578	-54.377747
6745.275879	-53.236382
6750.659180	-51.803276
6756.042480	-51.928391
6761.425781	-51.974602
6766.809082	-51.803925
6772.192383	-52.671242
6777.575684	-52.789761
6782.958984	-51.232594
6788.342285	-50.189373
6793.725586	-49.865932
6799.108887	-49.463341
6804.492188	-49.363823
6809.875488	-49.513584
6815.258789	-48.933243
6820.642090	-48.338856
6826.025391	-48.385715
6831.408691	-48.989582
6836.791992	-50.295303
6842.175293	-51.936722
6847.558594	-53.506199
6852.941895	-55.245296
6858.325195	-57.466621
6863.708496	-61.096214
6869.091797	-64.913589
6874.475098	-64.878403
6879.858398	-66.295723
6885.241699	-69.368782
6890.625000	-63.686436
6896.008301	-59.695648
6901.391602	-58.151508
6906.774902	-57.377132
6912.158203	-56.572407
6917.541504	-56.649422
6922.924805	-56.359924
6928.308105	-54.821037
6933.691406	-53.958412
6939.074707	-54.089489
6944.458008	-55.578918
6949.841309	-58.466988
6955.224609	-60.122604
6960.607910	-60.277889
6965.991211	-59.960041
6971.374512	-58.519978
6976.757812	-58.405121
6982.141113	-60.589493
6987.524414	-63.681324
6992.907715	-67.112518
6998.291016	-73.218140
7003.674316	-71.376205
7009.057617	-65.696144
7014.440918	-62.563915
7019.824219	-59.683922
7025.207520	-57.835171
7030.590820	-57.370323
7035.974121	-57.230225
7041.357422	-56.641201
7046.740723	-55.964596
7052.124023	-55.365913
7057.507324	-55.400612
7062.890625	-56.462841
7068.273926	-58.260418
7073.657227	-60.499901
7079.040527	-63.283054
7084.423828	-66.680313
7089.807129	-68.599869
7095.190430	-65.852760
7100.573730	-63.452023
7105.957031	-63.218731
7111.340332	-64.988716
7116.723633	-68.255455
7122.106934	-69.958183
7127.490234	-67.910683
7132.873535	-67.476852
7138.256836	-68.600525
7143.640137	-67.860077
7149.023438	-67.272186
7154.406738	-69.090508
7159.790039	-69.695587
7165.173340	-62.397221
7170.556641	-57.995552
7175.939941	-56.073307
7181.323242	-55.800964
7186.706543	-56.037853
7192.089844	-56.320019
7197.473145	-56.602726
7202.856445	-57.531738
7208.239746	-58.894768
7213.623047	-59.919804
7219.006348	-60.053440
7224.389648	-59.695541
7229.772949	-59.294582
7235.156250	-59.027260
7240.539551	-58.784325
7245.922852	-58.320000
7251.306152	-57.927795
7256.689453	-57.884708
7262.072754	-58.545227
7267.456055	-59.769901
7272.839355	-61.207386
7278.222656	-62.823406
7283.605957	-64.182854
7288.989258	-64.785767
7294.372559	-64.338341
7299.755859	-62.991947
7305.139160	-61.732155
7310.522461	-60.797489
7315.905762	-59.722023
7321.289062	-58.862991
7326.672363	-58.387241
7332.055664	-58.393246
7337.438965	-59.041527
7342.822266	-59.900322
7348.205566	-60.473251
7353.588867	-61.095562
7358.972168	-61.522366
7364.355469	-61.245152
7369.738770	-60.479107
7375.122070	-59.268612
7380.505371	-58.103001
7385.888672	-57.532890
7391.271973	-57.212284
7396.655273	-57.067635
7402.038574	-57.248058
7407.421875	-57.067860
7412.805176	-56.828716
7418.188477	-56.992218
7423.571777	-57.252739
7428.955078	-57.523842
7434.338379	-56.901287
7439.721680	-55.635239
7445.104980	-54.697212
7450.488281	-54.030636
7455.871582	-53.306141
7461.254883	-52.608700
7466.638184	-52.239895
7472.021484	-52.283409
7477.404785	-52.761528
7482.788086	-53.412060
7488.171387	-53.952435
7493.554688	-54.624603
7498.937988	-55.268524
7504.321289	-55.840672
7509.704590	-56.161854
7515.087891	-56.461391
7520.471191	-56.767311
7525.854492	-56.669170
7531.237793	-56.716591
7536.621094	-57.186222
7542.004395	-57.976860
7547.387695	-58.485310
7552.770996	-58.518818
7558.154297	-58.497593
7563.537598	-58.253944
7568.920898	-57.770855
7574.304199	-57.276897
7579.687500	-56.959427
7585.070801	-57.417095
7590.454102	-59.547428
7595.837402	-63.559174
7601.220703	-66.824371
7606.604004	-67.444038
7611.987305	-67.964485
7617.370605	-70.564209
7622.753906	-75.730103
7628.137207	-73.809486
7633.520508	-73.209686
7638.903809	-76.376892
7644.287109	-77.430038
7649.670410	-74.166443
7655.053711	-70.875008
7660.437012	-68.074516
7665.820312	-65.372246
7671.203613	-62.974117
7676.586914	-61.052597
7681.970215	-59.708996
7687.353516	-59.017071
7692.736816	-58.907520
7698.120117	-59.374935
7703.503418	-59.939365
7708.886719	-60.061489
7714.270020	-59.652233
7719.653320	-59.207874
7725.036621	-58.908031
7730.419922	-58.461929
7735.803223	-58.045818
7741.186523	-58.060390
7746.569824	-58.664425
7751.953125	-59.358685
7757.336426	-59.954208
7762.719727	-60.387661
7768.103027	-60.031498
7773.486328	-58.861332
7778.869629	-57.376911
7784.252930	-56.162884
7789.636230	-55.651611
7795.019531	-55.615852
7800.402832	-55.677082
7805.786133	-55.796005
7811.169434	-55.736298
7816.552734	-55.527416
7821.936035	-55.526817
7827.319336	-55.645676
7832.702637	-55.846001
7838.085938	-56.327942
7843.469238	-57.005508
7848.852539	-57.553211
7854.235840	-57.887516
7859.619141	-58.507446
7865.002441	-59.297043
7870.385742	-60.349129
7875.769043	-62.445709
7881.152344	-64.842545
7886.535645	-67.448891
7891.918945	-71.188454
7897.302246	-71.303955
7902.685547	-69.510666
7908.068848	-69.307739
7913.452148	-70.266235
7918.835449	-68.129341
7924.218750	-64.391396
7929.602051	-61.886074
7934.985352	-60.529339
7940.368652	-59.774082
7945.751953	-59.362823
7951.135254	-59.345303
7956.518555	-59.516136
7961.901855	-59.596066
7967.285156	-59.313499
7972.668457	-58.813099
7978.051758	-58.521713
7983.435059	-58.681637
7988.818359	-59.241676
7994.201660	-59.819481
7999.584961	-60.103622
8004.968262	-60.500496
8010.351562	-61.696575
8015.734863	-63.243427
8021.118164	-64.044876
8026.501465	-63.329987
8031.884766	-61.426228
8037.268066	-59.767483
8042.651367	-58.664970
8048.034668	-57.973434
8053.417969	-57.788620
8058.801270	-57.997292
8064.184570	-58.293510
8069.567871	-58.500263
8074.951172	-58.564690
8080.334473	-58.135563
8085.717773	-57.231422
8091.101074	-56.422382
8096.484375	-55.702309
8101.867676	-55.171440
8107.250977	-55.017796
8112.634277	-55.219513
8118.017578	-55.655106
8123.400879	-56.053272
8128.784180	-56.262646
8134.167480	-56.433994
8139.550781	-56.685867
8144.934082	-57.024258
8150.317383	-57.384029
8155.700684	-57.680882
8161.083984	-57.780640
8166.467285	-57.822392
8171.850586	-57.980869
8177.233887	-58.093678
8182.617188	-58.008049
8188.000488	-57.964344
8193.383789	-58.205196
8198.767090	-58.720921
8204.150391	-59.365242
8209.533691	-59.894928
8214.916992	-60.368076
8220.300293	-60.739235
8225.683594	-60.578789
8231.066895	-59.749462
8236.450195	-58.885529
8241.833496	-58.398926
8247.216797	-58.119835
8252.600098	-57.786114
8257.983398	-57.552593
8263.366699	-57.634438
8268.750000	-57.987003
8274.133301	-58.507446
8279.516602	-59.090111
8284.899902	-59.764133
8290.283203	-60.476326
8295.666504	-61.164204
8301.049805	-62.007324
8306.433105	-63.080936
8311.816406	-64.124939
8317.199707	-64.475899
8322.583008	-64.100136
8327.966309	-63.668228
8333.349609	-63.338417
8338.732910	-63.100437
8344.116211	-62.918072
8349.499512	-62.448097
8354.882812	-62.159195
8360.266113	-62.496979
8365.649414	-63.221424
8371.032715	-63.992432
8376.416016	-64.856827
8381.799316	-66.403130
8387.182617	-68.435127
8392.565918	-68.416191
8397.949219	-66.276291
8403.332520	-64.388565
8408.715820	-62.860023
8414.099121	-61.443111
8419.482422	-60.397804
8424.865723	-59.706280
8430.249023	-59.340591
8435.632324	-59.237396
8441.015625	-59.119438
8446.398926	-59.042702
8451.782227	-59.268486
8457.165527	-59.948753
8462.548828	-60.824272
8467.932129	-61.524296
8473.315430	-61.933529
8478.698730	-62.235229
8484.082031	-62.263268
8489.465332	-61.366283
8494.848633	-59.982895
8500.231934	-58.944374
8505.615234	-58.453693
8510.998535	-58.391075
8516.381836	-58.530998
8521.765137	-58.905285
8527.148438	-59.612007
8532.531738	-60.539597
8537.915039	-61.424320
8543.298340	-62.474010
8548.681641	-63.776546
8554.064941	-64.919662
8559.448242	-65.762970
8564.831543	-66.073059
8570.214844	-65.715942
8575.598145	-65.018661
8580.981445	-64.564362
8586.364746	-64.505829
8591.748047	-64.785614
8597.131348	-65.234612
8602.514648	-65.602478
8607.897949	-66.427620
8613.281250	-67.648270
8618.664551	-68.373703
8624.047852	-67.860641
8629.431152	-66.518120
8634.814453	-64.952309
8640.197754	-63.272972
8645.581055	-61.826271
8650.964355	-60.697319
8656.347656	-59.742271
8661.730957	-58.890308
8667.114258	-58.155930
8672.497559	-57.855637
8677.880859	-58.121544
8683.264160	-58.771534
8688.647461	-59.454395
8694.030762	-59.881645
8699.414062	-60.114483
8704.797363	-60.410717
8710.180664	-60.833221
8715.563965	-61.304871
8720.947266	-61.642220
8726.330566	-61.628376
8731.713867	-61.422180
8737.097168	-61.248966
8742.480469	-61.133266
8747.863770	-61.267269
8753.247070	-61.713974
8758.630371	-62.513737
8764.013672	-63.642273
8769.396973	-64.898842
8774.780273	-65.891411
8780.163574	-66.649857
8785.546875	-67.850388
8790.930176	-69.593430
8796.313477	-71.848259
8801.696777	-73.942024
8807.080078	-74.168694
8812.463379	-73.992828
8817.846680	-73.967766
8823.229980	-72.664703
8828.613281	-70.360512
8833.996582	-68.302856
8839.379883	-66.719818
8844.763184	-65.146431
8850.146484	-63.690929
8855.529785	-62.376720
8860.913086	-61.162693
8866.296387	-60.092148
8871.679688	-59.094147
8877.062988	-58.258804
8882.446289	-57.649776
8887.829590	-57.308300
8893.212891	-57.139805
8898.596191	-57.129684
8903.979492	-57.282482
8909.362793	-57.567940
8914.746094	-58.127686
8920.129395	-59.031998
8925.512695	-60.072037
8930.895996	-60.996162
8936.279297	-61.806503
8941.662598	-62.378429
8947.045898	-62.257336
8952.429199	-61.376339
8957.812500	-60.373260
8963.195801	-59.618031
8968.579102	-59.002171
8973.962402	-58.579559
8979.345703	-58.512791
8984.729004	-58.823723
8990.112305	-59.289333
8995.495605	-59.811970
9000.878906	-60.771301
9006.262207	-62.415276
9011.645508	-64.725159
9017.028809	-67.270027
9022.412109	-69.172424
9027.795410	-69.998009
9033.178711	-69.905846
9038.562012	-69.587608
9043.945312	-68.798172
9049.328613	-67.595306
9054.711914	-66.586441
9060.095215	-65.698341
9065.478516	-64.880287
9070.861816	-64.238411
9076.245117	-63.668968
9081.628418	-63.246109
9087.011719	-62.866436
9092.395020	-62.550941
9097.778320	-62.198868
9103.161621	-61.866653
9108.544922	-61.512104
9113.928223	-61.133312
9119.311523	-60.921089
9124.694824	-60.597462
9130.078125	-60.196972
9135.461426	-59.939899
9140.844727	-59.773041
9146.228027	-59.642712
9151.611328	-59.351917
9156.994629	-58.842575
9162.377930	-58.302250
9167.761230	-57.917393
9173.144531	-57.794895
9178.527832	-57.870262
9183.911133	-58.073677
9189.294434	-58.485718
9194.677734	-59.096825
9200.061035	-59.673809
9205.444336	-60.257107
9210.827637	-60.848228
9216.210938	-61.411743
9221.594238	-61.838058
9226.977539	-62.013447
9232.360840	-61.977692
9237.744141	-61.664600
9243.127441	-61.241226
9248.510742	-60.814312
9253.894043	-60.432999
9259.277344	-60.216064
9264.660645	-60.137428
9270.043945	-60.081665
9275.427246	-60.071335
9280.810547	-60.260082
9286.193848	-60.700191
9291.577148	-61.414768
9296.960449	-62.439594
9302.343750	-63.835491
9307.727051	-65.530167
9313.110352	-67.447479
9318.493652	-69.886116
9323.876953	-72.456886
9329.260254	-72.190079
9334.643555	-69.986588
9340.026855	-67.871918
9345.410156	-65.782990
9350.793457	-63.868927
9356.176758	-62.514889
9361.560059	-61.685719
9366.943359	-61.094120
9372.326660	-60.518490
9377.709961	-59.987041
9383.093262	-59.569782
9388.476562	-59.359089
9393.859863	-59.326439
9399.243164	-59.432369
9404.626465	-59.744873
9410.009766	-60.298267
9415.393066	-61.079227
9420.776367	-61.913673
9426.159668	-62.952015
9431.542969	-64.337730
9436.926270	-66.008156
9442.309570	-67.553413
9447.692871	-67.747215
9453.076172	-66.583199
9458.459473	-65.110809
9463.842773	-63.867359
9469.226074	-62.702900
9474.609375	-61.696980
9479.992676	-61.112244
9485.375977	-60.793327
9490.759277	-60.529236
9496.142578	-60.190231
9501.525879	-59.877766
9506.909180	-59.751507
9512.292480	-59.828285
9517.675781	-59.937756
9523.059082	-60.039223
9528.442383	-60.155857
9533.825684	-60.332199
9539.208984	-60.698391
9544.592285	-61.199497
9549.975586	-61.754387
9555.358887	-62.238960
9560.742188	-62.695229
9566.125488	-63.109005
9571.508789	-63.400593
9576.892090	-63.577793
9582.275391	-63.869244
9587.658691	-64.122963
9593.041992	-63.975925
9598.425293	-63.662605
9603.808594	-63.601879
9609.191895	-63.769035
9614.575195	-63.635536
9619.958496	-63.146439
9625.341797	-62.812096
9630.725098	-62.658447
9636.108398	-62.559780
9641.491699	-62.424812
9646.875000	-62.125530
9652.258301	-61.755829
9657.641602	-61.497131
9663.024902	-61.324902
9668.408203	-61.115582
9673.791504	-61.016319
9679.174805	-61.171162
9684.558105	-61.473293
9689.941406	-61.784863
9695.324707	-62.229546
9700.708008	-62.879047
9706.091309	-63.482422
9711.474609	-63.758057
9716.857910	-63.812420
9722.241211	-63.923054
9727.624512	-64.275497
9733.007812	-64.762360
9738.391113	-65.302040
9743.774414	-65.954849
9749.157715	-66.947472
9754.541016	-68.158905
9759.924316	-69.776054
9765.307617	-72.741508
9770.690918	-77.903252
9776.074219	-88.363922
9781.457520	-83.484894
9786.840820	-76.175812
9792.224121	-72.582642
9797.607422	-70.441315
9802.990723	-69.190598
9808.374023	-68.246124
9813.757324	-67.622307
9819.140625	-67.539291
9824.523926	-67.924545
9829.907227	-68.714211
9835.290527	-70.051231
9840.673828	-72.243027
9846.057129	-75.206863
9851.440430	-79.249191
9856.823730	-81.855446
9862.207031	-80.583755
9867.590332	-78.061951
9872.973633	-75.137672
9878.356934	-73.392204
9883.740234	-72.269661
9889.123535	-71.307343
9894.506836	-70.620758
9899.890137	-70.138443
9905.273438	-69.757515
9910.656738	-69.260193
9916.040039	-68.549347
9921.423340	-67.604256
9926.806641	-66.683090
9932.189941	-65.847099
9937.573242	-65.152771
9942.956543	-64.594818
9948.339844	-64.166374
9953.723145	-63.786930
9959.106445	-63.549496
9964.489746	-63.439774
9969.873047	-63.481400
9975.256348	-63.681709
9980.639648	-64.023857
9986.022949	-64.506477
9991.406250	-65.199615
9996.789551	-66.245644
10002.172852	-67.563942
10007.556152	-69.369019
10012.939453	-72.031647
10018.322754	-75.594070
10023.706055	-78.502663
10029.089355	-77.766380
10034.472656	-76.247337
10039.855957	-74.921104
10045.239258	-73.505241
10050.622559	-72.551338
10056.005859	-72.188637
10061.389160	-72.431061
10066.772461	-72.902901
10072.155762	-73.459290
10077.539062	-73.712631
10082.922363	-73.208305
10088.305664	-71.973190
10093.688965	-70.607338
10099.072266	-69.115929
10104.455566	-67.564270
10109.838867	-66.034424
10115.222168	-64.749779
10120.605469	-63.796944
10125.988770	-63.143078
10131.372070	-62.705666
10136.755371	-62.435715
10142.138672	-62.476620
10147.521973	-62.717434
10152.905273	-63.034901
10158.288574	-63.468502
10163.671875	-64.191437
10169.055176	-65.315201
10174.438477	-66.649567
10179.821777	-67.443680
10185.205078	-66.938263
10190.588379	-65.719421
10195.971680	-64.421455
10201.354980	-63.102783
10206.738281	-61.888702
10212.121582	-60.908215
10217.504883	-60.260746
10222.888184	-59.819607
10228.271484	-59.426758
10233.654785	-59.129528
10239.038086	-59.007889
10244.421387	-59.074123
10249.804688	-59.320461
10255.187988	-59.763401
10260.571289	-60.306828
10265.954590	-60.875237
10271.337891	-61.462234
10276.721191	-62.113205
10282.104492	-62.731548
10287.487793	-63.197464
10292.871094	-63.533989
10298.254395	-63.698143
10303.637695	-63.610909
10309.020996	-63.230804
10314.404297	-62.691582
10319.787598	-62.049652
10325.170898	-61.410152
10330.554199	-60.929176
10335.937500	-60.667042
10341.320801	-60.691502
10346.704102	-60.902004
10352.087402	-61.277935
10357.470703	-61.780602
10362.854004	-62.403351
10368.237305	-63.117695
10373.620605	-63.756126
10379.003906	-64.089256
10384.387207	-63.882236
10389.770508	-63.336349
10395.153809	-62.779491
10400.537109	-62.357433
10405.920410	-61.985817
10411.303711	-61.669926
10416.687012	-61.447556
10422.070312	-61.227592
10427.453613	-61.038662
10432.836914	-60.933628
10438.220215	-61.031136
10443.603516	-61.361134
10448.986816	-61.899170
10454.370117	-62.644184
10459.753418	-63.538929
10465.136719	-64.564262
10470.520020	-65.739372
10475.903320	-66.785858
10481.286621	-67.649414
10486.669922	-68.330429
10492.053223	-68.305405
10497.436523	-67.718399
10502.819824	-67.361031
10508.203125	-67.509544
10513.586426	-68.008072
10518.969727	-68.977318
10524.353027	-70.675346
10529.736328	-73.419968
10535.119629	-78.663879
10540.502930	-88.961876
10545.886230	-76.767097
10551.269531	-71.568924
10556.652832	-68.628807
10562.036133	-66.639671
10567.419434	-65.248810
10572.802734	-64.302841
10578.186035	-63.646240
10583.569336	-63.213173
10588.952637	-63.000015
10594.335938	-63.019276
10599.719238	-63.172474
10605.102539	-63.428391
10610.485840	-63.646027
10615.869141	-63.764507
10621.252441	-63.746006
10626.635742	-63.450520
10632.019043	-63.051556
10637.402344	-62.795097
10642.785645	-62.685078
10648.168945	-62.608864
10653.552246	-62.524895
10658.935547	-62.400169
10664.318848	-62.333488
10669.702148	-62.509567
10675.085449	-62.792591
10680.468750	-63.127316
10685.852051	-63.578011
10691.235352	-64.226883
10696.618652	-65.032547
10702.001953	-65.903702
10707.385254	-66.814056
10712.768555	-67.514389
10718.151855	-67.762802
10723.535156	-67.646973
10728.918457	-67.439835
10734.301758	-67.250084
10739.685059	-67.150276
10745.068359	-67.020851
10750.451660	-66.905739
10755.834961	-66.923576
10761.218262	-67.096458
10766.601562	-67.395004
10771.984863	-67.607414
10777.368164	-67.901993
10782.751465	-68.379280
10788.134766	-68.935684
10793.518066	-69.369568
10798.901367	-69.714203
10804.284668	-69.879425
10809.667969	-69.803215
10815.051270	-69.708847
10820.434570	-69.506340
10825.817871	-68.897034
10831.201172	-67.831268
10836.584473	-66.554405
10841.967773	-65.243004
10847.351074	-64.083946
10852.734375	-63.270706
10858.117676	-62.785011
10863.500977	-62.488468
10868.884277	-62.202961
10874.267578	-61.974236
10879.650879	-61.911339
10885.034180	-62.086414
10890.417480	-62.535828
10895.800781	-63.334171
10901.184082	-64.519188
10906.567383	-65.855698
10911.950684	-67.099861
10917.333984	-67.938934
10922.717285	-68.245377
10928.100586	-68.009453
10933.483887	-67.380562
10938.867188	-66.484711
10944.250488	-65.408745
10949.633789	-64.272804
10955.017090	-63.395096
10960.400391	-62.932892
10965.783691	-62.816223
10971.166992	-63.015728
10976.550293	-63.427185
10981.933594	-63.807461
10987.316895	-64.010406
10992.700195	-63.982670
10998.083496	-63.910309
11003.466797	-63.987068
11008.850098	-64.152245
11014.233398	-64.219086
11019.616699	-64.022308
11025.000000	-63.647686
11030.383301	-63.160816
11035.766602	-62.622589
11041.149902	-62.116493
11046.533203	-61.666264
11051.916504	-61.328922
11057.299805	-61.074070
11062.683105	-60.935242
11068.066406	-60.917767
11073.449707	-60.971893
11078.833008	-61.093513
11084.216309	-61.222477
11089.599609	-61.289845
11094.982910	-61.258846
11100.366211	-61.191227
11105.749512	-61.158798
11111.132812	-61.191071
11116.516113	-61.278004
11121.899414	-61.292881
11127.282715	-61.260132
11132.666016	-61.213722
11138.049316	-61.178860
11143.432617	-61.137371
11148.815918	-61.048256
11154.199219	-61.006767
11159.582520	-61.039215
11164.965820	-61.129292
11170.349121	-61.254066
11175.732422	-61.478142
11181.115723	-61.786266
11186.499023	-62.030529
11191.882324	-62.265488
11197.265625	-62.438511
11202.648926	-62.410141
11208.032227	-62.165245
11213.415527	-61.823616
11218.798828	-61.450680
11224.182129	-60.997543
11229.565430	-60.483124
11234.948730	-59.981365
11240.332031	-59.541203
11245.715332	-59.144791
11251.098633	-58.844780
11256.481934	-58.659100
11261.865234	-58.526009
11267.248535	-58.475338
11272.631836	-58.495010
11278.015137	-58.515575
11283.398438	-58.530544
11288.781738	-58.502876
11294.165039	-58.443420
11299.548340	-58.403301
11304.931641	-58.350491
11310.314941	-58.286060
11315.698242	-58.259678
11321.081543	-58.298100
11326.464844	-58.412041
11331.848145	-58.574379
11337.231445	-58.781189
11342.614746	-59.047234
11347.998047	-59.390396
11353.381348	-59.849995
11358.764648	-60.405476
11364.147949	-61.132198
11369.531250	-62.085476
11374.914551	-63.192795
11380.297852	-64.259750
11385.681152	-65.128944
11391.064453	-65.755692
11396.447754	-66.154160
11401.831055	-66.313469
11407.214355	-66.309204
11412.597656	-66.245995
11417.980957	-66.364830
11423.364258	-66.590553
11428.747559	-66.909081
11434.130859	-67.517509
11439.514160	-68.448746
11444.897461	-69.319504
11450.280762	-69.843826
11455.664062	-70.221329
11461.047363	-70.215714
11466.430664	-69.653534
11471.813965	-68.942917
11477.197266	-68.117081
11482.580566	-67.204399
11487.963867	-66.504456
11493.347168	-66.153122
11498.730469	-65.934464
11504.113770	-65.671509
11509.497070	-65.325600
11514.880371	-65.020874
11520.263672	-64.862251
11525.646973	-64.732735
11531.030273	-64.622192
11536.413574	-64.563866
11541.796875	-64.585426
11547.180176	-64.515602
11552.563477	-64.348358
11557.946777	-64.160698
11563.330078	-63.854893
11568.713379	-63.491077
11574.096680	-63.174500
11579.479980	-62.935776
11584.863281	-62.690815
11590.246582	-62.487846
11595.629883	-62.372856
11601.013184	-62.360065
11606.396484	-62.463852
11611.779785	-62.538414
11617.163086	-62.549126
11622.546387	-62.591740
11627.929688	-62.733345
11633.312988	-62.884476
11638.696289	-63.032253
11644.079590	-63.237743
11649.462891	-63.400463
11654.846191	-63.436901
11660.229492	-63.421223
11665.612793	-63.529026
11670.996094	-63.814396
11676.379395	-64.168915
11681.762695	-64.623749
11687.145996	-65.127487
11692.529297	-65.710831
11697.912598	-66.357986
11703.295898	-67.178001
11708.679199	-68.198235
11714.062500	-69.524277
11719.445801	-70.915230
11724.829102	-71.901459
11730.212402	-72.359543
11735.595703	-72.230942
11740.979004	-71.747559
11746.362305	-71.061150
11751.745605	-70.381813
11757.128906	-69.734436
11762.512207	-69.154961
11767.895508	-68.670891
11773.278809	-68.091827
11778.662109	-67.488831
11784.045410	-66.977776
11789.428711	-66.762329
11794.812012	-66.750481
11800.195312	-66.809334
11805.578613	-66.886848
11810.961914	-67.255669
11816.345215	-68.004837
11821.728516	-68.960045
11827.111816	-70.142967
11832.495117	-71.599045
11837.878418	-72.641754
11843.261719	-72.677689
11848.645020	-71.961449
11854.028320	-70.667984
11859.411621	-69.197479
11864.794922	-68.064743
11870.178223	-67.263596
11875.561523	-66.738899
11880.944824	-66.406555
11886.328125	-66.254913
11891.711426	-66.269951
11897.094727	-66.326515
11902.478027	-66.518776
11907.861328	-66.838081
11913.244629	-67.096222
11918.627930	-67.204124
11924.011230	-67.250229
11929.394531	-67.329002
11934.777832	-67.289337
11940.161133	-67.213509
11945.544434	-67.187332
11950.927734	-67.240799
11956.311035	-67.190407
11961.694336	-66.988083
11967.077637	-66.734535
11972.460938	-66.486290
11977.844238	-66.422684
11983.227539	-66.475655
11988.610840	-66.387657
11993.994141	-66.164223
11999.377441	-65.902824
12004.760742	-65.642883
12010.144043	-65.459717
12015.527344	-65.346893
12020.910645	-65.275383
12026.293945	-65.227379
12031.677246	-65.170845
12037.060547	-65.030502
12042.443848	-64.772552
12047.827148	-64.379143
12053.210449	-63.986118
12058.593750	-63.581993
12063.977051	-63.103981
12069.360352	-62.641594
12074.743652	-62.198166
12080.126953	-61.780636
12085.510254	-61.450588
12090.893555	-61.221142
12096.276855	-61.041306
12101.660156	-60.937256
12107.043457	-60.890781
12112.426758	-60.864845
12117.810059	-60.939247
12123.193359	-61.110744
12128.576660	-61.345837
12133.959961	-61.569248
12139.343262	-61.802933
12144.726562	-62.136608
12150.109863	-62.479885
12155.493164	-62.763813
12160.876465	-63.031719
12166.259766	-63.286716
12171.643066	-63.310455
12177.026367	-63.079208
12182.409668	-62.778217
12187.792969	-62.526802
12193.176270	-62.333965
12198.559570	-62.116112
12203.942871	-61.950684
12209.326172	-61.924736
12214.709473	-62.008739
12220.092773	-62.109325
12225.476074	-62.262131
12230.859375	-62.524513
12236.242676	-62.801731
12241.625977	-62.893658
12247.009277	-62.688396
12252.392578	-62.405861
12257.775879	-62.233231
12263.159180	-62.202011
12268.542480	-62.254803
12273.925781	-62.413780
12279.309082	-62.747360
12284.692383	-63.115749
12290.075684	-63.536163
12295.458984	-63.993103
12300.842285	-64.342308
12306.225586	-64.622093
12311.608887	-64.873207
12316.992188	-65.165833
12322.375488	-65.348457
12327.758789	-65.331139
12333.142090	-65.302841
12338.525391	-65.336403
12343.908691	-65.459610
12349.291992	-65.679779
12354.675293	-66.140633
12360.058594	-66.771805
12365.441895	-67.270180
12370.825195	-67.628876
12376.208496	-68.203079
12381.591797	-68.968262
12386.975098	-69.756271
12392.358398	-70.735207
12397.741699	-71.921265
12403.125000	-73.346321
12408.508301	-74.818764
12413.891602	-76.010056
12419.274902	-76.341469
12424.658203	-75.761131
12430.041504	-74.568306
12435.424805	-73.445084
12440.808105	-72.533241
12446.191406	-71.873055
12451.574707	-71.473572
12456.958008	-71.134109
12462.341309	-70.481667
12467.724609	-69.205139
12473.107910	-67.902840
12478.491211	-67.060455
12483.874512	-66.638634
12489.257812	-66.271996
12494.641113	-65.894676
12500.024414	-65.578133
12505.407715	-65.276367
12510.791016	-65.036713
12516.174316	-64.798286
12521.557617	-64.578934
12526.940918	-64.451332
12532.324219	-64.381004
12537.707520	-64.261932
12543.090820	-64.185989
12548.474121	-64.087868
12553.857422	-63.957619
12559.240723	-63.985840
12564.624023	-64.134033
12570.007324	-64.247307
12575.390625	-64.327606
12580.773926	-64.608810
12586.157227	-64.982857
12591.540527	-65.155846
12596.923828	-65.069901
12602.307129	-64.909462
12607.690430	-64.772087
12613.073730	-64.675407
12618.457031	-64.551254
12623.840332	-64.375839
12629.223633	-64.316795
12634.606934	-64.338104
12639.990234	-64.279556
12645.373535	-64.002548
12650.756836	-63.652737
12656.140137	-63.408207
12661.523438	-63.093834
12666.906738	-62.714756
12672.290039	-62.426807
12677.673340	-62.248402
12683.056641	-62.068459
12688.439941	-61.876377
12693.823242	-61.769260
12699.206543	-61.798256
12704.589844	-61.955379
12709.973145	-62.170551
12715.356445	-62.419662
12720.739746	-62.766571
12726.123047	-63.178276
12731.506348	-63.600712
12736.889648	-63.959648
12742.272949	-64.208664
12747.656250	-64.206619
12753.039551	-64.043602
12758.422852	-63.918915
12763.806152	-63.778591
12769.189453	-63.586891
12774.572754	-63.408550
12779.956055	-63.347004
12785.339355	-63.339577
12790.722656	-63.312069
12796.105957	-63.291176
12801.489258	-63.359310
12806.872559	-63.476219
12812.255859	-63.518372
12817.639160	-63.554337
12823.022461	-63.589397
12828.405762	-63.562508
12833.789062	-63.502106
12839.172363	-63.416172
12844.555664	-63.303970
12849.938965	-63.258213
12855.322266	-63.339809
12860.705566	-63.381065
12866.088867	-63.414299
12871.472168	-63.572922
12876.855469	-63.864624
12882.238770	-64.245277
12887.622070	-64.644287
12893.005371	-65.055527
12898.388672	-65.402878
12903.771973	-65.620300
12909.155273	-65.669289
12914.538574	-65.747803
12919.921875	-65.855507
12925.305176	-65.783058
12930.688477	-65.855629
12936.071777	-66.155785
12941.455078	-66.458160
12946.838379	-66.815895
12952.221680	-67.416542
12957.604980	-68.240517
12962.988281	-69.042999
12968.371582	-69.738022
12973.754883	-70.073105
12979.138184	-69.821548
12984.521484	-69.256348
12989.904785	-68.433754
12995.288086	-67.330360
13000.671387	-66.288132
13006.054688	-65.628593
13011.437988	-65.301414
13016.821289	-65.184372
13022.204590	-65.179535
13027.587891	-65.151978
13032.971191	-65.005524
13038.354492	-64.779816
13043.737793	-64.522964
13049.121094	-64.212883
13054.504395	-63.964520
13059.887695	-63.829884
13065.270996	-63.693825
13070.654297	-63.530136
13076.037598	-63.306427
13081.420898	-63.184273
13086.804199	-63.138397
13092.187500	-63.031181
13097.570801	-62.924927
13102.954102	-62.844913
13108.337402	-62.782291
13113.720703	-62.684906
13119.104004	-62.597126
13124.487305	-62.594746
13129.870605	-62.620327
13135.253906	-62.684975
13140.637207	-62.818012
13146.020508	-63.018723
13151.403809	-63.199959
13156.787109	-63.433338
13162.170410	-63.811607
13167.553711	-64.264305
13172.937012	-64.631012
13178.320312	-65.063034
13183.703613	-65.757721
13189.086914	-66.496429
13194.470215	-67.142578
13199.853516	-67.814568
13205.236816	-68.497375
13210.620117	-68.940536
13216.003418	-69.076866
13221.386719	-69.306618
13226.770020	-69.603493
13232.153320	-69.686279
13237.536621	-69.783485
13242.919922	-70.244690
13248.303223	-71.009842
13253.686523	-71.791733
13259.069824	-72.627266
13264.453125	-73.989502
13269.836426	-76.101830
13275.219727	-78.611259
13280.603027	-81.709450
13285.986328	-88.074959
13291.369629	-88.920403
13296.752930	-81.475601
13302.136230	-77.381332
13307.519531	-74.459007
13312.902832	-72.711212
13318.286133	-71.599770
13323.669434	-70.637703
13329.052734	-69.896042
13334.436035	-69.669762
13339.819336	-69.886406
13345.202637	-70.152168
13350.585938	-70.456337
13355.969238	-70.958702
13361.352539	-71.726860
13366.735840	-72.569565
13372.119141	-73.719177
13377.502441	-75.195930
13382.885742	-76.983086
13388.269043	-78.689888
13393.652344	-79.722023
13399.035645	-79.611259
13404.418945	-78.435959
13409.802246	-77.090851
13415.185547	-75.968742
13420.568848	-75.605400
13425.952148	-75.454575
13431.335449	-74.331306
13436.718750	-72.815208
13442.102051	-71.596634
13447.485352	-70.418678
13452.868652	-69.387321
13458.251953	-68.776871
13463.635254	-68.438217
13469.018555	-68.008049
13474.401855	-67.439148
13479.785156	-66.951813
13485.168457	-66.553253
13490.551758	-66.323265
13495.935059	-66.352867
13501.318359	-66.537338
13506.701660	-66.872040
13512.084961	-67.267891
13517.468262	-67.662315
13522.851562	-68.236740
13528.234863	-69.171028
13533.618164	-70.153763
13539.001465	-70.997322
13544.384766	-72.076675
13549.768066	-73.048965
13555.151367	-73.629478
13560.534668	-73.999260
13565.917969	-74.566017
13571.301270	-74.741791
13576.684570	-74.032463
13582.067871	-73.419769
13587.451172	-73.109772
13592.834473	-72.933922
13598.217773	-72.766510
13603.601074	-72.719185
13608.984375	-72.733299
13614.367676	-72.723190
13619.750977	-72.464874
13625.134277	-71.890350
13630.517578	-71.500069
13635.900879	-71.594765
13641.284180	-72.065109
13646.667480	-72.451523
13652.050781	-72.574875
13657.434082	-72.456001
13662.817383	-72.188660
13668.200684	-71.857361
13673.583984	-71.635452
13678.967285	-71.511368
13684.350586	-71.487206
13689.733887	-71.846329
13695.117188	-72.453293
13700.500488	-72.881248
13705.883789	-72.775024
13711.267090	-72.561020
13716.650391	-72.582588
13722.033691	-72.788269
13727.416992	-73.132698
13732.800293	-73.654617
13738.183594	-74.674698
13743.566895	-75.763580
13748.950195	-75.618706
13754.333496	-75.040085
13759.716797	-75.105919
13765.100098	-75.477730
13770.483398	-75.929115
13775.866699	-76.624283
13781.250000	-77.606941
13786.633301	-78.761894
13792.016602	-80.516029
13797.399902	-81.539215
13802.783203	-80.807556
13808.166504	-79.707138
13813.549805	-78.690155
13818.933105	-77.250717
13824.316406	-75.411621
13829.699707	-73.776466
13835.083008	-72.206932
13840.466309	-70.953674
13845.849609	-70.352791
13851.232910	-70.210640
13856.616211	-70.127518
13861.999512	-69.934372
13867.382812	-69.915497
13872.766113	-70.007187
13878.149414	-69.910004
13883.532715	-69.689812
13888.916016	-69.299652
13894.299316	-68.831841
13899.682617	-68.488022
13905.065918	-67.956619
13910.449219	-67.026718
13915.832520	-66.086731
13921.215820	-65.451836
13926.599121	-65.006973
13931.982422	-64.634918
13937.365723	-64.413422
13942.749023	-64.383972
13948.132324	-64.467850
13953.515625	-64.638779
13958.898926	-64.870422
13964.282227	-65.139511
13969.665527	-65.439453
13975.048828	-65.634636
13980.432129	-65.712898
13985.815430	-65.733940
13991.198730	-65.734917
13996.582031	-65.716431
14001.965332	-65.683357
14007.348633	-65.791191
14012.731934	-66.040558
14018.115234	-66.394661
14023.498535	-66.754440
14028.881836	-67.069794
14034.265137	-67.611404
14039.648438	-68.509872
14045.031738	-69.501572
14050.415039	-70.382172
14055.798340	-71.075111
14061.181641	-71.580299
14066.564941	-72.181061
14071.948242	-72.787537
14077.331543	-73.163879
14082.714844	-73.611130
14088.098145	-74.233444
14093.481445	-74.714752
14098.864746	-75.128822
14104.248047	-75.971375
14109.631348	-77.422592
14115.014648	-78.617210
14120.397949	-79.136833
14125.781250	-79.810013
14131.164551	-81.554886
14136.547852	-83.072983
14141.931152	-78.517632
14147.314453	-74.828484
14152.697754	-73.007080
14158.081055	-72.173981
14163.464355	-72.066689
14168.847656	-72.374565
14174.230957	-72.821663
14179.614258	-73.149521
14184.997559	-73.476273
14190.380859	-73.886787
14195.764160	-74.500725
14201.147461	-75.155724
14206.530762	-75.777336
14211.914062	-76.386436
14217.297363	-76.384216
14222.680664	-76.256149
14228.063965	-76.187714
14233.447266	-75.443619
14238.830566	-74.123764
14244.213867	-72.968979
14249.597168	-71.930565
14254.980469	-70.861862
14260.363770	-69.922653
14265.747070	-69.284744
14271.130371	-69.082756
14276.513672	-69.132179
14281.896973	-69.207603
14287.280273	-69.512253
14292.663574	-70.014511
14298.046875	-70.500359
14303.430176	-70.662643
14308.813477	-70.611397
14314.196777	-70.573288
14319.580078	-70.637711
14324.963379	-70.827942
14330.346680	-71.000992
14335.729980	-71.238075
14341.113281	-71.342834
14346.496582	-71.237854
14351.879883	-70.877098
14357.263184	-70.447990
14362.646484	-70.336243
14368.029785	-70.524544
14373.413086	-70.669968
14378.796387	-70.666794
14384.179688	-70.873039
14389.562988	-71.102982
14394.946289	-70.850380
14400.329590	-70.589325
14405.712891	-70.539734
14411.096191	-70.635162
14416.479492	-70.743683
14421.862793	-70.927895
14427.246094	-71.229324
14432.629395	-71.480125
14438.012695	-71.950531
14443.395996	-72.825302
14448.779297	-73.719116
14454.162598	-74.217781
14459.545898	-75.109863
14464.929199	-76.349678
14470.312500	-76.782623
14475.695801	-76.862389
14481.079102	-76.373894
14486.462402	-75.229179
14491.845703	-74.093437
14497.229004	-73.416222
14502.612305	-73.747108
14507.995605	-75.068260
14513.378906	-77.080490
14518.762207	-79.491890
14524.145508	-82.896889
14529.528809	-86.085915
14534.912109	-84.163994
14540.295410	-80.096283
14545.678711	-77.285194
14551.062012	-75.791023
14556.445312	-75.357460
14561.828613	-75.356819
14567.211914	-75.467720
14572.595215	-75.584351
14577.978516	-76.014771
14583.361816	-76.419968
14588.745117	-76.704819
14594.128418	-77.195747
14599.511719	-78.457947
14604.895020	-81.155853
14610.278320	-85.342369
14615.661621	-91.449112
14621.044922	-94.852715
14626.428223	-86.845772
14631.811523	-83.212852
14637.194824	-81.603592
14642.578125	-79.891090
14647.961426	-78.049423
14653.344727	-77.228546
14658.728027	-76.687927
14664.111328	-75.380455
14669.494629	-74.483871
14674.877930	-74.301064
14680.261230	-74.187378
14685.644531	-73.989449
14691.027832	-74.169441
14696.411133	-74.673279
14701.794434	-75.316917
14707.177734	-76.002922
14712.561035	-76.698135
14717.944336	-78.007927
14723.327637	-79.843575
14728.710938	-81.932167
14734.094238	-84.254875
14739.477539	-88.167999
14744.860840	-94.880806
14750.244141	-97.910934
14755.627441	-92.697868
14761.010742	-86.147072
14766.394043	-81.696770
14771.777344	-78.716805
14777.160645	-76.424408
14782.543945	-74.802437
14787.927246	-73.797989
14793.310547	-73.382423
14798.693848	-73.051323
14804.077148	-72.513397
14809.460449	-72.065941
14814.843750	-72.006348
14820.227051	-72.144440
14825.610352	-72.323364
14830.993652	-72.437996
14836.376953	-72.557686
14841.760254	-72.758759
14847.143555	-73.074402
14852.526855	-73.736397
14857.910156	-74.782982
14863.293457	-75.734238
14868.676758	-76.054665
14874.060059	-76.448853
14879.443359	-76.394463
14884.826660	-75.994720
14890.209961	-75.917862
14895.593262	-75.596001
14900.976562	-74.659607
14906.359863	-73.786339
14911.743164	-73.212090
14917.126465	-72.469193
14922.509766	-71.661728
14927.893066	-71.318214
14933.276367	-71.497231
14938.659668	-71.691986
14944.042969	-71.263443
14949.426270	-70.693260
14954.809570	-70.368805
14960.192871	-70.261559
14965.576172	-70.118202
14970.959473	-69.933784
14976.342773	-70.217514
14981.726074	-70.705109
14987.109375	-71.101860
14992.492676	-71.890770
14997.875977	-73.366646
15003.259277	-74.199936
15008.642578	-73.777168
15014.025879	-73.846375
15019.409180	-74.464676
15024.792480	-74.402626
15030.175781	-73.948593
15035.559082	-73.818909
15040.942383	-73.927208
15046.325684	-74.269043
15051.708984	-74.552376
15057.092285	-74.745064
15062.475586	-75.013908
15067.858887	-75.362411
15073.242188	-75.171257
15078.625488	-74.205925
15084.008789	-73.646286
15089.392090	-73.613533
15094.775391	-73.596069
15100.158691	-73.406044
15105.541992	-73.060936
15110.925293	-72.635773
15116.308594	-72.183792
15121.691895	-71.920067
15127.075195	-72.113602
15132.458496	-72.572906
15137.841797	-72.846199
15143.225098	-72.655640
15148.608398	-71.728470
15153.991699	-70.691177
15159.375000	-70.151207
15164.758301	-69.969711
15170.141602	-69.791161
15175.524902	-69.511238
15180.908203	-69.172318
15186.291504	-68.913803
15191.674805	-68.794037
15197.058105	-68.684883
15202.441406	-68.746666
15207.824707	-69.105713
15213.208008	-69.569740
15218.591309	-69.829117
15223.974609	-69.908516
15229.357910	-69.896019
15234.741211	-69.832504
15240.124512	-69.814651
15245.507812	-70.047249
15250.891113	-70.387283
15256.274414	-70.591393
15261.657715	-70.743416
15267.041016	-71.019402
15272.424316	-71.616928
15277.807617	-72.354980
15283.190918	-73.313675
15288.574219	-74.923347
15293.957520	-77.098396
15299.340820	-79.478729
15304.724121	-80.553833
15310.107422	-79.202454
15315.490723	-77.369263
15320.874023	-75.920044
15326.257324	-75.036240
15331.640625	-74.399254
15337.023926	-73.969757
15342.407227	-73.950516
15347.790527	-74.260185
15353.173828	-74.369629
15358.557129	-74.218727
15363.940430	-74.223709
15369.323730	-74.624123
15374.707031	-75.329613
15380.090332	-75.507568
15385.473633	-74.887192
15390.856934	-73.889130
15396.240234	-73.001862
15401.623535	-72.259422
15407.006836	-71.402573
15412.390137	-70.656151
15417.773438	-70.122124
15423.156738	-69.329666
15428.540039	-68.407867
15433.923340	-67.954247
15439.306641	-67.962646
15444.689941	-68.016060
15450.073242	-68.035217
15455.456543	-68.098915
15460.839844	-68.475540
15466.223145	-69.110023
15471.606445	-69.737946
15476.989746	-70.438789
15482.373047	-71.349030
15487.756348	-72.462952
15493.139648	-73.225105
15498.522949	-73.445946
15503.906250	-73.125366
15509.289551	-72.603996
15514.672852	-72.500267
15520.056152	-72.476387
15525.439453	-72.372307
15530.822754	-72.391273
15536.206055	-72.730331
15541.589355	-73.656364
15546.972656	-74.817780
15552.355957	-75.681282
15557.739258	-76.680878
15563.122559	-78.987640
15568.505859	-83.604431
15573.889160	-86.788803
15579.272461	-84.666008
15584.655762	-85.076424
15590.039062	-83.590034
15595.422363	-79.544579
15600.805664	-76.926308
15606.188965	-75.655197
15611.572266	-74.709427
15616.955566	-73.840813
15622.338867	-73.062210
15627.722168	-72.587105
15633.105469	-72.407890
15638.488770	-72.423195
15643.872070	-72.228012
15649.255371	-71.638390
15654.638672	-71.210739
15660.021973	-71.400795
15665.405273	-72.464233
15670.788574	-73.812920
15676.171875	-74.886246
15681.555176	-76.263321
15686.938477	-77.443306
15692.321777	-76.781128
15697.705078	-75.591476
15703.088379	-75.013062
15708.471680	-73.861305
15713.854980	-72.632927
15719.238281	-72.274094
15724.621582	-71.899475
15730.004883	-70.853973
15735.388184	-70.091248
15740.771484	-70.106316
15746.154785	-70.017509
15751.538086	-69.296700
15756.921387	-68.485092
15762.304688	-68.088753
15767.687988	-68.112839
15773.071289	-68.191887
15778.454590	-68.394699
15783.837891	-69.112877
15789.221191	-70.198639
15794.604492	-70.896858
15799.987793	-71.204834
15805.371094	-71.221466
15810.754395	-70.496857
15816.137695	-69.439400
15821.520996	-68.927437
15826.904297	-68.980476
15832.287598	-68.820457
15837.670898	-68.295624
15843.054199	-68.159782
15848.437500	-68.418297
15853.820801	-68.573273
15859.204102	-68.499306
15864.587402	-68.566025
15869.970703	-68.677483
15875.354004	-68.777176
15880.737305	-68.945328
15886.120605	-69.279251
15891.503906	-69.672348
15896.887207	-70.148598
15902.270508	-70.861130
15907.653809	-71.610023
15913.037109	-71.667259
15918.420410	-71.288681
15923.803711	-71.020340
15929.187012	-70.690224
15934.570312	-70.235542
15939.953613	-69.668076
15945.336914	-69.094437
15950.720215	-68.589050
15956.103516	-68.314240
15961.486816	-68.282516
15966.870117	-68.443352
15972.253418	-68.647560
15977.636719	-68.921494
15983.020020	-69.335869
15988.403320	-69.670662
15993.786621	-69.796379
15999.169922	-69.835747
16004.553223	-69.489082
16009.936523	-68.771935
16015.319824	-68.301865
16020.703125	-68.051819
16026.086426	-67.595261
16031.469727	-67.163879
16036.853027	-66.866623
16042.236328	-66.709579
16047.619629	-66.610405
16053.002930	-66.516296
16058.386230	-66.447845
16063.769531	-66.623657
16069.152832	-67.039787
16074.536133	-67.583321
16079.919434	-68.271973
16085.302734	-69.040833
16090.686035	-70.026230
16096.069336	-71.165100
16101.452637	-72.352654
16106.835938	-73.498230
16112.219238	-74.488503
16117.602539	-75.411415
16122.985840	-76.174965
16128.369141	-76.539146
16133.752441	-76.510590
16139.135742	-76.516533
16144.519043	-76.687119
16149.902344	-77.160751
16155.285645	-77.761017
16160.668945	-77.687309
16166.052246	-77.348740
16171.435547	-77.266342
16176.818848	-77.287689
16182.202148	-77.050163
16187.585449	-76.698288
16192.968750	-76.619431
16198.352051	-77.067238
16203.735352	-77.867874
16209.118652	-79.295509
16214.501953	-81.201569
16219.885254	-83.264259
16225.268555	-85.603249
16230.651855	-84.944069
16236.035156	-82.354515
16241.418457	-79.859726
16246.801758	-77.766380
16252.185059	-76.097961
16257.568359	-75.014793
16262.951660	-74.343468
16268.334961	-73.669739
16273.718262	-73.189026
16279.101562	-73.045578
16284.484863	-73.070755
16289.868164	-73.189560
16295.251465	-73.190659
16300.634766	-73.218620
16306.018066	-73.389862
16311.401367	-73.364441
16316.784668	-72.889000
16322.167969	-72.078209
16327.551270	-71.220070
16332.934570	-70.283211
16338.317871	-69.622421
16343.701172	-69.418083
16349.084473	-69.492615
16354.467773	-69.368065
16359.851074	-69.269226
16365.234375	-69.630615
16370.617676	-70.131088
16376.000977	-70.354599
16381.384277	-70.285233
16386.767578	-70.388374
16392.150879	-70.642029
16397.534180	-70.676872
16402.917480	-70.573456
16408.300781	-70.591888
16413.684082	-70.767502
16419.067383	-70.689644
16424.450684	-70.416222
16429.833984	-70.373367
16435.217285	-70.653275
16440.600586	-70.985458
16445.983887	-71.296547
16451.367188	-71.628296
16456.750488	-71.675636
16462.133789	-71.281128
16467.517090	-70.793640
16472.900391	-70.395630
16478.283691	-70.070587
16483.666992	-69.873405
16489.050293	-69.762306
16494.433594	-69.702774
16499.816895	-69.822868
16505.200195	-69.923294
16510.583496	-70.061668
16515.966797	-70.532387
16521.350098	-71.239494
16526.733398	-72.100563
16532.116699	-73.625107
16537.500000	-75.933098
16542.883301	-77.912170
16548.266602	-79.780098
16553.649902	-83.467308
16559.033203	-86.826973
16564.416504	-82.868263
16569.799805	-79.938766
16575.183105	-78.607933
16580.566406	-77.590813
16585.949707	-76.653488
16591.333008	-76.367455
16596.716309	-76.797379
16602.099609	-77.659752
16607.482910	-78.515472
16612.866211	-80.046387
16618.249512	-83.363968
16623.632812	-85.743370
16629.016113	-81.147652
16634.399414	-76.373558
16639.782715	-73.331444
16645.166016	-71.491875
16650.549316	-69.944748
16655.932617	-68.649902
16661.315918	-67.846375
16666.699219	-67.480721
16672.082520	-67.088852
16677.465820	-66.630096
16682.849121	-66.507317
16688.232422	-66.956230
16693.615723	-67.545135
16698.999023	-67.914391
16704.382324	-68.324249
16709.765625	-68.618004
16715.148926	-68.446304
16720.532227	-67.795570
16725.915527	-67.230675
16731.298828	-67.006294
16736.682129	-66.756798
16742.065430	-66.375481
16747.448730	-65.910431
16752.832031	-65.599953
16758.215332	-65.477386
16763.598633	-65.444214
16768.981934	-65.364731
16774.365234	-65.260216
16779.748535	-65.275085
16785.131836	-65.412170
16790.515137	-65.630814
16795.898438	-65.804382
16801.281738	-65.941521
16806.665039	-66.029343
16812.048340	-66.171120
16817.431641	-66.351944
16822.814941	-66.403732
16828.198242	-66.463310
16833.581543	-66.533348
16838.964844	-66.517624
16844.348145	-66.417046
16849.731445	-66.361496
16855.114746	-66.288078
16860.498047	-66.145477
16865.881348	-66.089485
16871.264648	-66.081795
16876.647949	-66.092545
16882.031250	-66.116241
16887.414551	-66.241043
16892.797852	-66.529343
16898.181152	-66.862923
16903.564453	-67.236748
16908.947754	-67.686806
16914.331055	-68.197342
16919.714355	-68.729980
16925.097656	-69.109802
16930.480957	-69.301361
16935.864258	-69.330421
16941.247559	-69.269524
16946.630859	-68.971443
16952.014160	-68.550781
16957.397461	-68.175667
16962.780762	-67.698685
16968.164062	-67.280083
16973.547363	-67.018494
16978.930664	-66.929443
16984.313965	-66.938217
16989.697266	-67.044456
16995.080566	-67.191986
17000.463867	-67.456551
17005.847168	-67.876831
17011.230469	-68.383362
17016.613770	-69.078758
17021.997070	-69.769897
17027.380371	-70.256866
17032.763672	-70.620018
17038.146973	-70.937729
17043.530273	-71.127335
17048.913574	-71.134918
17054.296875	-71.159454
17059.680176	-70.978035
17065.063477	-70.709007
17070.446777	-70.582542
17075.830078	-70.671410
17081.213379	-70.797951
17086.596680	-70.946480
17091.979980	-71.376205
17097.363281	-72.020615
17102.746582	-72.757378
17108.129883	-73.473892
17113.513184	-74.375633
17118.896484	-75.436462
17124.279785	-76.277206
17129.663086	-77.170380
17135.046387	-78.029808
17140.429688	-78.782944
17145.812988	-79.402023
17151.196289	-80.085793
17156.579590	-80.881752
17161.962891	-81.375534
17167.346191	-81.505142
17172.729492	-81.445625
17178.112793	-81.837875
17183.496094	-83.055862
17188.879395	-84.213333
17194.262695	-85.064774
17199.645996	-84.478111
17205.029297	-83.461693
17210.412598	-81.960564
17215.795898	-79.905960
17221.179199	-78.558548
17226.562500	-77.982346
17231.945801	-77.540756
17237.329102	-77.064194
17242.712402	-76.617607
17248.095703	-76.114433
17253.479004	-75.804001
17258.862305	-75.618576
17264.245605	-75.230026
17269.628906	-74.821861
17275.012207	-74.577240
17280.395508	-74.547028
17285.778809	-74.235916
17291.162109	-73.812515
17296.545410	-73.604294
17301.928711	-73.262909
17307.312012	-72.862267
17312.695312	-72.908119
17318.078613	-73.382538
17323.461914	-73.899681
17328.845215	-74.210381
17334.228516	-74.514023
17339.611816	-75.194176
17344.995117	-75.629005
17350.378418	-75.159737
17355.761719	-74.824593
17361.145020	-74.888176
17366.528320	-74.289642
17371.911621	-73.228455
17377.294922	-72.634232
17382.678223	-72.241104
17388.061523	-71.598602
17393.444824	-71.132233
17398.828125	-71.171127
17404.211426	-71.568817
17409.594727	-71.755936
17414.978027	-72.020592
17420.361328	-72.764450
17425.744629	-73.648827
17431.127930	-74.352577
17436.511230	-75.326965
17441.894531	-77.262100
17447.277832	-79.409897
17452.661133	-80.418877
17458.044434	-80.856270
17463.427734	-80.779030
17468.811035	-79.716530
17474.194336	-78.719528
17479.577637	-78.192245
17484.960938	-77.375908
17490.344238	-76.470406
17495.727539	-76.427956
17501.110840	-77.186638
17506.494141	-77.947723
17511.877441	-78.530449
17517.260742	-79.869759
17522.644043	-81.276283
17528.027344	-81.410500
17533.410645	-81.489143
17538.793945	-81.513359
17544.177246	-80.272369
17549.560547	-78.177979
17554.943848	-76.376442
17560.327148	-75.327950
17565.710449	-74.532379
17571.093750	-73.679672
17576.477051	-73.077736
17581.860352	-72.990959
17587.243652	-73.003258
17592.626953	-73.053413
17598.010254	-73.263916
17603.393555	-73.777473
17608.776855	-74.355103
17614.160156	-74.995956
17619.543457	-76.013618
17624.926758	-77.222382
17630.310059	-78.010292
17635.693359	-78.262825
17641.076660	-78.676590
17646.459961	-79.355659
17651.843262	-80.143524
17657.226562	-80.206955
17662.609863	-79.663322
17667.993164	-79.493423
17673.376465	-78.995651
17678.759766	-78.219437
17684.143066	-77.386078
17689.526367	-76.860283
17694.909668	-76.625504
17700.292969	-76.399635
17705.676270	-76.173615
17711.059570	-75.785538
17716.442871	-75.493324
17721.826172	-75.230186
17727.209473	-75.028908
17732.592773	-75.272224
17737.976074	-75.672005
17743.359375	-76.002991
17748.742676	-76.126862
17754.125977	-76.221573
17759.509277	-76.263168
17764.892578	-75.841782
17770.275879	-74.952271
17775.659180	-74.080070
17781.042480	-73.172066
17786.425781	-71.961853
17791.809082	-70.965309
17797.192383	-70.248863
17802.575684	-69.602287
17807.958984	-69.115440
17813.342285	-68.830864
17818.725586	-68.762093
17824.108887	-68.783089
17829.492188	-68.849861
17834.875488	-69.082809
17840.258789	-69.503723
17845.642090	-70.042458
17851.025391	-70.469185
17856.408691	-70.791824
17861.791992	-71.080589
17867.175293	-71.320862
17872.558594	-71.341705
17877.941895	-71.259117
17883.325195	-71.187683
17888.708496	-71.118935
17894.091797	-71.250397
17899.475098	-71.564964
17904.858398	-72.021950
17910.241699	-72.606049
17915.625000	-73.472092
17921.008301	-74.756981
17926.391602	-76.277786
17931.774902	-77.924973
17937.158203	-79.314117
17942.541504	-80.337936
17947.924805	-80.440643
17953.308105	-79.460083
17958.691406	-78.229507
17964.074707	-77.066650
17969.458008	-76.127602
17974.841309	-75.392761
17980.224609	-75.126656
17985.607910	-75.188713
17990.991211	-75.363457
17996.374512	-75.871277
18001.757812	-76.651993
18007.141113	-77.636009
18012.524414	-78.635033
18017.907715	-79.816025
18023.291016	-81.305305
18028.674316	-82.654640
18034.057617	-83.310112
18039.440918	-83.638222
18044.824219	-83.484131
18050.207520	-82.188728
18055.590820	-80.385460
18060.974121	-78.814095
18066.357422	-77.526352
18071.740723	-76.586670
18077.124023	-75.768036
18082.507324	-75.025002
18087.890625	-74.361481
18093.273926	-73.935677
18098.657227	-73.555786
18104.040527	-73.363182
18109.423828	-73.265564
18114.807129	-73.151657
18120.190430	-73.049431
18125.573730	-73.038414
18130.957031	-72.920921
18136.340332	-72.532860
18141.723633	-72.143028
18147.106934	-71.731567
18152.490234	-71.154114
18157.873535	-70.548691
18163.256836	-70.031311
18168.640137	-69.676384
18174.023438	-69.429893
18179.406738	-69.331947
18184.790039	-69.269882
18190.173340	-69.321754
18195.556641	-69.431145
18200.939941	-69.467194
18206.323242	-69.560432
18211.706543	-69.574791
18217.089844	-69.545212
18222.473145	-69.490707
18227.856445	-69.570404
18233.239746	-69.749367
18238.623047	-69.834587
18244.006348	-69.987343
18249.389648	-70.303391
18254.772949	-70.696701
18260.156250	-71.170380
18265.539551	-71.658829
18270.922852	-72.083771
18276.306152	-72.559235
18281.689453	-73.198578
18287.072754	-73.626457
18292.456055	-73.855606
18297.839355	-74.039719
18303.222656	-74.318886
18308.605957	-74.658699
18313.989258	-75.041702
18319.372559	-75.576721
18324.755859	-75.866104
18330.139160	-76.137100
18335.522461	-76.474052
18340.905762	-76.988029
18346.289062	-77.533424
18351.672363	-77.882942
18357.055664	-77.823143
18362.438965	-77.682701
18367.822266	-77.561913
18373.205566	-77.785759
18378.588867	-78.007080
18383.972168	-78.245003
18389.355469	-78.644890
18394.738770	-79.443367
18400.122070	-80.879723
18405.505371	-82.857643
18410.888672	-84.850197
18416.271973	-85.768547
18421.655273	-85.651917
18427.038574	-84.924515
18432.421875	-84.610443
18437.805176	-83.691643
18443.188477	-81.936478
18448.571777	-80.487259
18453.955078	-79.430573
18459.338379	-78.824020
18464.721680	-78.223785
18470.104980	-77.409348
18475.488281	-76.563232
18480.871582	-75.747734
18486.254883	-74.965561
18491.638184	-74.343872
18497.021484	-73.841682
18502.404785	-73.345299
18507.788086	-73.003174
18513.171387	-72.923187
18518.554688	-73.153099
18523.937988	-73.518677
18529.321289	-73.914604
18534.704590	-74.051895
18540.087891	-73.935661
18545.471191	-73.696907
18550.854492	-73.351952
18556.237793	-72.796257
18561.621094	-71.936546
18567.004395	-71.020103
18572.387695	-70.217590
18577.770996	-69.622421
18583.154297	-69.352837
18588.537598	-69.255478
18593.920898	-69.225502
18599.304199	-69.301910
18604.687500	-69.513504
18610.070801	-69.669930
18615.454102	-69.769348
18620.837402	-70.008415
18626.220703	-70.289352
18631.604004	-70.506050
18636.987305	-70.435127
18642.370605	-70.179710
18647.753906	-69.958717
18653.137207	-69.842117
18658.520508	-69.889580
18663.903809	-69.989456
18669.287109	-70.187492
18674.670410	-70.428947
18680.053711	-70.739822
18685.437012	-71.075089
18690.820312	-71.386993
18696.203613	-71.428040
18701.586914	-71.162239
18706.970215	-70.872986
18712.353516	-70.632629
18717.736816	-70.413300
18723.120117	-70.167679
18728.503418	-70.091965
18733.886719	-70.273430
18739.270020	-70.527962
18744.653320	-70.772400
18750.036621	-71.084198
18755.419922	-71.580086
18760.803223	-72.283890
18766.186523	-73.125015
18771.569824	-74.045296
18776.953125	-74.924072
18782.336426	-76.031029
18787.719727	-77.531395
18793.103027	-78.976311
18798.486328	-79.827911
18803.869629	-80.442322
18809.252930	-81.189209
18814.636230	-81.301979
18820.019531	-81.232590
18825.402832	-82.054344
18830.786133	-83.884354
18836.169434	-85.678078
18841.552734	-88.159515
18846.936035	-92.760757
18852.319336	-91.320610
18857.702637	-86.368126
18863.085938	-82.806404
18868.469238	-80.314529
18873.852539	-78.664055
18879.235840	-77.226418
18884.619141	-76.171646
18890.002441	-75.669167
18895.385742	-75.621437
18900.769043	-75.504112
18906.152344	-75.603592
18911.535645	-76.117111
18916.918945	-76.556541
18922.302246	-76.970322
18927.685547	-77.461578
18933.068848	-77.373032
18938.452148	-76.603096
18943.835449	-75.985771
18949.218750	-75.710426
18954.602051	-75.132683
18959.985352	-74.258675
18965.368652	-73.495941
18970.751953	-72.932602
18976.135254	-72.515358
18981.518555	-72.291481
18986.901855	-72.257607
18992.285156	-72.408775
18997.668457	-72.810562
19003.051758	-73.238487
19008.435059	-73.893288
19013.818359	-74.659439
19019.201660	-75.248070
19024.584961	-75.681000
19029.968262	-76.338715
19035.351562	-77.280983
19040.734863	-77.761116
19046.118164	-77.515839
19051.501465	-77.085571
19056.884766	-76.386398
19062.268066	-75.804260
19067.651367	-75.793633
19073.034668	-76.072334
19078.417969	-76.265106
19083.801270	-76.656128
19089.184570	-77.034470
19094.567871	-77.470970
19099.951172	-77.986732
19105.334473	-78.688110
19110.717773	-79.463257
19116.101074	-80.255684
19121.484375	-81.155846
19126.867676	-82.038872
19132.250977	-82.858086
19137.634277	-83.159904
19143.017578	-83.213142
19148.400879	-83.255280
19153.784180	-83.040352
19159.167480	-81.780159
19164.550781	-80.348831
19169.934082	-79.010124
19175.317383	-77.709831
19180.700684	-76.825264
19186.083984	-76.299591
19191.467285	-76.184311
19196.850586	-76.131042
19202.233887	-75.987297
19207.617188	-75.948280
19213.000488	-76.058754
19218.383789	-76.062767
19223.767090	-75.769440
19229.150391	-75.497940
19234.533691	-75.215256
19239.916992	-74.854660
19245.300293	-74.397850
19250.683594	-73.989670
19256.066895	-73.808487
19261.450195	-73.778282
19266.833496	-74.019348
19272.216797	-74.732552
19277.600098	-75.864479
19282.983398	-77.109604
19288.366699	-78.187202
19293.750000	-79.072350
19299.133301	-79.861671
19304.516602	-80.419258
19309.899902	-80.524452
19315.283203	-80.320969
19320.666504	-79.455627
19326.049805	-78.025711
19331.433105	-76.914894
19336.816406	-76.374146
19342.199707	-76.002625
19347.583008	-75.766380
19352.966309	-76.346512
19358.349609	-77.938080
19363.732910	-79.723999
19369.116211	-80.830368
19374.499512	-81.269684
19379.882812	-80.120628
19385.266113	-77.878067
19390.649414	-76.155136
19396.032715	-75.183418
19401.416016	-74.217621
19406.799316	-73.260155
19412.182617	-72.642494
19417.565918	-72.237671
19422.949219	-71.834274
19428.332520	-71.647766
19433.715820	-72.025620
19439.099121	-72.723129
19444.482422	-73.341034
19449.865723	-73.922684
19455.249023	-74.956245
19460.632324	-76.016296
19466.015625	-76.099052
19471.398926	-75.782562
19476.782227	-75.302422
19482.165527	-74.582024
19487.548828	-73.741264
19492.932129	-73.121407
19498.315430	-72.936256
19503.698730	-72.959358
19509.082031	-73.070480
19514.465332	-73.528061
19519.848633	-74.689728
19525.231934	-76.206650
19530.615234	-77.941254
19535.998535	-80.221695
19541.381836	-83.230980
19546.765137	-86.589142
19552.148438	-87.209549
19557.531738	-86.668373
19562.915039	-86.659981
19568.298340	-85.752220
19573.681641	-84.566071
19579.064941	-83.444763
19584.448242	-82.841263
19589.831543	-82.975746
19595.214844	-82.829491
19600.598145	-81.839203
19605.981445	-80.558243
19611.364746	-79.614792
19616.748047	-78.382195
19622.131348	-77.263451
19627.514648	-76.295982
19632.897949	-75.194031
19638.281250	-74.116272
19643.664551	-73.716125
19649.047852	-73.740280
19654.431152	-73.314171
19659.814453	-72.881935
19665.197754	-73.161522
19670.581055	-73.705620
19675.964355	-73.661720
19681.347656	-73.702759
19686.730957	-74.637695
19692.114258	-75.573723
19697.497559	-75.969200
19702.880859	-76.659393
19708.264160	-77.490753
19713.647461	-77.431969
19719.030762	-76.906868
19724.414062	-76.828484
19729.797363	-76.861572
19735.180664	-76.421844
19740.563965	-76.001999
19745.947266	-76.042641
19751.330566	-76.012924
19756.713867	-76.219826
19762.097168	-76.849716
19767.480469	-77.101013
19772.863770	-77.187607
19778.247070	-77.455269
19783.630371	-77.630692
19789.013672	-77.389809
19794.396973	-77.104004
19799.780273	-76.991234
19805.163574	-77.209991
19810.546875	-77.930595
19815.930176	-78.938187
19821.313477	-79.998131
19826.696777	-81.278259
19832.080078	-83.126213
19837.463379	-84.330948
19842.846680	-81.291977
19848.229980	-78.579750
19853.613281	-77.427643
19858.996582	-76.119461
19864.379883	-74.634903
19869.763184	-73.767395
19875.146484	-73.420135
19880.529785	-72.962128
19885.913086	-72.636795
19891.296387	-72.811935
19896.679688	-73.297867
19902.062988	-73.715431
19907.446289	-74.253448
19912.829590	-75.389214
19918.212891	-76.341431
19923.596191	-76.759483
19928.979492	-77.528511
19934.362793	-78.495338
19939.746094	-78.587273
19945.129395	-77.892189
19950.512695	-77.985924
19955.895996	-78.191589
19961.279297	-77.864990
19966.662598	-77.898674
19972.045898	-78.601067
19977.429199	-79.711456
19982.812500	-80.896042
19988.195801	-83.022789
19993.579102	-87.278038
19998.962402	-95.788452
20004.345703	-92.074051
20009.729004	-85.588432
20015.112305	-81.840836
20020.495605	-79.039566
20025.878906	-77.177475
20031.262207	-76.061684
20036.645508	-75.152382
20042.028809	-74.560890
20047.412109	-74.410751
20052.795410	-74.507210
20058.178711	-74.724716
20063.562012	-74.908371
20068.945312	-75.060799
20074.328613	-75.176193
20079.711914	-75.261147
20085.095215	-74.864868
20090.478516	-74.398918
20095.861816	-74.614555
20101.245117	-74.793274
20106.628418	-74.443428
20112.011719	-74.523773
20117.395020	-74.917374
20122.778320	-75.147690
20128.161621	-74.841179
20133.544922	-74.574089
20138.928223	-74.757233
20144.311523	-75.063599
20149.694824	-75.118484
20155.078125	-75.584442
20160.461426	-76.445305
20165.844727	-77.265076
20171.228027	-77.852829
20176.611328	-78.747154
20181.994629	-80.240959
20187.377930	-81.691833
20192.761230	-83.329811
20198.144531	-85.312279
20203.527832	-87.318237
20208.911133	-87.477264
20214.294434	-85.746964
20219.677734	-83.353378
20225.061035	-81.954880
20230.444336	-81.192520
20235.827637	-80.803787
20241.210938	-80.752037
20246.594238	-81.277145
20251.977539	-82.227722
20257.360840	-83.736946
20262.744141	-86.349747
20268.127441	-90.247185
20273.510742	-96.032440
20278.894043	-92.527359
20284.277344	-86.916641
20289.660645	-84.212082
20295.043945	-82.472427
20300.427246	-80.758705
20305.810547	-79.056946
20311.193848	-78.011528
20316.577148	-77.710220
20321.960449	-77.618385
20327.343750	-77.540154
20332.727051	-77.576714
20338.110352	-77.857368
20343.493652	-78.164330
20348.876953	-78.634819
20354.260254	-79.249008
20359.643555	-79.789505
20365.026855	-80.048645
20370.410156	-80.098656
20375.793457	-80.205444
20381.176758	-80.250473
20386.560059	-80.145477
20391.943359	-79.675339
20397.326660	-79.342514
20402.709961	-79.306870
20408.093262	-79.550117
20413.476562	-79.816086
20418.859863	-79.815399
20424.243164	-79.860931
20429.626465	-80.199257
20435.009766	-81.006432
20440.393066	-82.055458
20445.776367	-82.880852
20451.159668	-83.380035
20456.542969	-82.855721
20461.926270	-82.225014
20467.309570	-81.245926
20472.692871	-79.726997
20478.076172	-78.496796
20483.459473	-77.562263
20488.842773	-76.869659
20494.226074	-76.530998
20499.609375	-76.328125
20504.992676	-76.149841
20510.375977	-76.221001
20515.759277	-76.532799
20521.142578	-77.013649
20526.525879	-77.731003
20531.909180	-78.870796
20537.292480	-79.917633
20542.675781	-80.263954
20548.059082	-80.373169
20553.442383	-80.177315
20558.825684	-79.706177
20564.208984	-79.013123
20569.592285	-78.293388
20574.975586	-77.927895
20580.358887	-77.642128
20585.742188	-77.467072
20591.125488	-77.563026
20596.508789	-77.810577
20601.892090	-78.106857
20607.275391	-78.120964
20612.658691	-78.096176
20618.041992	-78.157257
20623.425293	-77.762115
20628.808594	-77.114197
20634.191895	-76.769974
20639.575195	-76.803909
20644.958496	-76.954407
20650.341797	-77.098152
20655.725098	-77.628380
20661.108398	-78.771690
20666.491699	-79.913330
20671.875000	-80.155647
20677.258301	-80.277328
20682.641602	-80.184013
20688.024902	-79.596573
20693.408203	-79.091896
20698.791504	-78.900642
20704.174805	-79.084785
20709.558105	-79.446693
20714.941406	-80.183136
20720.324707	-80.706924
20725.708008	-80.566772
20731.091309	-80.037720
20736.474609	-79.368584
20741.857910	-78.450188
20747.241211	-77.271385
20752.624512	-76.185791
20758.007812	-75.167191
20763.391113	-74.208443
20768.774414	-73.391144
20774.157715	-72.748589
20779.541016	-72.231667
20784.924316	-71.946449
20790.307617	-71.957932
20795.690918	-72.227409
20801.074219	-72.714874
20806.457520	-73.300934
20811.840820	-74.008522
20817.224121	-74.974274
20822.607422	-76.131569
20827.990723	-77.072990
20833.374023	-77.507629
20838.757324	-77.569069
20844.140625	-77.141624
20849.523926	-76.347290
20854.907227	-75.631172
20860.290527	-75.050034
20865.673828	-74.674767
20871.057129	-74.410316
20876.440430	-74.202942
20881.823730	-74.466125
20887.207031	-75.013107
20892.590332	-75.681137
20897.973633	-76.419762
20903.356934	-77.303093
20908.740234	-78.290596
20914.123535	-79.778008
20919.506836	-81.588966
20924.890137	-83.307762
20930.273438	-85.070778
20935.656738	-87.353409
20941.040039	-89.658691
20946.423340	-91.303314
20951.806641	-90.595596
20957.189941	-90.513611
20962.573242	-90.368637
20967.956543	-90.536041
20973.339844	-90.436440
20978.723145	-90.471931
20984.106445	-90.165497
20989.489746	-89.916168
20994.873047	-90.330338
21000.256348	-90.912308
21005.639648	-91.359650
21011.022949	-92.443336
21016.406250	-93.433807
21021.789551	-94.759789
21027.172852	-96.993370
21032.556152	-96.833786
21037.939453	-96.714272
21043.322754	-97.094093
21048.706055	-97.239525
21054.089355	-95.748299
21059.472656	-94.025406
21064.855957	-92.975555
21070.239258	-91.916443
21075.622559	-90.693489
21081.005859	-89.406586
21086.389160	-87.901680
21091.772461	-86.976654
21097.155762	-86.871468
21102.539062	-86.442993
21107.922363	-86.301132
21113.305664	-86.688248
21118.688965	-87.504745
21124.072266	-88.319008
21129.455566	-89.928696
21134.838867	-93.190544
21140.222168	-96.403923
21145.605469	-94.622536
21150.988770	-93.159607
21156.372070	-89.528664
21161.755371	-86.393990
21167.138672	-84.245392
21172.521973	-83.239731
21177.905273	-82.489937
21183.288574	-81.850563
21188.671875	-81.550293
21194.055176	-81.772041
21199.438477	-82.076042
21204.821777	-82.411224
21210.205078	-82.454811
21215.588379	-82.558151
21220.971680	-82.754562
21226.354980	-82.439552
21231.738281	-81.741806
21237.121582	-81.184959
21242.504883	-80.726135
21247.888184	-80.175430
21253.271484	-79.800919
21258.654785	-79.407639
21264.038086	-79.293739
21269.421387	-79.218002
21274.804688	-79.124130
21280.187988	-79.027695
21285.571289	-79.051331
21290.954590	-78.999443
21296.337891	-78.592110
21301.721191	-78.042801
21307.104492	-77.334846
21312.487793	-76.765930
21317.871094	-76.422302
21323.254395	-76.058739
21328.637695	-75.733238
21334.020996	-75.796829
21339.404297	-76.069412
21344.787598	-76.133415
21350.170898	-76.232857
21355.554199	-76.412949
21360.937500	-76.468842
21366.320801	-76.502060
21371.704102	-76.458412
21377.087402	-76.364769
21382.470703	-76.323524
21387.854004	-76.475372
21393.237305	-76.565048
21398.620605	-76.917206
21404.003906	-77.648109
21409.387207	-78.395271
21414.770508	-79.328499
21420.153809	-80.422226
21425.537109	-81.825218
21430.920410	-82.701355
21436.303711	-82.439743
21441.687012	-81.476822
21447.070312	-79.813301
21452.453613	-78.363770
21457.836914	-77.561432
21463.220215	-76.925659
21468.603516	-76.276237
21473.986816	-75.895370
21479.370117	-75.937355
21484.753418	-75.933388
21490.136719	-75.875862
21495.520020	-75.811905
21500.903320	-75.581047
21506.286621	-74.982010
21511.669922	-74.169685
21517.053223	-73.582481
21522.436523	-73.023811
21527.819824	-72.530945
21533.203125	-72.291100
21538.586426	-72.240242
21543.969727	-72.149315
21549.353027	-72.142448
21554.736328	-72.406555
21560.119629	-72.787354
21565.502930	-73.175591
21570.886230	-73.556328
21576.269531	-73.902473
21581.652832	-74.265526
21587.036133	-74.673149
21592.419434	-75.111351
21597.802734	-75.444778
21603.186035	-75.784988
21608.569336	-76.113319
21613.952637	-76.515686
21619.335938	-77.033432
21624.719238	-77.448990
21630.102539	-78.199799
21635.485840	-79.268250
21640.869141	-80.370232
21646.252441	-81.638039
21651.635742	-83.286652
21657.019043	-85.303177
21662.402344	-87.900505
21667.785645	-92.111603
21673.168945	-98.743187
21678.552246	-102.807266
21683.935547	-95.624428
21689.318848	-93.167862
21694.702148	-90.648407
21700.085449	-89.171661
21705.468750	-89.232796
21710.852051	-90.335983
21716.235352	-92.318581
21721.618652	-94.557968
21727.001953	-95.312775
21732.385254	-91.752129
21737.768555	-87.948990
21743.151855	-85.134865
21748.535156	-82.715828
21753.918457	-80.797157
21759.301758	-79.323219
21764.685059	-78.134224
21770.068359	-77.247345
21775.451660	-76.559639
21780.834961	-76.003632
21786.218262	-75.634491
21791.601562	-75.435524
21796.984863	-75.437920
21802.368164	-75.483963
21807.751465	-75.695557
21813.134766	-75.897743
21818.518066	-76.102570
21823.901367	-76.243408
21829.284668	-76.303024
21834.667969	-76.233360
21840.051270	-76.023415
21845.434570	-75.740273
21850.817871	-75.384033
21856.201172	-74.964828
21861.584473	-74.552185
21866.967773	-74.254356
21872.351074	-74.074928
21877.734375	-73.781113
21883.117676	-73.548805
21888.500977	-73.306358
21893.884277	-73.125191
21899.267578	-72.894386
21904.650879	-72.560944
21910.034180	-72.290771
21915.417480	-71.978424
21920.800781	-71.755150
21926.184082	-71.634956
21931.567383	-71.544800
21936.950684	-71.557709
21942.333984	-71.602341
21947.717285	-71.865891
21953.100586	-72.343704
21958.483887	-72.958755
21963.867188	-73.604141
21969.250488	-74.360077
21974.633789	-75.149208
21980.017090	-75.779831
21985.400391	-76.333855
21990.783691	-76.583328
21996.166992	-76.746323
22001.550293	-76.842911
22006.933594	-77.098976
22012.316895	-77.531853
22017.700195	-78.071007
22023.083496	-78.867058
22028.466797	-80.022278
22033.850098	-81.965942
22039.233398	-84.499611
22044.616699	-87.698723
