Frequency (Hz)	Level (dB)
5.383301	-56.241474
10.766602	-52.316353
16.149902	-50.204449
21.533203	-47.657494
26.916504	-48.833935
32.299805	-59.666828
37.683105	-53.416893
43.066406	-48.327103
48.449707	-42.117077
53.833008	-43.399769
59.216309	-44.083519
64.599609	-46.387012
69.982910	-45.130157
75.366211	-42.233173
80.749512	-39.249985
86.132812	-39.530403
91.516113	-43.002750
96.899414	-45.210079
102.282715	-44.101257
107.666016	-53.708847
113.049316	-54.416130
118.432617	-52.160614
123.815918	-50.583664
129.199219	-51.455776
134.582520	-49.978996
139.965820	-45.982662
145.349121	-43.771820
150.732422	-42.440090
156.115723	-40.291866
161.499023	-38.453880
166.882324	-37.954201
172.265625	-38.540249
177.648926	-39.120506
183.032227	-38.688560
188.415527	-37.531647
193.798828	-36.462353
199.182129	-36.606712
204.565430	-36.755512
209.948730	-36.102901
215.332031	-36.167427
220.715332	-36.706421
226.098633	-37.157154
231.481934	-37.198349
236.865234	-37.566757
242.248535	-37.576061
247.631836	-37.407711
253.015137	-36.989738
258.398438	-37.000576
263.781738	-37.903038
269.165039	-39.105965
274.548340	-39.893909
279.931641	-40.691998
285.314941	-42.271912
290.698242	-42.863106
296.081543	-43.568504
301.464844	-45.383610
306.848145	-47.361382
312.231445	-46.042809
317.614746	-43.337818
322.998047	-41.958908
328.381348	-40.747395
333.764648	-39.663879
339.147949	-39.152393
344.531250	-39.561134
349.914551	-41.444340
355.297852	-42.752472
360.681152	-41.160999
366.064453	-37.134029
371.447754	-32.549149
376.831055	-32.513432
382.214355	-44.160961
387.597656	-39.007702
392.980957	-37.321499
398.364258	-36.899654
403.747559	-36.927494
409.130859	-37.467667
414.514160	-37.332672
419.897461	-37.851063
425.280762	-39.210285
430.664062	-42.224449
436.047363	-46.527386
441.430664	-50.040344
446.813965	-52.370556
452.197266	-59.150600
457.580566	-52.516010
462.963867	-46.756081
468.347168	-41.706318
473.730469	-39.087963
479.113770	-38.284344
484.497070	-37.320156
489.880371	-35.599300
495.263672	-34.609512
500.646973	-33.261250
506.030273	-32.116531
511.413574	-30.953466
516.796875	-30.047892
522.180176	-28.736366
527.563477	-26.578753
532.946777	-23.911612
538.330078	-21.521029
543.713379	-20.068958
549.096680	-23.786007
554.479980	-39.679165
559.863281	-41.054489
565.246582	-38.478085
570.629883	-36.768677
576.013184	-35.468613
581.396484	-35.328285
586.779785	-35.301353
592.163086	-35.095226
597.546387	-34.243046
602.929688	-33.999504
608.312988	-34.669640
613.696289	-37.013706
619.079590	-41.444164
624.462891	-41.937534
629.846191	-38.415272
635.229492	-36.250351
640.612793	-36.467136
645.996094	-37.783615
651.379395	-38.763981
656.762695	-39.584663
662.145996	-40.034103
667.529297	-41.045071
672.912598	-41.279713
678.295898	-41.579918
683.679199	-42.172684
689.062500	-43.729504
694.445801	-46.232510
699.829102	-47.788303
705.212402	-47.960999
710.595703	-48.311405
715.979004	-49.447800
721.362305	-52.222946
726.745605	-57.939945
732.128906	-65.303528
737.512207	-59.024315
742.895508	-53.675777
748.278809	-50.150475
753.662109	-45.197803
759.045410	-39.912525
764.428711	-36.572456
769.812012	-34.739082
775.195312	-34.870476
780.578613	-36.656609
785.961914	-38.415073
791.345215	-38.449051
796.728516	-34.565094
802.111816	-31.089682
807.495117	-29.262264
812.878418	-29.578051
818.261719	-31.373930
823.645020	-32.480370
829.028320	-32.199989
834.411621	-31.727421
839.794922	-32.470528
845.178223	-34.305794
850.561523	-35.800808
855.944824	-36.194279
861.328125	-36.674721
866.711426	-39.968914
872.094727	-46.420792
877.478027	-35.955597
882.861328	-30.777918
888.244629	-28.323870
893.627930	-27.781536
899.011230	-29.617260
904.394531	-33.605045
909.777832	-39.889439
915.161133	-51.026691
920.544434	-44.517803
925.927734	-40.819225
931.311035	-40.250435
936.694336	-40.296089
942.077637	-38.882214
947.460938	-36.936504
952.844238	-35.273365
958.227539	-34.611244
963.610840	-34.454720
968.994141	-34.221333
974.377441	-34.133671
979.760742	-33.982548
985.144043	-34.287785
990.527344	-35.721916
995.910645	-37.591442
1001.293945	-38.816040
1006.677246	-39.314934
1012.060547	-39.796967
1017.443848	-40.759548
1022.827148	-42.622997
1028.210449	-44.355312
1033.593750	-45.840748
1038.977051	-47.052326
1044.360352	-47.712513
1049.743652	-46.235970
1055.126953	-41.752319
1060.510254	-37.380398
1065.893555	-34.204060
1071.276855	-32.974430
1076.660156	-33.875713
1082.043457	-37.245735
1087.426758	-41.128307
1092.810059	-42.697956
1098.193359	-43.641541
1103.576660	-43.953251
1108.959961	-43.735451
1114.343262	-44.301899
1119.726562	-44.974102
1125.109863	-44.912327
1130.493164	-45.013901
1135.876465	-45.740765
1141.259766	-46.633217
1146.643066	-47.350925
1152.026367	-48.816326
1157.409668	-49.916698
1162.792969	-50.333809
1168.176270	-50.646053
1173.559570	-50.412270
1178.942871	-50.251358
1184.326172	-49.928551
1189.709473	-49.790257
1195.092773	-50.110920
1200.476074	-51.219913
1205.859375	-53.019531
1211.242676	-50.620827
1216.625977	-46.769257
1222.009277	-44.966835
1227.392578	-44.308506
1232.775879	-45.014885
1238.159180	-45.162704
1243.542480	-43.796494
1248.925781	-41.436382
1254.309082	-38.671482
1259.692383	-36.799618
1265.075684	-36.739197
1270.458984	-37.780251
1275.842285	-38.607803
1281.225586	-39.781799
1286.608887	-41.756638
1291.992188	-44.285446
1297.375488	-47.511787
1302.758789	-52.809177
1308.142090	-55.726498
1313.525391	-52.695530
1318.908691	-55.323696
1324.291992	-58.848843
1329.675293	-58.668510
1335.058594	-58.847958
1340.441895	-55.867428
1345.825195	-52.443077
1351.208496	-50.662575
1356.591797	-51.516472
1361.975098	-55.120335
1367.358398	-55.106384
1372.741699	-53.703358
1378.125000	-53.354702
1383.508301	-53.840115
1388.891602	-52.881924
1394.274902	-52.717258
1399.658203	-52.980621
1405.041504	-53.165413
1410.424805	-54.442287
1415.808105	-57.645061
1421.191406	-58.147263
1426.574707	-57.122894
1431.958008	-56.626125
1437.341309	-55.605042
1442.724609	-52.117458
1448.107910	-48.870010
1453.491211	-47.823166
1458.874512	-50.961079
1464.257812	-57.207657
1469.641113	-53.167519
1475.024414	-52.169495
1480.407715	-51.817192
1485.791016	-51.413429
1491.174316	-51.023098
1496.557617	-50.655834
1501.940918	-50.997810
1507.324219	-51.316792
1512.707520	-50.692226
1518.090820	-49.601418
1523.474121	-48.550167
1528.857422	-48.968884
1534.240723	-52.353321
1539.624023	-57.628986
1545.007324	-58.318348
1550.390625	-61.488247
1555.773926	-67.144432
1561.157227	-54.539474
1566.540527	-48.028873
1571.923828	-45.019775
1577.307129	-45.010731
1582.690430	-45.488659
1588.073730	-46.244446
1593.457031	-47.662632
1598.840332	-45.860794
1604.223633	-42.176899
1609.606934	-40.567726
1614.990234	-42.331085
1620.373535	-44.697384
1625.756836	-43.324142
1631.140137	-42.638680
1636.523438	-42.630070
1641.906738	-42.511818
1647.290039	-42.994888
1652.673340	-44.305836
1658.056641	-45.846127
1663.439941	-47.099442
1668.823242	-47.970066
1674.206543	-49.144680
1679.589844	-50.791683
1684.973145	-51.371120
1690.356445	-51.357876
1695.739746	-52.512024
1701.123047	-54.010437
1706.506348	-54.889835
1711.889648	-56.386524
1717.272949	-59.362896
1722.656250	-63.063946
1728.039551	-66.322357
1733.422852	-67.267906
1738.806152	-64.306435
1744.189453	-61.295059
1749.572754	-57.996944
1754.956055	-53.597782
1760.339355	-49.427410
1765.722656	-46.766167
1771.105957	-45.984215
1776.489258	-48.719105
1781.872559	-53.468811
1787.255859	-56.635483
1792.639160	-60.124104
1798.022461	-66.671600
1803.405762	-69.530037
1808.789062	-67.841835
1814.172363	-65.924576
1819.555664	-59.033272
1824.938965	-53.701618
1830.322266	-50.220440
1835.705566	-47.828201
1841.088867	-47.528191
1846.472168	-49.698437
1851.855469	-54.759426
1857.238770	-58.647373
1862.622070	-61.426556
1868.005371	-66.161781
1873.388672	-74.785385
1878.771973	-66.575874
1884.155273	-60.084202
1889.538574	-59.361500
1894.921875	-64.787697
1900.305176	-69.319374
1905.688477	-70.983551
1911.071777	-76.207481
1916.455078	-68.204597
1921.838379	-66.227043
1927.221680	-65.800156
1932.604980	-63.350498
1937.988281	-61.875832
1943.371582	-63.550606
1948.754883	-65.000435
1954.138184	-61.802692
1959.521484	-59.401268
1964.904785	-58.531368
1970.288086	-60.183479
1975.671387	-64.894188
1981.054688	-72.770599
1986.437988	-68.750801
1991.821289	-64.541229
1997.204590	-61.669670
2002.587891	-60.278927
2007.971191	-61.378403
2013.354492	-64.068100
2018.737793	-60.428860
2024.121094	-53.291779
2029.504395	-50.553371
2034.887695	-51.498802
2040.270996	-52.047157
2045.654297	-51.325703
2051.037598	-51.119396
2056.420898	-51.163204
2061.804199	-51.248100
2067.187500	-50.928684
2072.570801	-50.201107
2077.954102	-50.415630
2083.337402	-51.947563
2088.720703	-53.607052
2094.104004	-54.696201
2099.487305	-56.450851
2104.870605	-56.909462
2110.253906	-55.959576
2115.637207	-55.156837
2121.020508	-55.661179
2126.403809	-55.884048
2131.787109	-56.999565
2137.170410	-57.808498
2142.553711	-56.943821
2147.937012	-54.199226
2153.320312	-52.003403
2158.703613	-50.287838
2164.086914	-47.994015
2169.470215	-45.954430
2174.853516	-45.140045
2180.236816	-43.828884
2185.620117	-42.000904
2191.003418	-40.448643
2196.386719	-39.789902
2201.770020	-41.793514
2207.153320	-46.395500
2212.536621	-45.844681
2217.919922	-42.753563
2223.303223	-40.744427
2228.686523	-40.950794
2234.069824	-41.078758
2239.453125	-39.996418
2244.836426	-40.670708
2250.219727	-42.166946
2255.603027	-43.547871
2260.986328	-44.814930
2266.369629	-46.642746
2271.752930	-47.848328
2277.136230	-48.495148
2282.519531	-51.266502
2287.902832	-53.745708
2293.286133	-54.955315
2298.669434	-53.820305
2304.052734	-51.985615
2309.436035	-51.606201
2314.819336	-52.352272
2320.202637	-54.132263
2325.585938	-53.795490
2330.969238	-53.393173
2336.352539	-55.808876
2341.735840	-59.164124
2347.119141	-61.506760
2352.502441	-64.647125
2357.885742	-73.672409
2363.269043	-69.087257
2368.652344	-62.472202
2374.035645	-58.881893
2379.418945	-57.168953
2384.802246	-57.478859
2390.185547	-56.783543
2395.568848	-56.368908
2400.952148	-58.835957
2406.335449	-57.483379
2411.718750	-49.128780
2417.102051	-45.902809
2422.485352	-46.054165
2427.868652	-47.572422
2433.251953	-49.006821
2438.635254	-50.074306
2444.018555	-51.477200
2449.401855	-52.978836
2454.785156	-52.841038
2460.168457	-51.036797
2465.551758	-50.753101
2470.935059	-49.059841
2476.318359	-48.052452
2481.701660	-50.120468
2487.084961	-51.744736
2492.468262	-50.266171
2497.851562	-48.585068
2503.234863	-46.132317
2508.618164	-44.206669
2514.001465	-44.298435
2519.384766	-45.683743
2524.768066	-46.040745
2530.151367	-45.259628
2535.534668	-44.791561
2540.917969	-47.351109
2546.301270	-51.265274
2551.684570	-50.446320
2557.067871	-48.987839
2562.451172	-47.364304
2567.834473	-45.212166
2573.217773	-42.936523
2578.601074	-41.218853
2583.984375	-40.758389
2589.367676	-41.980392
2594.750977	-45.029385
2600.134277	-48.267963
2605.517578	-48.476433
2610.900879	-48.913246
2616.284180	-51.042137
2621.667480	-54.315166
2627.050781	-57.923325
2632.434082	-58.196743
2637.817383	-57.280796
2643.200684	-61.204002
2648.583984	-65.519592
2653.967285	-60.871315
2659.350586	-57.061787
2664.733887	-54.254898
2670.117188	-52.383514
2675.500488	-50.655888
2680.883789	-49.341373
2686.267090	-49.294956
2691.650391	-51.018391
2697.033691	-50.724548
2702.416992	-49.472740
2707.800293	-49.181927
2713.183594	-49.107883
2718.566895	-48.485249
2723.950195	-47.528374
2729.333496	-46.705273
2734.716797	-46.434204
2740.100098	-46.262310
2745.483398	-45.872360
2750.866699	-45.351429
2756.250000	-44.754314
2761.633301	-44.128693
2767.016602	-43.477875
2772.399902	-42.812481
2777.783203	-42.210484
2783.166504	-42.914841
2788.549805	-43.042957
2793.933105	-40.933178
2799.316406	-39.188221
2804.699707	-38.888340
2810.083008	-41.319633
2815.466309	-48.264908
2820.849609	-46.652370
2826.232910	-42.625637
2831.616211	-39.977024
2836.999512	-38.484928
2842.382812	-38.097084
2847.766113	-38.727909
2853.149414	-39.825649
2858.532715	-40.060783
2863.916016	-40.286636
2869.299316	-40.677963
2874.682617	-40.799149
2880.065918	-40.850136
2885.449219	-41.040363
2890.832520	-41.088001
2896.215820	-40.719475
2901.599121	-39.977119
2906.982422	-39.779133
2912.365723	-40.066174
2917.749023	-41.245987
2923.132324	-43.745747
2928.515625	-44.703911
2933.898926	-44.643974
2939.282227	-44.017090
2944.665527	-42.687977
2950.048828	-42.800503
2955.432129	-45.254925
2960.815430	-50.080513
2966.198730	-49.998135
2971.582031	-48.702564
2976.965332	-47.335453
2982.348633	-46.090683
2987.731934	-46.461567
2993.115234	-46.751648
2998.498535	-46.487404
3003.881836	-46.180416
3009.265137	-46.232311
3014.648438	-46.307854
3020.031738	-44.711342
3025.415039	-43.246925
3030.798340	-42.769714
3036.181641	-42.867119
3041.564941	-43.793640
3046.948242	-46.239967
3052.331543	-48.946720
3057.714844	-49.087742
3063.098145	-50.216415
3068.481445	-50.970173
3073.864746	-53.793125
3079.248047	-59.373558
3084.631348	-54.170998
3090.014648	-52.737228
3095.397949	-53.788322
3100.781250	-55.249210
3106.164551	-56.817474
3111.547852	-57.576187
3116.931152	-58.205631
3122.314453	-58.547611
3127.697754	-58.463539
3133.081055	-59.270859
3138.464355	-60.613796
3143.847656	-57.159809
3149.230957	-54.368786
3154.614258	-54.030888
3159.997559	-54.936325
3165.380859	-55.891445
3170.764160	-55.315620
3176.147461	-54.259953
3181.530762	-56.294224
3186.914062	-60.440002
3192.297363	-63.471588
3197.680664	-69.670204
3203.063965	-70.472008
3208.447266	-59.092102
3213.830566	-56.375980
3219.213867	-60.326885
3224.597168	-67.089119
3229.980469	-66.761597
3235.363770	-66.036354
3240.747070	-63.241310
3246.130371	-60.512356
3251.513672	-59.819695
3256.896973	-59.616383
3262.280273	-59.344318
3267.663574	-59.644398
3273.046875	-60.137222
3278.430176	-59.621094
3283.813477	-58.798309
3289.196777	-57.703201
3294.580078	-57.873783
3299.963379	-59.632973
3305.346680	-60.510975
3310.729980	-60.277802
3316.113281	-60.176853
3321.496582	-58.588947
3326.879883	-56.549038
3332.263184	-55.598103
3337.646484	-55.863731
3343.029785	-56.388298
3348.413086	-54.521576
3353.796387	-51.105755
3359.179688	-48.996567
3364.562988	-49.023323
3369.946289	-49.272556
3375.329590	-48.684631
3380.712891	-48.201859
3386.096191	-47.914364
3391.479492	-48.234245
3396.862793	-49.009556
3402.246094	-50.123238
3407.629395	-50.572853
3413.012695	-50.387669
3418.395996	-50.025753
3423.779297	-49.206982
3429.162598	-49.287750
3434.545898	-50.882744
3439.929199	-53.714745
3445.312500	-56.105412
3450.695801	-53.780060
3456.079102	-50.864235
3461.462402	-49.806847
3466.845703	-51.048698
3472.229004	-51.823727
3477.612305	-51.274170
3482.995605	-51.643307
3488.378906	-50.722324
3493.762207	-49.166039
3499.145508	-49.354324
3504.528809	-49.331261
3509.912109	-46.253025
3515.295410	-43.869209
3520.678711	-43.009205
3526.062012	-44.202667
3531.445312	-49.165546
3536.828613	-50.529655
3542.211914	-49.511658
3547.595215	-49.794743
3552.978516	-48.946587
3558.361816	-48.415222
3563.745117	-48.770695
3569.128418	-49.120583
3574.511719	-48.943188
3579.895020	-48.034748
3585.278320	-46.682499
3590.661621	-45.526360
3596.044922	-45.219669
3601.428223	-46.198177
3606.811523	-46.872753
3612.194824	-45.873577
3617.578125	-45.089649
3622.961426	-45.548565
3628.344727	-47.303936
3633.728027	-50.578182
3639.111328	-55.105309
3644.494629	-57.769611
3649.877930	-56.862690
3655.261230	-56.728218
3660.644531	-60.909256
3666.027832	-59.993717
3671.411133	-55.444782
3676.794434	-54.191399
3682.177734	-52.790436
3687.561035	-51.907898
3692.944336	-52.716194
3698.327637	-53.789917
3703.710938	-53.709034
3709.094238	-53.631752
3714.477539	-53.284428
3719.860840	-52.307564
3725.244141	-51.502094
3730.627441	-51.884754
3736.010742	-54.341999
3741.394043	-62.220695
3746.777344	-59.519016
3752.160645	-52.723354
3757.543945	-51.121025
3762.927246	-53.376369
3768.310547	-53.887646
3773.693848	-53.327751
3779.077148	-57.444958
3784.460449	-61.454742
3789.843750	-56.912441
3795.227051	-56.263157
3800.610352	-57.199448
3805.993652	-58.997555
3811.376953	-61.301384
3816.760254	-61.854008
3822.143555	-61.716961
3827.526855	-63.244823
3832.910156	-66.928879
3838.293457	-70.878227
3843.676758	-73.791878
3849.060059	-76.469009
3854.443359	-76.243126
3859.826660	-71.958740
3865.209961	-70.339745
3870.593262	-69.415497
3875.976562	-66.735130
3881.359863	-63.264828
3886.743164	-61.436588
3892.126465	-60.864212
3897.509766	-62.189297
3902.893066	-65.873940
3908.276367	-69.409943
3913.659668	-68.272858
3919.042969	-66.615723
3924.426270	-65.802696
3929.809570	-64.797371
3935.192871	-63.183380
3940.576172	-62.481503
3945.959473	-64.284439
3951.342773	-67.658066
3956.726074	-64.472275
3962.109375	-59.904339
3967.492676	-56.579708
3972.875977	-54.293259
3978.259277	-53.889763
3983.642578	-55.324070
3989.025879	-58.725929
3994.409180	-60.336979
3999.792480	-59.935772
4005.175781	-65.428345
4010.559082	-64.378662
4015.942383	-56.502209
4021.325684	-53.033772
4026.708984	-51.834606
4032.092285	-52.547085
4037.475586	-55.183449
4042.858887	-58.902050
4048.242188	-57.495785
4053.625488	-54.919384
4059.008789	-53.938190
4064.392090	-54.254082
4069.775391	-57.463547
4075.158691	-64.727028
4080.541992	-69.286804
4085.925293	-68.442558
4091.308594	-69.678726
4096.691895	-74.310631
4102.075195	-67.023155
4107.458496	-60.806141
4112.841797	-59.506905
4118.225098	-61.490395
4123.608398	-62.026985
4128.991699	-62.717793
4134.375000	-65.257950
4139.758301	-69.489471
4145.141602	-69.705887
4150.524902	-68.602333
4155.908203	-67.209496
4161.291504	-69.603500
4166.674805	-71.835121
4172.058105	-64.683067
4177.441406	-62.512474
4182.824707	-64.335480
4188.208008	-66.376144
4193.591309	-63.627804
4198.974609	-61.936951
4204.357910	-61.536118
4209.741211	-60.911797
4215.124512	-59.570030
4220.507812	-58.409832
4225.891113	-58.253975
4231.274414	-59.488068
4236.657715	-61.167431
4242.041016	-61.062119
4247.424316	-59.563274
4252.807617	-57.754288
4258.190918	-56.200752
4263.574219	-56.271774
4268.957520	-58.288952
4274.340820	-62.045223
4279.724121	-70.855988
4285.107422	-69.321030
4290.490723	-63.334145
4295.874023	-60.780270
4301.257324	-60.672352
4306.640625	-59.502937
4312.023926	-55.553638
4317.407227	-54.163960
4322.790527	-55.507904
4328.173828	-56.566776
4333.557129	-56.798321
4338.940430	-57.794338
4344.323730	-58.938301
4349.707031	-57.762501
4355.090332	-54.859890
4360.473633	-52.656792
4365.856934	-52.331551
4371.240234	-55.010063
4376.623535	-60.944241
4382.006836	-60.333836
4387.390137	-60.057034
4392.773438	-62.134205
4398.156738	-63.880093
4403.540039	-61.490788
4408.923340	-58.273201
4414.306641	-57.232994
4419.689941	-57.406075
4425.073242	-55.224052
4430.456543	-52.300579
4435.839844	-50.456516
4441.223145	-50.087357
4446.606445	-51.351643
4451.989746	-52.454613
4457.373047	-51.938217
4462.756348	-51.332077
4468.139648	-51.250568
4473.522949	-52.258396
4478.906250	-55.665375
4484.289551	-63.340401
4489.672852	-59.451183
4495.056152	-56.211365
4500.439453	-57.759430
4505.822754	-56.361641
4511.206055	-53.904739
4516.589355	-52.725124
4521.972656	-52.326210
4527.355957	-52.092846
4532.739258	-51.812798
4538.122559	-51.220234
4543.505859	-50.541039
4548.889160	-49.937874
4554.272461	-49.768253
4559.655762	-49.716152
4565.039062	-49.313358
4570.422363	-48.397984
4575.805664	-47.923191
4581.188965	-48.408291
4586.572266	-49.443443
4591.955566	-51.137299
4597.338867	-52.171780
4602.722168	-51.797649
4608.105469	-51.351158
4613.488770	-51.088120
4618.872070	-50.837109
4624.255371	-51.322079
4629.638672	-52.697487
4635.021973	-53.590561
4640.405273	-53.967632
4645.788574	-54.812878
4651.171875	-58.389538
4656.555176	-61.615471
4661.938477	-55.873638
4667.321777	-54.145813
4672.705078	-53.480759
4678.088379	-52.242485
4683.471680	-50.789017
4688.854980	-50.158081
4694.238281	-51.365044
4699.621582	-53.414719
4705.004883	-53.357994
4710.388184	-53.103859
4715.771484	-53.268047
4721.154785	-54.111202
4726.538086	-56.320377
4731.921387	-58.506386
4737.304688	-57.945934
4742.687988	-57.011810
4748.071289	-56.591011
4753.454590	-56.073483
4758.837891	-55.917595
4764.221191	-56.165356
4769.604492	-56.713257
4774.987793	-57.661541
4780.371094	-56.917042
4785.754395	-56.590160
4791.137695	-57.761917
4796.520996	-59.876411
4801.904297	-58.304249
4807.287598	-54.900963
4812.670898	-53.077545
4818.054199	-52.957527
4823.437500	-55.360397
4828.820801	-60.578300
4834.204102	-63.324139
4839.587402	-69.723572
4844.970703	-65.566338
4850.354004	-60.975437
4855.737305	-58.602604
4861.120605	-56.373848
4866.503906	-55.379940
4871.887207	-55.262726
4877.270508	-54.775368
4882.653809	-52.097710
4888.037109	-49.376949
4893.420410	-48.035675
4898.803711	-48.406403
4904.187012	-50.966373
4909.570312	-55.747635
4914.953613	-59.702892
4920.336914	-60.712929
4925.720215	-61.411224
4931.103516	-62.213684
4936.486816	-63.150246
4941.870117	-62.245754
4947.253418	-61.422768
4952.636719	-61.953918
4958.020020	-65.375015
4963.403320	-66.519043
4968.786621	-59.156116
4974.169922	-55.428600
4979.553223	-53.711098
4984.936523	-53.575527
4990.319824	-55.127892
4995.703125	-57.625660
5001.086426	-59.819458
5006.469727	-59.451447
5011.853027	-56.990318
5017.236328	-54.597828
5022.619629	-52.537922
5028.002930	-51.218204
5033.386230	-51.349464
5038.769531	-53.559883
5044.152832	-60.004665
5049.536133	-67.960602
5054.919434	-59.701931
5060.302734	-58.230858
5065.686035	-58.113678
5071.069336	-58.322342
5076.452637	-58.525085
5081.835938	-59.180035
5087.219238	-60.672947
5092.602539	-61.767582
5097.985840	-61.886921
5103.369141	-62.572098
5108.752441	-63.728844
5114.135742	-65.006081
5119.519043	-70.805801
5124.902344	-67.665154
5130.285645	-60.485943
5135.668945	-57.915607
5141.052246	-58.371803
5146.435547	-59.940975
5151.818848	-58.301174
5157.202148	-55.329128
5162.585449	-53.865555
5167.968750	-54.444000
5173.352051	-55.949001
5178.735352	-56.047272
5184.118652	-54.392365
5189.501953	-53.362961
5194.885254	-52.657856
5200.268555	-51.775684
5205.651855	-51.708923
5211.035156	-52.278141
5216.418457	-53.032631
5221.801758	-53.433369
5227.185059	-53.657326
5232.568359	-53.635696
5237.951660	-53.337837
5243.334961	-53.188519
5248.718262	-53.707100
5254.101562	-54.302422
5259.484863	-53.843128
5264.868164	-53.313831
5270.251465	-53.486992
5275.634766	-54.993690
5281.018066	-58.351994
5286.401367	-60.005753
5291.784668	-58.873695
5297.167969	-58.745255
5302.551270	-56.748302
5307.934570	-53.874153
5313.317871	-51.413055
5318.701172	-49.706219
5324.084473	-49.601318
5329.467773	-51.316235
5334.851074	-56.300072
5340.234375	-66.081734
5345.617676	-72.126579
5351.000977	-62.742054
5356.384277	-57.633358
5361.767578	-55.454376
5367.150879	-54.838837
5372.534180	-52.609528
5377.917480	-48.852890
5383.300781	-46.205952
5388.684082	-45.280193
5394.067383	-45.453922
5399.450684	-44.769554
5404.833984	-43.837372
5410.217285	-44.155228
5415.600586	-46.141293
5420.983887	-49.853241
5426.367188	-51.938347
5431.750488	-51.444386
5437.133789	-52.562840
5442.517090	-55.087959
5447.900391	-57.908016
5453.283691	-59.400795
5458.666992	-58.626629
5464.050293	-58.294300
5469.433594	-59.418663
5474.816895	-61.493084
5480.200195	-62.170731
5485.583496	-61.886002
5490.966797	-63.038685
5496.350098	-64.584015
5501.733398	-62.492153
5507.116699	-58.320786
5512.500000	-54.903629
5517.883301	-52.393360
5523.266602	-50.849072
5528.649902	-50.516758
5534.033203	-51.467770
5539.416504	-54.091934
5544.799805	-57.753819
5550.183105	-57.198322
5555.566406	-53.196915
5560.949707	-49.044746
5566.333008	-46.325203
5571.716309	-44.945732
5577.099609	-44.367004
5582.482910	-44.246105
5587.866211	-44.304630
5593.249512	-44.887730
5598.632812	-46.434555
5604.016113	-49.551781
5609.399414	-56.531254
5614.782715	-70.158821
5620.166016	-58.015102
5625.549316	-54.578560
5630.932617	-53.628807
5636.315918	-52.467728
5641.699219	-50.249584
5647.082520	-48.735043
5652.465820	-48.242329
5657.849121	-48.270142
5663.232422	-48.330353
5668.615723	-49.020111
5673.999023	-50.291958
5679.382324	-51.050907
5684.765625	-51.192013
5690.148926	-51.263447
5695.532227	-51.581402
5700.915527	-52.033146
5706.298828	-52.083336
5711.682129	-51.433617
5717.065430	-50.284103
5722.448730	-48.458981
5727.832031	-46.403679
5733.215332	-45.168541
5738.598633	-45.680351
5743.981934	-48.571533
5749.365234	-53.730350
5754.748535	-58.108665
5760.131836	-60.266582
5765.515137	-63.311226
5770.898438	-61.106201
5776.281738	-55.754353
5781.665039	-54.655666
5787.048340	-53.742912
5792.431641	-52.007793
5797.814941	-51.362503
5803.198242	-52.425720
5808.581543	-55.975159
5813.964844	-62.482620
5819.348145	-61.019855
5824.731445	-61.441448
5830.114746	-62.802158
5835.498047	-62.356823
5840.881348	-61.969704
5846.264648	-61.582150
5851.647949	-60.682056
5857.031250	-58.623615
5862.414551	-56.107609
5867.797852	-54.246941
5873.181152	-53.714405
5878.564453	-54.769669
5883.947754	-58.651123
5889.331055	-64.430878
5894.714355	-58.531593
5900.097656	-56.411991
5905.480957	-56.686890
5910.864258	-58.466080
5916.247559	-62.840363
5921.630859	-75.282143
5927.014160	-67.097824
5932.397461	-60.629055
5937.780762	-58.238220
5943.164062	-57.547737
5948.547363	-57.812557
5953.930664	-58.185059
5959.313965	-58.211323
5964.697266	-58.085396
5970.080566	-57.760796
5975.463867	-56.840950
5980.847168	-56.355991
5986.230469	-57.292175
5991.613770	-60.443398
5996.997070	-64.127312
6002.380371	-64.314857
6007.763672	-64.931358
6013.146973	-68.190704
6018.530273	-74.236595
6023.913574	-69.423271
6029.296875	-62.862255
6034.680176	-59.123184
6040.063477	-57.136360
6045.446777	-56.237106
6050.830078	-55.492241
6056.213379	-54.791061
6061.596680	-54.645271
6066.979980	-55.449207
6072.363281	-56.795067
6077.746582	-58.104744
6083.129883	-60.353680
6088.513184	-58.915718
6093.896484	-56.498745
6099.279785	-56.373837
6104.663086	-56.866779
6110.046387	-58.341602
6115.429688	-63.536446
6120.812988	-69.343842
6126.196289	-67.424927
6131.579590	-70.021553
6136.962891	-69.088547
6142.346191	-64.072556
6147.729492	-60.238136
6153.112793	-57.666428
6158.496094	-56.210381
6163.879395	-55.909229
6169.262695	-56.469997
6174.645996	-57.771877
6180.029297	-59.840431
6185.412598	-61.475834
6190.795898	-60.622944
6196.179199	-58.952412
6201.562500	-58.362514
6206.945801	-58.026207
6212.329102	-57.831860
6217.712402	-57.884285
6223.095703	-57.860920
6228.479004	-57.977524
6233.862305	-58.528564
6239.245605	-59.197433
6244.628906	-59.981846
6250.012207	-60.772778
6255.395508	-60.521564
6260.778809	-59.855709
6266.162109	-59.573978
6271.545410	-59.876705
6276.928711	-60.682522
6282.312012	-61.946316
6287.695312	-63.457298
6293.078613	-63.415131
6298.461914	-62.772575
6303.845215	-63.007641
6309.228516	-64.061584
6314.611816	-65.146568
6319.995117	-65.522919
6325.378418	-64.895668
6330.761719	-63.862934
6336.145020	-63.538151
6341.528320	-63.092113
6346.911621	-62.425594
6352.294922	-62.486843
6357.678223	-63.045395
6363.061523	-63.438419
6368.444824	-63.009109
6373.828125	-62.199589
6379.211426	-62.156338
6384.594727	-63.526928
6389.978027	-66.450569
6395.361328	-70.416672
6400.744629	-69.946144
6406.127930	-67.937050
6411.511230	-66.519745
6416.894531	-65.699318
6422.277832	-66.220650
6427.661133	-67.986702
6433.044434	-71.084488
6438.427734	-71.815643
6443.811035	-68.746140
6449.194336	-66.109924
6454.577637	-65.250412
6459.960938	-65.962837
6465.344238	-67.251427
6470.727539	-68.064926
6476.110840	-69.229401
6481.494141	-71.176857
6486.877441	-71.816887
6492.260742	-71.278954
6497.644043	-70.000015
6503.027344	-68.043877
6508.410645	-66.539787
6513.793945	-65.905090
6519.177246	-64.850845
6524.560547	-63.886955
6529.943848	-63.342861
6535.327148	-62.818409
6540.710449	-62.639835
6546.093750	-62.561230
6551.477051	-62.475513
6556.860352	-62.267498
6562.243652	-62.218525
6567.626953	-62.407936
6573.010254	-63.367683
6578.393555	-65.174286
6583.776855	-67.799362
6589.160156	-71.175919
6594.543457	-76.251274
6599.926758	-77.861000
6605.310059	-74.189606
6610.693359	-70.910461
6616.076660	-68.793465
6621.459961	-68.153450
6626.843262	-69.430679
6632.226562	-72.689560
6637.609863	-71.294800
6642.993164	-67.263123
6648.376465	-65.375824
6653.759766	-65.001373
6659.143066	-65.869713
6664.526367	-66.611229
6669.909668	-66.856224
6675.292969	-66.015999
6680.676270	-65.689941
6686.059570	-65.280991
6691.442871	-64.382103
6696.826172	-63.809853
6702.209473	-63.337193
6707.592773	-63.608360
6712.976074	-64.560303
6718.359375	-65.567398
6723.742676	-66.188583
6729.125977	-65.842430
6734.509277	-64.751282
6739.892578	-64.694183
6745.275879	-66.563271
6750.659180	-69.562416
6756.042480	-69.830307
6761.425781	-68.917198
6766.809082	-69.883965
6772.192383	-70.333542
6777.575684	-69.156120
6782.958984	-70.028046
6788.342285	-72.722588
6793.725586	-71.467926
6799.108887	-68.425819
6804.492188	-66.784500
6809.875488	-66.376213
6815.258789	-66.195679
6820.642090	-64.485695
6826.025391	-61.732922
6831.408691	-59.000458
6836.791992	-57.117596
6842.175293	-56.358612
6847.558594	-56.864441
6852.941895	-58.671520
6858.325195	-60.897942
6863.708496	-61.507401
6869.091797	-60.442421
6874.475098	-59.483047
6879.858398	-58.837219
6885.241699	-58.280037
6890.625000	-58.251297
6896.008301	-59.295372
6901.391602	-60.800701
6906.774902	-61.200424
6912.158203	-61.288300
6917.541504	-62.000565
6922.924805	-61.939102
6928.308105	-60.952419
6933.691406	-60.242821
6939.074707	-60.100822
6944.458008	-60.779713
6949.841309	-62.757378
6955.224609	-65.097298
6960.607910	-65.676842
6965.991211	-66.005180
6971.374512	-67.475662
6976.757812	-68.815765
6982.141113	-69.914413
6987.524414	-72.360031
6992.907715	-73.047073
6998.291016	-68.773682
7003.674316	-65.645958
7009.057617	-64.493935
7014.440918	-65.111977
7019.824219	-67.759254
7025.207520	-72.651436
7030.590820	-73.330536
7035.974121	-71.564392
7041.357422	-70.562691
7046.740723	-70.058777
7052.124023	-69.683823
7057.507324	-69.448044
7062.890625	-68.649895
7068.273926	-67.679565
7073.657227	-67.801193
7079.040527	-69.319031
7084.423828	-71.116287
7089.807129	-72.499794
7095.190430	-73.088684
7100.573730	-69.444366
7105.957031	-65.846321
7111.340332	-63.242855
7116.723633	-61.630032
7122.106934	-61.324726
7127.490234	-62.540459
7132.873535	-65.873352
7138.256836	-70.533241
7143.640137	-72.387405
7149.023438	-74.591644
7154.406738	-78.602478
7159.790039	-79.863228
7165.173340	-80.996826
7170.556641	-84.160622
7175.939941	-95.192276
7181.323242	-85.663292
7186.706543	-80.151749
7192.089844	-76.985878
7197.473145	-75.297028
7202.856445	-74.957924
7208.239746	-77.348038
7213.623047	-84.938568
7219.006348	-91.920441
7224.389648	-80.410904
7229.772949	-74.816666
7235.156250	-72.368355
7240.539551	-71.362511
7245.922852	-69.668777
7251.306152	-67.664665
7256.689453	-66.565155
7262.072754	-66.036919
7267.456055	-66.174736
7272.839355	-66.292091
7278.222656	-65.690216
7283.605957	-64.855988
7288.989258	-64.198174
7294.372559	-63.736481
7299.755859	-63.464745
7305.139160	-63.549725
7310.522461	-63.751122
7315.905762	-64.237305
7321.289062	-65.063255
7326.672363	-66.518227
7332.055664	-68.692833
7337.438965	-71.466171
7342.822266	-72.878166
7348.205566	-72.429634
7353.588867	-72.080276
7358.972168	-72.155212
7364.355469	-72.145126
7369.738770	-71.568100
7375.122070	-71.681084
7380.505371	-72.071083
7385.888672	-72.000618
7391.271973	-71.231583
7396.655273	-69.529648
7402.038574	-68.112755
7407.421875	-67.181732
7412.805176	-67.340164
7418.188477	-68.923706
7423.571777	-72.427788
7428.955078	-76.173805
7434.338379	-76.114899
7439.721680	-74.410393
7445.104980	-74.628845
7450.488281	-76.245796
7455.871582	-75.810287
7461.254883	-75.320229
7466.638184	-74.872337
7472.021484	-74.077332
7477.404785	-73.358406
7482.788086	-72.762657
7488.171387	-72.648537
7493.554688	-72.557594
7498.937988	-73.186714
7504.321289	-74.592720
7509.704590	-77.160477
7515.087891	-81.073715
7520.471191	-90.007965
7525.854492	-85.091896
7531.237793	-78.801888
7536.621094	-75.357704
7542.004395	-72.966118
7547.387695	-71.918022
7552.770996	-72.311752
7558.154297	-73.888298
7563.537598	-74.849457
7568.920898	-73.871178
7574.304199	-73.720276
7579.687500	-74.380539
7585.070801	-75.584930
7590.454102	-76.711029
7595.837402	-76.970459
7601.220703	-76.818535
7606.604004	-77.158287
7611.987305	-76.156548
7617.370605	-74.277672
7622.753906	-73.654099
7628.137207	-74.311028
7633.520508	-76.844688
7638.903809	-80.254005
7644.287109	-83.093124
7649.670410	-82.933006
7655.053711	-82.109795
7660.437012	-82.204605
7665.820312	-84.763451
7671.203613	-87.957977
7676.586914	-86.139839
7681.970215	-81.819092
7687.353516	-79.439316
7692.736816	-79.897064
7698.120117	-83.503197
7703.503418	-82.257202
7708.886719	-76.310951
7714.270020	-72.789337
7719.653320	-70.567207
7725.036621	-70.266060
7730.419922	-71.746841
7735.803223	-74.016411
7741.186523	-73.819321
7746.569824	-73.515930
7751.953125	-73.977760
7757.336426	-74.958611
7762.719727	-76.177429
7768.103027	-76.940086
7773.486328	-76.115051
7778.869629	-74.744400
7784.252930	-73.869621
7789.636230	-73.562057
7795.019531	-74.147057
7800.402832	-74.901199
7805.786133	-75.775482
7811.169434	-76.158195
7816.552734	-76.577911
7821.936035	-76.282112
7827.319336	-75.795769
7832.702637	-75.073357
7838.085938	-74.538071
7843.469238	-74.349472
7848.852539	-75.015121
7854.235840	-75.577309
7859.619141	-75.256264
7865.002441	-74.093803
7870.385742	-72.926086
7875.769043	-71.820023
7881.152344	-71.791267
7886.535645	-72.982506
7891.918945	-73.729729
7897.302246	-73.309883
7902.685547	-73.129494
7908.068848	-73.474182
7913.452148	-73.848274
7918.835449	-74.343422
7924.218750	-74.311142
7929.602051	-74.818367
7934.985352	-76.317780
7940.368652	-81.437744
7945.751953	-87.562599
7951.135254	-74.354355
7956.518555	-69.273766
7961.901855	-66.895622
7967.285156	-66.171097
7972.668457	-66.156624
7978.051758	-66.321785
7983.435059	-66.506561
7988.818359	-66.688423
7994.201660	-66.915146
7999.584961	-66.912224
8004.968262	-66.822884
8010.351562	-66.775192
8015.734863	-66.979828
8021.118164	-67.322090
8026.501465	-67.774307
8031.884766	-67.791924
8037.268066	-67.371094
8042.651367	-66.932381
8048.034668	-66.503967
8053.417969	-66.086121
8058.801270	-65.602394
8064.184570	-65.426506
8069.567871	-65.529709
8074.951172	-65.871658
8080.334473	-66.186974
8085.717773	-66.554024
8091.101074	-66.878578
8096.484375	-67.184105
8101.867676	-67.550003
8107.250977	-67.968452
8112.634277	-68.487007
8118.017578	-68.646545
8123.400879	-68.241302
8128.784180	-67.565102
8134.167480	-67.431145
8139.550781	-68.327690
8144.934082	-70.844009
8150.317383	-74.831497
8155.700684	-76.034325
8161.083984	-75.312195
8166.467285	-75.523743
8171.850586	-76.185692
8177.233887	-76.410088
8182.617188	-76.737152
8188.000488	-77.193291
8193.383789	-77.581535
8198.767090	-77.118706
8204.150391	-76.952568
8209.533691	-78.090805
8214.916992	-79.281906
8220.300293	-79.402420
8225.683594	-78.599876
8231.066895	-79.227867
8236.450195	-81.156784
8241.833496	-82.819588
8247.216797	-82.548012
8252.600098	-82.636482
8257.983398	-85.021896
8263.366699	-87.384804
8268.750000	-91.600861
8274.133301	-93.114967
8279.516602	-90.392235
8284.899902	-88.670860
8290.283203	-88.764328
8295.666504	-92.493660
8301.049805	-97.182213
8306.433105	-103.448570
8311.816406	-98.724518
8317.199707	-95.513672
8322.583008	-99.687416
8327.966309	-100.120453
8333.349609	-93.774506
8338.732910	-89.708557
8344.116211	-86.354202
8349.499512	-84.619598
8354.882812	-82.833496
8360.266113	-81.467575
8365.649414	-79.745125
8371.032715	-78.579239
8376.416016	-77.514214
8381.799316	-77.003769
8387.182617	-77.020134
8392.565918	-77.247101
8397.949219	-78.077835
8403.332520	-79.118431
8408.715820	-80.644028
8414.099121	-81.796722
8419.482422	-81.838379
8424.865723	-80.982147
8430.249023	-80.056999
8435.632324	-78.936066
8441.015625	-77.940178
8446.398926	-77.708878
8451.782227	-77.557411
8457.165527	-77.731598
8462.548828	-77.228409
8467.932129	-76.239464
8473.315430	-75.146393
8478.698730	-74.290199
8484.082031	-73.977905
8489.465332	-73.784218
8494.848633	-73.919159
8500.231934	-73.911697
8505.615234	-74.010422
8510.998535	-73.988548
8516.381836	-74.060349
8521.765137	-74.088669
8527.148438	-74.036140
8532.531738	-73.904198
8537.915039	-73.514732
8543.298340	-73.229889
8548.681641	-72.671761
8554.064941	-72.481255
8559.448242	-72.598343
8564.831543	-73.211220
8570.214844	-73.908241
8575.598145	-74.448265
8580.981445	-74.723076
8586.364746	-74.939217
8591.748047	-75.670525
8597.131348	-76.513359
8602.514648	-77.514397
8607.897949	-77.231636
8613.281250	-76.348251
8618.664551	-75.834129
8624.047852	-75.583603
8629.431152	-75.434258
8634.814453	-75.142059
8640.197754	-75.616493
8645.581055	-76.587578
8650.964355	-77.606834
8656.347656	-78.040962
8661.730957	-78.463646
8667.114258	-78.696472
8672.497559	-78.781479
8677.880859	-79.475136
8683.264160	-79.861855
8688.647461	-80.347252
8694.030762	-80.052277
8699.414062	-79.138374
8704.797363	-77.793236
8710.180664	-76.453804
8715.563965	-75.889923
8720.947266	-75.951141
8726.330566	-76.715469
8731.713867	-77.159615
8737.097168	-77.862587
8742.480469	-78.663467
8747.863770	-79.666946
8753.247070	-79.835007
8758.630371	-78.735214
8764.013672	-77.345970
8769.396973	-76.135849
8774.780273	-75.740021
8780.163574	-75.587296
8785.546875	-75.914413
8790.930176	-76.344398
8796.313477	-76.782288
8801.696777	-76.925583
8807.080078	-76.790390
8812.463379	-76.659668
8817.846680	-76.388565
8823.229980	-76.209938
8828.613281	-75.768295
8833.996582	-75.955513
8839.379883	-76.397804
8844.763184	-77.034760
8850.146484	-78.318092
8855.529785	-80.031006
8860.913086	-81.397736
8866.296387	-81.605194
8871.679688	-82.579185
8877.062988	-83.482452
8882.446289	-83.449196
8887.829590	-82.790077
8893.212891	-81.870049
8898.596191	-81.488495
8903.979492	-81.248032
8909.362793	-81.757942
8914.746094	-81.840904
8920.129395	-82.489922
8925.512695	-83.753479
8930.895996	-85.609444
8936.279297	-86.648422
8941.662598	-86.753876
8947.045898	-85.928986
8952.429199	-83.078011
8957.812500	-81.756653
8963.195801	-81.608673
8968.579102	-81.482208
8973.962402	-81.487061
8979.345703	-81.212662
8984.729004	-81.486252
8990.112305	-81.323242
8995.495605	-81.560623
9000.878906	-81.630920
9006.262207	-81.181168
9011.645508	-80.368271
9017.028809	-79.592918
9022.412109	-79.004051
9027.795410	-77.898743
9033.178711	-77.200577
9038.562012	-76.514664
9043.945312	-76.254913
9049.328613	-76.057968
9054.711914	-75.954468
9060.095215	-75.973854
9065.478516	-76.294006
9070.861816	-76.816193
9076.245117	-77.231560
9081.628418	-78.103394
9087.011719	-78.517174
9092.395020	-79.025940
9097.778320	-79.104393
9103.161621	-78.792122
9108.544922	-78.397079
9113.928223	-77.912399
9119.311523	-77.806274
9124.694824	-77.725052
9130.078125	-78.243103
9135.461426	-78.612289
9140.844727	-79.153778
9146.228027	-79.669777
9151.611328	-79.938377
9156.994629	-79.710930
9162.377930	-78.580612
9167.761230	-77.818947
9173.144531	-76.925888
9178.527832	-76.134544
9183.911133	-75.535233
9189.294434	-75.406242
9194.677734	-75.673706
9200.061035	-75.678513
9205.444336	-75.544235
9210.827637	-75.441864
9216.210938	-75.721115
9221.594238	-75.695518
9226.977539	-75.635788
9232.360840	-75.437180
9237.744141	-75.299500
9243.127441	-75.185081
9248.510742	-74.848434
9253.894043	-75.050354
9259.277344	-75.560425
9264.660645	-76.054855
9270.043945	-75.917130
9275.427246	-75.728790
9280.810547	-75.454643
9286.193848	-75.202522
9291.577148	-74.990021
9296.960449	-74.781029
9302.343750	-74.887672
9307.727051	-74.623207
9313.110352	-74.748703
9318.493652	-75.135384
9323.876953	-75.713753
9329.260254	-76.031654
9334.643555	-76.558548
9340.026855	-77.149483
9345.410156	-77.673012
9350.793457	-78.241379
9356.176758	-78.017097
9361.560059	-77.958618
9366.943359	-77.896843
9372.326660	-78.035507
9377.709961	-78.136589
9383.093262	-78.527237
9388.476562	-79.172722
9393.859863	-79.626694
9399.243164	-80.158676
9404.626465	-80.165695
9410.009766	-80.997330
9415.393066	-82.009460
9420.776367	-83.613716
9426.159668	-84.601471
9431.542969	-85.226273
9436.926270	-86.892807
9442.309570	-88.073723
9447.692871	-88.961479
9453.076172	-88.483780
9458.459473	-86.598389
9463.842773	-84.002762
9469.226074	-81.963623
9474.609375	-81.491722
9479.992676	-81.379807
9485.375977	-82.176682
9490.759277	-82.572609
9496.142578	-82.781967
9501.525879	-83.013351
9506.909180	-83.421196
9512.292480	-84.046410
9517.675781	-84.270432
9523.059082	-84.584473
9528.442383	-84.185394
9533.825684	-83.808975
9539.208984	-83.439682
9544.592285	-83.151505
9549.975586	-82.617973
9555.358887	-82.394173
9560.742188	-82.622307
9566.125488	-82.704048
9571.508789	-82.919136
9576.892090	-82.307709
9582.275391	-82.342468
9587.658691	-82.289650
9593.041992	-81.982307
9598.425293	-82.009422
9603.808594	-82.351234
9609.191895	-82.449646
9614.575195	-81.844109
9619.958496	-81.277870
9625.341797	-80.348419
9630.725098	-79.644775
9636.108398	-79.148239
9641.491699	-78.842293
9646.875000	-79.047119
9652.258301	-79.100136
9657.641602	-79.383095
9663.024902	-79.601509
9668.408203	-80.125938
9673.791504	-80.191490
9679.174805	-79.822334
9684.558105	-79.240852
9689.941406	-78.555779
9695.324707	-78.362564
9700.708008	-78.262619
9706.091309	-78.539833
9711.474609	-78.548012
9716.857910	-78.471519
9722.241211	-78.471725
9727.624512	-78.612846
9733.007812	-78.647057
9738.391113	-78.735405
9743.774414	-79.515465
9749.157715	-80.031403
9754.541016	-80.677925
9759.924316	-80.806091
9765.307617	-81.189850
9770.690918	-81.440926
9776.074219	-81.383324
9781.457520	-81.295135
9786.840820	-81.070686
9792.224121	-80.880051
9797.607422	-80.168701
9802.990723	-79.668861
9808.374023	-79.128998
9813.757324	-78.665825
9819.140625	-78.428352
9824.523926	-77.993126
9829.907227	-77.804398
9835.290527	-77.499443
9840.673828	-77.509148
9846.057129	-77.514915
9851.440430	-77.972786
9856.823730	-78.079018
9862.207031	-77.988342
9867.590332	-78.154457
9872.973633	-78.220673
9878.356934	-78.636650
9883.740234	-78.743111
9889.123535	-78.848351
9894.506836	-78.745232
9899.890137	-78.941208
9905.273438	-78.955727
9910.656738	-78.674194
9916.040039	-78.453186
9921.423340	-78.091362
9926.806641	-78.095787
9932.189941	-78.017235
9937.573242	-78.283150
9942.956543	-78.531494
9948.339844	-78.701485
9953.723145	-78.849106
9959.106445	-78.889870
9964.489746	-79.008133
9969.873047	-78.827621
9975.256348	-78.824837
9980.639648	-78.699013
9986.022949	-78.884224
9991.406250	-78.897697
9996.789551	-79.065796
10002.172852	-79.148087
10007.556152	-78.960175
10012.939453	-79.498192
10018.322754	-79.876480
10023.706055	-80.608162
10029.089355	-81.140015
10034.472656	-81.581406
10039.855957	-81.861153
10045.239258	-81.478790
10050.622559	-80.922104
10056.005859	-80.434181
10061.389160	-80.494301
10066.772461	-80.435127
10072.155762	-81.044365
10077.539062	-81.519066
10082.922363	-82.756111
10088.305664	-83.620560
10093.688965	-84.022598
10099.072266	-84.527824
10104.455566	-85.078735
10109.838867	-86.047333
10115.222168	-86.016556
10120.605469	-86.973961
10125.988770	-86.859947
10131.372070	-86.773880
10136.755371	-87.235130
10142.138672	-85.897209
10147.521973	-85.377472
10152.905273	-84.360764
10158.288574	-83.549500
10163.671875	-83.054352
10169.055176	-82.802399
10174.438477	-82.724762
10179.821777	-82.416328
10185.205078	-82.695122
10190.588379	-82.502022
10195.971680	-82.841530
10201.354980	-83.009293
10206.738281	-82.868500
10212.121582	-81.998230
10217.504883	-80.679237
10222.888184	-79.813316
10228.271484	-79.024826
10233.654785	-78.978203
10239.038086	-78.894966
10244.421387	-78.999435
10249.804688	-79.125366
10255.187988	-79.349823
10260.571289	-79.316040
10265.954590	-78.883034
10271.337891	-79.115608
10276.721191	-79.182480
10282.104492	-79.168869
10287.487793	-78.668610
10292.871094	-78.475853
10298.254395	-78.509384
10303.637695	-78.306961
10309.020996	-77.887817
10314.404297	-77.697052
10319.787598	-77.897087
10325.170898	-77.874191
10330.554199	-77.957100
10335.937500	-77.846573
10341.320801	-78.010094
10346.704102	-78.224129
10352.087402	-78.294739
10357.470703	-78.295433
10362.854004	-78.025131
10368.237305	-78.029518
10373.620605	-78.001190
10379.003906	-78.463829
10384.387207	-78.727600
10389.770508	-78.675453
10395.153809	-78.276932
10400.537109	-77.878761
10405.920410	-77.765633
10411.303711	-77.583466
10416.687012	-77.780823
10422.070312	-77.807480
10427.453613	-78.148056
10432.836914	-78.377319
10438.220215	-78.689842
10443.603516	-79.188568
10448.986816	-79.247948
10454.370117	-79.287201
10459.753418	-79.024055
10465.136719	-78.744377
10470.520020	-78.376747
10475.903320	-78.296967
10481.286621	-78.084389
10486.669922	-78.270042
10492.053223	-78.896561
10497.436523	-79.500961
10502.819824	-80.386421
10508.203125	-80.781822
10513.586426	-80.698959
10518.969727	-80.288872
10524.353027	-80.257057
10529.736328	-80.070335
10535.119629	-79.799179
10540.502930	-80.155098
10545.886230	-80.883690
10551.269531	-81.861328
10556.652832	-81.804077
10562.036133	-81.781158
10567.419434	-81.410126
10572.802734	-80.925079
10578.186035	-80.539368
10583.569336	-80.466942
10588.952637	-81.112556
10594.335938	-81.556000
10599.719238	-82.436996
10605.102539	-82.853455
10610.485840	-83.213173
10615.869141	-83.213295
10621.252441	-83.190201
10626.635742	-83.878929
10632.019043	-84.031570
10637.402344	-84.252075
10642.785645	-83.994957
10648.168945	-84.207840
10653.552246	-84.011971
10658.935547	-83.925499
10664.318848	-84.267761
10669.702148	-84.225693
10675.085449	-84.414452
10680.468750	-84.604141
10685.852051	-85.105690
10691.235352	-84.635735
10696.618652	-84.550514
10702.001953	-84.353592
10707.385254	-84.406128
10712.768555	-85.101830
10718.151855	-85.859924
10723.535156	-87.005470
10728.918457	-86.581612
10734.301758	-86.081688
10739.685059	-84.772057
10745.068359	-84.159119
10750.451660	-84.123520
10755.834961	-84.109520
10761.218262	-84.940468
10766.601562	-85.845734
10771.984863	-87.407249
10777.368164	-87.785225
10782.751465	-88.604225
10788.134766	-88.593544
10793.518066	-87.877090
10798.901367	-87.142822
10804.284668	-86.190430
10809.667969	-85.966560
10815.051270	-85.037277
10820.434570	-84.522682
10825.817871	-83.936241
10831.201172	-83.075188
10836.584473	-82.203056
10841.967773	-81.308296
10847.351074	-80.921684
10852.734375	-80.545708
10858.117676	-80.682129
10863.500977	-80.627548
10868.884277	-80.799629
10874.267578	-81.082451
10879.650879	-81.244225
10885.034180	-81.601120
10890.417480	-81.425751
10895.800781	-81.114426
10901.184082	-80.618652
10906.567383	-80.242073
10911.950684	-79.744987
10917.333984	-79.591705
10922.717285	-79.502563
10928.100586	-79.519958
10933.483887	-79.832024
10938.867188	-80.002113
10944.250488	-80.132545
10949.633789	-80.032364
10955.017090	-80.209045
10960.400391	-79.778816
10965.783691	-79.067070
10971.166992	-78.416809
10976.550293	-77.646988
10981.933594	-77.237694
10987.316895	-77.036308
10992.700195	-77.343010
10998.083496	-77.470451
11003.466797	-77.618347
11008.850098	-77.902885
11014.233398	-78.127419
11019.616699	-78.154816
11025.000000	-77.904938
11030.383301	-78.123024
11035.766602	-78.321045
11041.149902	-78.531593
11046.533203	-78.500259
11051.916504	-78.848595
11057.299805	-79.123817
11062.683105	-79.152328
11068.066406	-79.314224
11073.449707	-79.366890
11078.833008	-79.629692
11084.216309	-79.645454
11089.599609	-79.743629
11094.982910	-79.591072
11100.366211	-79.749687
11105.749512	-80.040276
11111.132812	-80.418663
11116.516113	-81.143387
11121.899414	-81.759369
11127.282715	-82.130722
11132.666016	-81.720688
11138.049316	-81.602493
11143.432617	-80.947960
11148.815918	-80.387436
11154.199219	-80.344612
11159.582520	-80.544006
11164.965820	-81.204582
11170.349121	-81.898544
11175.732422	-82.810905
11181.115723	-83.261848
11186.499023	-83.918694
11191.882324	-83.700951
11197.265625	-83.208618
11202.648926	-82.800110
11208.032227	-82.214531
11213.415527	-82.508804
11218.798828	-82.568924
11224.182129	-83.271019
11229.565430	-83.873779
11234.948730	-84.393501
11240.332031	-84.849251
11245.715332	-85.248039
11251.098633	-85.371284
11256.481934	-85.339935
11261.865234	-85.449043
11267.248535	-84.711464
11272.631836	-84.268555
11278.015137	-84.405380
11283.398438	-85.357208
11288.781738	-86.698418
11294.165039	-87.827103
11299.548340	-88.789299
11304.931641	-87.815475
11310.314941	-85.926826
11315.698242	-84.580818
11321.081543	-83.854469
11326.464844	-83.493500
11331.848145	-83.721123
11337.231445	-84.987709
11342.614746	-85.519363
11347.998047	-86.202187
11353.381348	-86.356316
11358.764648	-86.541512
11364.147949	-85.804436
11369.531250	-85.224960
11374.914551	-84.723656
11380.297852	-83.758736
11385.681152	-83.445412
11391.064453	-83.033554
11396.447754	-83.357933
11401.831055	-83.452744
11407.214355	-83.627251
11412.597656	-83.352577
11417.980957	-82.912926
11423.364258	-83.030167
11428.747559	-82.757568
11434.130859	-82.781090
11439.514160	-82.526154
11444.897461	-83.139282
11450.280762	-83.901863
11455.664062	-85.367760
11461.047363	-86.672104
11466.430664	-87.309059
11471.813965	-88.200195
11477.197266	-87.708229
11482.580566	-86.378525
11487.963867	-85.500313
11493.347168	-85.292290
11498.730469	-85.145714
11504.113770	-84.687965
11509.497070	-84.493660
11514.880371	-83.657234
11520.263672	-83.544365
11525.646973	-83.511826
11531.030273	-83.390129
11536.413574	-82.788063
11541.796875	-82.504349
11547.180176	-82.607735
11552.563477	-82.393471
11557.946777	-82.312325
11563.330078	-82.089577
11568.713379	-82.138283
11574.096680	-81.433899
11579.479980	-80.816422
11584.863281	-80.339516
11590.246582	-80.006538
11595.629883	-80.371277
11601.013184	-80.638222
11606.396484	-80.987770
11611.779785	-80.704254
11617.163086	-80.546623
11622.546387	-80.521072
11627.929688	-80.271988
11633.312988	-79.853401
11638.696289	-79.263664
11644.079590	-78.952240
11649.462891	-78.623169
11654.846191	-78.608116
11660.229492	-78.517891
11665.612793	-78.525391
11670.996094	-78.293182
11676.379395	-77.898087
11681.762695	-77.642105
11687.145996	-77.401520
11692.529297	-77.380989
11697.912598	-77.253983
11703.295898	-77.291283
11708.679199	-77.081856
11714.062500	-76.954750
11719.445801	-76.818703
11724.829102	-76.580467
11730.212402	-76.387276
11735.595703	-76.175896
11740.979004	-76.112747
11746.362305	-76.172905
11751.745605	-76.534393
11757.128906	-76.725456
11762.512207	-77.202927
11767.895508	-77.602081
11773.278809	-77.903809
11778.662109	-77.926674
11784.045410	-78.027023
11789.428711	-78.347931
11794.812012	-78.271324
11800.195312	-78.386894
11805.578613	-78.329018
11810.961914	-78.263405
11816.345215	-78.294144
11821.728516	-78.459183
11827.111816	-78.763046
11832.495117	-78.632744
11837.878418	-78.637177
11843.261719	-78.590843
11848.645020	-79.214165
11854.028320	-79.746162
11859.411621	-80.380997
11864.794922	-80.853645
11870.178223	-81.229347
11875.561523	-81.792412
11880.944824	-82.463150
11886.328125	-83.924294
11891.711426	-84.765518
11897.094727	-85.575890
11902.478027	-85.379196
11907.861328	-85.146919
11913.244629	-85.456718
11918.627930	-85.186111
11924.011230	-85.286499
11929.394531	-85.384987
11934.777832	-85.808823
11940.161133	-85.371529
11945.544434	-85.466637
11950.927734	-85.847816
11956.311035	-85.524651
11961.694336	-86.051300
11967.077637	-85.319641
11972.460938	-84.684372
11977.844238	-84.015030
11983.227539	-83.913742
11988.610840	-83.957153
11993.994141	-84.462540
11999.377441	-85.661407
12004.760742	-86.459160
12010.144043	-87.132782
12015.527344	-86.525024
12020.910645	-86.387581
12026.293945	-85.853806
12031.677246	-85.057892
12037.060547	-84.272774
12042.443848	-83.347099
12047.827148	-83.120018
12053.210449	-82.824570
12058.593750	-83.075264
12063.977051	-82.778297
12069.360352	-82.322166
12074.743652	-82.144127
12080.126953	-81.956276
12085.510254	-82.057220
12090.893555	-82.199364
12096.276855	-82.692146
12101.660156	-82.348030
12107.043457	-82.373848
12112.426758	-82.099365
12117.810059	-82.053665
12123.193359	-82.085297
12128.576660	-81.939255
12133.959961	-82.030319
12139.343262	-81.724396
12144.726562	-81.824608
12150.109863	-81.679688
12155.493164	-81.655960
12160.876465	-81.318443
12166.259766	-81.214211
12171.643066	-81.173096
12177.026367	-80.990723
12182.409668	-80.942986
12187.792969	-80.468460
12193.176270	-80.447411
12198.559570	-80.460258
12203.942871	-80.737778
12209.326172	-80.750664
12214.709473	-80.346626
12220.092773	-79.998116
12225.476074	-79.548164
12230.859375	-79.472084
12236.242676	-79.345329
12241.625977	-79.607964
12247.009277	-79.851074
12252.392578	-80.430641
12257.775879	-80.885681
12263.159180	-81.149109
12268.542480	-81.520630
12273.925781	-82.132538
12279.309082	-83.189163
12284.692383	-83.817963
12290.075684	-84.996147
12295.458984	-86.003647
12300.842285	-85.857002
12306.225586	-85.039635
12311.608887	-83.966667
12316.992188	-83.587883
12322.375488	-83.030830
12327.758789	-83.291077
12333.142090	-83.168144
12338.525391	-83.169411
12343.908691	-83.215378
12349.291992	-83.196434
12354.675293	-83.531807
12360.058594	-83.751007
12365.441895	-84.020332
12370.825195	-84.006027
12376.208496	-84.364349
12381.591797	-84.293961
12386.975098	-84.287117
12392.358398	-84.577042
12397.741699	-84.290062
12403.125000	-83.882347
12408.508301	-83.269249
12413.891602	-82.914696
12419.274902	-82.605339
12424.658203	-82.894310
12430.041504	-83.159515
12435.424805	-83.566521
12440.808105	-83.973526
12446.191406	-83.725807
12451.574707	-83.963745
12456.958008	-83.631371
12462.341309	-83.154816
12467.724609	-82.670723
12473.107910	-82.517334
12478.491211	-82.470299
12483.874512	-82.754723
12489.257812	-83.502251
12494.641113	-83.905151
12500.024414	-84.148918
12505.407715	-83.668633
12510.791016	-83.671738
12516.174316	-83.859062
12521.557617	-84.052139
12526.940918	-84.264580
12532.324219	-84.955833
12537.707520	-86.144669
12543.090820	-86.690796
12548.474121	-87.431458
12553.857422	-86.873611
12559.240723	-86.389603
12564.624023	-86.001877
12570.007324	-85.993996
12575.390625	-85.885979
12580.773926	-85.680908
12586.157227	-85.834564
12591.540527	-85.383560
12596.923828	-85.908241
12602.307129	-86.124901
12607.690430	-86.898087
12613.073730	-88.324036
12618.457031	-88.824699
12623.840332	-89.389267
12629.223633	-88.810547
12634.606934	-88.119980
12639.990234	-87.001610
12645.373535	-86.549812
12650.756836	-85.904243
12656.140137	-85.275108
12661.523438	-85.246712
12666.906738	-84.909836
12672.290039	-84.721680
12677.673340	-83.849808
12683.056641	-83.518639
12688.439941	-83.423592
12693.823242	-83.469398
12699.206543	-83.348381
12704.589844	-82.865715
12709.973145	-83.140335
12715.356445	-83.012764
12720.739746	-82.723442
12726.123047	-82.440437
12731.506348	-82.490288
12736.889648	-82.385452
12742.272949	-82.406364
12747.656250	-82.405190
12753.039551	-82.384689
12758.422852	-82.784134
12763.806152	-82.647865
12769.189453	-82.706902
12774.572754	-82.602516
12779.956055	-82.887161
12785.339355	-82.990990
12790.722656	-82.397667
12796.105957	-82.095917
12801.489258	-82.259132
12806.872559	-82.214561
12812.255859	-81.997826
12817.639160	-82.867104
12823.022461	-83.503448
12828.405762	-84.062401
12833.789062	-84.664841
12839.172363	-84.708878
12844.555664	-84.203011
12849.938965	-83.746735
12855.322266	-83.447769
12860.705566	-82.866913
12866.088867	-83.197868
12871.472168	-83.306854
12876.855469	-83.253754
12882.238770	-83.144554
12887.622070	-82.943695
12893.005371	-83.274910
12898.388672	-83.000824
12903.771973	-83.022896
12909.155273	-82.923721
12914.538574	-83.093323
12919.921875	-83.072060
12925.305176	-82.698509
12930.688477	-82.774521
12936.071777	-83.103432
12941.455078	-83.748116
12946.838379	-83.712219
12952.221680	-84.046288
12957.604980	-83.839020
12962.988281	-83.547890
12968.371582	-83.572350
12973.754883	-83.659210
12979.138184	-84.061150
12984.521484	-84.233994
12989.904785	-84.567444
12995.288086	-84.095879
13000.671387	-83.748138
13006.054688	-83.646637
13011.437988	-83.680321
13016.821289	-83.284302
13022.204590	-82.856461
13027.587891	-83.173248
13032.971191	-83.443550
13038.354492	-84.198975
13043.737793	-84.621765
13049.121094	-85.007423
13054.504395	-85.111969
13059.887695	-85.429237
13065.270996	-85.838959
13070.654297	-85.597733
13076.037598	-85.725716
13081.420898	-85.792908
13086.804199	-86.479965
13092.187500	-86.820778
13097.570801	-86.718872
13102.954102	-85.959587
13108.337402	-85.148888
13113.720703	-85.016563
13119.104004	-84.696594
13124.487305	-85.169609
13129.870605	-85.279907
13135.253906	-85.534363
13140.637207	-85.430763
13146.020508	-85.687546
13151.403809	-85.974106
13156.787109	-86.543236
13162.170410	-87.200119
13167.553711	-86.866219
13172.937012	-87.891632
13178.320312	-88.988495
13183.703613	-88.729347
13189.086914	-88.101959
13194.470215	-87.254707
13199.853516	-87.153885
13205.236816	-87.183418
13210.620117	-87.241676
13216.003418	-86.423897
13221.386719	-86.180229
13226.770020	-86.052200
13232.153320	-85.629250
13237.536621	-85.681084
13242.919922	-85.660828
13248.303223	-86.399094
13253.686523	-86.514824
13259.069824	-87.096268
13264.453125	-87.124466
13269.836426	-87.173309
13275.219727	-87.079720
13280.603027	-86.917503
13285.986328	-86.492821
13291.369629	-85.125229
13296.752930	-84.639473
13302.136230	-84.328293
13307.519531	-84.853271
13312.902832	-85.428619
13318.286133	-86.442039
13323.669434	-87.194588
13329.052734	-87.058296
13334.436035	-87.663589
13339.819336	-87.033989
13345.202637	-86.628334
13350.585938	-85.892532
13355.969238	-85.351295
13361.352539	-85.344452
13366.735840	-85.328049
13372.119141	-85.723915
13377.502441	-85.594177
13382.885742	-85.752190
13388.269043	-85.382515
13393.652344	-85.430229
13399.035645	-85.325668
13404.418945	-85.104851
13409.802246	-84.981125
13415.185547	-84.156876
13420.568848	-84.197906
13425.952148	-83.660294
13431.335449	-83.245270
13436.718750	-82.593445
13442.102051	-82.310860
13447.485352	-82.411148
13452.868652	-82.642426
13458.251953	-83.038124
13463.635254	-83.024239
13469.018555	-82.904198
13474.401855	-82.409317
13479.785156	-82.335587
13485.168457	-81.948418
13490.551758	-81.352440
13495.935059	-80.692802
13501.318359	-79.624443
13506.701660	-78.781281
13512.084961	-78.111679
13517.468262	-77.916763
13522.851562	-77.795570
13528.234863	-78.312820
13533.618164	-78.729088
13539.001465	-79.397316
13544.384766	-79.966629
13549.768066	-80.237610
13555.151367	-80.567284
13560.534668	-80.791344
13565.917969	-81.548141
13571.301270	-81.970215
13576.684570	-82.424637
13582.067871	-82.418060
13587.451172	-82.537239
13592.834473	-82.335770
13598.217773	-82.119057
13603.601074	-82.503700
13608.984375	-82.329094
13614.367676	-82.556175
13619.750977	-82.682411
13625.134277	-83.123734
13630.517578	-83.055298
13635.900879	-82.749001
13641.284180	-83.059883
13646.667480	-83.680481
13652.050781	-84.479103
13657.434082	-84.390762
13662.817383	-84.138809
13668.200684	-83.588737
13673.583984	-82.934143
13678.967285	-82.605125
13684.350586	-82.522392
13689.733887	-82.592537
13695.117188	-83.000397
13700.500488	-83.785782
13705.883789	-84.252068
13711.267090	-84.872704
13716.650391	-85.148911
13722.033691	-85.980698
13727.416992	-87.395760
13732.800293	-88.673515
13738.183594	-88.195213
13743.566895	-86.428459
13748.950195	-85.112709
13754.333496	-84.136208
13759.716797	-84.621445
13765.100098	-85.279945
13770.483398	-85.681091
13775.866699	-86.033104
13781.250000	-86.125389
13786.633301	-86.558784
13792.016602	-86.562386
13797.399902	-87.862335
13802.783203	-89.961525
13808.166504	-93.140251
13813.549805	-95.803627
13818.933105	-95.633797
13824.316406	-95.309212
13829.699707	-93.554527
13835.083008	-92.175400
13840.466309	-90.936333
13845.849609	-91.147560
13851.232910	-91.224197
13856.616211	-91.246948
13861.999512	-90.865585
13867.382812	-89.714882
13872.766113	-89.722649
13878.149414	-88.663574
13883.532715	-89.130020
13888.916016	-89.414757
13894.299316	-90.357048
13899.682617	-90.877518
13905.065918	-90.960632
13910.449219	-91.350647
13915.832520	-90.806595
13921.215820	-90.544060
13926.599121	-90.037224
13931.982422	-90.044365
13937.365723	-89.637550
13942.749023	-89.033646
13948.132324	-88.731384
13953.515625	-88.334045
13958.898926	-88.984863
13964.282227	-88.218010
13969.665527	-87.852913
13975.048828	-86.946373
13980.432129	-86.355545
13985.815430	-86.028694
13991.198730	-85.488060
13996.582031	-85.670456
14001.965332	-85.631966
14007.348633	-86.110886
14012.731934	-86.048759
14018.115234	-86.428993
14023.498535	-86.439659
14028.881836	-86.252754
14034.265137	-86.269981
14039.648438	-86.431862
14045.031738	-87.277382
14050.415039	-87.295235
14055.798340	-87.684227
14061.181641	-87.712852
14066.564941	-88.607880
14071.948242	-89.540474
14077.331543	-90.088737
14082.714844	-89.752090
14088.098145	-88.183304
14093.481445	-87.431007
14098.864746	-85.879723
14104.248047	-85.227425
14109.631348	-84.738983
14115.014648	-84.018120
14120.397949	-83.586845
14125.781250	-83.118202
14131.164551	-82.878174
14136.547852	-82.276993
14141.931152	-82.164703
14147.314453	-81.957817
14152.697754	-81.834099
14158.081055	-82.173241
14163.464355	-83.013016
14168.847656	-84.460556
14174.230957	-85.386353
14179.614258	-84.809517
14184.997559	-83.585228
14190.380859	-83.080170
14195.764160	-82.813637
14201.147461	-82.827705
14206.530762	-82.540726
14211.914062	-82.325432
14217.297363	-82.285034
14222.680664	-82.011078
14228.063965	-82.246437
14233.447266	-82.415520
14238.830566	-82.916130
14244.213867	-83.568275
14249.597168	-84.488327
14254.980469	-85.144386
14260.363770	-85.777267
14265.747070	-86.106255
14271.130371	-86.002724
14276.513672	-86.366135
14281.896973	-86.299782
14287.280273	-86.921982
14292.663574	-87.239128
14298.046875	-87.432137
14303.430176	-87.396805
14308.813477	-87.252823
14314.196777	-87.320023
14319.580078	-87.262383
14324.963379	-88.037178
14330.346680	-87.869881
14335.729980	-88.261719
14341.113281	-88.784622
14346.496582	-88.633881
14351.879883	-88.480057
14357.263184	-88.329460
14362.646484	-89.508255
14368.029785	-89.482132
14373.413086	-89.234177
14378.796387	-89.285126
14384.179688	-90.333488
14389.562988	-91.019859
14394.946289	-91.094933
14400.329590	-90.962006
14405.712891	-90.438850
14411.096191	-91.254944
14416.479492	-91.271294
14421.862793	-91.875664
14427.246094	-91.308907
14432.629395	-91.135178
14438.012695	-91.541222
14443.395996	-91.048698
14448.779297	-90.881050
14454.162598	-90.339203
14459.545898	-90.480614
14464.929199	-90.596390
14470.312500	-91.419647
14475.695801	-91.509132
14481.079102	-91.216339
14486.462402	-92.220970
14491.845703	-91.687691
14497.229004	-91.729233
14502.612305	-90.800148
14507.995605	-90.457024
14513.378906	-90.502380
14518.762207	-90.133255
14524.145508	-90.751892
14529.528809	-90.197029
14534.912109	-89.567581
14540.295410	-88.723572
14545.678711	-88.719452
14551.062012	-88.829353
14556.445312	-89.395882
14561.828613	-89.391197
14567.211914	-89.941338
14572.595215	-90.915718
14577.978516	-91.410942
14583.361816	-92.297783
14588.745117	-90.986938
14594.128418	-90.063210
14599.511719	-89.325409
14604.895020	-87.733009
14610.278320	-86.912064
14615.661621	-86.175179
14621.044922	-86.288498
14626.428223	-86.025948
14631.811523	-86.079521
14637.194824	-85.878380
14642.578125	-85.536980
14647.961426	-85.168999
14653.344727	-84.705505
14658.728027	-84.693001
14664.111328	-84.024635
14669.494629	-83.403481
14674.877930	-82.900993
14680.261230	-83.149071
14685.644531	-83.181808
14691.027832	-83.060417
14696.411133	-83.190300
14701.794434	-83.104904
14707.177734	-83.248100
14712.561035	-82.931290
14717.944336	-82.904198
14723.327637	-82.937851
14728.710938	-82.975281
14734.094238	-82.796951
14739.477539	-82.900902
14744.860840	-83.240128
14750.244141	-83.274300
14755.627441	-83.178467
14761.010742	-82.774635
14766.394043	-82.619911
14771.777344	-82.182487
14777.160645	-81.608925
14782.543945	-81.266731
14787.927246	-81.135674
14793.310547	-81.101181
14798.693848	-81.047234
14804.077148	-81.504097
14809.460449	-81.653824
14814.843750	-81.699440
14820.227051	-81.515594
14825.610352	-81.558830
14830.993652	-81.622925
14836.376953	-81.680397
14841.760254	-82.093086
14847.143555	-82.368477
14852.526855	-83.152489
14857.910156	-83.449005
14863.293457	-83.750885
14868.676758	-83.628532
14874.060059	-83.609024
14879.443359	-83.216103
14884.826660	-82.452805
14890.209961	-81.862015
14895.593262	-81.113174
14900.976562	-80.874908
14906.359863	-80.478851
14911.743164	-80.278496
14917.126465	-80.079628
14922.509766	-80.176414
14927.893066	-80.547470
14933.276367	-81.269341
14938.659668	-82.286911
14944.042969	-82.798965
14949.426270	-83.270279
14954.809570	-83.136841
14960.192871	-83.306786
14965.576172	-83.009438
14970.959473	-83.061142
14976.342773	-83.354584
14981.726074	-83.612244
14987.109375	-83.797447
14992.492676	-83.733109
14997.875977	-84.263878
15003.259277	-85.031822
15008.642578	-85.942368
15014.025879	-86.234268
15019.409180	-87.216583
15024.792480	-87.794731
15030.175781	-88.670120
15035.559082	-89.779190
15040.942383	-90.619011
15046.325684	-91.455406
15051.708984	-92.366669
15057.092285	-93.312332
15062.475586	-92.898193
15067.858887	-92.858063
15073.242188	-92.562073
15078.625488	-92.612793
15084.008789	-91.655937
15089.392090	-91.417480
15094.775391	-91.424728
15100.158691	-91.955040
15105.541992	-92.234352
15110.925293	-92.696167
15116.308594	-92.853790
15121.691895	-95.115677
15127.075195	-97.605278
15132.458496	-99.722519
15137.841797	-102.605141
15143.225098	-101.123177
15148.608398	-99.971474
15153.991699	-98.271538
15159.375000	-97.081375
15164.758301	-95.957130
15170.141602	-95.181274
15175.524902	-94.245087
15180.908203	-92.441330
15186.291504	-91.706146
15191.674805	-90.616470
15197.058105	-89.813049
15202.441406	-87.888000
15207.824707	-87.095917
15213.208008	-86.563782
15218.591309	-86.002296
15223.974609	-85.678123
15229.357910	-85.158554
15234.741211	-85.359016
15240.124512	-84.958786
15245.507812	-84.930801
15250.891113	-84.168663
15256.274414	-82.736244
15261.657715	-81.130379
15267.041016	-79.915138
15272.424316	-79.253647
15277.807617	-79.151321
15283.190918	-79.785156
15288.574219	-80.881531
15293.957520	-82.595718
15299.340820	-83.935226
15304.724121	-85.615456
15310.107422	-87.327835
15315.490723	-88.431480
15320.874023	-88.613777
15326.257324	-88.466759
15331.640625	-87.891113
15337.023926	-87.670509
15342.407227	-88.723297
15347.790527	-90.062767
15353.173828	-92.311836
15358.557129	-92.848099
15363.940430	-93.144394
15369.323730	-92.614250
15374.707031	-91.587433
15380.090332	-91.494980
15385.473633	-90.839096
15390.856934	-90.580971
15396.240234	-89.831688
15401.623535	-90.482674
15407.006836	-90.618950
15412.390137	-90.556396
15417.773438	-90.299698
15423.156738	-90.329247
15428.540039	-91.588524
15433.923340	-91.058258
15439.306641	-90.951920
15444.689941	-90.733147
15450.073242	-91.144958
15455.456543	-91.400246
15460.839844	-91.338722
15466.223145	-92.368576
15471.606445	-94.029900
15476.989746	-96.324425
15482.373047	-95.883957
15487.756348	-96.849655
15493.139648	-96.229416
15498.522949	-94.376732
15503.906250	-94.593575
15509.289551	-93.741272
15514.672852	-95.418266
15520.056152	-95.190231
15525.439453	-94.322998
15530.822754	-93.600876
15536.206055	-92.396286
15541.589355	-91.441391
15546.972656	-89.525101
15552.355957	-88.447647
15557.739258	-88.013580
15563.122559	-87.937042
15568.505859	-87.609077
15573.889160	-88.222221
15579.272461	-88.766190
15584.655762	-90.062851
15590.039062	-92.317879
15595.422363	-94.493607
15600.805664	-96.073006
15606.188965	-96.100098
15611.572266	-96.344238
15616.955566	-96.268951
15622.338867	-97.730133
15627.722168	-96.699165
15633.105469	-96.682671
15638.488770	-96.907562
15643.872070	-97.393669
15649.255371	-99.252876
15654.638672	-98.832733
15660.021973	-98.978157
15665.405273	-98.535919
15670.788574	-98.939735
15676.171875	-98.165398
15681.555176	-95.912071
15686.938477	-94.989273
15692.321777	-93.481331
15697.705078	-93.087883
15703.088379	-92.188065
15708.471680	-92.503227
15713.854980	-92.736954
15719.238281	-92.241882
15724.621582	-93.525116
15730.004883	-93.421379
15735.388184	-92.604172
15740.771484	-92.156708
15746.154785	-91.626549
15751.538086	-91.024765
15756.921387	-90.854797
15762.304688	-90.440842
15767.687988	-89.834053
15773.071289	-90.178757
15778.454590	-89.214508
15783.837891	-89.184471
15789.221191	-89.251366
15794.604492	-90.157173
15799.987793	-90.464706
15805.371094	-90.974686
15810.754395	-92.156456
15816.137695	-92.292107
15821.520996	-92.600479
15826.904297	-92.763062
15832.287598	-92.890396
15837.670898	-93.428421
15843.054199	-94.855721
15848.437500	-95.894379
15853.820801	-96.373230
15859.204102	-97.468224
15864.587402	-97.447365
15869.970703	-95.515579
15875.354004	-94.669418
15880.737305	-94.818390
15886.120605	-93.730019
15891.503906	-92.972908
15896.887207	-92.732605
15902.270508	-90.904900
15907.653809	-90.838928
15913.037109	-90.814003
15918.420410	-90.028580
15923.803711	-89.321335
15929.187012	-89.119423
15934.570312	-89.826752
15939.953613	-90.136734
15945.336914	-90.686996
15950.720215	-90.316803
15956.103516	-90.015388
15961.486816	-89.288605
15966.870117	-89.149780
15972.253418	-88.192970
15977.636719	-87.023949
15983.020020	-87.519333
15988.403320	-87.418083
15993.786621	-87.474792
15999.169922	-86.756882
16004.553223	-86.771118
16009.936523	-86.468369
16015.319824	-86.376785
16020.703125	-86.190491
16026.086426	-85.873848
16031.469727	-85.878937
16036.853027	-85.610207
16042.236328	-85.749397
16047.619629	-85.399246
16053.002930	-85.189507
16058.386230	-84.655251
16063.769531	-84.405968
16069.152832	-84.214828
16074.536133	-83.662689
16079.919434	-83.633041
16085.302734	-83.588112
16090.686035	-83.823471
16096.069336	-83.582657
16101.452637	-83.900780
16106.835938	-84.231819
16112.219238	-84.746590
16117.602539	-85.458145
16122.985840	-85.981369
16128.369141	-86.747734
16133.752441	-87.333000
16139.135742	-87.596649
16144.519043	-87.114815
16149.902344	-86.649422
16155.285645	-85.848839
16160.668945	-85.480194
16166.052246	-85.086319
16171.435547	-84.723198
16176.818848	-84.710030
16182.202148	-85.014870
16187.585449	-86.173782
16192.968750	-86.485001
16198.352051	-87.214462
16203.735352	-87.355545
16209.118652	-88.595901
16214.501953	-89.302170
16219.885254	-89.811607
16225.268555	-90.455170
16230.651855	-90.613983
16236.035156	-91.185028
16241.418457	-90.951210
16246.801758	-91.936897
16252.185059	-92.552994
16257.568359	-93.543938
16262.951660	-92.487556
16268.334961	-90.338043
16273.718262	-89.096695
16279.101562	-87.903717
16284.484863	-87.988937
16289.868164	-88.083199
16295.251465	-88.471039
16300.634766	-88.034698
16306.018066	-88.611961
16311.401367	-89.210098
16316.784668	-90.183029
16322.167969	-91.576836
16327.551270	-91.638115
16332.934570	-91.789978
16338.317871	-91.277214
16343.701172	-91.133308
16349.084473	-90.249893
16354.467773	-90.212448
16359.851074	-89.091522
16365.234375	-88.543205
16370.617676	-88.734863
16376.000977	-89.064461
16381.384277	-88.961182
16386.767578	-89.001678
16392.150879	-89.216240
16397.534180	-89.017723
16402.917480	-89.425110
16408.300781	-89.435486
16413.684082	-89.852531
16419.067383	-88.985466
16424.450684	-89.556572
16429.833984	-90.431190
16435.217285	-92.040863
16440.600586	-92.868523
16445.983887	-94.959267
16451.367188	-96.624313
16456.750488	-100.061996
16462.133789	-101.334518
16467.517090	-104.352020
16472.900391	-101.037689
16478.283691	-95.882484
16483.666992	-93.323837
16489.050293	-92.098839
16494.433594	-90.338455
16499.816895	-89.424423
16505.200195	-88.446869
16510.583496	-88.662048
16515.966797	-88.355293
16521.350098	-88.125450
16526.733398	-87.784805
16532.116699	-87.995529
16537.500000	-88.638687
16542.883301	-89.161118
16548.266602	-89.675598
16553.649902	-89.430626
16559.033203	-90.284767
16564.416504	-91.471390
16569.799805	-93.537872
16575.183105	-94.022408
16580.566406	-95.804871
16585.949707	-96.612404
16591.333008	-97.128860
16596.716309	-95.903633
16602.099609	-93.012199
16607.482910	-91.234009
16612.866211	-89.819405
16618.249512	-89.592941
16623.632812	-88.975647
16629.016113	-88.029198
16634.399414	-87.574188
16639.782715	-87.171959
16645.166016	-87.584160
16650.549316	-87.257751
16655.932617	-87.255791
16661.315918	-87.222168
16666.699219	-87.924248
16672.082520	-87.618462
16677.465820	-87.327431
16682.849121	-87.610329
16688.232422	-87.076248
16693.615723	-87.249863
16698.999023	-87.177536
16704.382324	-87.708855
16709.765625	-87.409317
16715.148926	-87.237473
16720.532227	-86.849091
16725.915527	-86.793900
16731.298828	-86.855652
16736.682129	-86.670906
16742.065430	-87.444870
16747.448730	-88.584366
16752.832031	-89.936150
16758.215332	-91.226746
16763.598633	-94.496750
16768.981934	-98.182709
16774.365234	-101.169357
16779.748535	-99.474342
16785.131836	-99.247025
16790.515137	-99.223854
16795.898438	-98.918495
16801.281738	-98.666664
16806.665039	-100.134270
16812.048340	-99.750351
16817.431641	-99.406998
16822.814941	-99.144402
16828.198242	-100.460228
16833.581543	-97.510048
16838.964844	-96.889015
16844.348145	-96.090927
16849.731445	-93.783882
16855.114746	-94.237953
16860.498047	-92.956055
16865.881348	-91.981064
16871.264648	-91.243721
16876.647949	-91.269073
16882.031250	-90.068398
16887.414551	-89.521851
16892.797852	-88.943153
16898.181152	-88.831215
16903.564453	-89.329147
16908.947754	-88.838509
16914.331055	-88.800201
16919.714355	-88.364861
16925.097656	-88.013016
16930.480957	-87.344345
16935.864258	-87.143349
16941.247559	-87.347748
16946.630859	-87.301483
16952.014160	-87.570198
16957.397461	-88.035240
16962.780762	-89.101509
16968.164062	-90.121567
16973.547363	-91.101265
16978.930664	-91.273903
16984.313965	-91.970772
16989.697266	-93.108566
16995.080566	-92.420685
17000.463867	-91.750153
17005.847168	-91.060356
17011.230469	-90.668282
17016.613770	-89.645065
17021.997070	-88.448341
17027.380371	-86.738121
17032.763672	-85.125992
17038.146973	-84.986267
17043.530273	-84.633430
17048.913574	-84.781227
17054.296875	-84.461922
17059.680176	-84.186592
17065.063477	-83.918907
17070.446777	-83.832970
17075.830078	-83.979141
17081.213379	-83.672432
17086.596680	-83.402428
17091.979980	-83.096611
17097.363281	-83.101303
17102.746582	-82.610703
17108.129883	-82.140213
17113.513184	-81.656456
17118.896484	-81.198204
17124.279785	-80.747025
17129.663086	-80.526695
17135.046387	-80.617630
17140.429688	-80.489113
17145.812988	-80.442673
17151.196289	-80.210442
17156.579590	-80.116058
17161.962891	-79.694084
17167.346191	-79.304214
17172.729492	-79.223854
17178.112793	-79.344315
17183.496094	-79.613724
17188.879395	-79.824287
17194.262695	-80.150208
17199.645996	-79.984573
17205.029297	-79.907143
17210.412598	-79.722237
17215.795898	-79.819618
17221.179199	-80.242767
17226.562500	-80.666847
17231.945801	-81.259514
17237.329102	-81.605278
17242.712402	-82.007027
17248.095703	-81.831116
17253.479004	-81.893661
17258.862305	-81.852402
17264.245605	-82.010574
17269.628906	-82.480408
17275.012207	-82.968399
17280.395508	-83.652687
17285.778809	-84.473984
17291.162109	-85.858635
17296.545410	-86.718552
17301.928711	-86.766342
17307.312012	-86.325974
17312.695312	-85.671661
17318.078613	-84.639809
17323.461914	-84.011307
17328.845215	-84.018394
17334.228516	-83.641052
17339.611816	-83.542137
17344.995117	-83.448357
17350.378418	-83.629776
17355.761719	-83.547112
17361.145020	-83.821716
17366.528320	-84.227371
17371.911621	-84.069557
17377.294922	-83.894386
17382.678223	-83.486870
17388.061523	-84.114494
17393.444824	-84.387512
17398.828125	-84.627365
17404.211426	-84.815445
17409.594727	-85.304474
17414.978027	-85.897736
17420.361328	-86.026299
17425.744629	-86.391327
17431.127930	-86.285995
17436.511230	-86.834846
17441.894531	-86.850601
17447.277832	-87.072670
17452.661133	-87.374580
17458.044434	-87.367325
17463.427734	-87.820656
17468.811035	-87.759171
17474.194336	-87.862427
17479.577637	-87.479774
17484.960938	-88.385597
17490.344238	-88.671806
17495.727539	-88.688042
17501.110840	-89.356285
17506.494141	-90.012596
17511.877441	-90.383217
17517.260742	-91.127762
17522.644043	-91.740128
17528.027344	-91.397423
17533.410645	-92.673363
17538.793945	-93.262108
17544.177246	-93.751701
17549.560547	-94.073479
17554.943848	-94.346161
17560.327148	-95.389542
17565.710449	-94.532112
17571.093750	-95.905464
17576.477051	-95.455185
17581.860352	-95.544838
17587.243652	-96.223206
17592.626953	-97.239899
17598.010254	-97.675293
17603.393555	-97.343758
17608.776855	-100.888512
17614.160156	-100.550797
17619.543457	-102.957779
17624.926758	-104.596382
17630.310059	-105.138039
17635.693359	-109.997818
17641.076660	-106.060036
17646.459961	-103.387268
17651.843262	-103.509224
17657.226562	-100.397362
17662.609863	-100.286980
17667.993164	-98.329750
17673.376465	-97.630829
17678.759766	-96.272499
17684.143066	-95.289169
17689.526367	-94.406067
17694.909668	-92.876389
17700.292969	-92.605522
17705.676270	-92.305283
17711.059570	-91.870888
17716.442871	-90.990112
17721.826172	-90.652969
17727.209473	-89.718460
17732.592773	-89.363747
17737.976074	-89.156036
17743.359375	-88.698601
17748.742676	-88.441658
17754.125977	-88.263580
17759.509277	-88.353676
17764.892578	-87.807175
17770.275879	-87.976234
17775.659180	-87.549263
17781.042480	-87.436317
17786.425781	-87.029640
17791.809082	-86.989914
17797.192383	-87.650063
17802.575684	-88.244141
17807.958984	-88.503906
17813.342285	-88.294563
17818.725586	-88.957298
17824.108887	-88.881340
17829.492188	-89.002876
17834.875488	-88.462929
17840.258789	-88.764503
17845.642090	-88.576340
17851.025391	-88.252449
17856.408691	-88.718628
17861.791992	-88.061768
17867.175293	-88.501709
17872.558594	-88.592926
17877.941895	-88.236694
17883.325195	-87.946182
17888.708496	-88.014320
17894.091797	-87.997147
17899.475098	-87.530205
17904.858398	-87.613083
17910.241699	-87.450912
17915.625000	-88.429489
17921.008301	-88.798447
17926.391602	-89.205338
17931.774902	-89.504982
17937.158203	-89.210152
17942.541504	-89.154083
17947.924805	-89.220901
17953.308105	-89.918983
17958.691406	-89.813789
17964.074707	-91.105492
17969.458008	-91.432823
17974.841309	-92.453278
17980.224609	-92.788300
17985.607910	-92.560127
17990.991211	-93.196335
17996.374512	-92.738564
18001.757812	-93.656090
18007.141113	-93.877365
18012.524414	-95.818596
18017.907715	-96.431793
18023.291016	-97.111305
18028.674316	-97.627022
18034.057617	-99.623978
18039.440918	-100.772049
18044.824219	-100.257431
18050.207520	-100.927498
18055.590820	-102.623833
18060.974121	-101.178688
18066.357422	-101.028496
18071.740723	-101.022514
18077.124023	-102.121872
18082.507324	-104.697525
18087.890625	-104.777847
18093.273926	-104.637024
18098.657227	-104.905815
18104.040527	-108.682884
18109.423828	-102.648560
18114.807129	-101.607140
18120.190430	-99.455711
18125.573730	-99.504051
18130.957031	-97.591080
18136.340332	-96.047867
18141.723633	-95.335205
18147.106934	-94.399117
18152.490234	-95.560875
18157.873535	-95.980492
18163.256836	-96.665291
18168.640137	-96.054878
18174.023438	-98.575218
18179.406738	-98.673874
18184.790039	-101.712929
18190.173340	-101.178856
18195.556641	-105.345451
18200.939941	-106.784096
18206.323242	-101.364792
18211.706543	-98.529434
18217.089844	-98.373451
18222.473145	-96.770126
18227.856445	-95.862434
18233.239746	-93.639610
18238.623047	-93.606590
18244.006348	-93.708603
18249.389648	-93.528572
18254.772949	-92.824532
18260.156250	-92.921440
18265.539551	-93.172104
18270.922852	-93.428619
18276.306152	-93.070480
18281.689453	-92.702995
18287.072754	-93.018623
18292.456055	-93.981110
18297.839355	-94.787231
18303.222656	-94.186493
18308.605957	-94.504463
18313.989258	-95.844856
18319.372559	-96.017555
18324.755859	-95.451294
18330.139160	-95.174332
18335.522461	-96.517189
18340.905762	-96.135895
18346.289062	-96.154449
18351.672363	-94.843079
18357.055664	-93.686951
18362.438965	-93.957634
18367.822266	-93.534813
18373.205566	-94.399712
18378.588867	-93.100891
18383.972168	-92.794777
18389.355469	-91.596855
18394.738770	-91.515182
18400.122070	-92.205132
18405.505371	-92.877182
18410.888672	-94.093910
18416.271973	-93.140144
18421.655273	-91.851265
18427.038574	-90.422127
18432.421875	-89.816666
18437.805176	-88.931534
18443.188477	-88.170685
18448.571777	-87.719688
18453.955078	-86.565117
18459.338379	-86.051811
18464.721680	-85.663803
18470.104980	-85.643875
18475.488281	-85.031441
18480.871582	-85.168900
18486.254883	-85.272263
18491.638184	-85.583557
18497.021484	-85.642189
18502.404785	-85.699760
18507.788086	-85.727173
18513.171387	-85.457397
18518.554688	-85.563370
18523.937988	-85.459236
18529.321289	-85.719101
18534.704590	-85.796654
18540.087891	-86.499275
18545.471191	-87.018990
18550.854492	-87.230225
18556.237793	-87.913628
18561.621094	-88.722023
18567.004395	-89.309105
18572.387695	-89.145622
18577.770996	-89.257324
18583.154297	-88.967239
18588.537598	-89.087128
18593.920898	-89.036316
18599.304199	-88.499313
18604.687500	-88.237251
18610.070801	-88.313644
18615.454102	-88.715942
18620.837402	-88.721207
18626.220703	-89.121559
18631.604004	-88.607857
18636.987305	-89.037346
18642.370605	-89.053856
18647.753906	-88.862694
18653.137207	-89.025581
18658.520508	-89.153130
18663.903809	-89.301399
18669.287109	-89.025391
18674.670410	-89.500839
18680.053711	-89.410454
18685.437012	-89.742882
18690.820312	-89.671150
18696.203613	-89.856438
18701.586914	-90.221001
18706.970215	-90.482880
18712.353516	-90.361862
18717.736816	-90.824280
18723.120117	-91.765465
18728.503418	-91.258400
18733.886719	-92.068840
18739.270020	-92.702164
18744.653320	-94.212631
18750.036621	-93.467857
18755.419922	-93.306595
18760.803223	-92.624901
18766.186523	-92.225945
18771.569824	-90.759468
18776.953125	-90.868187
18782.336426	-90.460907
18787.719727	-90.272278
18793.103027	-91.014786
18798.486328	-91.303009
18803.869629	-92.001755
18809.252930	-91.679581
18814.636230	-91.780609
18820.019531	-91.570641
18825.402832	-92.032547
18830.786133	-91.067963
18836.169434	-90.854858
18841.552734	-91.275154
18846.936035	-91.811813
18852.319336	-92.958954
18857.702637	-93.378281
18863.085938	-93.685913
18868.469238	-92.353401
18873.852539	-92.114845
18879.235840	-91.989784
18884.619141	-91.365517
18890.002441	-90.314514
18895.385742	-89.176773
18900.769043	-88.814720
18906.152344	-87.568733
18911.535645	-87.147133
18916.918945	-86.219147
18922.302246	-85.813568
18927.685547	-85.507874
18933.068848	-85.326607
18938.452148	-85.014038
18943.835449	-84.979477
18949.218750	-85.381622
18954.602051	-85.672050
18959.985352	-86.178818
18965.368652	-86.532288
18970.751953	-87.756187
18976.135254	-88.227859
18981.518555	-88.949638
18986.901855	-89.221169
18992.285156	-90.251343
18997.668457	-91.156532
19003.051758	-92.100716
19008.435059	-93.686890
19013.818359	-95.910339
19019.201660	-98.787430
19024.584961	-99.888115
19029.968262	-101.673370
19035.351562	-100.737190
19040.734863	-102.608421
19046.118164	-103.968910
19051.501465	-106.414032
19056.884766	-105.122261
19062.268066	-100.431793
19067.651367	-99.138405
19073.034668	-98.786079
19078.417969	-97.713005
19083.801270	-97.141579
19089.184570	-96.944527
19094.567871	-98.012352
19099.951172	-97.756516
19105.334473	-99.919998
19110.717773	-99.307053
19116.101074	-97.006592
19121.484375	-96.991402
19126.867676	-95.768929
19132.250977	-95.186630
19137.634277	-93.390511
19143.017578	-92.887657
19148.400879	-91.986694
19153.784180	-91.897110
19159.167480	-92.080040
19164.550781	-93.043404
19169.934082	-93.199570
19175.317383	-92.675568
19180.700684	-92.645088
19186.083984	-92.787544
19191.467285	-93.073158
19196.850586	-92.627800
19202.233887	-92.718849
19207.617188	-91.957596
19213.000488	-92.120056
19218.383789	-92.016365
19223.767090	-92.136742
19229.150391	-92.205437
19234.533691	-92.662849
19239.916992	-92.943359
19245.300293	-91.934448
19250.683594	-92.484917
19256.066895	-93.342293
19261.450195	-94.692902
19266.833496	-94.605156
19272.216797	-94.562202
19277.600098	-92.483902
19282.983398	-92.292160
19288.366699	-92.318314
19293.750000	-91.957275
19299.133301	-91.897232
19304.516602	-91.472343
19309.899902	-90.730934
19315.283203	-89.096558
19320.666504	-88.862213
19326.049805	-88.113014
19331.433105	-88.072395
19336.816406	-87.637398
19342.199707	-87.571999
19347.583008	-87.641556
19352.966309	-87.941483
19358.349609	-88.069313
19363.732910	-88.264503
19369.116211	-89.092361
19374.499512	-89.789925
19379.882812	-91.282257
19385.266113	-91.555283
19390.649414	-92.278908
19396.032715	-92.460625
19401.416016	-93.195206
19406.799316	-94.186119
19412.182617	-93.947037
19417.565918	-94.185738
19422.949219	-93.253807
19428.332520	-93.122528
19433.715820	-91.506821
19439.099121	-90.123405
19444.482422	-89.004044
19449.865723	-88.148277
19455.249023	-87.931946
19460.632324	-87.310509
19466.015625	-87.182678
19471.398926	-86.593315
19476.782227	-86.213600
19482.165527	-85.892982
19487.548828	-86.067986
19492.932129	-85.716461
19498.315430	-85.851700
19503.698730	-85.904518
19509.082031	-85.153854
19514.465332	-85.022881
19519.848633	-84.497124
19525.231934	-84.231407
19530.615234	-83.911438
19535.998535	-83.731514
19541.381836	-83.440956
19546.765137	-83.382515
19552.148438	-83.322693
19557.531738	-83.026245
19562.915039	-83.266121
19568.298340	-83.403854
19573.681641	-83.860565
19579.064941	-83.682861
19584.448242	-83.613686
19589.831543	-83.340515
19595.214844	-83.037979
19600.598145	-83.005630
19605.981445	-82.858276
19611.364746	-83.042648
19616.748047	-82.953430
19622.131348	-83.138702
19627.514648	-83.152702
19632.897949	-83.403152
19638.281250	-83.749634
19643.664551	-84.310394
19649.047852	-84.531464
19654.431152	-84.501083
19659.814453	-84.943222
19665.197754	-85.359398
19670.581055	-86.335045
19675.964355	-86.905693
19681.347656	-87.689758
19686.730957	-88.396683
19692.114258	-89.175758
19697.497559	-90.154434
19702.880859	-90.694351
19708.264160	-90.661224
19713.647461	-91.441841
19719.030762	-93.260757
19724.414062	-93.627815
19729.797363	-95.162521
19735.180664	-96.194244
19740.563965	-97.028023
19745.947266	-95.417755
19751.330566	-92.635811
19756.713867	-91.623459
19762.097168	-90.070015
19767.480469	-89.676125
19772.863770	-89.601227
19778.247070	-90.696594
19783.630371	-91.257210
19789.013672	-91.398262
19794.396973	-91.902588
19799.780273	-92.586746
19805.163574	-94.679932
19810.546875	-95.721924
19815.930176	-95.664085
19821.313477	-95.459335
19826.696777	-95.702049
19832.080078	-95.624001
19837.463379	-93.870499
19842.846680	-93.800705
19848.229980	-93.133743
19853.613281	-93.828682
19858.996582	-93.530609
19864.379883	-93.934547
19869.763184	-94.108002
19875.146484	-96.086586
19880.529785	-96.789757
19885.913086	-98.212845
19891.296387	-98.119049
19896.679688	-97.822342
19902.062988	-98.427116
19907.446289	-99.244507
19912.829590	-98.610771
19918.212891	-98.752777
19923.596191	-99.234535
19928.979492	-96.185776
19934.362793	-95.469276
19939.746094	-94.894928
19945.129395	-94.259506
19950.512695	-93.761421
19955.895996	-93.100197
19961.279297	-92.604073
19966.662598	-91.812347
19972.045898	-91.165054
19977.429199	-90.419487
19982.812500	-90.332207
19988.195801	-89.514709
19993.579102	-89.839355
19998.962402	-90.467323
20004.345703	-90.333008
20009.729004	-89.397301
20015.112305	-89.824013
20020.495605	-90.115906
20025.878906	-89.899536
20031.262207	-90.629395
20036.645508	-90.495659
20042.028809	-91.916176
20047.412109	-92.260124
20052.795410	-92.234558
20058.178711	-91.212746
20063.562012	-90.284805
20068.945312	-89.399078
20074.328613	-88.828354
20079.711914	-88.577942
20085.095215	-88.308426
20090.478516	-88.025673
20095.861816	-85.929054
20101.245117	-85.817551
20106.628418	-86.197876
20112.011719	-85.847542
20117.395020	-84.875877
20122.778320	-84.541023
20128.161621	-85.091904
20133.544922	-85.358002
20138.928223	-85.537773
20144.311523	-84.983253
20149.694824	-84.835678
20155.078125	-84.819939
20160.461426	-84.985512
20165.844727	-85.332230
20171.228027	-85.830994
20176.611328	-86.142509
20181.994629	-85.744240
20187.377930	-85.783897
20192.761230	-85.450455
20198.144531	-85.496193
20203.527832	-85.256454
20208.911133	-85.562103
20214.294434	-85.706604
20219.677734	-85.788109
20225.061035	-86.239708
20230.444336	-85.842804
20235.827637	-85.829994
20241.210938	-85.784859
20246.594238	-85.775551
20251.977539	-85.541176
20257.360840	-85.479279
20262.744141	-85.072342
20268.127441	-84.606590
20273.510742	-84.784019
20278.894043	-84.569672
20284.277344	-84.651413
20289.660645	-84.670235
20295.043945	-85.303429
20300.427246	-85.773392
20305.810547	-86.173393
20311.193848	-86.246201
20316.577148	-86.462265
20321.960449	-87.316406
20327.343750	-87.595001
20332.727051	-88.299774
20338.110352	-88.632477
20343.493652	-88.935707
20348.876953	-88.869041
20354.260254	-89.631355
20359.643555	-89.888733
20365.026855	-89.816292
20370.410156	-89.851250
20375.793457	-89.799385
20381.176758	-90.581161
20386.560059	-90.797279
20391.943359	-91.467896
20397.326660	-91.165939
20402.709961	-90.839661
20408.093262	-91.687279
20413.476562	-91.621048
20418.859863	-91.904030
20424.243164	-92.850586
20429.626465	-94.383324
20435.009766	-94.860016
20440.393066	-95.172569
20445.776367	-97.186951
20451.159668	-97.113495
20456.542969	-97.615891
20461.926270	-98.573860
20467.309570	-100.365364
20472.692871	-101.352470
20478.076172	-101.733650
20483.459473	-100.100830
20488.842773	-101.220978
20494.226074	-100.816910
20499.609375	-100.046394
20504.992676	-96.708023
20510.375977	-95.633026
20515.759277	-94.545036
20521.142578	-94.999710
20526.525879	-94.891411
20531.909180	-93.923027
20537.292480	-92.699165
20542.675781	-91.973106
20548.059082	-90.367668
20553.442383	-89.217873
20558.825684	-88.762505
20564.208984	-88.137840
20569.592285	-87.885017
20574.975586	-87.460587
20580.358887	-87.679718
20585.742188	-86.961754
20591.125488	-86.765999
20596.508789	-86.483803
20601.892090	-85.913918
20607.275391	-85.357529
20612.658691	-84.605881
20618.041992	-83.981911
20623.425293	-83.372948
20628.808594	-83.473686
20634.191895	-83.265747
20639.575195	-83.178185
20644.958496	-83.055534
20650.341797	-83.265388
20655.725098	-83.543343
20661.108398	-83.726112
20666.491699	-84.018906
20671.875000	-84.341339
20677.258301	-84.882294
20682.641602	-85.183876
20688.024902	-86.149010
20693.408203	-86.802467
20698.791504	-87.649574
20704.174805	-88.047867
20709.558105	-88.492844
20714.941406	-89.390472
20720.324707	-90.180161
20725.708008	-91.330101
20731.091309	-93.063416
20736.474609	-95.623718
20741.857910	-97.367500
20747.241211	-100.012009
20752.624512	-98.936264
20758.007812	-96.735504
20763.391113	-95.485245
20768.774414	-94.050713
20774.157715	-93.524734
20779.541016	-92.496323
20784.924316	-92.597481
20790.307617	-92.904144
20795.690918	-92.755081
20801.074219	-93.042412
20806.457520	-93.288208
20811.840820	-94.393776
20817.224121	-94.000328
20822.607422	-93.889816
20827.990723	-93.501396
20833.374023	-94.672699
20838.757324	-94.661171
20844.140625	-95.505020
20849.523926	-98.230034
20854.907227	-95.853470
20860.290527	-93.547676
20865.673828	-92.204597
20871.057129	-92.391479
20876.440430	-91.825722
20881.823730	-91.025696
20887.207031	-91.193733
20892.590332	-90.497231
20897.973633	-90.805595
20903.356934	-89.765694
20908.740234	-89.370453
20914.123535	-88.919128
20919.506836	-88.563080
20924.890137	-88.169273
20930.273438	-87.917053
20935.656738	-88.014481
20941.040039	-87.708092
20946.423340	-87.880646
20951.806641	-88.121117
20957.189941	-88.457825
20962.573242	-88.079941
20967.956543	-87.951340
20973.339844	-87.706543
20978.723145	-87.399040
20984.106445	-88.077652
20989.489746	-87.776726
20994.873047	-87.208160
21000.256348	-86.274269
21005.639648	-86.745735
21011.022949	-87.140007
21016.406250	-87.266037
21021.789551	-87.312599
21027.172852	-86.946136
21032.556152	-86.710976
21037.939453	-86.543228
21043.322754	-87.250381
21048.706055	-87.300240
21054.089355	-87.639893
21059.472656	-87.692169
21064.855957	-88.214508
21070.239258	-89.067848
21075.622559	-89.488297
21081.005859	-90.089348
21086.389160	-89.850990
21091.772461	-90.278412
21097.155762	-90.719490
21102.539062	-91.237068
21107.922363	-90.542053
21113.305664	-90.569435
21118.688965	-91.494461
21124.072266	-91.910080
21129.455566	-92.843399
21134.838867	-93.202187
21140.222168	-94.752968
21145.605469	-96.128914
21150.988770	-98.582397
21156.372070	-98.473099
21161.755371	-100.624428
21167.138672	-102.513489
21172.521973	-103.478447
21177.905273	-103.651131
21183.288574	-105.523743
21188.671875	-106.062767
21194.055176	-104.002914
21199.438477	-104.581055
21204.821777	-105.842400
21210.205078	-103.424583
21215.588379	-100.110611
21220.971680	-98.065140
21226.354980	-100.438812
21231.738281	-101.338737
21237.121582	-98.309364
21242.504883	-99.035080
21247.888184	-98.798210
21253.271484	-98.291069
21258.654785	-96.848328
21264.038086	-95.548386
21269.421387	-94.351212
21274.804688	-94.402771
21280.187988	-94.075867
21285.571289	-93.601524
21290.954590	-93.715973
21296.337891	-91.879761
21301.721191	-91.740105
21307.104492	-91.276924
21312.487793	-91.660912
21317.871094	-91.746574
21323.254395	-91.670090
21328.637695	-92.247574
21334.020996	-92.308769
21339.404297	-92.787056
21344.787598	-93.039078
21350.170898	-94.187813
21355.554199	-93.662819
21360.937500	-94.000641
21366.320801	-93.561882
21371.704102	-92.575012
21377.087402	-92.866631
21382.470703	-92.587990
21387.854004	-92.057770
21393.237305	-91.311172
21398.620605	-91.568100
21404.003906	-91.840469
21409.387207	-91.802628
21414.770508	-91.450966
21420.153809	-91.028419
21425.537109	-91.256493
21430.920410	-90.862968
21436.303711	-90.448204
21441.687012	-90.386398
21447.070312	-91.111794
21452.453613	-91.084274
21457.836914	-90.518188
21463.220215	-90.585419
21468.603516	-90.603874
21473.986816	-91.106308
21479.370117	-90.467613
21484.753418	-90.856697
21490.136719	-91.673218
21495.520020	-92.533699
21500.903320	-92.018127
21506.286621	-91.763329
21511.669922	-92.279785
21517.053223	-92.492477
21522.436523	-92.848007
21527.819824	-91.829338
21533.203125	-91.842819
21538.586426	-91.441330
21543.969727	-91.373894
21549.353027	-91.822952
21554.736328	-92.148445
21560.119629	-92.309113
21565.502930	-91.973175
21570.886230	-92.161736
21576.269531	-91.525429
21581.652832	-92.200592
21587.036133	-91.896576
21592.419434	-91.808067
21597.802734	-91.738121
21603.186035	-91.963898
21608.569336	-92.793976
21613.952637	-92.142517
21619.335938	-92.448563
21624.719238	-92.506966
21630.102539	-93.489014
21635.485840	-93.652252
21640.869141	-93.919594
21646.252441	-93.904266
21651.635742	-93.658951
21657.019043	-94.151787
21662.402344	-94.436073
21667.785645	-96.040962
21673.168945	-95.714851
21678.552246	-97.100258
21683.935547	-97.538788
21689.318848	-97.223854
21694.702148	-97.583244
21700.085449	-96.974998
21705.468750	-97.939034
21710.852051	-97.296867
21716.235352	-97.664497
21721.618652	-98.915565
21727.001953	-99.388390
21732.385254	-101.001076
21737.768555	-100.438560
21743.151855	-100.579750
21748.535156	-99.642174
21753.918457	-102.990631
21759.301758	-102.078239
21764.685059	-102.742332
21770.068359	-101.806168
21775.451660	-102.276855
21780.834961	-101.799927
21786.218262	-99.747208
21791.601562	-100.785736
21796.984863	-100.041389
21802.368164	-97.782654
21807.751465	-96.842216
21813.134766	-96.165016
21818.518066	-97.919083
21823.901367	-96.498856
21829.284668	-96.405853
21834.667969	-94.364555
21840.051270	-94.071907
21845.434570	-94.231201
21850.817871	-95.420349
21856.201172	-95.449753
21861.584473	-94.348953
21866.967773	-95.005707
21872.351074	-95.072975
21877.734375	-96.793335
21883.117676	-96.516304
21888.500977	-96.020668
21893.884277	-94.838623
21899.267578	-94.691338
21904.650879	-94.677773
21910.034180	-93.837852
21915.417480	-94.610435
21920.800781	-94.432045
21926.184082	-94.904602
21931.567383	-94.560326
21936.950684	-94.656059
21942.333984	-94.694351
21947.717285	-94.867950
21953.100586	-95.755730
21958.483887	-94.357430
21963.867188	-94.859077
21969.250488	-95.420670
21974.633789	-96.079552
21980.017090	-95.420311
21985.400391	-95.348877
21990.783691	-94.783539
21996.166992	-94.888474
22001.550293	-94.331902
22006.933594	-92.859871
22012.316895	-93.131882
22017.700195	-93.167076
22023.083496	-93.459770
22028.466797	-94.237961
22033.850098	-94.413765
22039.233398	-94.085686
22044.616699	-93.585518
