Frequency (Hz)	Level (dB)
5.383301	-24.724426
10.766602	-22.230774
16.149902	-21.865469
21.533203	-22.429121
26.916504	-23.619421
32.299805	-25.688951
37.683105	-27.299595
43.066406	-28.417814
48.449707	-28.162779
53.833008	-28.912973
59.216309	-29.449984
64.599609	-29.692560
69.982910	-30.146137
75.366211	-30.781736
80.749512	-31.706139
86.132812	-32.959824
91.516113	-34.140324
96.899414	-34.955334
102.282715	-35.673046
107.666016	-37.225258
113.049316	-38.460075
118.432617	-39.711948
123.815918	-41.219929
129.199219	-42.028912
134.582520	-40.665726
139.965820	-38.410362
145.349121	-36.302383
150.732422	-35.475895
156.115723	-35.933136
161.499023	-37.359371
166.882324	-38.578434
172.265625	-38.329163
177.648926	-37.384216
183.032227	-35.011246
188.415527	-32.719944
193.798828	-30.742580
199.182129	-28.847525
204.565430	-28.011421
209.948730	-27.431467
215.332031	-26.761013
220.715332	-26.526583
226.098633	-26.519627
231.481934	-27.069073
236.865234	-27.743563
242.248535	-28.827581
247.631836	-31.021257
253.015137	-34.755043
258.398438	-38.861660
263.781738	-36.379025
269.165039	-33.936253
274.548340	-33.450924
279.931641	-33.097832
285.314941	-30.785700
290.698242	-29.187984
296.081543	-27.738548
301.464844	-27.339218
306.848145	-27.861702
312.231445	-27.276522
317.614746	-25.917801
322.998047	-24.428253
328.381348	-21.799753
333.764648	-19.375948
339.147949	-18.225590
344.531250	-19.062164
349.914551	-23.526682
355.297852	-32.085545
360.681152	-37.943481
366.064453	-37.417480
371.447754	-38.522598
376.831055	-35.719166
382.214355	-31.618879
387.597656	-29.657990
392.980957	-29.656778
398.364258	-30.079445
403.747559	-32.106884
409.130859	-32.513760
414.514160	-30.335592
419.897461	-28.800533
425.280762	-27.859613
430.664062	-27.957720
436.047363	-29.172894
441.430664	-32.386433
446.813965	-34.539665
452.197266	-35.896877
457.580566	-36.176197
462.963867	-34.551693
468.347168	-33.954906
473.730469	-33.998550
479.113770	-27.701405
484.497070	-24.440796
489.880371	-23.771378
495.263672	-21.612520
500.646973	-19.218271
506.030273	-17.847687
511.413574	-15.660884
516.796875	-16.305983
522.180176	-19.778509
527.563477	-26.934490
532.946777	-31.853437
538.330078	-26.492270
543.713379	-26.434635
549.096680	-31.119837
554.479980	-29.997824
559.863281	-27.527534
565.246582	-27.618395
570.629883	-31.932426
576.013184	-34.682789
581.396484	-31.974463
586.779785	-32.822342
592.163086	-31.813187
597.546387	-30.432137
602.929688	-30.885593
608.312988	-28.371038
613.696289	-27.111897
619.079590	-30.085321
624.462891	-29.110893
629.846191	-29.965590
635.229492	-31.741529
640.612793	-25.196613
645.996094	-22.343040
651.379395	-23.387859
656.762695	-24.302711
662.145996	-23.158722
667.529297	-22.572849
672.912598	-21.541231
678.295898	-22.433821
683.679199	-21.656185
689.062500	-22.729811
694.445801	-24.880604
699.829102	-26.952063
705.212402	-30.587866
710.595703	-33.893208
715.979004	-31.122494
721.362305	-28.818695
726.745605	-27.163128
732.128906	-28.089676
737.512207	-29.245203
742.895508	-33.384136
748.278809	-35.232620
753.662109	-31.535524
759.045410	-32.930584
764.428711	-34.795822
769.812012	-31.980202
775.195312	-31.495689
780.578613	-31.748728
785.961914	-30.860985
791.345215	-30.657211
796.728516	-30.321838
802.111816	-31.767109
807.495117	-35.455250
812.878418	-38.215618
818.261719	-34.722198
823.645020	-31.997402
829.028320	-31.675833
834.411621	-31.993834
839.794922	-32.773136
845.178223	-34.977032
850.561523	-37.143909
855.944824	-38.225773
861.328125	-37.513351
866.711426	-37.310863
872.094727	-38.981552
877.478027	-41.364105
882.861328	-43.690865
888.244629	-38.616882
893.627930	-34.929840
899.011230	-34.961655
904.394531	-35.531788
909.777832	-35.062183
915.161133	-33.188511
920.544434	-32.240387
925.927734	-32.924942
931.311035	-34.206665
936.694336	-37.037445
942.077637	-40.476711
947.460938	-34.643833
952.844238	-32.801807
958.227539	-34.630344
963.610840	-35.279663
968.994141	-35.870815
974.377441	-36.598846
979.760742	-36.542568
985.144043	-38.741226
990.527344	-40.797245
995.910645	-43.756577
1001.293945	-46.658897
1006.677246	-43.648891
1012.060547	-40.374428
1017.443848	-38.435326
1022.827148	-37.639206
1028.210449	-36.509995
1033.593750	-37.267696
1038.977051	-40.159256
1044.360352	-44.232082
1049.743652	-45.808201
1055.126953	-47.250694
1060.510254	-45.674240
1065.893555	-40.960270
1071.276855	-38.661945
1076.660156	-38.448338
1082.043457	-37.596195
1087.426758	-37.990490
1092.810059	-38.425499
1098.193359	-38.344368
1103.576660	-37.373280
1108.959961	-36.495239
1114.343262	-34.145733
1119.726562	-32.556522
1125.109863	-31.803841
1130.493164	-32.100197
1135.876465	-35.301022
1141.259766	-41.663933
1146.643066	-40.498531
1152.026367	-40.450245
1157.409668	-41.734573
1162.792969	-42.964787
1168.176270	-40.545822
1173.559570	-38.880833
1178.942871	-38.502327
1184.326172	-37.207085
1189.709473	-36.695126
1195.092773	-37.166637
1200.476074	-38.054394
1205.859375	-38.823936
1211.242676	-38.218952
1216.625977	-37.077850
1222.009277	-36.042065
1227.392578	-35.265659
1232.775879	-35.530739
1238.159180	-37.344910
1243.542480	-40.408630
1248.925781	-45.353954
1254.309082	-50.456535
1259.692383	-47.607330
1265.075684	-45.070427
1270.458984	-45.451935
1275.842285	-46.905228
1281.225586	-46.937576
1286.608887	-42.195522
1291.992188	-40.386547
1297.375488	-38.605885
1302.758789	-37.917496
1308.142090	-38.443054
1313.525391	-37.848457
1318.908691	-38.884712
1324.291992	-40.594929
1329.675293	-43.330524
1335.058594	-46.016819
1340.441895	-42.266270
1345.825195	-38.198738
1351.208496	-35.969074
1356.591797	-34.949577
1361.975098	-36.145481
1367.358398	-39.645077
1372.741699	-44.091743
1378.125000	-44.149853
1383.508301	-41.415703
1388.891602	-39.185760
1394.274902	-38.251480
1399.658203	-38.899071
1405.041504	-36.145332
1410.424805	-35.665634
1415.808105	-36.137421
1421.191406	-36.054985
1426.574707	-35.157005
1431.958008	-35.570553
1437.341309	-36.710556
1442.724609	-36.220901
1448.107910	-34.921600
1453.491211	-34.085190
1458.874512	-33.236294
1464.257812	-34.330929
1469.641113	-35.950825
1475.024414	-37.269844
1480.407715	-38.826599
1485.791016	-38.667095
1491.174316	-35.670609
1496.557617	-32.760143
1501.940918	-32.684498
1507.324219	-36.039196
1512.707520	-40.803158
1518.090820	-41.721153
1523.474121	-40.069557
1528.857422	-38.383617
1534.240723	-37.308113
1539.624023	-36.573456
1545.007324	-36.015930
1550.390625	-34.912148
1555.773926	-37.791756
1561.157227	-44.549973
1566.540527	-43.443893
1571.923828	-42.121033
1577.307129	-43.463257
1582.690430	-44.473862
1588.073730	-41.344864
1593.457031	-38.288582
1598.840332	-36.041649
1604.223633	-36.490891
1609.606934	-41.023224
1614.990234	-48.447620
1620.373535	-48.771664
1625.756836	-42.826572
1631.140137	-43.267765
1636.523438	-43.412621
1641.906738	-43.464977
1647.290039	-44.469204
1652.673340	-43.393810
1658.056641	-41.491402
1663.439941	-39.553600
1668.823242	-41.486660
1674.206543	-38.933563
1679.589844	-39.757725
1684.973145	-41.130699
1690.356445	-39.813686
1695.739746	-37.680294
1701.123047	-37.857006
1706.506348	-39.563339
1711.889648	-41.634037
1717.272949	-39.665874
1722.656250	-34.730701
1728.039551	-33.072281
1733.422852	-35.131428
1738.806152	-40.151665
1744.189453	-45.112225
1749.572754	-42.231110
1754.956055	-39.374409
1760.339355	-38.163418
1765.722656	-39.022030
1771.105957	-39.848827
1776.489258	-40.536331
1781.872559	-41.216679
1787.255859	-41.790043
1792.639160	-41.105343
1798.022461	-41.681568
1803.405762	-44.032639
1808.789062	-44.807884
1814.172363	-45.701298
1819.555664	-46.410667
1824.938965	-46.893738
1830.322266	-44.831192
1835.705566	-41.891693
1841.088867	-39.595726
1846.472168	-39.199909
1851.855469	-42.689610
1857.238770	-49.381813
1862.622070	-46.307446
1868.005371	-42.224461
1873.388672	-41.057880
1878.771973	-40.845295
1884.155273	-40.674377
1889.538574	-41.581963
1894.921875	-42.682503
1900.305176	-43.327827
1905.688477	-45.647556
1911.071777	-47.643772
1916.455078	-45.333576
1921.838379	-42.853497
1927.221680	-43.575321
1932.604980	-43.526634
1937.988281	-42.692356
1943.371582	-43.132690
1948.754883	-44.047039
1954.138184	-45.247658
1959.521484	-47.048058
1964.904785	-49.871269
1970.288086	-49.490814
1975.671387	-48.023811
1981.054688	-48.187004
1986.437988	-49.721230
1991.821289	-50.668274
1997.204590	-50.268143
2002.587891	-48.922428
2007.971191	-45.273067
2013.354492	-43.050583
2018.737793	-41.926929
2024.121094	-41.364380
2029.504395	-41.872253
2034.887695	-43.205284
2040.270996	-44.775913
2045.654297	-47.647278
2051.037598	-51.634144
2056.420898	-57.335907
2061.804199	-57.013313
2067.187500	-52.247051
2072.570801	-49.243740
2077.954102	-47.492764
2083.337402	-47.228893
2088.720703	-48.307716
2094.104004	-50.642902
2099.487305	-51.872105
2104.870605	-48.809952
2110.253906	-46.822056
2115.637207	-47.477356
2121.020508	-45.289604
2126.403809	-42.265999
2131.787109	-42.033539
2137.170410	-43.391445
2142.553711	-45.487469
2147.937012	-47.271828
2153.320312	-47.705883
2158.703613	-46.347958
2164.086914	-44.743259
2169.470215	-44.148552
2174.853516	-43.604267
2180.236816	-45.362469
2185.620117	-46.026405
2191.003418	-47.265312
2196.386719	-48.639362
2201.770020	-45.325298
2207.153320	-43.721523
2212.536621	-44.807053
2217.919922	-48.024082
2223.303223	-45.771015
2228.686523	-40.874203
2234.069824	-38.401234
2239.453125	-38.674511
2244.836426	-41.041641
2250.219727	-44.485409
2255.603027	-43.226051
2260.986328	-40.860271
2266.369629	-39.947075
2271.752930	-40.112888
2277.136230	-41.337639
2282.519531	-43.054073
2287.902832	-45.370106
2293.286133	-49.069069
2298.669434	-53.636677
2304.052734	-50.691410
2309.436035	-47.399899
2314.819336	-47.015717
2320.202637	-48.749722
2325.585938	-50.811256
2330.969238	-51.052849
2336.352539	-49.272907
2341.735840	-48.305107
2347.119141	-49.445858
2352.502441	-52.434578
2357.885742	-55.231537
2363.269043	-52.856361
2368.652344	-52.863640
2374.035645	-54.409603
2379.418945	-51.412399
2384.802246	-46.672913
2390.185547	-44.150963
2395.568848	-42.590454
2400.952148	-41.950939
2406.335449	-41.769691
2411.718750	-42.507221
2417.102051	-43.843563
2422.485352	-44.870728
2427.868652	-45.359688
2433.251953	-46.259754
2438.635254	-48.863194
2444.018555	-53.446514
2449.401855	-59.315357
2454.785156	-57.924061
2460.168457	-58.613819
2465.551758	-56.724781
2470.935059	-52.103928
2476.318359	-50.573181
2481.701660	-49.339211
2487.084961	-49.296806
2492.468262	-50.942135
2497.851562	-53.664982
2503.234863	-57.308670
2508.618164	-59.718979
2514.001465	-56.518642
2519.384766	-58.763233
2524.768066	-58.027817
2530.151367	-51.321682
2535.534668	-47.264683
2540.917969	-46.101261
2546.301270	-46.483746
2551.684570	-44.951180
2557.067871	-44.996532
2562.451172	-47.162056
2567.834473	-50.218540
2573.217773	-51.042236
2578.601074	-51.107380
2583.984375	-52.652420
2589.367676	-52.959770
2594.750977	-48.062798
2600.134277	-45.998558
2605.517578	-46.819698
2610.900879	-48.811485
2616.284180	-50.007710
2621.667480	-51.465343
2627.050781	-51.896492
2632.434082	-50.020977
2637.817383	-49.173763
2643.200684	-48.741352
2648.583984	-48.555584
2653.967285	-47.707142
2659.350586	-46.493793
2664.733887	-44.549721
2670.117188	-42.483521
2675.500488	-41.123283
2680.883789	-40.013008
2686.267090	-39.958672
2691.650391	-41.051964
2697.033691	-43.051727
2702.416992	-45.697353
2707.800293	-44.356888
2713.183594	-43.643417
2718.566895	-44.702671
2723.950195	-47.677330
2729.333496	-52.456306
2734.716797	-53.950294
2740.100098	-51.194344
2745.483398	-47.542900
2750.866699	-47.332371
2756.250000	-48.726536
2761.633301	-48.107574
2767.016602	-49.050053
2772.399902	-52.510857
2777.783203	-55.014118
2783.166504	-58.003506
2788.549805	-55.081299
2793.933105	-48.699234
2799.316406	-45.856949
2804.699707	-45.323006
2810.083008	-46.599277
2815.466309	-47.407322
2820.849609	-48.768238
2826.232910	-50.635715
2831.616211	-50.310425
2836.999512	-48.101475
2842.382812	-44.878250
2847.766113	-40.985527
2853.149414	-40.033466
2858.532715	-39.775990
2863.916016	-40.883781
2869.299316	-43.700050
2874.682617	-45.783360
2880.065918	-48.682835
2885.449219	-52.600754
2890.832520	-48.557774
2896.215820	-44.766685
2901.599121	-43.267288
2906.982422	-43.190487
2912.365723	-44.353683
2917.749023	-46.413620
2923.132324	-47.898651
2928.515625	-49.752251
2933.898926	-49.099022
2939.282227	-48.194862
2944.665527	-49.943375
2950.048828	-50.316555
2955.432129	-48.554478
2960.815430	-49.808350
2966.198730	-49.793591
2971.582031	-48.923481
2976.965332	-50.954018
2982.348633	-53.249908
2987.731934	-49.703209
2993.115234	-45.990551
2998.498535	-43.430077
3003.881836	-42.870548
3009.265137	-43.141899
3014.648438	-42.511890
3020.031738	-42.197403
3025.415039	-43.290352
3030.798340	-44.789009
3036.181641	-45.887917
3041.564941	-48.201183
3046.948242	-47.738140
3052.331543	-46.681080
3057.714844	-46.486492
3063.098145	-46.782410
3068.481445	-46.437004
3073.864746	-46.493771
3079.248047	-46.771645
3084.631348	-47.071651
3090.014648	-50.144588
3095.397949	-56.096405
3100.781250	-63.009052
3106.164551	-61.091930
3111.547852	-57.014816
3116.931152	-56.966686
3122.314453	-53.580776
3127.697754	-52.182461
3133.081055	-53.833038
3138.464355	-52.492126
3143.847656	-47.331482
3149.230957	-43.940548
3154.614258	-44.078293
3159.997559	-46.618828
3165.380859	-49.318012
3170.764160	-54.163723
3176.147461	-55.230236
3181.530762	-53.241524
3186.914062	-56.055309
3192.297363	-56.612434
3197.680664	-52.229332
3203.063965	-49.410328
3208.447266	-49.807751
3213.830566	-54.026955
3219.213867	-55.454826
3224.597168	-51.367897
3229.980469	-48.896175
3235.363770	-48.213314
3240.747070	-47.660549
3246.130371	-48.019501
3251.513672	-48.194351
3256.896973	-46.126389
3262.280273	-44.993233
3267.663574	-44.897049
3273.046875	-45.112587
3278.430176	-46.207027
3283.813477	-47.557194
3289.196777	-47.981201
3294.580078	-47.556210
3299.963379	-47.145302
3305.346680	-46.717358
3310.729980	-47.105347
3316.113281	-46.873283
3321.496582	-47.079956
3326.879883	-46.758408
3332.263184	-46.419235
3337.646484	-46.261696
3343.029785	-47.265400
3348.413086	-47.095600
3353.796387	-47.071964
3359.179688	-47.026104
3364.562988	-46.756348
3369.946289	-47.568993
3375.329590	-50.170074
3380.712891	-54.718716
3386.096191	-57.835968
3391.479492	-52.611652
3396.862793	-51.599396
3402.246094	-51.074345
3407.629395	-49.838791
3413.012695	-50.388168
3418.395996	-52.271072
3423.779297	-52.628006
3429.162598	-55.326862
3434.545898	-53.139862
3439.929199	-49.159512
3445.312500	-47.233765
3450.695801	-45.821018
3456.079102	-45.764397
3461.462402	-46.995457
3466.845703	-49.864193
3472.229004	-53.623379
3477.612305	-56.855427
3482.995605	-58.113678
3488.378906	-60.285480
3493.762207	-55.569942
3499.145508	-54.398922
3504.528809	-55.604088
3509.912109	-58.245110
3515.295410	-61.038124
3520.678711	-58.541252
3526.062012	-54.331104
3531.445312	-53.027241
3536.828613	-54.230610
3542.211914	-52.584316
3547.595215	-52.713726
3552.978516	-55.412281
3558.361816	-56.608543
3563.745117	-52.797092
3569.128418	-48.390163
3574.511719	-47.115429
3579.895020	-45.860153
3585.278320	-47.194641
3590.661621	-46.723015
3596.044922	-43.113785
3601.428223	-41.663361
3606.811523	-41.360939
3612.194824	-42.798584
3617.578125	-43.347218
3622.961426	-43.301773
3628.344727	-44.151531
3633.728027	-44.291252
3639.111328	-45.860462
3644.494629	-47.374382
3649.877930	-46.428802
3655.261230	-44.538185
3660.644531	-44.128090
3666.027832	-44.913040
3671.411133	-45.061417
3676.794434	-46.186497
3682.177734	-47.646046
3687.561035	-49.997272
3692.944336	-51.512676
3698.327637	-56.846008
3703.710938	-59.316479
3709.094238	-57.090954
3714.477539	-54.933773
3719.860840	-54.290421
3725.244141	-54.716106
3730.627441	-48.296688
3736.010742	-45.125870
3741.394043	-44.036919
3746.777344	-43.374084
3752.160645	-42.845692
3757.543945	-43.319736
3762.927246	-43.631107
3768.310547	-43.083862
3773.693848	-43.946556
3779.077148	-46.077091
3784.460449	-47.545494
3789.843750	-49.396683
3795.227051	-48.791061
3800.610352	-48.468956
3805.993652	-46.831322
3811.376953	-46.220173
3816.760254	-46.238270
3822.143555	-47.859013
3827.526855	-48.252163
3832.910156	-47.797211
3838.293457	-48.494804
3843.676758	-49.307743
3849.060059	-49.702881
3854.443359	-48.149063
3859.826660	-50.273640
3865.209961	-55.776379
3870.593262	-54.784695
3875.976562	-51.168709
3881.359863	-49.355694
3886.743164	-46.695087
3892.126465	-44.823437
3897.509766	-45.794979
3902.893066	-45.842800
3908.276367	-44.594418
3913.659668	-44.060146
3919.042969	-44.732040
3924.426270	-49.392540
3929.809570	-51.010124
3935.192871	-48.136665
3940.576172	-48.901958
3945.959473	-47.839989
3951.342773	-51.031700
3956.726074	-52.531059
3962.109375	-49.121628
3967.492676	-48.140926
3972.875977	-48.774231
3978.259277	-52.060062
3983.642578	-55.995472
3989.025879	-58.541363
3994.409180	-58.660786
3999.792480	-56.534771
4005.175781	-57.190266
4010.559082	-53.173500
4015.942383	-49.774796
4021.325684	-50.181824
4026.708984	-52.663601
4032.092285	-53.765125
4037.475586	-55.289200
4042.858887	-55.081509
4048.242188	-52.510147
4053.625488	-52.269405
4059.008789	-54.469070
4064.392090	-57.138378
4069.775391	-57.076736
4075.158691	-53.806728
4080.541992	-55.257240
4085.925293	-57.337723
4091.308594	-55.797562
4096.691895	-52.906952
4102.075195	-51.697498
4107.458496	-50.827869
4112.841797	-49.359566
4118.225098	-49.943588
4123.608398	-49.400139
4128.991699	-49.093651
4134.375000	-49.586830
4139.758301	-49.203053
4145.141602	-49.581562
4150.524902	-51.243603
4155.908203	-55.892220
4161.291504	-53.528847
4166.674805	-50.644501
4172.058105	-46.927448
4177.441406	-46.852859
4182.824707	-49.087769
4188.208008	-52.191807
4193.591309	-50.275749
4198.974609	-51.917927
4204.357910	-54.676708
4209.741211	-58.229073
4215.124512	-55.119469
4220.507812	-49.920815
4225.891113	-46.754910
4231.274414	-45.083645
4236.657715	-45.085655
4242.041016	-45.061161
4247.424316	-44.392338
4252.807617	-44.509350
4258.190918	-44.981155
4263.574219	-45.184185
4268.957520	-44.862175
4274.340820	-43.786247
4279.724121	-44.597679
4285.107422	-45.059391
4290.490723	-47.118706
4295.874023	-48.050129
4301.257324	-47.815517
4306.640625	-49.677223
4312.023926	-53.852348
4317.407227	-55.220844
4322.790527	-51.585442
4328.173828	-50.030033
4333.557129	-49.873600
4338.940430	-50.864422
4344.323730	-51.050045
4349.707031	-49.229828
4355.090332	-48.922710
4360.473633	-49.355083
4365.856934	-48.634457
4371.240234	-49.012863
4376.623535	-50.818737
4382.006836	-55.596634
4387.390137	-58.740677
4392.773438	-52.962246
4398.156738	-49.292362
4403.540039	-48.272720
4408.923340	-49.503250
4414.306641	-52.997055
4419.689941	-53.576054
4425.073242	-54.279297
4430.456543	-54.754055
4435.839844	-50.989452
4441.223145	-49.483589
4446.606445	-47.304352
4451.989746	-46.060917
4457.373047	-47.414585
4462.756348	-45.910572
4468.139648	-44.514347
4473.522949	-44.942196
4478.906250	-47.116203
4484.289551	-48.377346
4489.672852	-48.050335
4495.056152	-47.510860
4500.439453	-45.473282
4505.822754	-43.480911
4511.206055	-42.856426
4516.589355	-42.143829
4521.972656	-40.092091
4527.355957	-39.410397
4532.739258	-39.065613
4538.122559	-38.604595
4543.505859	-39.176971
4548.889160	-41.268456
4554.272461	-44.113091
4559.655762	-44.648262
4565.039062	-43.540382
4570.422363	-44.043465
4575.805664	-45.490837
4581.188965	-48.399319
4586.572266	-47.579662
4591.955566	-44.918987
4597.338867	-42.864124
4602.722168	-42.208191
4608.105469	-42.290302
4613.488770	-43.192646
4618.872070	-42.765812
4624.255371	-42.629177
4629.638672	-42.028477
4635.021973	-41.447910
4640.405273	-41.504673
4645.788574	-41.782764
4651.171875	-42.196442
4656.555176	-42.758778
4661.938477	-44.393848
4667.321777	-47.257912
4672.705078	-51.338528
4678.088379	-55.952656
4683.471680	-50.174198
4688.854980	-46.452621
4694.238281	-44.546780
4699.621582	-43.798481
4705.004883	-44.015629
4710.388184	-45.423111
4715.771484	-44.287342
4721.154785	-44.295116
4726.538086	-46.455524
4731.921387	-47.937206
4737.304688	-49.748878
4742.687988	-53.500748
4748.071289	-50.475365
4753.454590	-46.517662
4758.837891	-45.539291
4764.221191	-45.318577
4769.604492	-44.480549
4774.987793	-42.916847
4780.371094	-43.539566
4785.754395	-46.547337
4791.137695	-47.002674
4796.520996	-45.455982
4801.904297	-44.905846
4807.287598	-46.699142
4812.670898	-52.087418
4818.054199	-55.016655
4823.437500	-49.706696
4828.820801	-45.508625
4834.204102	-46.425770
4839.587402	-46.473309
4844.970703	-45.677979
4850.354004	-46.114235
4855.737305	-45.391605
4861.120605	-45.677753
4866.503906	-48.470245
4871.887207	-50.353889
4877.270508	-48.755028
4882.653809	-47.102459
4888.037109	-46.927990
4893.420410	-48.474068
4898.803711	-49.893299
4904.187012	-53.272484
4909.570312	-55.695663
4914.953613	-51.606384
4920.336914	-50.416481
4925.720215	-49.671379
4931.103516	-48.984352
4936.486816	-48.785709
4941.870117	-50.087952
4947.253418	-49.080376
4952.636719	-47.497894
4958.020020	-48.544945
4963.403320	-50.734310
4968.786621	-55.040829
4974.169922	-56.670998
4979.553223	-51.289474
4984.936523	-48.969711
4990.319824	-46.920135
4995.703125	-46.715172
5001.086426	-45.964169
5006.469727	-44.890099
5011.853027	-44.327579
5017.236328	-45.033318
5022.619629	-47.579231
5028.002930	-46.661133
5033.386230	-45.737915
5038.769531	-45.223278
5044.152832	-45.254684
5049.536133	-44.222961
5054.919434	-44.840965
5060.302734	-43.767853
5065.686035	-42.481068
5071.069336	-42.437744
5076.452637	-44.004128
5081.835938	-44.698315
5087.219238	-46.538982
5092.602539	-50.751854
5097.985840	-51.085396
5103.369141	-48.346012
5108.752441	-46.824963
5114.135742	-48.037128
5119.519043	-49.915390
5124.902344	-51.265251
5130.285645	-53.146015
5135.668945	-53.189911
5141.052246	-55.653862
5146.435547	-52.851143
5151.818848	-48.894878
5157.202148	-48.875168
5162.585449	-48.667484
5167.968750	-48.259796
5173.352051	-48.131382
5178.735352	-48.524422
5184.118652	-48.878780
5189.501953	-49.445740
5194.885254	-47.757141
5200.268555	-44.954388
5205.651855	-43.369926
5211.035156	-43.257633
5216.418457	-44.273918
5221.801758	-46.445183
5227.185059	-45.621254
5232.568359	-44.178566
5237.951660	-42.939007
5243.334961	-42.114441
5248.718262	-41.623207
5254.101562	-41.699863
5259.484863	-42.505684
5264.868164	-44.060410
5270.251465	-45.789730
5275.634766	-47.853981
5281.018066	-48.752712
5286.401367	-49.555046
5291.784668	-48.901833
5297.167969	-47.682343
5302.551270	-48.124065
5307.934570	-50.401897
5313.317871	-51.849586
5318.701172	-50.774708
5324.084473	-49.063309
5329.467773	-51.729122
5334.851074	-54.626564
5340.234375	-56.345119
5345.617676	-50.934570
5351.000977	-47.014530
5356.384277	-44.320793
5361.767578	-42.643158
5367.150879	-41.742943
5372.534180	-41.291897
5377.917480	-42.230320
5383.300781	-43.105377
5388.684082	-44.780163
5394.067383	-46.906998
5399.450684	-46.509556
5404.833984	-46.385540
5410.217285	-48.052380
5415.600586	-50.311256
5420.983887	-52.512650
5426.367188	-54.077568
5431.750488	-54.219402
5437.133789	-53.383007
5442.517090	-50.140934
5447.900391	-49.205391
5453.283691	-49.026363
5458.666992	-47.627598
5464.050293	-46.978256
5469.433594	-46.627068
5474.816895	-45.298210
5480.200195	-43.279907
5485.583496	-42.030121
5490.966797	-42.229717
5496.350098	-42.770348
5501.733398	-43.734623
5507.116699	-43.904472
5512.500000	-44.209858
5517.883301	-46.285725
5523.266602	-48.151073
5528.649902	-50.574276
5534.033203	-53.887894
5539.416504	-57.555553
5544.799805	-53.879559
5550.183105	-53.493954
5555.566406	-56.589146
5560.949707	-59.036514
5566.333008	-53.059071
5571.716309	-49.435585
5577.099609	-47.310768
5582.482910	-46.263062
5587.866211	-46.978455
5593.249512	-46.234196
5598.632812	-45.610325
5604.016113	-45.196255
5609.399414	-44.821651
5614.782715	-44.451111
5620.166016	-47.053753
5625.549316	-48.320633
5630.932617	-49.931107
5636.315918	-51.974998
5641.699219	-53.326908
5647.082520	-53.436478
5652.465820	-52.260239
5657.849121	-51.956680
5663.232422	-54.591091
5668.615723	-54.017483
5673.999023	-52.785183
5679.382324	-51.685425
5684.765625	-51.239235
5690.148926	-51.015743
5695.532227	-48.135448
5700.915527	-46.029419
5706.298828	-45.332401
5711.682129	-45.523281
5717.065430	-45.475052
5722.448730	-45.449654
5727.832031	-44.962654
5733.215332	-46.281940
5738.598633	-49.269779
5743.981934	-50.266991
5749.365234	-49.918709
5754.748535	-48.300732
5760.131836	-48.367138
5765.515137	-48.861275
5770.898438	-49.309040
5776.281738	-50.261372
5781.665039	-49.954136
5787.048340	-50.297588
5792.431641	-51.841496
5797.814941	-51.586800
5803.198242	-49.612450
5808.581543	-48.197990
5813.964844	-46.726406
5819.348145	-45.858864
5824.731445	-45.797974
5830.114746	-47.507584
5835.498047	-50.667782
5840.881348	-52.722183
5846.264648	-50.658672
5851.647949	-48.745766
5857.031250	-50.960503
5862.414551	-54.889309
5867.797852	-50.627995
5873.181152	-48.903858
5878.564453	-49.759663
5883.947754	-53.311996
5889.331055	-50.755604
5894.714355	-47.400097
5900.097656	-47.676235
5905.480957	-50.268085
5910.864258	-54.888569
5916.247559	-53.872318
5921.630859	-49.721611
5927.014160	-47.582027
5932.397461	-47.873680
5937.780762	-49.398842
5943.164062	-50.815769
5948.547363	-52.704552
5953.930664	-55.102131
5959.313965	-56.486767
5964.697266	-57.219131
5970.080566	-54.930130
5975.463867	-51.857067
5980.847168	-50.175457
5986.230469	-48.440544
5991.613770	-47.380306
5996.997070	-47.222340
6002.380371	-48.074131
6007.763672	-47.865631
6013.146973	-47.608364
6018.530273	-47.344456
6023.913574	-47.422363
6029.296875	-47.227581
6034.680176	-47.468601
6040.063477	-48.506283
6045.446777	-49.597519
6050.830078	-50.279415
6056.213379	-49.619015
6061.596680	-49.527649
6066.979980	-49.983936
6072.363281	-50.399414
6077.746582	-50.976948
6083.129883	-51.447857
6088.513184	-51.203941
6093.896484	-52.282154
6099.279785	-52.711308
6104.663086	-52.313137
6110.046387	-52.995796
6115.429688	-52.770168
6120.812988	-51.800617
6126.196289	-51.525604
6131.579590	-50.403801
6136.962891	-50.692043
6142.346191	-51.924248
6147.729492	-53.995609
6153.112793	-54.837994
6158.496094	-55.416058
6163.879395	-55.452911
6169.262695	-53.479420
6174.645996	-52.483803
6180.029297	-50.989471
6185.412598	-49.752766
6190.795898	-49.508015
6196.179199	-48.342953
6201.562500	-48.039654
6206.945801	-48.749527
6212.329102	-49.381630
6217.712402	-50.219456
6223.095703	-51.871853
6228.479004	-54.280800
6233.862305	-56.209114
6239.245605	-54.768967
6244.628906	-53.416290
6250.012207	-54.287762
6255.395508	-55.358589
6260.778809	-55.505505
6266.162109	-57.017456
6271.545410	-58.416306
6276.928711	-59.243446
6282.312012	-60.351570
6287.695312	-59.959492
6293.078613	-56.832718
6298.461914	-52.867962
6303.845215	-50.507381
6309.228516	-49.188740
6314.611816	-48.942886
6319.995117	-49.811611
6325.378418	-51.051723
6330.761719	-53.021145
6336.145020	-56.863121
6341.528320	-61.315697
6346.911621	-62.669624
6352.294922	-66.250168
6357.678223	-65.450417
6363.061523	-62.464386
6368.444824	-57.179348
6373.828125	-54.267170
6379.211426	-52.401997
6384.594727	-52.196823
6389.978027	-53.220108
6395.361328	-55.605934
6400.744629	-55.610699
6406.127930	-51.525738
6411.511230	-50.032772
6416.894531	-50.628845
6422.277832	-50.592316
6427.661133	-49.843651
6433.044434	-49.247501
6438.427734	-49.932945
6443.811035	-51.462090
6449.194336	-53.379654
6454.577637	-54.955288
6459.960938	-54.357250
6465.344238	-53.801632
6470.727539	-54.103390
6476.110840	-53.318203
6481.494141	-52.948860
6486.877441	-51.777702
6492.260742	-50.597755
6497.644043	-49.510410
6503.027344	-48.464241
6508.410645	-48.033657
6513.793945	-48.332199
6519.177246	-48.377449
6524.560547	-49.007702
6529.943848	-50.333443
6535.327148	-51.601440
6540.710449	-51.925217
6546.093750	-52.418636
6551.477051	-52.285282
6556.860352	-52.407166
6562.243652	-53.708172
6567.626953	-56.704010
6573.010254	-59.970242
6578.393555	-56.814766
6583.776855	-53.814171
6589.160156	-50.652130
6594.543457	-48.180016
6599.926758	-47.075497
6605.310059	-46.708126
6610.693359	-46.616203
6616.076660	-46.413155
6621.459961	-46.646824
6626.843262	-46.786858
6632.226562	-46.889309
6637.609863	-47.755421
6642.993164	-49.452938
6648.376465	-50.619415
6653.759766	-51.142391
6659.143066	-51.313591
6664.526367	-50.870739
6669.909668	-50.261845
6675.292969	-50.305679
6680.676270	-51.590725
6686.059570	-55.962486
6691.442871	-58.271400
6696.826172	-55.250713
6702.209473	-56.373264
6707.592773	-60.733418
6712.976074	-61.986301
6718.359375	-56.960312
6723.742676	-52.000679
6729.125977	-49.145645
6734.509277	-47.717865
6739.892578	-47.441891
6745.275879	-48.423763
6750.659180	-50.739857
6756.042480	-54.822353
6761.425781	-59.254147
6766.809082	-56.496445
6772.192383	-53.227940
6777.575684	-52.002949
6782.958984	-51.867645
6788.342285	-51.960518
6793.725586	-52.952698
6799.108887	-54.712513
6804.492188	-58.200062
6809.875488	-63.098274
6815.258789	-61.363697
6820.642090	-57.996826
6826.025391	-57.180241
6831.408691	-59.576797
6836.791992	-64.025192
6842.175293	-61.472290
6847.558594	-57.101009
6852.941895	-55.250698
6858.325195	-54.571659
6863.708496	-54.796444
6869.091797	-55.334301
6874.475098	-56.581615
6879.858398	-56.244667
6885.241699	-53.633675
6890.625000	-52.343941
6896.008301	-51.856789
6901.391602	-51.079918
6906.774902	-50.119785
6912.158203	-49.846672
6917.541504	-50.272038
6922.924805	-50.568604
6928.308105	-50.249634
6933.691406	-49.922344
6939.074707	-49.518272
6944.458008	-49.902660
6949.841309	-51.706367
6955.224609	-54.714809
6960.607910	-59.236366
6965.991211	-62.006516
6971.374512	-63.945095
6976.757812	-63.515808
6982.141113	-57.814201
6987.524414	-53.971272
6992.907715	-51.837673
6998.291016	-50.496731
7003.674316	-50.445965
7009.057617	-50.707226
7014.440918	-51.236614
7019.824219	-52.011772
7025.207520	-52.496834
7030.590820	-53.079987
7035.974121	-54.021252
7041.357422	-51.453384
7046.740723	-49.026676
7052.124023	-48.026791
7057.507324	-48.679893
7062.890625	-50.475136
7068.273926	-52.904427
7073.657227	-55.706509
7079.040527	-59.044968
7084.423828	-61.972610
7089.807129	-60.838215
7095.190430	-57.361866
7100.573730	-54.312119
7105.957031	-52.659664
7111.340332	-52.323750
7116.723633	-52.748562
7122.106934	-53.387882
7127.490234	-53.701283
7132.873535	-53.282326
7138.256836	-52.580956
7143.640137	-52.363636
7149.023438	-52.987892
7154.406738	-54.360512
7159.790039	-55.887154
7165.173340	-56.841927
7170.556641	-56.755112
7175.939941	-57.059536
7181.323242	-57.657753
7186.706543	-57.389622
7192.089844	-55.206947
7197.473145	-53.031223
7202.856445	-51.882282
7208.239746	-52.331772
7213.623047	-54.660450
7219.006348	-55.272942
7224.389648	-53.041199
7229.772949	-51.096203
7235.156250	-50.301830
7240.539551	-50.541527
7245.922852	-51.852665
7251.306152	-54.582710
7256.689453	-59.077095
7262.072754	-65.318077
7267.456055	-68.555634
7272.839355	-65.869354
7278.222656	-64.769661
7283.605957	-65.848419
7288.989258	-67.605965
7294.372559	-66.546364
7299.755859	-61.446339
7305.139160	-58.358433
7310.522461	-56.887474
7315.905762	-56.718880
7321.289062	-57.891903
7326.672363	-58.680576
7332.055664	-59.092842
7337.438965	-58.559746
7342.822266	-57.466412
7348.205566	-56.105160
7353.588867	-54.563320
7358.972168	-53.438976
7364.355469	-52.580009
7369.738770	-51.952538
7375.122070	-52.428654
7380.505371	-54.161858
7385.888672	-56.825893
7391.271973	-60.052361
7396.655273	-63.445553
7402.038574	-64.408989
7407.421875	-63.366138
7412.805176	-62.326660
7418.188477	-61.659218
7423.571777	-62.008816
7428.955078	-64.001213
7434.338379	-67.624008
7439.721680	-70.944786
7445.104980	-70.369675
7450.488281	-69.254929
7455.871582	-67.170113
7461.254883	-67.078964
7466.638184	-68.297142
7472.021484	-70.338097
7477.404785	-67.026985
7482.788086	-61.459488
7488.171387	-57.834473
7493.554688	-55.214565
7498.937988	-53.500736
7504.321289	-52.575024
7509.704590	-51.917587
7515.087891	-51.705696
7520.471191	-52.209892
7525.854492	-53.649021
7531.237793	-55.883114
7536.621094	-58.669224
7542.004395	-62.286121
7547.387695	-65.554764
7552.770996	-64.519043
7558.154297	-63.642445
7563.537598	-65.491829
7568.920898	-68.416687
7574.304199	-64.416069
7579.687500	-59.444202
7585.070801	-56.190701
7590.454102	-53.977234
7595.837402	-52.694420
7601.220703	-51.962875
7606.604004	-51.801022
7611.987305	-52.009289
7617.370605	-52.350189
7622.753906	-52.935692
7628.137207	-53.901909
7633.520508	-55.397526
7638.903809	-57.629375
7644.287109	-61.064152
7649.670410	-65.955894
7655.053711	-71.903008
7660.437012	-76.027397
7665.820312	-73.491997
7671.203613	-67.258331
7676.586914	-62.178036
7681.970215	-59.279995
7687.353516	-57.874954
7692.736816	-57.566105
7698.120117	-58.220917
7703.503418	-59.488041
7708.886719	-59.875435
7714.270020	-58.679081
7719.653320	-56.981979
7725.036621	-55.576149
7730.419922	-54.801949
7735.803223	-54.649887
7741.186523	-54.716537
7746.569824	-54.962658
7751.953125	-55.648861
7757.336426	-56.837006
7762.719727	-58.039963
7768.103027	-58.420658
7773.486328	-57.424271
7778.869629	-55.831032
7784.252930	-54.671486
7789.636230	-54.102905
7795.019531	-54.244244
7800.402832	-55.135731
7805.786133	-56.471748
7811.169434	-58.453648
7816.552734	-60.994987
7821.936035	-63.291634
7827.319336	-63.730000
7832.702637	-61.922096
7838.085938	-59.483643
7843.469238	-57.579170
7848.852539	-56.327946
7854.235840	-55.727631
7859.619141	-56.017635
7865.002441	-57.089214
7870.385742	-58.945965
7875.769043	-61.410664
7881.152344	-63.017334
7886.535645	-61.879036
7891.918945	-59.092464
7897.302246	-56.337864
7902.685547	-54.186207
7908.068848	-52.813610
7913.452148	-52.323509
7918.835449	-52.745121
7924.218750	-53.834068
7929.602051	-54.833054
7934.985352	-54.618755
7940.368652	-53.415581
7945.751953	-52.055798
7951.135254	-51.049789
7956.518555	-50.597168
7961.901855	-50.585472
7967.285156	-51.162132
7972.668457	-52.314548
7978.051758	-53.918522
7983.435059	-55.951424
7988.818359	-58.630138
7994.201660	-60.900646
7999.584961	-60.926296
8004.968262	-59.347355
8010.351562	-58.059597
8015.734863	-58.072430
8021.118164	-58.602024
8026.501465	-59.302555
8031.884766	-60.809227
8037.268066	-63.057610
8042.651367	-62.978329
8048.034668	-60.588173
8053.417969	-59.084007
8058.801270	-58.683678
8064.184570	-59.277328
8069.567871	-60.236889
8074.951172	-61.100861
8080.334473	-60.954021
8085.717773	-59.368000
8091.101074	-57.688290
8096.484375	-56.448391
8101.867676	-55.877922
8107.250977	-55.428104
8112.634277	-54.894318
8118.017578	-54.469624
8123.400879	-54.665924
8128.784180	-55.363155
8134.167480	-56.216003
8139.550781	-57.067139
8144.934082	-57.529438
8150.317383	-57.360149
8155.700684	-57.204098
8161.083984	-57.718933
8166.467285	-58.555000
8171.850586	-58.843952
8177.233887	-58.416260
8182.617188	-57.770008
8188.000488	-58.060658
8193.383789	-59.758026
8198.767090	-62.620861
8204.150391	-63.827778
8209.533691	-60.962193
8214.916992	-58.645756
8220.300293	-57.781635
8225.683594	-57.569031
8231.066895	-57.204956
8236.450195	-56.455185
8241.833496	-55.438034
8247.216797	-54.490013
8252.600098	-53.922661
8257.983398	-53.756916
8263.366699	-53.845848
8268.750000	-54.324642
8274.133301	-55.049244
8279.516602	-55.581367
8284.899902	-55.517532
8290.283203	-55.098335
8295.666504	-54.969707
8301.049805	-55.418816
8306.433105	-56.007275
8311.816406	-55.947701
8317.199707	-55.051476
8322.583008	-54.012463
8327.966309	-53.511597
8333.349609	-53.906116
8338.732910	-55.369072
8344.116211	-58.095406
8349.499512	-62.020973
8354.882812	-66.674080
8360.266113	-66.339363
8365.649414	-62.307568
8371.032715	-59.086651
8376.416016	-56.765324
8381.799316	-55.152161
8387.182617	-54.189545
8392.565918	-53.874821
8397.949219	-53.998886
8403.332520	-54.172661
8408.715820	-54.155544
8414.099121	-54.076233
8419.482422	-54.178059
8424.865723	-54.514633
8430.249023	-55.199982
8435.632324	-56.231880
8441.015625	-57.439693
8446.398926	-58.916023
8451.782227	-60.875965
8457.165527	-63.573463
8462.548828	-67.424652
8467.932129	-70.761002
8473.315430	-67.816101
8478.698730	-64.107132
8484.082031	-61.603828
8489.465332	-59.855270
8494.848633	-58.538624
8500.231934	-57.429417
8505.615234	-56.336285
8510.998535	-55.497475
8516.381836	-55.298615
8521.765137	-55.880547
8527.148438	-57.201584
8532.531738	-59.146004
8537.915039	-60.695988
8543.298340	-60.380787
8548.681641	-59.182617
8554.064941	-58.191116
8559.448242	-57.993435
8564.831543	-58.515755
8570.214844	-59.633648
8575.598145	-60.887943
8580.981445	-61.807213
8586.364746	-62.303921
8591.748047	-62.167999
8597.131348	-61.870922
8602.514648	-61.690609
8607.897949	-61.523720
8613.281250	-61.551178
8618.664551	-61.724323
8624.047852	-61.586418
8629.431152	-61.115059
8634.814453	-60.409580
8640.197754	-59.622936
8645.581055	-59.306744
8650.964355	-59.758644
8656.347656	-61.075020
8661.730957	-63.202271
8667.114258	-66.224869
8672.497559	-70.044151
8677.880859	-70.935684
8683.264160	-67.109619
8688.647461	-63.446503
8694.030762	-60.772564
8699.414062	-59.037537
8704.797363	-58.145725
8710.180664	-57.965008
8715.563965	-58.446911
8720.947266	-59.215038
8726.330566	-59.806591
8731.713867	-60.126289
8737.097168	-60.347851
8742.480469	-60.404213
8747.863770	-60.045643
8753.247070	-59.109028
8758.630371	-58.003403
8764.013672	-57.151310
8769.396973	-56.659054
8774.780273	-56.445530
8780.163574	-56.434952
8785.546875	-56.586845
8790.930176	-56.880024
8796.313477	-57.216274
8801.696777	-57.669537
8807.080078	-58.555168
8812.463379	-59.887699
8817.846680	-61.263924
8823.229980	-61.793633
8828.613281	-60.832775
8833.996582	-59.427654
8839.379883	-58.613270
8844.763184	-58.476646
8850.146484	-58.429562
8855.529785	-57.609211
8860.913086	-55.990704
8866.296387	-54.372406
8871.679688	-53.442673
8877.062988	-53.383984
8882.446289	-54.059734
8887.829590	-54.794441
8893.212891	-54.536983
8898.596191	-53.446785
8903.979492	-52.349392
8909.362793	-51.735149
8914.746094	-51.785828
8920.129395	-52.552937
8925.512695	-53.948212
8930.895996	-55.856701
8936.279297	-58.332275
8941.662598	-61.328873
8947.045898	-63.018120
8952.429199	-61.417488
8957.812500	-59.230072
8963.195801	-57.886395
8968.579102	-57.271793
8973.962402	-57.462658
8979.345703	-58.027992
8984.729004	-58.413467
8990.112305	-58.472382
8995.495605	-58.321438
9000.878906	-58.050854
9006.262207	-57.616322
9011.645508	-56.866493
9017.028809	-56.013355
9022.412109	-55.333107
9027.795410	-55.069614
9033.178711	-55.241638
9038.562012	-55.665009
9043.945312	-56.093487
9049.328613	-56.319889
9054.711914	-56.265320
9060.095215	-56.050972
9065.478516	-56.125923
9070.861816	-56.923847
9076.245117	-58.436729
9081.628418	-60.806267
9087.011719	-64.129662
9092.395020	-67.643768
9097.778320	-67.784927
9103.161621	-65.638657
9108.544922	-64.206833
9113.928223	-63.692150
9119.311523	-64.193398
9124.694824	-65.963730
9130.078125	-69.269806
9135.461426	-73.126129
9140.844727	-70.746590
9146.228027	-65.629593
9151.611328	-61.801758
9156.994629	-59.447514
9162.377930	-58.325470
9167.761230	-57.989391
9173.144531	-57.950268
9178.527832	-57.381252
9183.911133	-56.003136
9189.294434	-54.255684
9194.677734	-52.936535
9200.061035	-52.442936
9205.444336	-52.786930
9210.827637	-53.869740
9216.210938	-55.544064
9221.594238	-57.449066
9226.977539	-58.600372
9232.360840	-58.600391
9237.744141	-58.256870
9243.127441	-58.439301
9248.510742	-59.247700
9253.894043	-60.846313
9259.277344	-63.700466
9264.660645	-68.579712
9270.043945	-70.792160
9275.427246	-67.177765
9280.810547	-65.089424
9286.193848	-64.357727
9291.577148	-63.063511
9296.960449	-60.526421
9302.343750	-57.694614
9307.727051	-55.591721
9313.110352	-54.416122
9318.493652	-54.074287
9323.876953	-54.338642
9329.260254	-54.915165
9334.643555	-55.479298
9340.026855	-55.778976
9345.410156	-55.847542
9350.793457	-55.797703
9356.176758	-55.842091
9361.560059	-55.966953
9366.943359	-56.043438
9372.326660	-56.048866
9377.709961	-56.021969
9383.093262	-56.096802
9388.476562	-56.137691
9393.859863	-56.002354
9399.243164	-55.813450
9404.626465	-55.742935
9410.009766	-55.915611
9415.393066	-56.480625
9420.776367	-57.136990
9426.159668	-57.260532
9431.542969	-56.109699
9436.926270	-54.436531
9442.309570	-53.118465
9447.692871	-52.472015
9453.076172	-52.541786
9458.459473	-53.217201
9463.842773	-54.409458
9469.226074	-56.011574
9474.609375	-57.935501
9479.992676	-60.182888
9485.375977	-63.115021
9490.759277	-67.089371
9496.142578	-68.147781
9501.525879	-64.996651
9506.909180	-62.620823
9512.292480	-61.382103
9517.675781	-60.877289
9523.059082	-60.903172
9528.442383	-61.344421
9533.825684	-62.205448
9539.208984	-63.947170
9544.592285	-67.031586
9549.975586	-69.940918
9555.358887	-66.842125
9560.742188	-62.960930
9566.125488	-60.422157
9571.508789	-58.818451
9576.892090	-57.916050
9582.275391	-57.529732
9587.658691	-57.573475
9593.041992	-57.866329
9598.425293	-58.330563
9603.808594	-59.275322
9609.191895	-60.710651
9614.575195	-62.939766
9619.958496	-66.084480
9625.341797	-70.190941
9630.725098	-73.363594
9636.108398	-73.070328
9641.491699	-72.710800
9646.875000	-72.016495
9652.258301	-67.032028
9657.641602	-62.206543
9663.024902	-58.722359
9668.408203	-56.262054
9673.791504	-54.494740
9679.174805	-53.327724
9684.558105	-52.774124
9689.941406	-52.716110
9695.324707	-53.190472
9700.708008	-54.211567
9706.091309	-55.813988
9711.474609	-57.634682
9716.857910	-58.591419
9722.241211	-58.324520
9727.624512	-57.852768
9733.007812	-57.820587
9738.391113	-58.415215
9743.774414	-59.525421
9749.157715	-60.528984
9754.541016	-60.309204
9759.924316	-59.230148
9765.307617	-58.462002
9770.690918	-58.203228
9776.074219	-58.128304
9781.457520	-58.043217
9786.840820	-57.871555
9792.224121	-57.627312
9797.607422	-57.491360
9802.990723	-57.513027
9808.374023	-57.359222
9813.757324	-56.584637
9819.140625	-55.453762
9824.523926	-54.425625
9829.907227	-53.636162
9835.290527	-53.160023
9840.673828	-53.018978
9846.057129	-53.185963
9851.440430	-53.452709
9856.823730	-53.821640
9862.207031	-54.421917
9867.590332	-55.384083
9872.973633	-56.751728
9878.356934	-58.747463
9883.740234	-61.732582
9889.123535	-66.556541
9894.506836	-71.040588
9899.890137	-67.726425
9905.273438	-64.256691
9910.656738	-62.087448
9916.040039	-60.579151
9921.423340	-59.464600
9926.806641	-58.594448
9932.189941	-57.913094
9937.573242	-57.261761
9942.956543	-56.568230
9948.339844	-55.965927
9953.723145	-55.479836
9959.106445	-55.099201
9964.489746	-54.751812
9969.873047	-54.542812
9975.256348	-54.704823
9980.639648	-55.205639
9986.022949	-56.043613
9991.406250	-57.393513
9996.789551	-59.277843
10002.172852	-61.670296
10007.556152	-64.274086
10012.939453	-66.236061
10018.322754	-66.912468
10023.706055	-66.094353
10029.089355	-64.311790
10034.472656	-62.507244
10039.855957	-61.032646
10045.239258	-60.156227
10050.622559	-59.836555
10056.005859	-59.901890
10061.389160	-60.137508
10066.772461	-60.327187
10072.155762	-60.202892
10077.539062	-59.772766
10082.922363	-59.398476
10088.305664	-59.344696
10093.688965	-59.666168
10099.072266	-60.038738
10104.455566	-59.960514
10109.838867	-59.068794
10115.222168	-57.691830
10120.605469	-56.576736
10125.988770	-56.151722
10131.372070	-56.521328
10136.755371	-57.658859
10142.138672	-59.417950
10147.521973	-61.008114
10152.905273	-60.952015
10158.288574	-59.372459
10163.671875	-57.842976
10169.055176	-57.047993
10174.438477	-56.925926
10179.821777	-57.223557
10185.205078	-57.895546
10190.588379	-58.902748
10195.971680	-60.087643
10201.354980	-61.367779
10206.738281	-62.475986
10212.121582	-63.229988
10217.504883	-63.480873
10222.888184	-62.792431
10228.271484	-61.656208
10233.654785	-60.778786
10239.038086	-60.469051
10244.421387	-60.844372
10249.804688	-61.755447
10255.187988	-63.109234
10260.571289	-64.770203
10265.954590	-66.385162
10271.337891	-67.071472
10276.721191	-65.839211
10282.104492	-63.494530
10287.487793	-61.267750
10292.871094	-59.641373
10298.254395	-58.697773
10303.637695	-58.450134
10309.020996	-58.861828
10314.404297	-59.988926
10319.787598	-61.652065
10325.170898	-63.284664
10330.554199	-64.040962
10335.937500	-63.672173
10341.320801	-62.677105
10346.704102	-61.605373
10352.087402	-60.742939
10357.470703	-59.728966
10362.854004	-58.437305
10368.237305	-57.133621
10373.620605	-56.126110
10379.003906	-55.465290
10384.387207	-55.210934
10389.770508	-55.384644
10395.153809	-55.743053
10400.537109	-55.798447
10405.920410	-55.309494
10411.303711	-54.635303
10416.687012	-54.203217
10422.070312	-54.242905
10427.453613	-54.747116
10432.836914	-55.770138
10438.220215	-57.130512
10443.603516	-58.214642
10448.986816	-58.608437
10454.370117	-58.590576
10459.753418	-58.692623
10465.136719	-58.927723
10470.520020	-59.194298
10475.903320	-59.288647
10481.286621	-59.065475
10486.669922	-58.783291
10492.053223	-58.828323
10497.436523	-59.584846
10502.819824	-61.093212
10508.203125	-63.338524
10513.586426	-66.519760
10518.969727	-71.121429
10524.353027	-71.708084
10529.736328	-67.168297
10535.119629	-64.228996
10540.502930	-62.628765
10545.886230	-61.904217
10551.269531	-61.744083
10556.652832	-61.830009
10562.036133	-61.624504
10567.419434	-61.306995
10572.802734	-61.557945
10578.186035	-62.928719
10583.569336	-65.261261
10588.952637	-66.609444
10594.335938	-65.029366
10599.719238	-62.331509
10605.102539	-60.110481
10610.485840	-58.417152
10615.869141	-57.037811
10621.252441	-55.790104
10626.635742	-54.855316
10632.019043	-54.508686
10637.402344	-54.756248
10642.785645	-55.560291
10648.168945	-56.806755
10653.552246	-58.304924
10658.935547	-59.661583
10664.318848	-60.652859
10669.702148	-61.341690
10675.085449	-61.507740
10680.468750	-60.736111
10685.852051	-59.472019
10691.235352	-58.358910
10696.618652	-57.632938
10702.001953	-57.350620
10707.385254	-57.515217
10712.768555	-58.056801
10718.151855	-58.915016
10723.535156	-60.121651
10728.918457	-61.744427
10734.301758	-63.496532
10739.685059	-64.622505
10745.068359	-64.859573
10750.451660	-64.991600
10755.834961	-65.218483
10761.218262	-65.664047
10766.601562	-66.354095
10771.984863	-67.031654
10777.368164	-67.797409
10782.751465	-68.499115
10788.134766	-68.770966
10793.518066	-68.538872
10798.901367	-68.701263
10804.284668	-69.601768
10809.667969	-70.685982
10815.051270	-71.791939
10820.434570	-74.220177
10825.817871	-76.889015
10831.201172	-73.232315
10836.584473	-69.344246
10841.967773	-66.999939
10847.351074	-65.546692
10852.734375	-64.729607
10858.117676	-64.471336
10863.500977	-64.059807
10868.884277	-63.135647
10874.267578	-62.058071
10879.650879	-60.894218
10885.034180	-59.538639
10890.417480	-58.104534
10895.800781	-56.900795
10901.184082	-56.139957
10906.567383	-55.807255
10911.950684	-55.889088
10917.333984	-56.363838
10922.717285	-57.094288
10928.100586	-57.728703
10933.483887	-58.041222
10938.867188	-58.243683
10944.250488	-58.497520
10949.633789	-58.812397
10955.017090	-58.938416
10960.400391	-58.882137
10965.783691	-58.701576
10971.166992	-58.545078
10976.550293	-58.621834
10981.933594	-59.155167
10987.316895	-60.234230
10992.700195	-61.637222
10998.083496	-62.837231
11003.466797	-63.568859
11008.850098	-64.091263
11014.233398	-64.676651
11019.616699	-65.250526
11025.000000	-65.510818
11030.383301	-65.210762
11035.766602	-64.394547
11041.149902	-63.669064
11046.533203	-63.404884
11051.916504	-63.594841
11057.299805	-63.871033
11062.683105	-64.117455
11068.066406	-64.233665
11073.449707	-64.034454
11078.833008	-63.484879
11084.216309	-62.451752
11089.599609	-60.949467
11094.982910	-59.367561
11100.366211	-58.018204
11105.749512	-56.890007
11111.132812	-55.880642
11116.516113	-54.942020
11121.899414	-54.174923
11127.282715	-53.642033
11132.666016	-53.385277
11138.049316	-53.353935
11143.432617	-53.549934
11148.815918	-53.952152
11154.199219	-54.419147
11159.582520	-54.878613
11164.965820	-55.357899
11170.349121	-55.800014
11175.732422	-56.050453
11181.115723	-56.142719
11186.499023	-56.344269
11191.882324	-56.893742
11197.265625	-57.934513
11202.648926	-59.482815
11208.032227	-61.703178
11213.415527	-64.658539
11218.798828	-68.072433
11224.182129	-71.181496
11229.565430	-71.744293
11234.948730	-68.711197
11240.332031	-65.246132
11245.715332	-62.378391
11251.098633	-60.044212
11256.481934	-58.230125
11261.865234	-56.935787
11267.248535	-56.202122
11272.631836	-56.036640
11278.015137	-56.481194
11283.398438	-57.587944
11288.781738	-59.353458
11294.165039	-61.405853
11299.548340	-63.175007
11304.931641	-64.556664
11310.314941	-65.887123
11315.698242	-67.428070
11321.081543	-68.185585
11326.464844	-66.452393
11331.848145	-63.708286
11337.231445	-61.738407
11342.614746	-60.798519
11347.998047	-60.625729
11353.381348	-60.889893
11358.764648	-61.231441
11364.147949	-60.884415
11369.531250	-59.487190
11374.914551	-57.844769
11380.297852	-56.676338
11385.681152	-56.153400
11391.064453	-56.210785
11396.447754	-56.736603
11401.831055	-57.388988
11407.214355	-57.605389
11412.597656	-57.093647
11417.980957	-56.394379
11423.364258	-56.035683
11428.747559	-56.116535
11434.130859	-56.580330
11439.514160	-57.265606
11444.897461	-58.068748
11450.280762	-58.938690
11455.664062	-59.815742
11461.047363	-60.911148
11466.430664	-62.509487
11471.813965	-64.812508
11477.197266	-68.037453
11482.580566	-72.522453
11487.963867	-79.015015
11493.347168	-83.818924
11498.730469	-82.653778
11504.113770	-83.264145
11509.497070	-78.020966
11514.880371	-73.345505
11520.263672	-70.614532
11525.646973	-69.196335
11531.030273	-69.146935
11536.413574	-70.282196
11541.796875	-71.060432
11547.180176	-68.809883
11552.563477	-65.929001
11557.946777	-64.169823
11563.330078	-63.397659
11568.713379	-63.275509
11574.096680	-63.529606
11579.479980	-63.786465
11584.863281	-63.368786
11590.246582	-62.334785
11595.629883	-61.225040
11601.013184	-60.403152
11606.396484	-59.783192
11611.779785	-59.329834
11617.163086	-59.122009
11622.546387	-59.186691
11627.929688	-59.577099
11633.312988	-60.300240
11638.696289	-61.010826
11644.079590	-61.348484
11649.462891	-61.209057
11654.846191	-60.734673
11660.229492	-59.891125
11665.612793	-58.881077
11670.996094	-58.020855
11676.379395	-57.556103
11681.762695	-57.504181
11687.145996	-57.886078
11692.529297	-58.837711
11697.912598	-60.394802
11703.295898	-62.547184
11708.679199	-65.116257
11714.062500	-68.002075
11719.445801	-69.717155
11724.829102	-68.648392
11730.212402	-67.252907
11735.595703	-66.859619
11740.979004	-67.625244
11746.362305	-69.425079
11751.745605	-71.000206
11757.128906	-69.390053
11762.512207	-66.228394
11767.895508	-63.873951
11773.278809	-62.730034
11778.662109	-62.634117
11784.045410	-63.422852
11789.428711	-64.977638
11794.812012	-67.141891
11800.195312	-69.630264
11805.578613	-71.308052
11810.961914	-71.838432
11816.345215	-72.738426
11821.728516	-74.950249
11827.111816	-78.417664
11832.495117	-79.566521
11837.878418	-76.366852
11843.261719	-73.371193
11848.645020	-71.634483
11854.028320	-71.029213
11859.411621	-70.595230
11864.794922	-69.153954
11870.178223	-67.279915
11875.561523	-65.853539
11880.944824	-64.870529
11886.328125	-64.337288
11891.711426	-64.311470
11897.094727	-64.723160
11902.478027	-65.510895
11907.861328	-66.411316
11913.244629	-67.474121
11918.627930	-69.143951
11924.011230	-71.858437
11929.394531	-75.658134
11934.777832	-78.793495
11940.161133	-75.661049
11945.544434	-71.464409
11950.927734	-69.049400
11956.311035	-67.988068
11961.694336	-67.733994
11967.077637	-67.685287
11972.460938	-67.695328
11977.844238	-67.353432
11983.227539	-66.390999
11988.610840	-65.308952
11993.994141	-64.692360
11999.377441	-64.641754
12004.760742	-64.964836
12010.144043	-65.774704
12015.527344	-67.269508
12020.910645	-69.092758
12026.293945	-69.563332
12031.677246	-68.825798
12037.060547	-68.298447
12042.443848	-68.600883
12047.827148	-69.796753
12053.210449	-70.502205
12058.593750	-67.486458
12063.977051	-63.974575
12069.360352	-61.555958
12074.743652	-60.085022
12080.126953	-59.143501
12085.510254	-58.417797
12090.893555	-57.815075
12096.276855	-57.281185
12101.660156	-56.796120
12107.043457	-56.494194
12112.426758	-56.588547
12117.810059	-57.157425
12123.193359	-58.098621
12128.576660	-59.151936
12133.959961	-59.987499
12139.343262	-60.386036
12144.726562	-60.421906
12150.109863	-60.480236
12155.493164	-61.040943
12160.876465	-62.231266
12166.259766	-64.367050
12171.643066	-67.833168
12177.026367	-71.924080
12182.409668	-70.961151
12187.792969	-67.979736
12193.176270	-66.532570
12198.559570	-66.315544
12203.942871	-66.662216
12209.326172	-67.259483
12214.709473	-67.534035
12220.092773	-67.272545
12225.476074	-67.490257
12230.859375	-68.795059
12236.242676	-71.138123
12241.625977	-73.290718
12247.009277	-73.652596
12252.392578	-72.523132
12257.775879	-70.886040
12263.159180	-69.302261
12268.542480	-67.595665
12273.925781	-65.880089
12279.309082	-64.540703
12284.692383	-63.937897
12290.075684	-64.204811
12295.458984	-65.104652
12300.842285	-66.555534
12306.225586	-68.706100
12311.608887	-71.556381
12316.992188	-72.755859
12322.375488	-70.296867
12327.758789	-67.304825
12333.142090	-64.968071
12338.525391	-63.464718
12343.908691	-62.678101
12349.291992	-62.323986
12354.675293	-62.165894
12360.058594	-62.254314
12365.441895	-62.757832
12370.825195	-63.720993
12376.208496	-65.115898
12381.591797	-67.063210
12386.975098	-69.415886
12392.358398	-70.704155
12397.741699	-69.506752
12403.125000	-67.896835
12408.508301	-66.985909
12413.891602	-66.587135
12419.274902	-66.529991
12424.658203	-66.904938
12430.041504	-68.045052
12435.424805	-69.859795
12440.808105	-72.092880
12446.191406	-74.849525
12451.574707	-78.210510
12456.958008	-79.152908
12462.341309	-75.483612
12467.724609	-71.117645
12473.107910	-67.062302
12478.491211	-63.889149
12483.874512	-61.681133
12489.257812	-60.283272
12494.641113	-59.487026
12500.024414	-59.312191
12505.407715	-59.758564
12510.791016	-60.543636
12516.174316	-61.030731
12521.557617	-60.991276
12526.940918	-60.675716
12532.324219	-60.345955
12537.707520	-60.018234
12543.090820	-59.847790
12548.474121	-59.907940
12553.857422	-60.188660
12559.240723	-60.726830
12564.624023	-61.784889
12570.007324	-63.668903
12575.390625	-66.465660
12580.773926	-70.135910
12586.157227	-74.769989
12591.540527	-79.830147
12596.923828	-82.350670
12602.307129	-81.568169
12607.690430	-76.253494
12613.073730	-71.425873
12618.457031	-68.699776
12623.840332	-67.364716
12629.223633	-66.628593
12634.606934	-65.814926
12639.990234	-64.778664
12645.373535	-63.652309
12650.756836	-62.705883
12656.140137	-62.080284
12661.523438	-61.948860
12666.906738	-62.330231
12672.290039	-62.962982
12677.673340	-63.837154
12683.056641	-65.072906
12688.439941	-66.773178
12693.823242	-68.307632
12699.206543	-68.612411
12704.589844	-68.089035
12709.973145	-67.538628
12715.356445	-67.485794
12720.739746	-68.201859
12726.123047	-69.822960
12731.506348	-72.455803
12736.889648	-74.122589
12742.272949	-73.520737
12747.656250	-72.967186
12753.039551	-73.643021
12758.422852	-74.653076
12763.806152	-74.301956
12769.189453	-72.976471
12774.572754	-72.290977
12779.956055	-73.775063
12785.339355	-75.316429
12790.722656	-69.817184
12796.105957	-64.797844
12801.489258	-61.582779
12806.872559	-59.600082
12812.255859	-58.482578
12817.639160	-58.038353
12823.022461	-58.144089
12828.405762	-58.561970
12833.789062	-59.005646
12839.172363	-59.409904
12844.555664	-59.859772
12849.938965	-60.149883
12855.322266	-59.982880
12860.705566	-59.593906
12866.088867	-59.411701
12871.472168	-59.558208
12876.855469	-60.035572
12882.238770	-60.896770
12887.622070	-62.268345
12893.005371	-64.395035
12898.388672	-67.750366
12903.771973	-71.258606
12909.155273	-67.634956
12914.538574	-63.230381
12919.921875	-60.588589
12925.305176	-59.248928
12930.688477	-58.834808
12936.071777	-59.114685
12941.455078	-59.990219
12946.838379	-61.391239
12952.221680	-63.063488
12957.604980	-64.664665
12962.988281	-65.931297
12968.371582	-66.035698
12973.754883	-65.379456
12979.138184	-65.025803
12984.521484	-64.967819
12989.904785	-64.741257
12995.288086	-64.352654
13000.671387	-64.109970
13006.054688	-64.134384
13011.437988	-64.770576
13016.821289	-66.539505
13022.204590	-70.001068
13027.587891	-74.670464
13032.971191	-74.569397
13038.354492	-71.742928
13043.737793	-69.880302
13049.121094	-68.773476
13054.504395	-68.141998
13059.887695	-67.526428
13065.270996	-66.296661
13070.654297	-64.886353
13076.037598	-63.863430
13081.420898	-63.156834
13086.804199	-62.824818
13092.187500	-63.131016
13097.570801	-64.042747
13102.954102	-64.848381
13108.337402	-64.734550
13113.720703	-64.056664
13119.104004	-63.419296
13124.487305	-62.998592
13129.870605	-62.878452
13135.253906	-62.957893
13140.637207	-63.026363
13146.020508	-62.981506
13151.403809	-63.168114
13156.787109	-63.947643
13162.170410	-65.188347
13167.553711	-66.834839
13172.937012	-68.951759
13178.320312	-71.763466
13183.703613	-75.218170
13189.086914	-76.769875
13194.470215	-74.219345
13199.853516	-71.200325
13205.236816	-69.234596
13210.620117	-68.292191
13216.003418	-68.258720
13221.386719	-68.601501
13226.770020	-68.616676
13232.153320	-68.015152
13237.536621	-66.915276
13242.919922	-65.655060
13248.303223	-64.331604
13253.686523	-63.310883
13259.069824	-62.623474
13264.453125	-62.177547
13269.836426	-61.864613
13275.219727	-61.819950
13280.603027	-62.219059
13285.986328	-62.996159
13291.369629	-63.988281
13296.752930	-65.495796
13302.136230	-67.874321
13307.519531	-71.648636
13312.902832	-75.226936
13318.286133	-71.899689
13323.669434	-67.934975
13329.052734	-65.683983
13334.436035	-64.796555
13339.819336	-65.277184
13345.202637	-67.020767
13350.585938	-70.194725
13355.969238	-74.798195
13361.352539	-81.872856
13366.735840	-90.490211
13372.119141	-86.924911
13377.502441	-81.178047
13382.885742	-76.846802
13388.269043	-74.813042
13393.652344	-75.111473
13399.035645	-77.625214
13404.418945	-77.747841
13409.802246	-73.090202
13415.185547	-69.268951
13420.568848	-66.489769
13425.952148	-64.740700
13431.335449	-63.945240
13436.718750	-63.738338
13442.102051	-63.742466
13447.485352	-63.955738
13452.868652	-63.825752
13458.251953	-63.044674
13463.635254	-61.981075
13469.018555	-61.316898
13474.401855	-61.329613
13479.785156	-61.964504
13485.168457	-63.110123
13490.551758	-64.675713
13495.935059	-66.351707
13501.318359	-67.692825
13506.701660	-68.620911
13512.084961	-69.179245
13517.468262	-68.790489
13522.851562	-67.315025
13528.234863	-66.079041
13533.618164	-65.488739
13539.001465	-65.437927
13544.384766	-66.024261
13549.768066	-67.136581
13555.151367	-68.751305
13560.534668	-70.143433
13565.917969	-70.505493
13571.301270	-69.936874
13576.684570	-68.856705
13582.067871	-67.505447
13587.451172	-66.467628
13592.834473	-66.055138
13598.217773	-66.194168
13603.601074	-66.383125
13608.984375	-66.074829
13614.367676	-65.356491
13619.750977	-64.499199
13625.134277	-63.674183
13630.517578	-63.118778
13635.900879	-62.836266
13641.284180	-62.507435
13646.667480	-61.956825
13652.050781	-61.549129
13657.434082	-61.435673
13662.817383	-61.671875
13668.200684	-62.116047
13673.583984	-62.493286
13678.967285	-62.819084
13684.350586	-63.249939
13689.733887	-64.081116
13695.117188	-65.952408
13700.500488	-69.366066
13705.883789	-74.288589
13711.267090	-77.216316
13716.650391	-73.735039
13722.033691	-69.592812
13727.416992	-66.575974
13732.800293	-64.781166
13738.183594	-63.918926
13743.566895	-64.000160
13748.950195	-65.357162
13754.333496	-67.829163
13759.716797	-68.266403
13765.100098	-65.536293
13770.483398	-63.084736
13775.866699	-61.696896
13781.250000	-61.183353
13786.633301	-61.318165
13792.016602	-62.025997
13797.399902	-62.784698
13802.783203	-63.346657
13808.166504	-63.936859
13813.549805	-64.524483
13818.933105	-64.956795
13824.316406	-65.404541
13829.699707	-66.234184
13835.083008	-66.601479
13840.466309	-65.777664
13845.849609	-64.250397
13851.232910	-62.619537
13856.616211	-61.149460
13861.999512	-59.999092
13867.382812	-59.123417
13872.766113	-58.337017
13878.149414	-57.569630
13883.532715	-57.133255
13888.916016	-57.159885
13894.299316	-57.701385
13899.682617	-58.803082
13905.065918	-60.452660
13910.449219	-62.821377
13915.832520	-65.680382
13921.215820	-68.258942
13926.599121	-69.869156
13931.982422	-70.190056
13937.365723	-69.254539
13942.749023	-67.981750
13948.132324	-67.046509
13953.515625	-66.124954
13958.898926	-65.210381
13964.282227	-64.258423
13969.665527	-63.358200
13975.048828	-62.670742
13980.432129	-62.107204
13985.815430	-61.750668
13991.198730	-61.724384
13996.582031	-62.153393
14001.965332	-63.035854
14007.348633	-64.081078
14012.731934	-64.881935
14018.115234	-65.422539
14023.498535	-65.685211
14028.881836	-66.004517
14034.265137	-66.914742
14039.648438	-68.882240
14045.031738	-71.632599
14050.415039	-73.248795
14055.798340	-71.675560
14061.181641	-69.250397
14066.564941	-67.442017
14071.948242	-66.698662
14077.331543	-67.145248
14082.714844	-68.541206
14088.098145	-70.849236
14093.481445	-74.511124
14098.864746	-80.218437
14104.248047	-81.471558
14109.631348	-77.806969
14115.014648	-75.548683
14120.397949	-73.864624
14125.781250	-72.396423
14131.164551	-70.984665
14136.547852	-69.617935
14141.931152	-68.273682
14147.314453	-66.887451
14152.697754	-65.583412
14158.081055	-64.580589
14163.464355	-63.890755
14168.847656	-63.354469
14174.230957	-62.707470
14179.614258	-62.119675
14184.997559	-61.711098
14190.380859	-61.390266
14195.764160	-61.197189
14201.147461	-61.137131
14206.530762	-61.136806
14211.914062	-61.018497
14217.297363	-60.780964
14222.680664	-60.786175
14228.063965	-61.037544
14233.447266	-61.473358
14238.830566	-62.115543
14244.213867	-63.010601
14249.597168	-64.239731
14254.980469	-65.797768
14260.363770	-67.908226
14265.747070	-70.259369
14271.130371	-69.998367
14276.513672	-67.418388
14281.896973	-65.573296
14287.280273	-64.819862
14292.663574	-64.914795
14298.046875	-66.026222
14303.430176	-68.396019
14308.813477	-71.175743
14314.196777	-71.113937
14319.580078	-69.154747
14324.963379	-67.676041
14330.346680	-67.319298
14335.729980	-68.120613
14341.113281	-70.163033
14346.496582	-73.257057
14351.879883	-75.366287
14357.263184	-74.725586
14362.646484	-72.810081
14368.029785	-70.729485
14373.413086	-69.020523
14378.796387	-67.657135
14384.179688	-66.740608
14389.562988	-66.454941
14394.946289	-66.897064
14400.329590	-67.870766
14405.712891	-68.450050
14411.096191	-68.441414
14416.479492	-68.075752
14421.862793	-67.843437
14427.246094	-67.886993
14432.629395	-68.272720
14438.012695	-68.939400
14443.395996	-69.845879
14448.779297	-70.511337
14454.162598	-70.673836
14459.545898	-70.586411
14464.929199	-70.269691
14470.312500	-69.587929
14475.695801	-68.929688
14481.079102	-68.451744
14486.462402	-67.671356
14491.845703	-66.315094
14497.229004	-64.800735
14502.612305	-63.526890
14507.995605	-62.557053
14513.378906	-62.133820
14518.762207	-62.302719
14524.145508	-62.959267
14529.528809	-63.474747
14534.912109	-63.323509
14540.295410	-62.854820
14545.678711	-62.603603
14551.062012	-62.547974
14556.445312	-62.595993
14561.828613	-62.274899
14567.211914	-61.411407
14572.595215	-60.426495
14577.978516	-59.947170
14583.361816	-60.170010
14588.745117	-60.673470
14594.128418	-60.806759
14599.511719	-60.304226
14604.895020	-59.503082
14610.278320	-58.940365
14615.661621	-59.052956
14621.044922	-60.018276
14626.428223	-61.836369
14631.811523	-64.214600
14637.194824	-66.414978
14642.578125	-67.323784
14647.961426	-66.828911
14653.344727	-66.109642
14658.728027	-65.980141
14664.111328	-66.277016
14669.494629	-66.711082
14674.877930	-67.445694
14680.261230	-68.582397
14685.644531	-69.827721
14691.027832	-70.831055
14696.411133	-72.102249
14701.794434	-73.990646
14707.177734	-76.013863
14712.561035	-77.481392
14717.944336	-77.549973
14723.327637	-76.598015
14728.710938	-75.510704
14734.094238	-73.556374
14739.477539	-70.736595
14744.860840	-68.262924
14750.244141	-66.288368
14755.627441	-64.498871
14761.010742	-62.940178
14766.394043	-61.759365
14771.777344	-60.912281
14777.160645	-60.274990
14782.543945	-59.884514
14787.927246	-59.873619
14793.310547	-60.133495
14798.693848	-60.490967
14804.077148	-60.954685
14809.460449	-61.648335
14814.843750	-62.697105
14820.227051	-63.945412
14825.610352	-65.484917
14830.993652	-67.243103
14836.376953	-68.733292
14841.760254	-69.788071
14847.143555	-71.611687
14852.526855	-74.440712
14857.910156	-74.428955
14863.293457	-71.486046
14868.676758	-69.229843
14874.060059	-67.977425
14879.443359	-67.541428
14884.826660	-67.403229
14890.209961	-66.903793
14895.593262	-65.940987
14900.976562	-65.163078
14906.359863	-64.925743
14911.743164	-64.943024
14917.126465	-64.823311
14922.509766	-64.429825
14927.893066	-63.788811
14933.276367	-63.122631
14938.659668	-62.897232
14944.042969	-63.173794
14949.426270	-63.936020
14954.809570	-65.318207
14960.192871	-67.607208
14965.576172	-70.804085
14970.959473	-74.480377
14976.342773	-75.730911
14981.726074	-74.445000
14987.109375	-73.406242
14992.492676	-72.971664
14997.875977	-72.776001
15003.259277	-72.090775
15008.642578	-71.148033
15014.025879	-71.100693
15019.409180	-72.339432
15024.792480	-74.806938
15030.175781	-78.117683
15035.559082	-80.888123
15040.942383	-80.187660
15046.325684	-78.311516
15051.708984	-77.885292
15057.092285	-78.844849
15062.475586	-78.039406
15067.858887	-74.969452
15073.242188	-71.629982
15078.625488	-68.745918
15084.008789	-66.777428
15089.392090	-65.679741
15094.775391	-64.969337
15100.158691	-64.350128
15105.541992	-63.729279
15110.925293	-63.204346
15116.308594	-62.837662
15121.691895	-62.769184
15127.075195	-63.272785
15132.458496	-64.384216
15137.841797	-65.455948
15143.225098	-66.043167
15148.608398	-66.320328
15153.991699	-66.220520
15159.375000	-65.626556
15164.758301	-64.705978
15170.141602	-63.671059
15175.524902	-62.758476
15180.908203	-62.263733
15186.291504	-62.403625
15191.674805	-63.197880
15197.058105	-64.325760
15202.441406	-65.531944
15207.824707	-66.923035
15213.208008	-68.567856
15218.591309	-70.142525
15223.974609	-71.366089
15229.357910	-71.672966
15234.741211	-70.757790
15240.124512	-69.197502
15245.507812	-68.121529
15250.891113	-67.817429
15256.274414	-67.857529
15261.657715	-68.100479
15267.041016	-68.383308
15272.424316	-68.563110
15277.807617	-68.009224
15283.190918	-66.426498
15288.574219	-64.738907
15293.957520	-63.461525
15299.340820	-62.589764
15304.724121	-62.178574
15310.107422	-62.271442
15315.490723	-62.859421
15320.874023	-63.341648
15326.257324	-63.272400
15331.640625	-62.819630
15337.023926	-62.673504
15342.407227	-63.064491
15347.790527	-64.284729
15353.173828	-66.527336
15358.557129	-69.375145
15363.940430	-70.209480
15369.323730	-68.756897
15374.707031	-67.332016
15380.090332	-66.431381
15385.473633	-66.199913
15390.856934	-66.571228
15396.240234	-66.983009
15401.623535	-66.624802
15407.006836	-65.841362
15412.390137	-65.458069
15417.773438	-65.658401
15423.156738	-66.285789
15428.540039	-67.098068
15433.923340	-67.126442
15439.306641	-66.115150
15444.689941	-65.133957
15450.073242	-64.833366
15455.456543	-65.129349
15460.839844	-65.351982
15466.223145	-65.393723
15471.606445	-65.374222
15476.989746	-65.646881
15482.373047	-66.694855
15487.756348	-69.147118
15493.139648	-73.577103
15498.522949	-78.255005
15503.906250	-76.216721
15509.289551	-73.933731
15514.672852	-72.911293
15520.056152	-72.415215
15525.439453	-71.772438
15530.822754	-70.497322
15536.206055	-69.203049
15541.589355	-68.547974
15546.972656	-68.482315
15552.355957	-68.397911
15557.739258	-68.309784
15563.122559	-68.561462
15568.505859	-68.670799
15573.889160	-68.267212
15579.272461	-67.841019
15584.655762	-67.740120
15590.039062	-67.932404
15595.422363	-68.406013
15600.805664	-69.340302
15606.188965	-70.367371
15611.572266	-70.365776
15616.955566	-69.075127
15622.338867	-67.481491
15627.722168	-66.039421
15633.105469	-65.056870
15638.488770	-64.434769
15643.872070	-63.811211
15649.255371	-63.005371
15654.638672	-62.159534
15660.021973	-61.449558
15665.405273	-60.940815
15670.788574	-60.808529
15676.171875	-61.176395
15681.555176	-61.964924
15686.938477	-62.968163
15692.321777	-64.248573
15697.705078	-65.591522
15703.088379	-66.325195
15708.471680	-65.994354
15713.854980	-65.298210
15719.238281	-64.610535
15724.621582	-64.097717
15730.004883	-64.028282
15735.388184	-64.409439
15740.771484	-65.239403
15746.154785	-66.386963
15751.538086	-68.119736
15756.921387	-70.778641
15762.304688	-74.766830
15767.687988	-79.973564
15773.071289	-86.525581
15778.454590	-86.769165
15783.837891	-82.008698
15789.221191	-78.927757
15794.604492	-77.502266
15799.987793	-77.779015
15805.371094	-80.745667
15810.754395	-78.025200
15816.137695	-72.202705
15821.520996	-69.011497
15826.904297	-67.566666
15832.287598	-67.137718
15837.670898	-67.434647
15843.054199	-67.948669
15848.437500	-68.306938
15853.820801	-68.523285
15859.204102	-69.291138
15864.587402	-71.586571
15869.970703	-74.963379
15875.354004	-73.897545
15880.737305	-70.319305
15886.120605	-67.921173
15891.503906	-66.699615
15896.887207	-66.408821
15902.270508	-66.671730
15907.653809	-67.117691
15913.037109	-67.444328
15918.420410	-67.661049
15923.803711	-67.615700
15929.187012	-67.051094
15934.570312	-66.439537
15939.953613	-66.430008
15945.336914	-67.122871
15950.720215	-67.998314
15956.103516	-68.724579
15961.486816	-69.000092
15966.870117	-68.612907
15972.253418	-68.060158
15977.636719	-68.066589
15983.020020	-68.589027
15988.403320	-68.845512
15993.786621	-68.423485
15999.169922	-67.986023
16004.553223	-68.084152
16009.936523	-68.554100
16015.319824	-69.307114
16020.703125	-70.254860
16026.086426	-70.969086
16031.469727	-71.213463
16036.853027	-71.082329
16042.236328	-71.357361
16047.619629	-72.508537
16053.002930	-74.323395
16058.386230	-75.089012
16063.769531	-73.813347
16069.152832	-71.799500
16074.536133	-70.481903
16079.919434	-70.185997
16085.302734	-71.077675
16090.686035	-72.773788
16096.069336	-73.223633
16101.452637	-71.853439
16106.835938	-70.611214
16112.219238	-70.096550
16117.602539	-70.246635
16122.985840	-71.211121
16128.369141	-73.022400
16133.752441	-75.425072
16139.135742	-76.023827
16144.519043	-73.245071
16149.902344	-69.992538
16155.285645	-67.489975
16160.668945	-65.883751
16166.052246	-64.877380
16171.435547	-64.239792
16176.818848	-63.931072
16182.202148	-64.132439
16187.585449	-64.881813
16192.968750	-66.046402
16198.352051	-67.164459
16203.735352	-67.247345
16209.118652	-65.799149
16214.501953	-64.118729
16219.885254	-63.108040
16225.268555	-62.903816
16230.651855	-63.263386
16236.035156	-64.014839
16241.418457	-65.217361
16246.801758	-66.441437
16252.185059	-67.273788
16257.568359	-67.787865
16262.951660	-68.592216
16268.334961	-69.668037
16273.718262	-70.576637
16279.101562	-71.698196
16284.484863	-73.228218
16289.868164	-74.918182
16295.251465	-76.747360
16300.634766	-77.914795
16306.018066	-78.847160
16311.401367	-78.965714
16316.784668	-78.418571
16322.167969	-78.166115
16327.551270	-79.069435
16332.934570	-82.443626
16338.317871	-83.726967
16343.701172	-78.083977
16349.084473	-74.211998
16354.467773	-71.911263
16359.851074	-70.453285
16365.234375	-69.712524
16370.617676	-69.403160
16376.000977	-68.301651
16381.384277	-66.597992
16386.767578	-65.252090
16392.150879	-64.683205
16397.534180	-64.871269
16402.917480	-65.790031
16408.300781	-67.511093
16413.684082	-68.872711
16419.067383	-67.849052
16424.450684	-66.161522
16429.833984	-65.247910
16435.217285	-65.288086
16440.600586	-66.296371
16445.983887	-68.408623
16451.367188	-71.098122
16456.750488	-71.191872
16462.133789	-69.196426
16467.517090	-67.759453
16472.900391	-66.974022
16478.283691	-66.416748
16483.666992	-65.916374
16489.050293	-65.279160
16494.433594	-64.458641
16499.816895	-63.721241
16505.200195	-63.428627
16510.583496	-63.456829
16515.966797	-63.568375
16521.350098	-63.705612
16526.733398	-63.982105
16532.116699	-64.448486
16537.500000	-65.309906
16542.883301	-66.635246
16548.266602	-68.816299
16553.649902	-71.751968
16559.033203	-74.918449
16564.416504	-76.215073
16569.799805	-74.222000
16575.183105	-71.974236
16580.566406	-70.355049
16585.949707	-69.137146
16591.333008	-68.232948
16596.716309	-68.015114
16602.099609	-68.560249
16607.482910	-69.753975
16612.866211	-71.038544
16618.249512	-71.450645
16623.632812	-70.134445
16629.016113	-68.247375
16634.399414	-67.202202
16639.782715	-67.163818
16645.166016	-68.084923
16650.549316	-69.885979
16655.932617	-72.339729
16661.315918	-75.384087
16666.699219	-77.695114
16672.082520	-76.804688
16677.465820	-74.023476
16682.849121	-71.660652
16688.232422	-69.975471
16693.615723	-68.836296
16698.999023	-67.664032
16704.382324	-66.423607
16709.765625	-65.266418
16715.148926	-64.257484
16720.532227	-63.561798
16725.915527	-63.262886
16731.298828	-63.450348
16736.682129	-63.971687
16742.065430	-64.587791
16747.448730	-65.120346
16752.832031	-65.541138
16758.215332	-65.755814
16763.598633	-65.691658
16768.981934	-65.644058
16774.365234	-65.713043
16779.748535	-65.942604
16785.131836	-66.349327
16790.515137	-67.103981
16795.898438	-68.094757
16801.281738	-69.115379
16806.665039	-69.797958
16812.048340	-69.860695
16817.431641	-69.589035
16822.814941	-69.336533
16828.198242	-69.019875
16833.581543	-68.672150
16838.964844	-68.450348
16844.348145	-68.504738
16849.731445	-68.745186
16855.114746	-68.889160
16860.498047	-68.891777
16865.881348	-68.797287
16871.264648	-68.469490
16876.647949	-67.863586
16882.031250	-67.070221
16887.414551	-66.215096
16892.797852	-65.644829
16898.181152	-65.400894
16903.564453	-65.467445
16908.947754	-65.793144
16914.331055	-66.327797
16919.714355	-67.105316
16925.097656	-67.530334
16930.480957	-67.657951
16935.864258	-67.840034
16941.247559	-68.321960
16946.630859	-69.129196
16952.014160	-70.070839
16957.397461	-71.109863
16962.780762	-71.626083
16968.164062	-71.729713
16973.547363	-72.173119
16978.930664	-73.165237
16984.313965	-73.624207
16989.697266	-72.928032
16995.080566	-71.188736
17000.463867	-68.965225
17005.847168	-66.927216
17011.230469	-65.694130
17016.613770	-65.118553
17021.997070	-64.990501
17027.380371	-65.110893
17032.763672	-65.462852
17038.146973	-65.959877
17043.530273	-66.460823
17048.913574	-67.163643
17054.296875	-68.446999
17059.680176	-70.282104
17065.063477	-71.891380
17070.446777	-72.888290
17075.830078	-73.541481
17081.213379	-73.928154
17086.596680	-74.309219
17091.979980	-74.724075
17097.363281	-75.033104
17102.746582	-74.849335
17108.129883	-73.911743
17113.513184	-72.419235
17118.896484	-71.223557
17124.279785	-70.561157
17129.663086	-70.370598
17135.046387	-70.430275
17140.429688	-70.919167
17145.812988	-71.999107
17151.196289	-73.274918
17156.579590	-74.135902
17161.962891	-74.244209
17167.346191	-73.957237
17172.729492	-72.832542
17178.112793	-71.277618
17183.496094	-69.823715
17188.879395	-68.683899
17194.262695	-67.772659
17199.645996	-67.071686
17205.029297	-66.458397
17210.412598	-65.900139
17215.795898	-65.313156
17221.179199	-64.684616
17226.562500	-64.117775
17231.945801	-63.898968
17237.329102	-64.127785
17242.712402	-64.400330
17248.095703	-64.372902
17253.479004	-63.982609
17258.862305	-63.571823
17264.245605	-63.373768
17269.628906	-63.548321
17275.012207	-64.190819
17280.395508	-65.190224
17285.778809	-66.225639
17291.162109	-67.445808
17296.545410	-69.441704
17301.928711	-72.740898
17307.312012	-77.090652
17312.695312	-77.263618
17318.078613	-73.785690
17323.461914	-71.480438
17328.845215	-70.572426
17334.228516	-71.034927
17339.611816	-72.615387
17344.995117	-74.755089
17350.378418	-77.263458
17355.761719	-78.876305
17361.145020	-78.262810
17366.528320	-77.622375
17371.911621	-78.644348
17377.294922	-80.236305
17382.678223	-78.016975
17388.061523	-74.767479
17393.444824	-72.503166
17398.828125	-71.217331
17404.211426	-71.055298
17409.594727	-71.648651
17414.978027	-72.440575
17420.361328	-71.978249
17425.744629	-71.023811
17431.127930	-70.016655
17436.511230	-68.651276
17441.894531	-67.465729
17447.277832	-66.934441
17452.661133	-66.990082
17458.044434	-67.550194
17463.427734	-68.776413
17468.811035	-70.841660
17474.194336	-72.972755
17479.577637	-73.538391
17484.960938	-72.964371
17490.344238	-72.257652
17495.727539	-71.358139
17501.110840	-70.619804
17506.494141	-70.184471
17511.877441	-69.687401
17517.260742	-69.165916
17522.644043	-68.928566
17528.027344	-69.174026
17533.410645	-69.730339
17538.793945	-70.875229
17544.177246	-73.014244
17549.560547	-76.243286
17554.943848	-78.900917
17560.327148	-78.346146
17565.710449	-77.950035
17571.093750	-77.585114
17576.477051	-76.048203
17581.860352	-73.730934
17587.243652	-71.586060
17592.626953	-70.142822
17598.010254	-69.693840
17603.393555	-70.331383
17608.776855	-72.188675
17614.160156	-74.753868
17619.543457	-75.728584
17624.926758	-74.779037
17630.310059	-73.534409
17635.693359	-73.047485
17641.076660	-73.639580
17646.459961	-75.000359
17651.843262	-75.558464
17657.226562	-74.049141
17662.609863	-72.695282
17667.993164	-72.080315
17673.376465	-72.612015
17678.759766	-74.260620
17684.143066	-76.866577
17689.526367	-78.292847
17694.909668	-75.061661
17700.292969	-71.651627
17705.676270	-69.479187
17711.059570	-68.302643
17716.442871	-67.784233
17721.826172	-67.957756
17727.209473	-68.618813
17732.592773	-68.879791
17737.976074	-68.133507
17743.359375	-67.191193
17748.742676	-66.667847
17754.125977	-66.465935
17759.509277	-66.565384
17764.892578	-66.989281
17770.275879	-67.353737
17775.659180	-67.596252
17781.042480	-68.058830
17786.425781	-69.395706
17791.809082	-71.961952
17797.192383	-75.469025
17802.575684	-77.094131
17807.958984	-74.446342
17813.342285	-71.511024
17818.725586	-69.944809
17824.108887	-69.654930
17829.492188	-70.094208
17834.875488	-70.566261
17840.258789	-70.687492
17845.642090	-70.104752
17851.025391	-68.880188
17856.408691	-67.636627
17861.791992	-66.807159
17867.175293	-66.548943
17872.558594	-66.636047
17877.941895	-66.809181
17883.325195	-67.059387
17888.708496	-67.496201
17894.091797	-68.018158
17899.475098	-68.651680
17904.858398	-69.732544
17910.241699	-71.588348
17915.625000	-73.585556
17921.008301	-74.497017
17926.391602	-74.323845
17931.774902	-74.187851
17937.158203	-74.571350
17942.541504	-75.719116
17947.924805	-78.184776
17953.308105	-83.078156
17958.691406	-84.192055
17964.074707	-79.308792
17969.458008	-76.098656
17974.841309	-73.661476
17980.224609	-72.033432
17985.607910	-71.435707
17990.991211	-71.659454
17996.374512	-72.484886
18001.757812	-73.443024
18007.141113	-74.687500
18012.524414	-76.108131
18017.907715	-77.597000
18023.291016	-79.961380
18028.674316	-83.355476
18034.057617	-79.157982
18039.440918	-74.598442
18044.824219	-72.190979
18050.207520	-71.162849
18055.590820	-70.940926
18060.974121	-71.132835
18066.357422	-71.319550
18071.740723	-71.031548
18077.124023	-70.323143
18082.507324	-69.895622
18087.890625	-70.001091
18093.273926	-70.463120
18098.657227	-71.244766
18104.040527	-72.576408
18109.423828	-74.751221
18114.807129	-78.059296
18120.190430	-82.232544
18125.573730	-84.812698
18130.957031	-84.350174
18136.340332	-80.618149
18141.723633	-75.981735
18147.106934	-71.723412
18152.490234	-68.693024
18157.873535	-66.936966
18163.256836	-65.995468
18168.640137	-65.315857
18174.023438	-64.795792
18179.406738	-64.442154
18184.790039	-64.283470
18190.173340	-64.452797
18195.556641	-65.106804
18200.939941	-66.559532
18206.323242	-68.479347
18211.706543	-69.898186
18217.089844	-69.872154
18222.473145	-69.458748
18227.856445	-69.535370
18233.239746	-70.123611
18238.623047	-71.504204
18244.006348	-73.594803
18249.389648	-76.106575
18254.772949	-77.763878
18260.156250	-78.042183
18265.539551	-77.216034
18270.922852	-76.416542
18276.306152	-76.446129
18281.689453	-76.128754
18287.072754	-75.128616
18292.456055	-73.939636
18297.839355	-73.190506
18303.222656	-72.718262
18308.605957	-72.531151
18313.989258	-72.626915
18319.372559	-72.365715
18324.755859	-71.022057
18330.139160	-69.803505
18335.522461	-69.021194
18340.905762	-68.451111
18346.289062	-67.929359
18351.672363	-67.618591
18357.055664	-67.776474
18362.438965	-68.507195
18367.822266	-69.942047
18373.205566	-72.691124
18378.588867	-76.332909
18383.972168	-76.114296
18389.355469	-72.957108
18394.738770	-71.177612
18400.122070	-70.460564
18405.505371	-70.054726
18410.888672	-69.561066
18416.271973	-68.872803
18421.655273	-67.784813
18427.038574	-66.701736
18432.421875	-66.174316
18437.805176	-66.244881
18443.188477	-66.537453
18448.571777	-66.717873
18453.955078	-66.647614
18459.338379	-66.230042
18464.721680	-65.571060
18470.104980	-64.919167
18475.488281	-64.576530
18480.871582	-64.543144
18486.254883	-64.669861
18491.638184	-64.850189
18497.021484	-65.232216
18502.404785	-65.894707
18507.788086	-66.770882
18513.171387	-67.764809
18518.554688	-69.077843
18523.937988	-70.899170
18529.321289	-72.827408
18534.704590	-74.394585
18540.087891	-74.653816
18545.471191	-73.655594
18550.854492	-71.841751
18556.237793	-69.867943
18561.621094	-68.096855
18567.004395	-66.858047
18572.387695	-66.338745
18577.770996	-66.452568
18583.154297	-67.094856
18588.537598	-68.108932
18593.920898	-69.490021
18599.304199	-70.758560
18604.687500	-71.034508
18610.070801	-70.662186
18615.454102	-70.243797
18620.837402	-69.726326
18626.220703	-69.096779
18631.604004	-68.632172
18636.987305	-68.531212
18642.370605	-68.774780
18647.753906	-69.246712
18653.137207	-69.938225
18658.520508	-70.759285
18663.903809	-71.441124
18669.287109	-71.702835
18674.670410	-71.701485
18680.053711	-71.864792
18685.437012	-72.484550
18690.820312	-73.722870
18696.203613	-75.969490
18701.586914	-79.336464
18706.970215	-82.870857
18712.353516	-85.049843
18717.736816	-83.105865
18723.120117	-80.489738
18728.503418	-79.287872
18733.886719	-77.975937
18739.270020	-75.651314
18744.653320	-73.162331
18750.036621	-71.439056
18755.419922	-70.140465
18760.803223	-68.890099
18766.186523	-67.781860
18771.569824	-66.960258
18776.953125	-66.499016
18782.336426	-66.236885
18787.719727	-66.454102
18793.103027	-67.280739
18798.486328	-68.265427
18803.869629	-68.308243
18809.252930	-67.522713
18814.636230	-66.682045
18820.019531	-66.180351
18825.402832	-66.127136
18830.786133	-66.614853
18836.169434	-67.449348
18841.552734	-67.972939
18846.936035	-67.734550
18852.319336	-67.333008
18857.702637	-67.396027
18863.085938	-68.099625
18868.469238	-69.455505
18873.852539	-71.956284
18879.235840	-76.181755
18884.619141	-81.009293
18890.002441	-80.177322
18895.385742	-77.240295
18900.769043	-74.873428
18906.152344	-73.341805
18911.535645	-72.636101
18916.918945	-72.348251
18922.302246	-71.992386
18927.685547	-72.304337
18933.068848	-73.892166
18938.452148	-76.679527
18943.835449	-78.996552
18949.218750	-77.729378
18954.602051	-74.683510
18959.985352	-72.673630
18965.368652	-72.186249
18970.751953	-72.926552
18976.135254	-73.825836
18981.518555	-73.106812
18986.901855	-71.535812
18992.285156	-70.074760
18997.668457	-69.070801
19003.051758	-68.837242
19008.435059	-69.465027
19013.818359	-70.678978
19019.201660	-71.668045
19024.584961	-72.204086
19029.968262	-72.305481
19035.351562	-71.814423
19040.734863	-71.025536
19046.118164	-70.892563
19051.501465	-71.656555
19056.884766	-72.853760
19062.268066	-73.634712
19067.651367	-73.251350
19073.034668	-71.767479
19078.417969	-70.140152
19083.801270	-69.158348
19089.184570	-69.070648
19094.567871	-69.430191
19099.951172	-69.783325
19105.334473	-69.970192
19110.717773	-69.677223
19116.101074	-68.763733
19121.484375	-67.680199
19126.867676	-67.040825
19132.250977	-66.826981
19137.634277	-66.964149
19143.017578	-67.393272
19148.400879	-68.365196
19153.784180	-69.780342
19159.167480	-71.411987
19164.550781	-73.649506
19169.934082	-76.670784
19175.317383	-77.660385
19180.700684	-74.463921
19186.083984	-71.522095
19191.467285	-69.681953
19196.850586	-68.546288
19202.233887	-67.948326
19207.617188	-68.032143
19213.000488	-68.471550
19218.383789	-69.092598
19223.767090	-69.843124
19229.150391	-71.012672
19234.533691	-72.397896
19239.916992	-73.392609
19245.300293	-73.857758
19250.683594	-73.965424
19256.066895	-73.885590
19261.450195	-73.443520
19266.833496	-73.150154
19272.216797	-72.930222
19277.600098	-72.504982
19282.983398	-71.504272
19288.366699	-70.040550
19293.750000	-68.672089
19299.133301	-67.685478
19304.516602	-67.006790
19309.899902	-66.442001
19315.283203	-66.137764
19320.666504	-66.111366
19326.049805	-66.442245
19331.433105	-67.108498
19336.816406	-68.334450
19342.199707	-70.601250
19347.583008	-72.958244
19352.966309	-72.387886
19358.349609	-70.321709
19363.732910	-69.063255
19369.116211	-68.718483
19374.499512	-69.105263
19379.882812	-70.222984
19385.266113	-71.898102
19390.649414	-72.776711
19396.032715	-72.539879
19401.416016	-72.465332
19406.799316	-73.025497
19412.182617	-74.080231
19417.565918	-75.098724
19422.949219	-75.567902
19428.332520	-75.168663
19433.715820	-73.917130
19439.099121	-72.230438
19444.482422	-70.962547
19449.865723	-70.426895
19455.249023	-70.419212
19460.632324	-70.619743
19466.015625	-70.859268
19471.398926	-71.248619
19476.782227	-71.703186
19482.165527	-72.005569
19487.548828	-71.690430
19492.932129	-71.317329
19498.315430	-70.686287
19503.698730	-70.102859
19509.082031	-69.475777
19514.465332	-69.054184
19519.848633	-68.781998
19525.231934	-68.709030
19530.615234	-68.597122
19535.998535	-68.301826
19541.381836	-67.990898
19546.765137	-67.936287
19552.148438	-67.995621
19557.531738	-68.296249
19562.915039	-68.977104
19568.298340	-70.227074
19573.681641	-71.685303
19579.064941	-72.985649
19584.448242	-74.680191
19589.831543	-77.462883
19595.214844	-80.513199
19600.598145	-81.090889
19605.981445	-80.042953
19611.364746	-79.138206
19616.748047	-79.295288
19622.131348	-81.260231
19627.514648	-82.004860
19632.897949	-77.869995
19638.281250	-74.324341
19643.664551	-72.288643
19649.047852	-71.483459
19654.431152	-71.674103
19659.814453	-72.994240
19665.197754	-76.190742
19670.581055	-80.848442
19675.964355	-81.566971
19681.347656	-78.841042
19686.730957	-76.361397
19692.114258	-74.462753
19697.497559	-72.551918
19702.880859	-70.582458
19708.264160	-68.602890
19713.647461	-67.350906
19719.030762	-67.003571
19724.414062	-67.333946
19729.797363	-67.580826
19735.180664	-67.514137
19740.563965	-66.861320
19745.947266	-65.694855
19751.330566	-64.676743
19756.713867	-64.194412
19762.097168	-64.288284
19767.480469	-64.754280
19772.863770	-65.451744
19778.247070	-66.386360
19783.630371	-67.697258
19789.013672	-69.096359
19794.396973	-70.226128
19799.780273	-70.934006
19805.163574	-71.203178
19810.546875	-70.609413
19815.930176	-69.956657
19821.313477	-69.623077
19826.696777	-69.529350
19832.080078	-69.512306
19837.463379	-69.860039
19842.846680	-70.835220
19848.229980	-72.135399
19853.613281	-73.231606
19858.996582	-73.406685
19864.379883	-73.451050
19869.763184	-73.015953
19875.146484	-72.664520
19880.529785	-72.974762
19885.913086	-73.809639
19891.296387	-74.646439
19896.679688	-75.075729
19902.062988	-75.140198
19907.446289	-74.512024
19912.829590	-73.571800
19918.212891	-72.334511
19923.596191	-71.040794
19928.979492	-69.979263
19934.362793	-69.503860
19939.746094	-69.459053
19945.129395	-69.737625
19950.512695	-70.316284
19955.895996	-71.002075
19961.279297	-72.307564
19966.662598	-73.883041
19972.045898	-75.208908
19977.429199	-75.190567
19982.812500	-74.549721
19988.195801	-73.594940
19993.579102	-72.945663
19998.962402	-73.276703
20004.345703	-74.315247
20009.729004	-75.200951
20015.112305	-76.334641
20020.495605	-78.462898
20025.878906	-81.823036
20031.262207	-85.347549
20036.645508	-86.501602
20042.028809	-82.848068
20047.412109	-79.316025
20052.795410	-77.249702
20058.178711	-75.642181
20063.562012	-74.147919
20068.945312	-72.841148
20074.328613	-72.260559
20079.711914	-71.945190
20085.095215	-71.300354
20090.478516	-70.849609
20095.861816	-71.252327
20101.245117	-72.374718
20106.628418	-74.000549
20112.011719	-76.246887
20117.395020	-77.446877
20122.778320	-74.613350
20128.161621	-71.991447
20133.544922	-70.170647
20138.928223	-68.749527
20144.311523	-67.775101
20149.694824	-67.308060
20155.078125	-67.365906
20160.461426	-67.892372
20165.844727	-68.735756
20171.228027	-69.895882
20176.611328	-71.273766
20181.994629	-72.427513
20187.377930	-73.035393
20192.761230	-72.961662
20198.144531	-72.566849
20203.527832	-72.420036
20208.911133	-72.561150
20214.294434	-72.658195
20219.677734	-72.644775
20225.061035	-73.130302
20230.444336	-74.068832
20235.827637	-74.474030
20241.210938	-73.533699
20246.594238	-71.611618
20251.977539	-69.377441
20257.360840	-67.711403
20262.744141	-67.002319
20268.127441	-67.141212
20273.510742	-67.780579
20278.894043	-68.653030
20284.277344	-69.607536
20289.660645	-70.795021
20295.043945	-72.094254
20300.427246	-73.606636
20305.810547	-76.127083
20311.193848	-79.568344
20316.577148	-81.029747
20321.960449	-78.928642
20327.343750	-76.670357
20332.727051	-75.725471
20338.110352	-75.820473
20343.493652	-76.820000
20348.876953	-78.861183
20354.260254	-78.818649
20359.643555	-74.982689
20365.026855	-71.566376
20370.410156	-69.501450
20375.793457	-68.651085
20381.176758	-68.639221
20386.560059	-69.201370
20391.943359	-70.506462
20397.326660	-72.400543
20402.709961	-73.524590
20408.093262	-72.779083
20413.476562	-71.740417
20418.859863	-71.170059
20424.243164	-71.344078
20429.626465	-72.388031
20435.009766	-73.269791
20440.393066	-71.902275
20445.776367	-69.855652
20451.159668	-68.836693
20456.542969	-68.930412
20461.926270	-69.354904
20467.309570	-69.311943
20472.692871	-68.145576
20478.076172	-66.331017
20483.459473	-64.833466
20488.842773	-64.077477
20494.226074	-64.000374
20499.609375	-64.250694
20504.992676	-64.603432
20510.375977	-65.169403
20515.759277	-65.954460
20521.142578	-66.974159
20526.525879	-68.363937
20531.909180	-70.093819
20537.292480	-70.960579
20542.675781	-69.903397
20548.059082	-68.652458
20553.442383	-67.759987
20558.825684	-67.194458
20564.208984	-67.212425
20569.592285	-67.924446
20574.975586	-69.328545
20580.358887	-71.226334
20585.742188	-73.918991
20591.125488	-77.903481
20596.508789	-83.975922
20601.892090	-88.370590
20607.275391	-88.138199
20612.658691	-87.230209
20618.041992	-87.574501
20623.425293	-88.437508
20628.808594	-83.548157
20634.191895	-78.340523
20639.575195	-75.293907
20644.958496	-73.959579
20650.341797	-73.483688
20655.725098	-73.298882
20661.108398	-73.574425
20666.491699	-73.974373
20671.875000	-73.447472
20677.258301	-72.500008
20682.641602	-71.841286
20688.024902	-71.880928
20693.408203	-72.374229
20698.791504	-72.717506
20704.174805	-72.765236
20709.558105	-72.380585
20714.941406	-71.334381
20720.324707	-70.031265
20725.708008	-69.075882
20731.091309	-68.720001
20736.474609	-68.741478
20741.857910	-69.044861
20747.241211	-69.831589
20752.624512	-71.433006
20758.007812	-73.893784
20763.391113	-76.733864
20768.774414	-79.410995
20774.157715	-78.995903
20779.541016	-75.417007
20784.924316	-72.709831
20790.307617	-71.048111
20795.690918	-69.899010
20801.074219	-69.178978
20806.457520	-69.167542
20811.840820	-69.938248
20817.224121	-71.050102
20822.607422	-72.202507
20827.990723	-73.249443
20833.374023	-74.204453
20838.757324	-75.022011
20844.140625	-76.276085
20849.523926	-78.904060
20854.907227	-83.519318
20860.290527	-88.066734
20865.673828	-89.376854
20871.057129	-85.250626
20876.440430	-80.379379
20881.823730	-77.699753
20887.207031	-76.138390
20892.590332	-75.263496
20897.973633	-75.444138
20903.356934	-77.351685
20908.740234	-79.933846
20914.123535	-78.957352
20919.506836	-76.711647
20924.890137	-75.726532
20930.273438	-75.914291
20935.656738	-76.964088
20941.040039	-79.800720
20946.423340	-82.190666
20951.806641	-79.474724
20957.189941	-77.686836
20962.573242	-77.458267
20967.956543	-77.233322
20973.339844	-75.469017
20978.723145	-73.391418
20984.106445	-71.271957
20989.489746	-69.550201
20994.873047	-68.559921
21000.256348	-68.538231
21005.639648	-69.449150
21011.022949	-71.213806
21016.406250	-74.072098
21021.789551	-75.735641
21027.172852	-72.959290
21032.556152	-70.351440
21037.939453	-69.060181
21043.322754	-68.615021
21048.706055	-68.771767
21054.089355	-69.353592
21059.472656	-70.313568
21064.855957	-71.272652
21070.239258	-72.112740
21075.622559	-73.081055
21081.005859	-74.511833
21086.389160	-75.794441
21091.772461	-76.691437
21097.155762	-76.982216
21102.539062	-76.577255
21107.922363	-75.502449
21113.305664	-73.960869
21118.688965	-72.328697
21124.072266	-70.995972
21129.455566	-69.945854
21134.838867	-68.876770
21140.222168	-67.915741
21145.605469	-67.372711
21150.988770	-67.459190
21156.372070	-67.726517
21161.755371	-68.118332
21167.138672	-68.588196
21172.521973	-69.085526
21177.905273	-69.516708
21183.288574	-70.071793
21188.671875	-71.258049
21194.055176	-72.749367
21199.438477	-74.043259
21204.821777	-75.372177
21210.205078	-77.795105
21215.588379	-81.386955
21220.971680	-82.064957
21226.354980	-77.883759
21231.738281	-74.269424
21237.121582	-72.339211
21242.504883	-71.923775
21247.888184	-72.479378
21253.271484	-73.325089
21258.654785	-73.208527
21264.038086	-72.193878
21269.421387	-70.658203
21274.804688	-69.483650
21280.187988	-69.227692
21285.571289	-70.001953
21290.954590	-71.168175
21296.337891	-72.428375
21301.721191	-73.244362
21307.104492	-72.981796
21312.487793	-72.214813
21317.871094	-72.031349
21323.254395	-72.996330
21328.637695	-74.216812
21334.020996	-75.125481
21339.404297	-76.357826
21344.787598	-78.275894
21350.170898	-79.180473
21355.554199	-77.587311
21360.937500	-74.283447
21366.320801	-71.307236
21371.704102	-69.381721
21377.087402	-68.511406
21382.470703	-68.313324
21387.854004	-68.564285
21393.237305	-69.322701
21398.620605	-70.623871
21404.003906	-72.234459
21409.387207	-73.663368
21414.770508	-75.576233
21420.153809	-78.588493
21425.537109	-81.857162
21430.920410	-81.280533
21436.303711	-78.758446
21441.687012	-76.709991
21447.070312	-76.342667
21452.453613	-78.050743
21457.836914	-79.905403
21463.220215	-78.247063
21468.603516	-76.244827
21473.986816	-75.340561
21479.370117	-75.242867
21484.753418	-75.025795
21490.136719	-73.834145
21495.520020	-71.742584
21500.903320	-70.125328
21506.286621	-69.786667
21511.669922	-70.581528
21517.053223	-72.703659
21522.436523	-76.158806
21527.819824	-79.020050
21533.203125	-77.645866
21538.586426	-75.158562
21543.969727	-73.893066
21549.353027	-73.046387
21554.736328	-72.041519
21560.119629	-71.176094
21565.502930	-70.791306
21570.886230	-70.812836
21576.269531	-70.822525
21581.652832	-70.909889
21587.036133	-71.202644
21592.419434	-71.432854
21597.802734	-71.442787
21603.186035	-71.457405
21608.569336	-71.509583
21613.952637	-71.437683
21619.335938	-71.346916
21624.719238	-71.411697
21630.102539	-71.708405
21635.485840	-72.481041
21640.869141	-73.034927
21646.252441	-72.661377
21651.635742	-71.516457
21657.019043	-70.339157
21662.402344	-69.554321
21667.785645	-69.414337
21673.168945	-70.015259
21678.552246	-71.005692
21683.935547	-71.051727
21689.318848	-70.143417
21694.702148	-69.402618
21700.085449	-69.618889
21705.468750	-70.697914
21710.852051	-72.914825
21716.235352	-76.867027
21721.618652	-81.430618
21727.001953	-80.532707
21732.385254	-79.413269
21737.768555	-79.654640
21743.151855	-78.917076
21748.535156	-77.535049
21753.918457	-75.295639
21759.301758	-72.523216
21764.685059	-70.440422
21770.068359	-69.262222
21775.451660	-68.819283
21780.834961	-68.813278
21786.218262	-69.400604
21791.601562	-70.566063
21796.984863	-71.694160
21802.368164	-72.182381
21807.751465	-72.475334
21813.134766	-73.274231
21818.518066	-74.399925
21823.901367	-75.911224
21829.284668	-78.328590
21834.667969	-82.317284
21840.051270	-86.401085
21845.434570	-87.013908
21850.817871	-83.745712
21856.201172	-80.491936
21861.584473	-79.443810
21866.967773	-79.596893
21872.351074	-79.583397
21877.734375	-78.788391
21883.117676	-79.051697
21888.500977	-79.838867
21893.884277	-79.015793
21899.267578	-77.611267
21904.650879	-76.439194
21910.034180	-75.520721
21915.417480	-75.140724
21920.800781	-76.037010
21926.184082	-78.501045
21931.567383	-81.809776
21936.950684	-84.213303
21942.333984	-81.810135
21947.717285	-77.199883
21953.100586	-73.912598
21958.483887	-71.654915
21963.867188	-69.824242
21969.250488	-68.421707
21974.633789	-67.454079
21980.017090	-66.781624
21985.400391	-66.334770
21990.783691	-66.138855
21996.166992	-66.378906
22001.550293	-66.834541
22006.933594	-67.255310
22012.316895	-67.938248
22017.700195	-69.127251
22023.083496	-70.478279
22028.466797	-70.879814
22033.850098	-69.618225
22039.233398	-67.835991
22044.616699	-66.398254
