Frequency (Hz)	Level (dB)
5.383301	-42.076168
10.766602	-43.255253
16.149902	-44.449375
21.533203	-45.400146
26.916504	-44.942585
32.299805	-45.178036
37.683105	-44.745567
43.066406	-43.894127
48.449707	-44.956879
53.833008	-47.131351
59.216309	-47.643715
64.599609	-47.773338
69.982910	-48.625450
75.366211	-48.594940
80.749512	-48.357826
86.132812	-49.735561
91.516113	-50.886208
96.899414	-51.084618
102.282715	-50.842335
107.666016	-53.350616
113.049316	-55.572906
118.432617	-53.529480
123.815918	-50.219501
129.199219	-46.965656
134.582520	-45.505043
139.965820	-45.044094
145.349121	-44.446945
150.732422	-43.787441
156.115723	-44.141499
161.499023	-44.936615
166.882324	-44.860313
172.265625	-44.865433
177.648926	-43.568050
183.032227	-42.073845
188.415527	-41.104523
193.798828	-40.525829
199.182129	-40.431244
204.565430	-40.446030
209.948730	-41.840183
215.332031	-43.334335
220.715332	-43.500393
226.098633	-44.950409
231.481934	-45.762676
236.865234	-46.026409
242.248535	-47.536026
247.631836	-48.967319
253.015137	-47.896255
258.398438	-46.748333
263.781738	-45.319237
269.165039	-43.418350
274.548340	-42.414902
279.931641	-41.785198
285.314941	-43.340816
290.698242	-45.176903
296.081543	-46.910957
301.464844	-46.687271
306.848145	-44.352245
312.231445	-44.654926
317.614746	-45.622120
322.998047	-45.128006
328.381348	-47.946220
333.764648	-50.682354
339.147949	-51.477226
344.531250	-49.383755
349.914551	-40.372692
355.297852	-32.911808
360.681152	-28.760965
366.064453	-27.444824
371.447754	-31.439013
376.831055	-37.970970
382.214355	-42.189457
387.597656	-44.332394
392.980957	-46.903877
398.364258	-46.205418
403.747559	-46.289906
409.130859	-42.981922
414.514160	-40.839863
419.897461	-39.438656
425.280762	-39.199863
430.664062	-38.939651
436.047363	-41.112656
441.430664	-44.294491
446.813965	-43.926022
452.197266	-43.938278
457.580566	-42.907978
462.963867	-40.956451
468.347168	-42.091816
473.730469	-44.765648
479.113770	-45.068680
484.497070	-44.012600
489.880371	-41.117409
495.263672	-38.894310
500.646973	-37.113132
506.030273	-35.337105
511.413574	-32.659863
516.796875	-31.013960
522.180176	-28.588682
527.563477	-24.366484
532.946777	-21.009739
538.330078	-23.375671
543.713379	-27.034027
549.096680	-28.525696
554.479980	-29.498373
559.863281	-30.762358
565.246582	-30.627680
570.629883	-31.140972
576.013184	-30.984934
581.396484	-31.267862
586.779785	-32.056187
592.163086	-33.454487
597.546387	-33.619457
602.929688	-32.877140
608.312988	-32.093143
613.696289	-31.807999
619.079590	-30.548510
624.462891	-30.407467
629.846191	-29.432091
635.229492	-29.198334
640.612793	-29.876427
645.996094	-29.696514
651.379395	-29.665787
656.762695	-29.057386
662.145996	-29.047596
667.529297	-29.918823
672.912598	-30.511545
678.295898	-32.066120
683.679199	-34.135212
689.062500	-34.208755
694.445801	-34.240662
699.829102	-34.638306
705.212402	-34.535133
710.595703	-32.325436
715.979004	-28.691530
721.362305	-26.582062
726.745605	-25.691822
732.128906	-24.602934
737.512207	-24.226511
742.895508	-22.489056
748.278809	-21.780666
753.662109	-21.202589
759.045410	-20.166836
764.428711	-19.140711
769.812012	-18.659874
775.195312	-19.101751
780.578613	-20.599047
785.961914	-20.422771
791.345215	-22.155804
796.728516	-27.489214
802.111816	-29.811747
807.495117	-28.106041
812.878418	-24.768257
818.261719	-25.139336
823.645020	-29.300144
829.028320	-33.653732
834.411621	-35.193321
839.794922	-37.242283
845.178223	-40.412941
850.561523	-44.758308
855.944824	-46.633900
861.328125	-48.459240
866.711426	-50.659103
872.094727	-46.829910
877.478027	-42.786903
882.861328	-38.935623
888.244629	-35.424484
893.627930	-35.757973
899.011230	-35.453796
904.394531	-34.252148
909.777832	-36.937172
915.161133	-38.294918
920.544434	-41.796253
925.927734	-45.714100
931.311035	-45.849922
936.694336	-42.241302
942.077637	-40.362194
947.460938	-38.973808
952.844238	-36.723812
958.227539	-36.426929
963.610840	-38.117153
968.994141	-39.326988
974.377441	-38.370045
979.760742	-36.175545
985.144043	-37.114254
990.527344	-37.744946
995.910645	-37.778839
1001.293945	-37.661613
1006.677246	-36.810684
1012.060547	-37.013966
1017.443848	-40.254707
1022.827148	-41.730186
1028.210449	-41.854416
1033.593750	-40.449551
1038.977051	-39.149261
1044.360352	-38.016384
1049.743652	-37.141254
1055.126953	-36.276325
1060.510254	-35.196075
1065.893555	-34.338406
1071.276855	-33.733013
1076.660156	-35.088196
1082.043457	-34.529598
1087.426758	-35.200756
1092.810059	-36.965218
1098.193359	-39.716194
1103.576660	-44.117016
1108.959961	-48.832531
1114.343262	-50.387890
1119.726562	-55.480747
1125.109863	-51.163082
1130.493164	-48.179688
1135.876465	-49.350071
1141.259766	-48.503349
1146.643066	-51.614700
1152.026367	-51.250328
1157.409668	-52.547558
1162.792969	-52.565006
1168.176270	-50.548347
1173.559570	-49.336769
1178.942871	-50.134495
1184.326172	-47.618088
1189.709473	-49.707035
1195.092773	-49.705231
1200.476074	-48.088554
1205.859375	-43.604492
1211.242676	-38.795792
1216.625977	-39.414185
1222.009277	-40.175098
1227.392578	-39.332512
1232.775879	-38.636353
1238.159180	-40.156605
1243.542480	-41.106895
1248.925781	-42.041504
1254.309082	-43.819454
1259.692383	-46.779343
1265.075684	-48.717674
1270.458984	-49.957809
1275.842285	-49.598694
1281.225586	-47.588516
1286.608887	-46.255543
1291.992188	-46.595139
1297.375488	-47.293148
1302.758789	-49.554390
1308.142090	-49.242416
1313.525391	-47.952648
1318.908691	-49.829571
1324.291992	-50.526661
1329.675293	-49.705570
1335.058594	-49.673397
1340.441895	-51.239502
1345.825195	-52.356453
1351.208496	-52.897541
1356.591797	-53.931870
1361.975098	-59.165527
1367.358398	-55.454933
1372.741699	-49.207520
1378.125000	-48.162216
1383.508301	-51.736977
1388.891602	-58.924923
1394.274902	-62.029640
1399.658203	-55.024918
1405.041504	-49.093861
1410.424805	-50.221111
1415.808105	-54.269485
1421.191406	-56.800953
1426.574707	-54.624218
1431.958008	-52.437557
1437.341309	-53.262161
1442.724609	-52.071224
1448.107910	-49.875076
1453.491211	-47.179020
1458.874512	-45.182404
1464.257812	-45.793934
1469.641113	-45.979973
1475.024414	-45.889290
1480.407715	-44.701694
1485.791016	-43.727448
1491.174316	-43.592316
1496.557617	-45.782681
1501.940918	-48.646809
1507.324219	-50.816357
1512.707520	-51.703823
1518.090820	-48.357632
1523.474121	-50.476364
1528.857422	-63.735847
1534.240723	-53.038578
1539.624023	-50.841351
1545.007324	-47.826004
1550.390625	-47.392368
1555.773926	-47.295185
1561.157227	-48.520672
1566.540527	-48.531769
1571.923828	-46.012661
1577.307129	-46.746910
1582.690430	-45.173756
1588.073730	-41.993828
1593.457031	-38.431820
1598.840332	-36.909084
1604.223633	-36.647854
1609.606934	-37.154873
1614.990234	-38.975182
1620.373535	-41.768570
1625.756836	-41.994633
1631.140137	-41.138344
1636.523438	-40.752449
1641.906738	-40.049450
1647.290039	-40.545113
1652.673340	-43.372749
1658.056641	-51.018444
1663.439941	-54.742367
1668.823242	-51.315372
1674.206543	-51.344074
1679.589844	-54.909565
1684.973145	-59.486328
1690.356445	-59.094391
1695.739746	-55.757271
1701.123047	-50.784340
1706.506348	-48.054317
1711.889648	-47.960709
1717.272949	-45.434719
1722.656250	-44.796001
1728.039551	-43.703148
1733.422852	-41.128517
1738.806152	-40.664185
1744.189453	-39.998013
1749.572754	-40.889015
1754.956055	-44.007362
1760.339355	-48.238964
1765.722656	-47.328430
1771.105957	-45.293453
1776.489258	-47.613491
1781.872559	-47.869797
1787.255859	-47.618145
1792.639160	-44.697639
1798.022461	-42.844772
1803.405762	-43.241058
1808.789062	-44.126415
1814.172363	-45.664463
1819.555664	-50.913101
1824.938965	-56.022781
1830.322266	-44.915924
1835.705566	-40.204124
1841.088867	-37.072540
1846.472168	-36.329613
1851.855469	-37.559750
1857.238770	-38.570808
1862.622070	-41.968754
1868.005371	-45.967419
1873.388672	-44.973564
1878.771973	-42.709942
1884.155273	-40.061600
1889.538574	-41.459831
1894.921875	-44.763523
1900.305176	-47.070072
1905.688477	-47.660313
1911.071777	-47.159607
1916.455078	-44.609165
1921.838379	-43.324120
1927.221680	-42.654373
1932.604980	-40.655579
1937.988281	-39.094807
1943.371582	-37.997482
1948.754883	-36.831615
1954.138184	-35.941242
1959.521484	-35.766663
1964.904785	-37.687611
1970.288086	-37.908012
1975.671387	-39.149494
1981.054688	-39.427948
1986.437988	-40.724983
1991.821289	-40.119671
1997.204590	-39.386772
2002.587891	-39.154037
2007.971191	-39.812344
2013.354492	-40.685177
2018.737793	-41.336231
2024.121094	-42.100430
2029.504395	-43.292747
2034.887695	-44.300968
2040.270996	-44.201305
2045.654297	-47.709019
2051.037598	-50.658188
2056.420898	-46.403965
2061.804199	-43.931488
2067.187500	-41.365108
2072.570801	-39.115482
2077.954102	-37.832661
2083.337402	-37.306309
2088.720703	-37.013832
2094.104004	-37.665302
2099.487305	-37.982346
2104.870605	-38.779251
2110.253906	-40.209717
2115.637207	-40.693653
2121.020508	-40.392220
2126.403809	-40.103535
2131.787109	-39.701012
2137.170410	-39.740559
2142.553711	-39.966110
2147.937012	-40.333141
2153.320312	-40.455509
2158.703613	-40.087753
2164.086914	-40.117874
2169.470215	-40.153831
2174.853516	-39.850243
2180.236816	-40.733269
2185.620117	-40.654274
2191.003418	-40.391712
2196.386719	-40.617973
2201.770020	-41.617306
2207.153320	-42.590286
2212.536621	-46.810520
2217.919922	-52.516411
2223.303223	-51.947865
2228.686523	-49.123451
2234.069824	-44.585861
2239.453125	-42.968296
2244.836426	-44.658020
2250.219727	-46.536839
2255.603027	-47.221081
2260.986328	-48.266193
2266.369629	-49.354279
2271.752930	-50.124443
2277.136230	-50.860401
2282.519531	-51.098057
2287.902832	-52.406887
2293.286133	-52.935036
2298.669434	-52.151333
2304.052734	-49.805141
2309.436035	-46.237492
2314.819336	-42.668400
2320.202637	-40.498493
2325.585938	-40.914833
2330.969238	-43.383347
2336.352539	-48.695377
2341.735840	-52.635860
2347.119141	-53.576206
2352.502441	-52.646343
2357.885742	-49.492989
2363.269043	-47.215050
2368.652344	-45.719044
2374.035645	-46.097630
2379.418945	-46.340893
2384.802246	-47.549129
2390.185547	-50.724243
2395.568848	-53.586746
2400.952148	-53.330112
2406.335449	-53.298546
2411.718750	-48.649609
2417.102051	-44.321312
2422.485352	-45.439278
2427.868652	-46.565750
2433.251953	-44.953613
2438.635254	-43.394703
2444.018555	-43.362892
2449.401855	-46.616077
2454.785156	-52.278408
2460.168457	-54.487957
2465.551758	-54.369419
2470.935059	-51.852436
2476.318359	-48.026577
2481.701660	-45.988369
2487.084961	-44.363510
2492.468262	-42.982639
2497.851562	-42.999458
2503.234863	-42.517006
2508.618164	-42.470173
2514.001465	-42.166088
2519.384766	-41.543995
2524.768066	-45.741478
2530.151367	-53.049946
2535.534668	-51.414738
2540.917969	-49.422031
2546.301270	-47.664627
2551.684570	-46.101635
2557.067871	-46.169769
2562.451172	-46.096088
2567.834473	-46.792637
2573.217773	-49.239414
2578.601074	-53.711342
2583.984375	-54.974541
2589.367676	-50.918060
2594.750977	-47.977222
2600.134277	-47.146046
2605.517578	-47.169342
2610.900879	-47.307938
2616.284180	-47.617130
2621.667480	-47.836605
2627.050781	-48.595421
2632.434082	-49.443817
2637.817383	-50.443207
2643.200684	-51.712055
2648.583984	-55.713776
2653.967285	-59.345619
2659.350586	-61.494087
2664.733887	-61.278549
2670.117188	-56.612389
2675.500488	-52.630589
2680.883789	-52.478260
2686.267090	-52.263912
2691.650391	-52.431408
2697.033691	-52.772392
2702.416992	-56.188938
2707.800293	-56.947041
2713.183594	-56.070705
2718.566895	-57.012421
2723.950195	-57.449120
2729.333496	-57.611317
2734.716797	-57.996986
2740.100098	-57.490707
2745.483398	-58.179043
2750.866699	-58.089184
2756.250000	-57.654819
2761.633301	-56.904102
2767.016602	-54.138126
2772.399902	-53.919460
2777.783203	-54.056232
2783.166504	-50.604115
2788.549805	-48.513138
2793.933105	-48.100140
2799.316406	-49.678417
2804.699707	-53.802681
2810.083008	-58.408287
2815.466309	-57.554695
2820.849609	-54.096668
2826.232910	-51.449959
2831.616211	-52.392136
2836.999512	-53.177700
2842.382812	-53.496841
2847.766113	-50.583031
2853.149414	-47.016460
2858.532715	-44.944424
2863.916016	-45.214264
2869.299316	-49.279354
2874.682617	-55.782566
2880.065918	-63.592350
2885.449219	-56.925426
2890.832520	-51.344158
2896.215820	-49.703823
2901.599121	-48.066116
2906.982422	-48.178478
2912.365723	-48.612156
2917.749023	-48.601200
2923.132324	-49.842964
2928.515625	-52.833393
2933.898926	-54.120064
2939.282227	-53.844707
2944.665527	-56.036381
2950.048828	-58.075451
2955.432129	-59.908760
2960.815430	-56.024780
2966.198730	-53.030174
2971.582031	-53.750183
2976.965332	-56.929665
2982.348633	-56.302925
2987.731934	-55.253616
2993.115234	-52.584972
2998.498535	-51.759121
3003.881836	-52.771465
3009.265137	-53.740685
3014.648438	-51.976654
3020.031738	-49.988766
3025.415039	-50.544762
3030.798340	-54.182339
3036.181641	-56.748772
3041.564941	-52.541519
3046.948242	-47.113400
3052.331543	-43.891254
3057.714844	-44.060562
3063.098145	-45.287666
3068.481445	-46.343483
3073.864746	-48.391937
3079.248047	-52.401798
3084.631348	-51.575554
3090.014648	-50.267994
3095.397949	-50.383942
3100.781250	-51.380707
3106.164551	-50.137524
3111.547852	-48.323578
3116.931152	-47.036118
3122.314453	-48.003208
3127.697754	-49.370476
3133.081055	-50.972569
3138.464355	-52.127731
3143.847656	-52.541939
3149.230957	-52.920464
3154.614258	-53.131039
3159.997559	-55.494720
3165.380859	-56.795830
3170.764160	-56.708504
3176.147461	-56.723415
3181.530762	-53.424030
3186.914062	-52.951611
3192.297363	-51.020283
3197.680664	-52.920898
3203.063965	-51.186462
3208.447266	-49.025703
3213.830566	-45.243145
3219.213867	-43.750988
3224.597168	-42.932449
3229.980469	-43.318825
3235.363770	-43.156944
3240.747070	-43.746552
3246.130371	-44.701221
3251.513672	-47.516083
3256.896973	-51.192944
3262.280273	-54.333824
3267.663574	-52.958244
3273.046875	-49.175518
3278.430176	-48.141846
3283.813477	-47.891239
3289.196777	-47.979836
3294.580078	-47.945786
3299.963379	-47.055588
3305.346680	-45.590229
3310.729980	-45.521454
3316.113281	-46.283180
3321.496582	-49.647720
3326.879883	-51.248489
3332.263184	-52.162243
3337.646484	-52.752872
3343.029785	-53.519310
3348.413086	-53.886898
3353.796387	-52.733803
3359.179688	-50.623711
3364.562988	-50.002747
3369.946289	-48.980633
3375.329590	-46.582687
3380.712891	-44.045002
3386.096191	-42.289253
3391.479492	-42.034061
3396.862793	-41.659458
3402.246094	-43.848377
3407.629395	-47.944244
3413.012695	-48.542690
3418.395996	-48.562923
3423.779297	-48.786411
3429.162598	-48.811794
3434.545898	-48.518520
3439.929199	-48.922737
3445.312500	-49.647404
3450.695801	-50.311741
3456.079102	-50.157745
3461.462402	-52.722816
3466.845703	-52.397049
3472.229004	-48.930676
3477.612305	-48.278152
3482.995605	-50.021511
3488.378906	-49.291222
3493.762207	-47.916634
3499.145508	-48.098705
3504.528809	-49.690788
3509.912109	-52.208385
3515.295410	-55.330452
3520.678711	-52.547813
3526.062012	-49.334347
3531.445312	-50.702072
3536.828613	-52.719597
3542.211914	-55.095478
3547.595215	-57.529057
3552.978516	-58.220577
3558.361816	-56.469452
3563.745117	-56.256275
3569.128418	-57.339066
3574.511719	-57.732773
3579.895020	-57.032574
3585.278320	-55.646229
3590.661621	-53.934292
3596.044922	-52.984783
3601.428223	-52.190113
3606.811523	-51.368134
3612.194824	-50.747791
3617.578125	-51.863430
3622.961426	-53.443348
3628.344727	-54.981590
3633.728027	-54.194805
3639.111328	-51.473366
3644.494629	-50.698471
3649.877930	-50.836559
3655.261230	-52.476288
3660.644531	-55.845699
3666.027832	-55.885227
3671.411133	-52.896393
3676.794434	-52.129066
3682.177734	-51.235619
3687.561035	-51.103485
3692.944336	-51.486710
3698.327637	-54.590565
3703.710938	-59.508408
3709.094238	-64.602226
3714.477539	-68.042160
3719.860840	-69.208015
3725.244141	-75.511147
3730.627441	-72.574379
3736.010742	-68.618538
3741.394043	-67.844276
3746.777344	-66.298004
3752.160645	-60.336174
3757.543945	-56.334999
3762.927246	-53.653687
3768.310547	-53.410191
3773.693848	-55.387840
3779.077148	-55.540184
3784.460449	-55.639839
3789.843750	-54.136517
3795.227051	-54.331120
3800.610352	-57.225269
3805.993652	-59.921951
3811.376953	-57.480789
3816.760254	-55.767796
3822.143555	-57.364944
3827.526855	-58.951752
3832.910156	-58.755501
3838.293457	-60.921364
3843.676758	-58.342625
3849.060059	-54.277973
3854.443359	-51.345680
3859.826660	-49.488461
3865.209961	-48.350273
3870.593262	-48.440987
3875.976562	-49.454659
3881.359863	-50.865005
3886.743164	-52.779747
3892.126465	-56.315517
3897.509766	-59.876896
3902.893066	-61.889088
3908.276367	-63.284256
3913.659668	-63.019676
3919.042969	-62.340790
3924.426270	-62.831024
3929.809570	-60.978806
3935.192871	-57.979477
3940.576172	-56.373077
3945.959473	-55.032825
3951.342773	-53.161270
3956.726074	-52.912685
3962.109375	-53.476879
3967.492676	-55.980526
3972.875977	-57.952030
3978.259277	-56.353634
3983.642578	-54.497013
3989.025879	-54.375103
3994.409180	-54.501190
3999.792480	-56.141678
4005.175781	-58.056976
4010.559082	-60.442520
4015.942383	-60.276497
4021.325684	-56.261459
4026.708984	-58.183460
4032.092285	-62.523811
4037.475586	-57.525955
4042.858887	-55.171280
4048.242188	-53.598690
4053.625488	-52.772068
4059.008789	-53.348663
4064.392090	-55.748787
4069.775391	-58.408554
4075.158691	-56.230751
4080.541992	-53.346775
4085.925293	-51.311886
4091.308594	-51.388229
4096.691895	-51.392971
4102.075195	-54.470982
4107.458496	-56.291904
4112.841797	-53.053482
4118.225098	-50.291431
4123.608398	-50.333206
4128.991699	-49.940857
4134.375000	-49.918655
4139.758301	-51.752014
4145.141602	-53.379200
4150.524902	-52.476131
4155.908203	-49.980064
4161.291504	-49.428314
4166.674805	-49.696041
4172.058105	-51.537762
4177.441406	-53.991135
4182.824707	-56.342560
4188.208008	-57.847027
4193.591309	-56.483959
4198.974609	-54.943615
4204.357910	-54.382778
4209.741211	-53.345100
4215.124512	-52.393280
4220.507812	-54.375771
4225.891113	-58.113098
4231.274414	-59.501560
4236.657715	-56.157776
4242.041016	-52.700134
4247.424316	-53.646320
4252.807617	-54.279667
4258.190918	-55.420742
4263.574219	-55.159653
4268.957520	-53.246094
4274.340820	-52.191818
4279.724121	-52.437965
4285.107422	-51.650375
4290.490723	-50.405113
4295.874023	-48.934532
4301.257324	-47.928020
4306.640625	-47.638969
4312.023926	-47.591888
4317.407227	-49.291588
4322.790527	-51.100201
4328.173828	-49.054977
4333.557129	-48.422001
4338.940430	-49.510326
4344.323730	-49.516006
4349.707031	-48.445335
4355.090332	-47.676189
4360.473633	-47.447189
4365.856934	-48.049213
4371.240234	-49.378304
4376.623535	-52.284672
4382.006836	-54.521152
4387.390137	-53.870483
4392.773438	-52.920719
4398.156738	-51.646461
4403.540039	-50.800343
4408.923340	-49.258919
4414.306641	-50.081810
4419.689941	-54.375202
4425.073242	-59.041500
4430.456543	-56.147335
4435.839844	-51.881786
4441.223145	-47.188477
4446.606445	-45.331078
4451.989746	-44.407131
4457.373047	-44.682095
4462.756348	-45.095253
4468.139648	-45.499577
4473.522949	-45.045464
4478.906250	-44.079426
4484.289551	-44.364662
4489.672852	-45.627350
4495.056152	-48.103718
4500.439453	-51.099113
4505.822754	-53.959816
4511.206055	-53.258995
4516.589355	-48.996754
4521.972656	-45.974613
4527.355957	-44.360443
4532.739258	-43.240494
4538.122559	-42.929131
4543.505859	-43.157940
4548.889160	-45.355350
4554.272461	-48.398781
4559.655762	-49.064461
4565.039062	-50.226734
4570.422363	-50.759235
4575.805664	-48.997326
4581.188965	-47.539814
4586.572266	-47.581470
4591.955566	-49.984764
4597.338867	-53.150066
4602.722168	-57.350136
4608.105469	-60.048637
4613.488770	-61.299175
4618.872070	-59.610935
4624.255371	-55.037788
4629.638672	-54.243431
4635.021973	-56.972004
4640.405273	-59.745773
4645.788574	-58.471390
4651.171875	-58.385258
4656.555176	-56.782352
4661.938477	-51.299385
4667.321777	-48.391571
4672.705078	-47.593540
4678.088379	-47.197525
4683.471680	-50.022465
4688.854980	-53.928112
4694.238281	-59.792500
4699.621582	-66.966202
4705.004883	-69.550446
4710.388184	-64.800392
4715.771484	-58.890469
4721.154785	-57.486771
4726.538086	-56.204639
4731.921387	-53.992798
4737.304688	-50.723446
4742.687988	-49.700928
4748.071289	-50.333393
4753.454590	-48.870499
4758.837891	-46.505009
4764.221191	-46.224556
4769.604492	-45.494678
4774.987793	-45.131351
4780.371094	-46.185303
4785.754395	-46.947105
4791.137695	-47.688717
4796.520996	-48.504864
4801.904297	-48.326256
4807.287598	-46.626923
4812.670898	-45.365051
4818.054199	-45.749687
4823.437500	-47.714367
4828.820801	-51.040447
4834.204102	-49.113319
4839.587402	-46.138523
4844.970703	-45.219753
4850.354004	-45.359894
4855.737305	-46.129532
4861.120605	-47.122143
4866.503906	-47.766518
4871.887207	-48.690147
4877.270508	-50.022125
4882.653809	-49.653511
4888.037109	-49.464306
4893.420410	-49.378609
4898.803711	-49.351780
4904.187012	-48.906612
4909.570312	-49.332844
4914.953613	-50.855461
4920.336914	-51.474773
4925.720215	-52.394516
4931.103516	-54.326118
4936.486816	-55.349640
4941.870117	-53.413158
4947.253418	-51.757000
4952.636719	-49.130142
4958.020020	-47.829884
4963.403320	-49.141567
4968.786621	-50.356205
4974.169922	-52.465607
4979.553223	-53.106983
4984.936523	-51.414326
4990.319824	-51.197926
4995.703125	-52.896393
5001.086426	-54.018131
5006.469727	-50.885571
5011.853027	-50.066662
5017.236328	-51.040154
5022.619629	-51.054623
5028.002930	-50.692261
5033.386230	-50.534798
5038.769531	-50.730797
5044.152832	-49.667072
5049.536133	-50.096203
5054.919434	-51.981918
5060.302734	-55.880810
5065.686035	-55.105808
5071.069336	-49.827507
5076.452637	-47.669403
5081.835938	-47.373981
5087.219238	-48.892117
5092.602539	-49.276428
5097.985840	-48.626957
5103.369141	-48.982185
5108.752441	-49.336075
5114.135742	-48.884380
5119.519043	-49.355400
5124.902344	-53.094604
5130.285645	-57.435928
5135.668945	-56.194149
5141.052246	-54.268951
5146.435547	-54.430347
5151.818848	-52.930496
5157.202148	-50.488140
5162.585449	-48.442181
5167.968750	-48.244453
5173.352051	-49.699409
5178.735352	-52.213844
5184.118652	-55.710968
5189.501953	-55.255508
5194.885254	-51.734341
5200.268555	-49.870346
5205.651855	-50.409851
5211.035156	-51.763218
5216.418457	-51.909557
5221.801758	-52.175705
5227.185059	-52.820141
5232.568359	-54.896866
5237.951660	-57.988422
5243.334961	-56.328846
5248.718262	-50.898621
5254.101562	-50.848713
5259.484863	-57.203522
5264.868164	-59.945362
5270.251465	-57.191425
5275.634766	-57.441467
5281.018066	-55.794411
5286.401367	-51.587257
5291.784668	-49.588139
5297.167969	-49.107460
5302.551270	-47.852856
5307.934570	-46.727436
5313.317871	-45.965252
5318.701172	-46.444370
5324.084473	-47.997433
5329.467773	-50.529633
5334.851074	-53.711533
5340.234375	-57.180611
5345.617676	-55.340767
5351.000977	-52.144142
5356.384277	-51.007515
5361.767578	-51.533863
5367.150879	-52.530869
5372.534180	-52.597942
5377.917480	-49.338234
5383.300781	-45.196098
5388.684082	-42.466408
5394.067383	-41.559925
5399.450684	-42.287712
5404.833984	-44.249157
5410.217285	-46.022766
5415.600586	-46.831455
5420.983887	-48.861568
5426.367188	-49.680706
5431.750488	-48.243237
5437.133789	-48.526737
5442.517090	-49.952045
5447.900391	-51.439068
5453.283691	-53.076435
5458.666992	-52.980236
5464.050293	-54.894283
5469.433594	-53.775494
5474.816895	-49.904896
5480.200195	-47.022388
5485.583496	-45.636044
5490.966797	-45.190025
5496.350098	-45.172222
5501.733398	-45.171707
5507.116699	-45.684895
5512.500000	-46.828320
5517.883301	-50.663712
5523.266602	-53.514507
5528.649902	-50.028763
5534.033203	-48.108326
5539.416504	-46.842396
5544.799805	-46.401562
5550.183105	-46.853024
5555.566406	-48.649246
5560.949707	-51.130642
5566.333008	-52.370110
5571.716309	-51.645233
5577.099609	-52.484154
5582.482910	-54.549728
5587.866211	-55.505039
5593.249512	-54.562538
5598.632812	-54.588696
5604.016113	-54.900013
5609.399414	-55.544868
5614.782715	-56.770176
5620.166016	-56.960320
5625.549316	-56.814251
5630.932617	-56.612339
5636.315918	-55.291107
5641.699219	-53.871593
5647.082520	-53.740616
5652.465820	-53.158554
5657.849121	-52.180153
5663.232422	-51.307991
5668.615723	-50.834415
5673.999023	-51.159363
5679.382324	-53.301693
5684.765625	-54.664845
5690.148926	-53.712231
5695.532227	-54.074883
5700.915527	-54.899342
5706.298828	-56.846661
5711.682129	-59.914066
5717.065430	-59.165436
5722.448730	-56.709736
5727.832031	-55.358532
5733.215332	-55.673466
5738.598633	-58.059448
5743.981934	-58.626320
5749.365234	-54.038673
5754.748535	-52.160194
5760.131836	-52.688847
5765.515137	-53.801693
5770.898438	-52.958126
5776.281738	-50.956043
5781.665039	-48.374138
5787.048340	-47.903847
5792.431641	-49.600082
5797.814941	-51.132061
5803.198242	-52.800579
5808.581543	-55.062656
5813.964844	-58.264801
5819.348145	-61.509193
5824.731445	-58.261368
5830.114746	-55.230217
5835.498047	-53.966942
5840.881348	-55.194183
5846.264648	-59.020260
5851.647949	-60.034641
5857.031250	-58.533867
5862.414551	-57.678646
5867.797852	-56.201061
5873.181152	-55.007793
5878.564453	-54.910789
5883.947754	-55.194763
5889.331055	-53.882690
5894.714355	-52.866070
5900.097656	-53.926582
5905.480957	-55.193672
5910.864258	-55.920967
5916.247559	-57.523266
5921.630859	-60.402275
5927.014160	-58.357922
5932.397461	-55.123810
5937.780762	-52.983822
5943.164062	-52.531540
5948.547363	-53.258953
5953.930664	-54.108925
5959.313965	-55.356075
5964.697266	-57.234169
5970.080566	-60.718784
5975.463867	-66.634819
5980.847168	-65.471550
5986.230469	-60.130520
5991.613770	-58.125252
5996.997070	-57.342731
6002.380371	-55.523159
6007.763672	-54.475487
6013.146973	-54.048012
6018.530273	-53.730556
6023.913574	-54.669907
6029.296875	-57.180946
6034.680176	-55.853168
6040.063477	-51.743851
6045.446777	-49.311676
6050.830078	-50.198055
6056.213379	-52.191998
6061.596680	-53.440018
6066.979980	-53.927204
6072.363281	-54.134457
6077.746582	-55.193157
6083.129883	-57.167664
6088.513184	-60.329491
6093.896484	-63.880974
6099.279785	-63.795483
6104.663086	-62.369221
6110.046387	-61.933887
6115.429688	-59.021881
6120.812988	-57.239811
6126.196289	-57.837849
6131.579590	-59.501266
6136.962891	-58.278008
6142.346191	-57.364502
6147.729492	-57.307697
6153.112793	-56.625210
6158.496094	-56.618473
6163.879395	-57.347607
6169.262695	-60.218819
6174.645996	-65.279556
6180.029297	-62.677147
6185.412598	-59.635151
6190.795898	-58.411465
6196.179199	-57.652954
6201.562500	-57.386532
6206.945801	-57.236267
6212.329102	-58.060612
6217.712402	-59.995285
6223.095703	-62.632542
6228.479004	-65.256256
6233.862305	-65.015709
6239.245605	-60.552284
6244.628906	-58.885311
6250.012207	-59.066120
6255.395508	-60.934433
6260.778809	-63.975620
6266.162109	-64.962479
6271.545410	-64.181679
6276.928711	-65.335487
6282.312012	-65.707176
6287.695312	-62.609459
6293.078613	-60.960754
6298.461914	-60.490894
6303.845215	-61.234955
6309.228516	-60.405521
6314.611816	-57.044720
6319.995117	-54.121632
6325.378418	-51.880119
6330.761719	-51.796612
6336.145020	-53.938694
6341.528320	-55.849579
6346.911621	-57.650620
6352.294922	-58.588932
6357.678223	-58.294807
6363.061523	-58.837086
6368.444824	-60.469608
6373.828125	-62.610458
6379.211426	-64.870842
6384.594727	-67.318130
6389.978027	-69.076332
6395.361328	-69.870041
6400.744629	-70.513252
6406.127930	-67.617622
6411.511230	-61.517330
6416.894531	-57.062149
6422.277832	-54.689594
6427.661133	-53.421616
6433.044434	-53.070087
6438.427734	-53.678772
6443.811035	-55.243153
6449.194336	-56.507198
6454.577637	-56.489002
6459.960938	-56.274982
6465.344238	-56.977383
6470.727539	-59.006912
6476.110840	-62.951920
6481.494141	-66.269691
6486.877441	-63.875977
6492.260742	-61.116673
6497.644043	-59.949532
6503.027344	-59.199062
6508.410645	-58.772419
6513.793945	-59.031364
6519.177246	-59.691586
6524.560547	-60.716042
6529.943848	-61.584404
6535.327148	-60.997578
6540.710449	-60.268929
6546.093750	-59.784969
6551.477051	-59.590340
6556.860352	-58.826084
6562.243652	-57.668911
6567.626953	-57.767460
6573.010254	-59.257912
6578.393555	-59.814751
6583.776855	-59.087887
6589.160156	-58.406723
6594.543457	-57.671299
6599.926758	-57.233784
6605.310059	-57.644299
6610.693359	-58.927227
6616.076660	-60.314537
6621.459961	-61.624847
6626.843262	-63.408978
6632.226562	-64.760178
6637.609863	-66.176285
6642.993164	-68.893532
6648.376465	-70.225983
6653.759766	-68.287849
6659.143066	-67.636597
6664.526367	-68.921501
6669.909668	-69.803833
6675.292969	-64.620316
6680.676270	-59.139565
6686.059570	-56.362637
6691.442871	-55.616280
6696.826172	-56.405468
6702.209473	-58.589718
6707.592773	-62.050064
6712.976074	-67.467384
6718.359375	-71.138885
6723.742676	-67.917946
6729.125977	-66.358910
6734.509277	-67.018242
6739.892578	-68.581451
6745.275879	-68.028946
6750.659180	-65.848373
6756.042480	-64.136703
6761.425781	-62.410271
6766.809082	-60.339367
6772.192383	-58.605511
6777.575684	-57.363491
6782.958984	-56.457607
6788.342285	-56.192795
6793.725586	-56.588406
6799.108887	-58.069592
6804.492188	-60.170650
6809.875488	-60.907932
6815.258789	-60.140289
6820.642090	-59.899746
6826.025391	-60.115036
6831.408691	-60.776581
6836.791992	-62.249905
6842.175293	-64.366814
6847.558594	-66.697487
6852.941895	-68.607620
6858.325195	-70.211021
6863.708496	-70.618851
6869.091797	-68.460510
6874.475098	-66.167221
6879.858398	-64.134056
6885.241699	-62.123608
6890.625000	-60.149101
6896.008301	-58.807922
6901.391602	-58.102764
6906.774902	-57.874474
6912.158203	-57.773537
6917.541504	-58.068951
6922.924805	-58.812618
6928.308105	-59.911194
6933.691406	-60.880047
6939.074707	-61.727081
6944.458008	-62.046608
6949.841309	-61.029282
6955.224609	-59.492363
6960.607910	-58.004379
6965.991211	-57.147476
6971.374512	-56.879833
6976.757812	-57.578625
6982.141113	-58.400139
6987.524414	-59.369576
6992.907715	-59.914333
6998.291016	-59.289013
7003.674316	-58.441948
7009.057617	-58.403492
7014.440918	-59.140121
7019.824219	-60.067688
7025.207520	-59.804104
7030.590820	-58.333004
7035.974121	-57.474270
7041.357422	-57.327641
7046.740723	-57.583752
7052.124023	-57.325287
7057.507324	-56.862717
7062.890625	-56.537800
7068.273926	-56.147022
7073.657227	-56.253853
7079.040527	-57.276375
7084.423828	-58.471615
7089.807129	-59.403492
7095.190430	-60.061237
7100.573730	-60.445847
7105.957031	-60.936234
7111.340332	-61.801052
7116.723633	-62.803665
7122.106934	-63.749924
7127.490234	-63.760250
7132.873535	-63.023159
7138.256836	-62.575764
7143.640137	-62.438278
7149.023438	-62.570820
7154.406738	-62.965714
7159.790039	-63.504051
7165.173340	-64.368073
7170.556641	-65.925545
7175.939941	-68.421516
7181.323242	-72.448677
7186.706543	-77.978409
7192.089844	-79.585083
7197.473145	-79.371765
7202.856445	-73.983994
7208.239746	-70.681244
7213.623047	-68.849159
7219.006348	-67.538315
7224.389648	-67.108467
7229.772949	-67.454918
7235.156250	-68.534424
7240.539551	-69.890808
7245.922852	-72.664635
7251.306152	-78.531212
7256.689453	-85.511955
7262.072754	-74.186272
7267.456055	-69.212418
7272.839355	-67.698006
7278.222656	-66.863884
7283.605957	-65.243645
7288.989258	-63.551418
7294.372559	-62.092495
7299.755859	-61.072815
7305.139160	-60.587772
7310.522461	-60.724972
7315.905762	-61.127636
7321.289062	-60.834682
7326.672363	-59.720818
7332.055664	-58.541351
7337.438965	-57.834026
7342.822266	-57.618340
7348.205566	-57.713608
7353.588867	-58.099014
7358.972168	-58.711514
7364.355469	-59.939262
7369.738770	-61.431736
7375.122070	-62.927544
7380.505371	-64.079094
7385.888672	-65.507416
7391.271973	-67.038589
7396.655273	-67.325478
7402.038574	-66.386909
7407.421875	-66.147568
7412.805176	-66.283501
7418.188477	-66.804390
7423.571777	-67.298485
7428.955078	-66.858398
7434.338379	-66.217606
7439.721680	-65.574234
7445.104980	-65.267319
7450.488281	-65.681625
7455.871582	-65.950302
7461.254883	-65.253021
7466.638184	-64.351921
7472.021484	-63.634491
7477.404785	-63.259071
7482.788086	-63.091270
7488.171387	-62.878376
7493.554688	-62.870525
7498.937988	-63.122154
7504.321289	-63.385197
7509.704590	-63.722336
7515.087891	-64.059967
7520.471191	-64.079315
7525.854492	-63.943295
7531.237793	-64.285515
7536.621094	-65.034004
7542.004395	-65.535629
7547.387695	-65.442101
7552.770996	-65.452980
7558.154297	-65.599701
7563.537598	-65.368484
7568.920898	-64.536667
7574.304199	-63.498203
7579.687500	-62.697521
7585.070801	-61.995998
7590.454102	-61.490330
7595.837402	-61.279579
7601.220703	-61.466610
7606.604004	-62.390190
7611.987305	-63.937946
7617.370605	-65.387543
7622.753906	-65.541100
7628.137207	-64.631142
7633.520508	-64.294518
7638.903809	-64.824249
7644.287109	-65.234047
7649.670410	-65.255508
7655.053711	-65.101082
7660.437012	-64.957397
7665.820312	-65.309441
7671.203613	-65.983864
7676.586914	-66.197792
7681.970215	-66.055443
7687.353516	-66.218964
7692.736816	-66.865349
7698.120117	-67.730095
7703.503418	-68.651169
7708.886719	-69.637306
7714.270020	-70.260223
7719.653320	-69.618256
7725.036621	-68.068069
7730.419922	-66.661049
7735.803223	-65.736511
7741.186523	-64.842957
7746.569824	-63.905304
7751.953125	-63.388752
7757.336426	-63.390282
7762.719727	-63.711910
7768.103027	-64.193878
7773.486328	-64.715164
7778.869629	-65.439079
7784.252930	-65.699768
7789.636230	-65.287376
7795.019531	-64.994339
7800.402832	-64.934830
7805.786133	-65.329796
7811.169434	-66.448837
7816.552734	-68.016983
7821.936035	-69.485847
7827.319336	-70.235542
7832.702637	-71.541191
7838.085938	-72.524414
7843.469238	-72.364342
7848.852539	-72.583611
7854.235840	-72.816391
7859.619141	-72.657425
7865.002441	-71.568825
7870.385742	-70.195885
7875.769043	-69.744286
7881.152344	-70.001907
7886.535645	-70.294945
7891.918945	-70.265198
7897.302246	-70.407196
7902.685547	-70.742538
7908.068848	-70.581772
7913.452148	-70.117386
7918.835449	-69.747581
7924.218750	-69.461197
7929.602051	-69.006203
7934.985352	-68.887024
7940.368652	-68.787636
7945.751953	-67.860840
7951.135254	-66.225601
7956.518555	-64.977890
7961.901855	-64.406593
7967.285156	-64.119942
7972.668457	-64.186951
7978.051758	-64.753845
7983.435059	-65.580284
7988.818359	-66.543167
7994.201660	-67.571487
7999.584961	-68.674332
8004.968262	-69.968262
8010.351562	-71.604019
8015.734863	-73.766289
8021.118164	-75.256348
8026.501465	-75.950867
8031.884766	-77.545197
8037.268066	-80.922325
8042.651367	-81.254303
8048.034668	-76.238228
8053.417969	-72.655388
8058.801270	-71.057800
8064.184570	-70.652481
8069.567871	-69.999023
8074.951172	-69.478012
8080.334473	-69.873253
8085.717773	-70.265770
8091.101074	-70.848503
8096.484375	-71.975418
8101.867676	-73.774513
8107.250977	-75.328369
8112.634277	-74.774742
8118.017578	-73.708725
8123.400879	-73.458679
8128.784180	-74.687454
8134.167480	-76.830299
8139.550781	-78.867897
8144.934082	-81.614258
8150.317383	-88.409958
8155.700684	-81.513008
8161.083984	-74.249733
8166.467285	-70.269180
8171.850586	-67.523560
8177.233887	-65.399857
8182.617188	-63.724255
8188.000488	-62.434006
8193.383789	-61.436878
8198.767090	-60.599537
8204.150391	-60.100273
8209.533691	-59.964039
8214.916992	-59.941170
8220.300293	-60.201351
8225.683594	-60.736057
8231.066895	-61.447918
8236.450195	-62.310844
8241.833496	-63.286880
8247.216797	-64.660660
8252.600098	-66.351128
8257.983398	-68.072449
8263.366699	-69.927032
8268.750000	-71.647156
8274.133301	-72.317368
8279.516602	-71.922768
8284.899902	-70.731598
8290.283203	-69.288460
8295.666504	-68.069458
8301.049805	-66.983047
8306.433105	-65.860054
8311.816406	-64.868439
8317.199707	-64.305199
8322.583008	-64.086372
8327.966309	-64.130722
8333.349609	-64.637146
8338.732910	-65.404945
8344.116211	-66.001816
8349.499512	-66.469101
8354.882812	-66.681763
8360.266113	-67.021683
8365.649414	-67.489891
8371.032715	-67.385117
8376.416016	-66.781700
8381.799316	-66.073669
8387.182617	-65.866547
8392.565918	-66.016968
8397.949219	-66.315575
8403.332520	-66.727669
8408.715820	-67.226715
8414.099121	-67.944901
8419.482422	-68.918671
8424.865723	-70.373100
8430.249023	-72.655815
8435.632324	-76.291664
8441.015625	-83.248123
8446.398926	-82.475273
8451.782227	-76.076546
8457.165527	-72.466034
8462.548828	-70.526031
8467.932129	-69.793709
8473.315430	-69.486206
8478.698730	-69.253372
8484.082031	-68.991386
8489.465332	-68.843468
8494.848633	-68.806274
8500.231934	-68.491898
8505.615234	-68.201973
8510.998535	-67.841637
8516.381836	-67.520378
8521.765137	-67.596756
8527.148438	-67.972321
8532.531738	-68.518044
8537.915039	-69.134651
8543.298340	-69.850891
8548.681641	-70.969597
8554.064941	-72.313431
8559.448242	-73.649483
8564.831543	-74.896042
8570.214844	-76.027153
8575.598145	-77.829742
8580.981445	-81.208130
8586.364746	-84.650093
8591.748047	-82.131088
8597.131348	-78.677780
8602.514648	-76.378716
8607.897949	-74.739265
8613.281250	-73.664169
8618.664551	-73.045631
8624.047852	-73.275711
8629.431152	-74.560303
8634.814453	-76.567322
8640.197754	-78.134201
8645.581055	-78.723557
8650.964355	-78.810425
8656.347656	-76.069626
8661.730957	-72.489052
8667.114258	-69.901360
8672.497559	-68.423576
8677.880859	-67.844315
8683.264160	-67.457367
8688.647461	-67.179001
8694.030762	-66.865807
8699.414062	-66.525589
8704.797363	-66.532181
8710.180664	-66.899498
8715.563965	-67.454605
8720.947266	-68.093994
8726.330566	-68.938850
8731.713867	-70.296150
8737.097168	-71.697563
8742.480469	-72.555023
8747.863770	-73.112839
8753.247070	-73.958992
8758.630371	-75.823639
8764.013672	-79.494965
8769.396973	-85.563675
8774.780273	-85.535950
8780.163574	-78.882439
8785.546875	-74.015541
8790.930176	-70.609047
8796.313477	-68.334633
8801.696777	-66.847343
8807.080078	-65.839470
8812.463379	-64.992836
8817.846680	-64.169144
8823.229980	-63.417831
8828.613281	-62.625729
8833.996582	-62.129475
8839.379883	-61.966011
8844.763184	-62.012066
8850.146484	-62.277325
8855.529785	-62.684929
8860.913086	-63.117798
8866.296387	-63.594444
8871.679688	-64.190292
8877.062988	-64.774048
8882.446289	-65.101875
8887.829590	-65.267456
8893.212891	-65.373009
8898.596191	-65.271378
8903.979492	-64.991188
8909.362793	-64.501221
8914.746094	-63.970001
8920.129395	-63.661907
8925.512695	-63.475861
8930.895996	-63.310215
8936.279297	-63.223785
8941.662598	-63.175163
8947.045898	-63.259483
8952.429199	-63.418804
8957.812500	-63.688953
8963.195801	-64.109856
8968.579102	-64.509880
8973.962402	-64.784576
8979.345703	-64.848763
8984.729004	-64.568321
8990.112305	-64.169914
8995.495605	-63.797359
9000.878906	-63.608948
9006.262207	-63.526840
9011.645508	-63.443207
9017.028809	-63.342442
9022.412109	-63.235985
9027.795410	-63.218666
9033.178711	-63.377888
9038.562012	-63.771610
9043.945312	-64.520149
9049.328613	-65.725159
9054.711914	-67.254936
9060.095215	-68.794815
9065.478516	-70.091957
9070.861816	-71.155510
9076.245117	-72.017593
9081.628418	-72.550514
9087.011719	-72.540855
9092.395020	-72.165985
9097.778320	-71.566925
9103.161621	-70.885010
9108.544922	-70.401733
9113.928223	-70.081856
9119.311523	-70.066765
9124.694824	-69.863449
9130.078125	-69.441681
9135.461426	-69.052055
9140.844727	-68.486572
9146.228027	-67.870682
9151.611328	-67.211212
9156.994629	-66.570663
9162.377930	-66.247025
9167.761230	-66.197151
9173.144531	-66.462166
9178.527832	-67.014214
9183.911133	-67.789291
9189.294434	-68.928955
9194.677734	-70.339867
9200.061035	-71.491730
9205.444336	-72.408287
9210.827637	-73.272270
9216.210938	-74.437202
9221.594238	-75.510506
9226.977539	-75.891434
9232.360840	-75.552544
9237.744141	-74.700287
9243.127441	-73.673500
9248.510742	-72.685143
9253.894043	-72.173622
9259.277344	-72.221573
9264.660645	-72.594719
9270.043945	-73.426262
9275.427246	-74.330330
9280.810547	-74.795517
9286.193848	-75.334862
9291.577148	-75.620369
9296.960449	-76.060852
9302.343750	-76.936256
9307.727051	-77.848763
9313.110352	-79.315170
9318.493652	-80.991425
9323.876953	-82.413719
9329.260254	-82.055916
9334.643555	-79.960831
9340.026855	-77.677773
9345.410156	-75.642853
9350.793457	-74.143875
9356.176758	-73.024895
9361.560059	-72.457657
9366.943359	-72.455254
9372.326660	-72.520515
9377.709961	-72.803505
9383.093262	-73.186325
9388.476562	-72.949402
9393.859863	-72.702728
9399.243164	-72.379028
9404.626465	-71.987679
9410.009766	-71.855156
9415.393066	-71.637856
9420.776367	-71.219177
9426.159668	-70.779778
9431.542969	-70.305077
9436.926270	-69.913086
9442.309570	-69.545326
9447.692871	-69.323624
9453.076172	-69.291702
9458.459473	-69.423233
9463.842773	-69.729134
9469.226074	-70.213646
9474.609375	-70.889442
9479.992676	-71.770874
9485.375977	-73.054390
9490.759277	-74.777122
9496.142578	-77.222000
9501.525879	-79.950584
9506.909180	-81.965355
9512.292480	-80.335281
9517.675781	-77.808578
9523.059082	-75.777641
9528.442383	-74.337524
9533.825684	-73.468254
9539.208984	-72.826111
9544.592285	-72.622475
9549.975586	-72.746513
9555.358887	-73.181389
9560.742188	-74.157135
9566.125488	-75.771721
9571.508789	-78.584206
9576.892090	-83.057083
9582.275391	-89.202560
9587.658691	-86.014839
9593.041992	-79.423172
9598.425293	-75.756645
9603.808594	-73.738579
9609.191895	-73.193649
9614.575195	-73.192001
9619.958496	-73.147240
9625.341797	-73.663063
9630.725098	-74.869064
9636.108398	-76.584740
9641.491699	-77.582352
9646.875000	-76.304710
9652.258301	-73.980148
9657.641602	-71.794342
9663.024902	-70.258568
9668.408203	-69.079468
9673.791504	-67.995529
9679.174805	-66.902985
9684.558105	-65.911308
9689.941406	-65.175743
9695.324707	-64.671631
9700.708008	-64.463470
9706.091309	-64.460457
9711.474609	-64.444534
9716.857910	-64.458107
9722.241211	-64.531357
9727.624512	-64.752678
9733.007812	-65.122292
9738.391113	-65.414505
9743.774414	-65.579552
9749.157715	-65.399971
9754.541016	-65.050072
9759.924316	-64.776024
9765.307617	-64.625618
9770.690918	-64.704102
9776.074219	-64.915962
9781.457520	-65.162827
9786.840820	-65.509285
9792.224121	-66.108170
9797.607422	-67.008698
9802.990723	-68.147758
9808.374023	-69.104317
9813.757324	-69.919159
9819.140625	-70.787598
9824.523926	-71.602531
9829.907227	-72.158958
9835.290527	-72.139938
9840.673828	-71.950912
9846.057129	-71.726639
9851.440430	-71.674034
9856.823730	-71.854088
9862.207031	-72.089165
9867.590332	-72.371475
9872.973633	-72.210129
9878.356934	-71.831665
9883.740234	-71.839279
9889.123535	-72.428848
9894.506836	-73.932259
9899.890137	-76.194931
9905.273438	-79.107094
9910.656738	-83.611320
9916.040039	-90.563049
9921.423340	-88.785057
9926.806641	-81.712402
9932.189941	-78.104050
9937.573242	-75.620796
9942.956543	-73.757256
9948.339844	-72.499794
9953.723145	-71.598633
9959.106445	-71.087784
9964.489746	-70.974632
9969.873047	-71.053955
9975.256348	-71.325081
9980.639648	-71.512939
9986.022949	-71.556831
9991.406250	-71.628311
9996.789551	-71.532364
10002.172852	-71.381317
10007.556152	-70.990898
10012.939453	-70.504166
10018.322754	-70.168037
10023.706055	-70.178253
10029.089355	-70.596291
10034.472656	-71.266624
10039.855957	-71.988480
10045.239258	-72.879539
10050.622559	-73.743683
10056.005859	-74.486992
10061.389160	-75.267365
10066.772461	-75.964928
10072.155762	-76.958191
10077.539062	-78.479050
10082.922363	-80.067482
10088.305664	-81.798645
10093.688965	-82.791588
10099.072266	-83.164780
10104.455566	-82.202087
10109.838867	-80.837494
10115.222168	-79.899605
10120.605469	-78.655258
10125.988770	-77.189072
10131.372070	-76.008110
10136.755371	-74.727356
10142.138672	-73.345100
10147.521973	-72.041893
10152.905273	-70.648048
10158.288574	-69.457695
10163.671875	-68.446228
10169.055176	-67.649780
10174.438477	-67.269554
10179.821777	-67.246132
10185.205078	-67.563675
10190.588379	-68.143539
10195.971680	-68.938301
10201.354980	-70.076866
10206.738281	-71.642342
10212.121582	-73.447807
10217.504883	-74.654724
10222.888184	-74.532661
10228.271484	-74.246864
10233.654785	-74.167534
10239.038086	-74.250824
10244.421387	-74.527657
10249.804688	-74.929779
10255.187988	-75.611458
10260.571289	-76.289986
10265.954590	-76.179871
10271.337891	-75.878319
10276.721191	-75.438339
10282.104492	-75.130180
10287.487793	-75.167694
10292.871094	-75.494957
10298.254395	-76.159111
10303.637695	-77.692299
10309.020996	-79.965538
10314.404297	-82.053261
10319.787598	-81.265060
10325.170898	-79.366997
10330.554199	-77.644493
10335.937500	-75.424553
10341.320801	-73.313103
10346.704102	-71.645409
10352.087402	-70.671822
10357.470703	-70.019531
10362.854004	-69.472054
10368.237305	-68.968117
10373.620605	-68.569702
10379.003906	-68.372780
10384.387207	-68.533646
10389.770508	-68.943710
10395.153809	-69.703079
10400.537109	-70.766510
10405.920410	-72.288536
10411.303711	-74.639870
10416.687012	-77.747940
10422.070312	-81.246841
10427.453613	-82.061508
10432.836914	-80.176247
10438.220215	-78.949837
10443.603516	-78.472404
10448.986816	-78.193588
10454.370117	-77.204605
10459.753418	-76.544418
10465.136719	-76.486145
10470.520020	-77.073959
10475.903320	-78.737335
10481.286621	-79.776611
10486.669922	-79.723701
10492.053223	-79.034821
10497.436523	-77.578278
10502.819824	-76.216072
10508.203125	-74.565392
10513.586426	-73.235001
10518.969727	-72.465858
10524.353027	-72.034790
10529.736328	-72.055496
10535.119629	-72.303795
10540.502930	-72.581764
10545.886230	-72.802055
10551.269531	-72.933151
10556.652832	-73.278107
10562.036133	-74.102539
10567.419434	-75.313309
10572.802734	-76.895752
10578.186035	-78.417908
10583.569336	-80.097244
10588.952637	-82.596886
10594.335938	-85.993843
10599.719238	-87.384308
10605.102539	-82.998413
10610.485840	-79.859299
10615.869141	-77.797775
10621.252441	-76.601654
10626.635742	-75.908752
10632.019043	-75.570107
10637.402344	-75.734489
10642.785645	-76.263062
10648.168945	-76.736397
10653.552246	-77.065643
10658.935547	-77.306351
10664.318848	-77.656914
10669.702148	-78.315804
10675.085449	-78.718765
10680.468750	-78.795799
10685.852051	-78.538475
10691.235352	-77.338974
10696.618652	-76.049194
10702.001953	-74.761948
10707.385254	-73.774765
10712.768555	-73.299950
10718.151855	-73.170120
10723.535156	-73.602051
10728.918457	-74.704750
10734.301758	-75.940620
10739.685059	-77.573448
10745.068359	-79.697655
10750.451660	-82.387054
10755.834961	-85.915848
10761.218262	-85.187927
10766.601562	-80.480171
10771.984863	-76.854973
10777.368164	-74.597321
10782.751465	-72.861885
10788.134766	-71.663528
10793.518066	-70.824059
10798.901367	-70.143692
10804.284668	-69.717941
10809.667969	-69.356499
10815.051270	-69.277985
10820.434570	-69.447403
10825.817871	-69.818253
10831.201172	-70.276184
10836.584473	-70.533340
10841.967773	-70.689949
10847.351074	-70.940094
10852.734375	-70.955894
10858.117676	-70.775223
10863.500977	-70.244949
10868.884277	-69.578575
10874.267578	-68.935516
10879.650879	-68.356140
10885.034180	-68.086487
10890.417480	-67.996277
10895.800781	-68.004059
10901.184082	-68.103172
10906.567383	-68.210205
10911.950684	-68.392303
10917.333984	-68.632004
10922.717285	-68.903893
10928.100586	-69.288795
10933.483887	-69.696976
10938.867188	-70.114082
10944.250488	-70.703133
10949.633789	-71.181053
10955.017090	-71.458305
10960.400391	-71.632980
10965.783691	-71.778152
10971.166992	-71.909782
10976.550293	-71.875015
10981.933594	-71.713852
10987.316895	-71.511917
10992.700195	-71.406189
10998.083496	-71.549561
11003.466797	-71.874084
11008.850098	-72.211830
11014.233398	-72.650803
11019.616699	-72.994644
11025.000000	-73.683395
11030.383301	-74.585526
11035.766602	-75.722206
11041.149902	-77.312881
11046.533203	-79.465294
11051.916504	-82.279167
11057.299805	-85.679581
11062.683105	-87.193817
11068.066406	-84.627449
11073.449707	-80.903206
11078.833008	-78.155777
11084.216309	-75.908531
11089.599609	-73.986809
11094.982910	-72.444672
11100.366211	-71.181465
11105.749512	-70.370560
11111.132812	-69.942909
11116.516113	-69.799065
11121.899414	-69.875473
11127.282715	-70.009407
11132.666016	-70.188492
11138.049316	-70.577156
11143.432617	-71.212036
11148.815918	-72.061035
11154.199219	-73.180183
11159.582520	-74.030060
11164.965820	-74.696358
11170.349121	-74.921516
11175.732422	-74.952675
11181.115723	-75.008812
11186.499023	-74.536682
11191.882324	-73.689972
11197.265625	-72.513260
11202.648926	-71.309837
11208.032227	-70.142113
11213.415527	-69.228043
11218.798828	-68.850044
11224.182129	-68.756813
11229.565430	-69.000229
11234.948730	-69.517395
11240.332031	-70.003006
11245.715332	-70.675362
11251.098633	-71.547729
11256.481934	-72.599197
11261.865234	-73.682487
11267.248535	-74.425545
11272.631836	-74.941597
11278.015137	-75.214218
11283.398438	-75.411873
11288.781738	-76.234825
11294.165039	-77.777351
11299.548340	-80.483261
11304.931641	-84.596939
11310.314941	-87.952591
11315.698242	-85.320564
11321.081543	-81.621315
11326.464844	-78.552368
11331.848145	-76.705688
11337.231445	-75.699974
11342.614746	-75.171654
11347.998047	-75.221046
11353.381348	-75.679596
11358.764648	-76.675194
11364.147949	-78.355042
11369.531250	-79.821594
11374.914551	-80.025009
11380.297852	-78.752434
11385.681152	-77.265572
11391.064453	-76.356232
11396.447754	-75.891342
11401.831055	-75.919945
11407.214355	-76.018845
11412.597656	-76.342072
11417.980957	-76.815422
11423.364258	-77.205254
11428.747559	-78.017250
11434.130859	-79.097557
11439.514160	-80.483246
11444.897461	-82.000534
11450.280762	-83.306831
11455.664062	-85.623917
11461.047363	-89.862930
11466.430664	-95.774200
11471.813965	-93.080956
11477.197266	-88.095291
11482.580566	-85.430191
11487.963867	-84.283936
11493.347168	-84.463951
11498.730469	-85.185455
11504.113770	-86.965775
11509.497070	-89.846893
11514.880371	-90.915581
11520.263672	-89.698494
11525.646973	-87.056419
11531.030273	-85.385300
11536.413574	-83.826157
11541.796875	-82.537399
11547.180176	-81.702606
11552.563477	-80.869034
11557.946777	-80.974159
11563.330078	-81.369102
11568.713379	-81.852859
11574.096680	-82.117767
11579.479980	-81.519836
11584.863281	-80.339325
11590.246582	-78.805023
11595.629883	-77.038345
11601.013184	-75.409790
11606.396484	-73.944305
11611.779785	-72.721436
11617.163086	-71.951317
11622.546387	-71.295563
11627.929688	-70.835472
11633.312988	-70.289597
11638.696289	-69.707626
11644.079590	-69.392509
11649.462891	-69.187538
11654.846191	-69.229424
11660.229492	-69.336044
11665.612793	-69.382843
11670.996094	-69.498596
11676.379395	-69.625168
11681.762695	-69.839638
11687.145996	-70.251755
11692.529297	-70.742599
11697.912598	-71.555450
11703.295898	-72.443741
11708.679199	-73.420746
11714.062500	-74.566986
11719.445801	-75.580803
11724.829102	-76.469658
11730.212402	-77.238426
11735.595703	-78.080170
11740.979004	-79.130661
11746.362305	-79.957275
11751.745605	-81.094177
11757.128906	-82.235176
11762.512207	-81.941093
11767.895508	-80.549141
11773.278809	-78.959106
11778.662109	-77.564377
11784.045410	-76.518456
11789.428711	-75.758530
11794.812012	-75.259834
11800.195312	-75.119522
11805.578613	-75.121880
11810.961914	-75.204567
11816.345215	-75.461372
11821.728516	-75.479309
11827.111816	-75.348785
11832.495117	-74.699295
11837.878418	-73.861130
11843.261719	-73.186844
11848.645020	-72.642525
11854.028320	-72.521194
11859.411621	-72.728638
11864.794922	-73.133987
11870.178223	-74.029549
11875.561523	-75.070953
11880.944824	-76.087158
11886.328125	-77.335365
11891.711426	-78.609482
11897.094727	-80.426682
11902.478027	-82.993896
11907.861328	-85.072922
11913.244629	-86.476784
11918.627930	-86.256638
11924.011230	-84.519585
11929.394531	-83.060165
11934.777832	-81.520142
11940.161133	-80.163406
11945.544434	-79.317688
11950.927734	-78.667336
11956.311035	-77.599457
11961.694336	-77.034492
11967.077637	-76.589211
11972.460938	-76.139671
11977.844238	-75.899124
11983.227539	-75.635620
11988.610840	-75.517433
11993.994141	-75.640793
11999.377441	-75.749413
12004.760742	-76.088051
12010.144043	-76.375381
12015.527344	-76.289650
12020.910645	-76.388748
12026.293945	-76.270309
12031.677246	-76.060959
12037.060547	-76.129410
12042.443848	-76.019684
12047.827148	-76.110847
12053.210449	-76.152489
12058.593750	-76.567352
12063.977051	-77.350800
12069.360352	-78.126198
12074.743652	-79.177795
12080.126953	-80.400787
12085.510254	-81.479385
12090.893555	-83.419930
12096.276855	-85.783844
12101.660156	-88.570610
12107.043457	-87.499084
12112.426758	-84.948875
12117.810059	-83.264709
12123.193359	-81.836098
12128.576660	-80.828224
12133.959961	-79.625168
12139.343262	-79.031960
12144.726562	-79.037949
12150.109863	-79.733917
12155.493164	-81.128853
12160.876465	-83.306702
12166.259766	-86.874634
12171.643066	-89.811813
12177.026367	-87.044441
12182.409668	-82.407333
12187.792969	-79.379257
12193.176270	-77.374718
12198.559570	-75.773361
12203.942871	-74.667717
12209.326172	-74.048798
12214.709473	-73.861473
12220.092773	-74.088364
12225.476074	-74.659019
12230.859375	-75.545670
12236.242676	-76.891220
12241.625977	-78.121414
12247.009277	-79.780045
12252.392578	-81.540810
12257.775879	-82.887909
12263.159180	-83.982513
12268.542480	-84.303848
12273.925781	-84.318901
12279.309082	-84.024185
12284.692383	-83.250023
12290.075684	-82.428444
12295.458984	-81.623619
12300.842285	-80.616676
12306.225586	-80.016243
12311.608887	-79.300003
12316.992188	-78.548752
12322.375488	-77.775818
12327.758789	-77.082840
12333.142090	-76.897232
12338.525391	-77.378242
12343.908691	-78.142120
12349.291992	-79.248314
12354.675293	-80.063683
12360.058594	-80.750542
12365.441895	-80.093040
12370.825195	-77.864456
12376.208496	-75.329689
12381.591797	-72.982834
12386.975098	-71.271446
12392.358398	-69.955956
12397.741699	-69.062782
12403.125000	-68.595253
12408.508301	-68.334167
12413.891602	-68.394814
12419.274902	-68.643036
12424.658203	-69.077232
12430.041504	-69.608536
12435.424805	-70.095695
12440.808105	-70.398193
12446.191406	-70.282623
12451.574707	-69.879906
12456.958008	-69.393295
12462.341309	-68.995377
12467.724609	-68.946297
12473.107910	-69.034019
12478.491211	-69.314423
12483.874512	-69.839317
12489.257812	-70.446640
12494.641113	-71.376724
12500.024414	-72.554855
12505.407715	-73.876640
12510.791016	-75.759979
12516.174316	-78.317032
12521.557617	-81.858200
12526.940918	-86.778870
12532.324219	-88.239159
12537.707520	-84.137520
12543.090820	-80.911926
12548.474121	-78.340599
12553.857422	-76.813881
12559.240723	-75.898262
12564.624023	-75.207603
12570.007324	-75.098724
12575.390625	-75.184769
12580.773926	-75.249825
12586.157227	-75.504524
12591.540527	-75.424400
12596.923828	-75.045753
12602.307129	-74.283783
12607.690430	-73.474274
12613.073730	-72.941040
12618.457031	-72.476570
12623.840332	-72.381401
12629.223633	-72.490479
12634.606934	-72.829720
12639.990234	-73.406807
12645.373535	-73.986259
12650.756836	-74.647377
12656.140137	-75.233086
12661.523438	-75.500748
12666.906738	-75.795494
12672.290039	-76.060287
12677.673340	-75.983109
12683.056641	-75.840233
12688.439941	-75.463707
12693.823242	-74.893440
12699.206543	-74.388718
12704.589844	-73.600784
12709.973145	-72.862259
12715.356445	-72.258263
12720.739746	-71.651657
12726.123047	-71.393089
12731.506348	-71.338234
12736.889648	-71.449364
12742.272949	-71.713364
12747.656250	-71.976562
12753.039551	-72.317886
12758.422852	-72.833801
12763.806152	-73.475388
12769.189453	-74.204773
12774.572754	-75.121948
12779.956055	-76.377800
12785.339355	-78.223831
12790.722656	-80.532936
12796.105957	-83.543823
12801.489258	-86.085182
12806.872559	-84.912926
12812.255859	-81.827232
12817.639160	-79.500076
12823.022461	-77.964516
12828.405762	-77.087669
12833.789062	-76.588921
12839.172363	-76.401779
12844.555664	-76.837563
12849.938965	-77.343330
12855.322266	-78.025314
12860.705566	-78.731857
12866.088867	-78.910217
12871.472168	-78.974609
12876.855469	-78.622887
12882.238770	-78.281509
12887.622070	-77.780609
12893.005371	-77.248535
12898.388672	-76.948120
12903.771973	-76.684021
12909.155273	-76.657471
12914.538574	-76.938225
12919.921875	-77.419510
12925.305176	-77.932457
12930.688477	-78.258781
12936.071777	-78.355515
12941.455078	-78.256821
12946.838379	-77.797295
12952.221680	-77.512779
12957.604980	-77.087387
12962.988281	-76.723534
12968.371582	-76.739868
12973.754883	-76.830070
12979.138184	-77.009239
12984.521484	-77.299126
12989.904785	-77.679924
12995.288086	-78.336403
13000.671387	-79.148026
13006.054688	-79.977219
13011.437988	-81.045830
13016.821289	-81.976776
13022.204590	-82.533318
13027.587891	-82.833748
13032.971191	-82.166832
13038.354492	-81.606583
13043.737793	-80.812057
13049.121094	-79.861786
13054.504395	-79.367462
13059.887695	-79.099449
13065.270996	-78.762177
13070.654297	-78.728561
13076.037598	-78.907013
13081.420898	-79.128159
13086.804199	-79.879196
13092.187500	-80.391602
13097.570801	-80.888023
13102.954102	-81.437225
13108.337402	-81.712006
13113.720703	-81.788002
13119.104004	-82.086990
13124.487305	-82.339546
13129.870605	-82.849358
13135.253906	-83.500969
13140.637207	-84.130852
13146.020508	-84.351601
13151.403809	-84.022614
13156.787109	-83.253166
13162.170410	-81.579826
13167.553711	-80.068092
13172.937012	-78.791428
13178.320312	-77.469948
13183.703613	-76.307724
13189.086914	-75.422401
13194.470215	-74.720589
13199.853516	-73.992638
13205.236816	-73.260399
13210.620117	-72.708916
13216.003418	-72.063293
13221.386719	-71.519875
13226.770020	-71.108917
13232.153320	-70.632652
13237.536621	-70.314850
13242.919922	-70.099442
13248.303223	-70.015991
13253.686523	-70.050598
13259.069824	-70.124405
13264.453125	-70.376152
13269.836426	-70.844818
13275.219727	-71.254242
13280.603027	-71.774788
13285.986328	-72.503342
13291.369629	-73.388710
13296.752930	-74.405006
13302.136230	-75.542435
13307.519531	-76.891167
13312.902832	-78.379883
13318.286133	-79.935646
13323.669434	-81.475807
13329.052734	-83.155556
13334.436035	-85.301163
13339.819336	-88.301865
13345.202637	-90.782822
13350.585938	-90.974304
13355.969238	-87.806419
13361.352539	-85.172852
13366.735840	-83.038940
13372.119141	-81.661499
13377.502441	-80.983604
13382.885742	-80.797867
13388.269043	-81.283913
13393.652344	-82.180717
13399.035645	-83.302849
13404.418945	-84.788277
13409.802246	-86.966202
13415.185547	-90.405487
13420.568848	-91.693764
13425.952148	-89.526711
13431.335449	-86.654327
13436.718750	-84.549110
13442.102051	-82.962997
13447.485352	-81.653214
13452.868652	-80.646446
13458.251953	-79.491661
13463.635254	-78.697350
13469.018555	-78.160286
13474.401855	-77.558983
13479.785156	-77.325256
13485.168457	-77.267426
13490.551758	-77.064583
13495.935059	-76.920906
13501.318359	-76.538254
13506.701660	-75.773178
13512.084961	-74.959045
13517.468262	-74.065567
13522.851562	-73.261841
13528.234863	-72.752403
13533.618164	-72.426865
13539.001465	-72.332939
13544.384766	-72.444794
13549.768066	-72.634789
13555.151367	-72.876633
13560.534668	-72.961212
13565.917969	-72.862511
13571.301270	-72.789261
13576.684570	-72.601456
13582.067871	-72.557091
13587.451172	-72.531281
13592.834473	-72.550163
13598.217773	-72.732658
13603.601074	-73.002487
13608.984375	-73.219734
13614.367676	-73.273705
13619.750977	-73.225235
13625.134277	-73.030449
13630.517578	-72.704521
13635.900879	-72.519379
13641.284180	-72.314285
13646.667480	-72.330620
13652.050781	-72.579788
13657.434082	-72.962433
13662.817383	-73.584587
13668.200684	-74.545288
13673.583984	-75.543243
13678.967285	-76.826866
13684.350586	-78.096085
13689.733887	-79.589470
13695.117188	-81.469337
13700.500488	-83.942421
13705.883789	-86.650688
13711.267090	-86.126511
13716.650391	-82.874596
13722.033691	-79.975388
13727.416992	-77.409721
13732.800293	-75.542221
13738.183594	-74.214218
13743.566895	-73.425591
13748.950195	-72.970543
13754.333496	-72.903770
13759.716797	-73.129425
13765.100098	-73.835075
13770.483398	-75.031273
13775.866699	-76.438736
13781.250000	-77.863426
13786.633301	-78.059196
13792.016602	-77.239197
13797.399902	-75.910889
13802.783203	-74.746124
13808.166504	-73.937370
13813.549805	-73.477852
13818.933105	-73.257080
13824.316406	-73.197205
13829.699707	-73.372444
13835.083008	-73.767220
13840.466309	-74.171265
13845.849609	-74.758553
13851.232910	-75.542381
13856.616211	-76.414574
13861.999512	-77.624725
13867.382812	-79.125107
13872.766113	-80.680275
13878.149414	-81.301872
13883.532715	-80.689697
13888.916016	-78.857124
13894.299316	-77.001060
13899.682617	-75.725052
13905.065918	-74.707474
13910.449219	-74.298027
13915.832520	-74.247597
13921.215820	-74.472916
13926.599121	-74.991707
13931.982422	-75.693336
13937.365723	-76.553497
13942.749023	-77.204933
13948.132324	-77.688301
13953.515625	-78.314690
13958.898926	-78.906197
13964.282227	-79.733437
13969.665527	-80.622231
13975.048828	-81.823608
13980.432129	-83.625671
13985.815430	-85.200577
13991.198730	-84.793045
13996.582031	-84.120575
14001.965332	-82.962151
14007.348633	-82.508087
14012.731934	-82.988876
14018.115234	-84.127235
14023.498535	-86.200844
14028.881836	-91.022102
14034.265137	-98.638290
14039.648438	-90.739090
14045.031738	-84.748055
14050.415039	-81.294327
14055.798340	-78.836021
14061.181641	-77.118584
14066.564941	-75.903069
14071.948242	-74.940742
14077.331543	-74.247002
14082.714844	-73.817276
14088.098145	-73.619545
14093.481445	-73.634644
14098.864746	-73.690880
14104.248047	-74.065575
14109.631348	-74.686836
14115.014648	-75.472160
14120.397949	-76.689339
14125.781250	-78.199684
14131.164551	-79.974655
14136.547852	-82.133614
14141.931152	-83.343506
14147.314453	-83.124268
14152.697754	-82.510307
14158.081055	-81.063911
14163.464355	-79.822197
14168.847656	-79.449638
14174.230957	-79.109665
14179.614258	-79.078720
14184.997559	-79.231140
14190.380859	-79.251808
14195.764160	-79.423752
14201.147461	-79.365509
14206.530762	-79.056358
14211.914062	-78.865402
14217.297363	-78.703461
14222.680664	-78.526588
14228.063965	-78.708427
14233.447266	-78.967819
14238.830566	-79.525429
14244.213867	-80.117249
14249.597168	-80.720634
14254.980469	-81.303314
14260.363770	-81.630707
14265.747070	-82.104263
14271.130371	-82.560509
14276.513672	-82.622063
14281.896973	-82.752121
14287.280273	-82.767227
14292.663574	-82.896317
14298.046875	-83.548050
14303.430176	-84.058830
14308.813477	-84.542999
14314.196777	-84.340179
14319.580078	-82.971642
14324.963379	-81.369316
14330.346680	-79.386925
14335.729980	-77.650612
14341.113281	-76.067848
14346.496582	-74.618042
14351.879883	-73.346245
14357.263184	-72.201797
14362.646484	-71.258781
14368.029785	-70.545952
14373.413086	-70.017395
14378.796387	-69.621696
14384.179688	-69.365448
14389.562988	-69.207298
14394.946289	-69.201408
14400.329590	-69.279388
14405.712891	-69.463760
14411.096191	-69.740311
14416.479492	-70.085426
14421.862793	-70.464996
14427.246094	-70.803062
14432.629395	-71.193283
14438.012695	-71.705887
14443.395996	-72.194427
14448.779297	-72.793320
14454.162598	-73.501381
14459.545898	-74.305328
14464.929199	-75.186134
14470.312500	-75.992897
14475.695801	-76.910728
14481.079102	-77.685539
14486.462402	-78.506233
14491.845703	-79.566818
14497.229004	-80.774437
14502.612305	-82.212219
14507.995605	-83.725998
14513.378906	-85.208939
14518.762207	-86.897827
14524.145508	-88.336426
14529.528809	-90.570831
14534.912109	-91.865868
14540.295410	-92.657349
14545.678711	-93.168953
14551.062012	-90.755493
14556.445312	-86.930008
14561.828613	-83.649872
14567.211914	-80.875641
14572.595215	-78.677673
14577.978516	-76.972481
14583.361816	-75.570984
14588.745117	-74.547943
14594.128418	-73.855965
14599.511719	-73.333778
14604.895020	-73.110733
14610.278320	-73.098114
14615.661621	-73.219971
14621.044922	-73.622482
14626.428223	-74.013580
14631.811523	-74.558678
14637.194824	-75.167244
14642.578125	-75.622246
14647.961426	-76.256882
14653.344727	-76.818481
14658.728027	-77.511993
14664.111328	-78.365242
14669.494629	-79.224121
14674.877930	-80.640778
14680.261230	-82.197510
14685.644531	-83.923996
14691.027832	-85.143066
14696.411133	-84.856224
14701.794434	-83.762886
14707.177734	-82.034203
14712.561035	-80.632668
14717.944336	-79.663475
14723.327637	-79.199417
14728.710938	-79.052879
14734.094238	-79.226730
14739.477539	-79.835381
14744.860840	-80.284935
14750.244141	-80.404274
14755.627441	-80.346695
14761.010742	-79.949287
14766.394043	-79.853065
14771.777344	-80.298584
14777.160645	-81.476097
14782.543945	-83.604431
14787.927246	-85.804688
14793.310547	-86.783150
14798.693848	-84.585510
14804.077148	-82.214897
14809.460449	-80.392006
14814.843750	-79.118134
14820.227051	-78.362000
14825.610352	-77.802048
14830.993652	-78.045448
14836.376953	-78.407433
14841.760254	-79.212685
14847.143555	-80.569763
14852.526855	-81.831131
14857.910156	-82.303261
14863.293457	-82.228668
14868.676758	-81.493546
14874.060059	-80.624725
14879.443359	-79.955376
14884.826660	-79.341454
14890.209961	-78.630516
14895.593262	-78.140396
14900.976562	-77.647484
14906.359863	-77.200500
14911.743164	-76.827583
14917.126465	-76.490723
14922.509766	-76.605003
14927.893066	-76.854118
14933.276367	-77.415359
14938.659668	-78.090530
14944.042969	-78.682083
14949.426270	-79.376945
14954.809570	-79.281769
14960.192871	-78.723869
14965.576172	-77.848625
14970.959473	-77.055550
14976.342773	-76.505074
14981.726074	-75.984604
14987.109375	-75.895020
14992.492676	-75.967140
14997.875977	-76.315887
15003.259277	-77.000992
15008.642578	-77.456215
15014.025879	-77.957863
15019.409180	-78.439781
15024.792480	-78.932861
15030.175781	-79.757553
15035.559082	-80.523079
15040.942383	-81.925095
15046.325684	-84.411339
15051.708984	-87.971954
15057.092285	-91.571793
15062.475586	-88.128700
15067.858887	-82.929024
15073.242188	-79.530693
15078.625488	-77.233475
15084.008789	-75.586830
15089.392090	-74.423004
15094.775391	-73.712456
15100.158691	-73.256523
15105.541992	-73.138527
15110.925293	-73.042862
15116.308594	-73.184883
15121.691895	-73.360542
15127.075195	-73.442558
15132.458496	-73.643150
15137.841797	-73.798203
15143.225098	-74.029045
15148.608398	-74.452011
15153.991699	-75.181740
15159.375000	-75.928299
15164.758301	-77.112480
15170.141602	-78.320717
15175.524902	-79.631767
15180.908203	-81.021797
15186.291504	-82.346008
15191.674805	-83.427719
15197.058105	-83.539291
15202.441406	-83.014328
15207.824707	-81.866730
15213.208008	-80.493820
15218.591309	-79.534698
15223.974609	-78.655914
15229.357910	-77.742920
15234.741211	-77.135559
15240.124512	-76.615311
15245.507812	-76.511177
15250.891113	-76.529068
15256.274414	-76.739128
15261.657715	-77.249260
15267.041016	-77.584465
15272.424316	-78.037460
15277.807617	-78.424126
15283.190918	-78.471619
15288.574219	-78.573410
15293.957520	-78.347420
15299.340820	-77.920952
15304.724121	-77.478355
15310.107422	-76.895630
15315.490723	-76.313560
15320.874023	-75.882095
15326.257324	-75.434555
15331.640625	-75.192368
15337.023926	-75.022652
15342.407227	-75.011330
15347.790527	-75.254631
15353.173828	-75.557014
15358.557129	-76.026489
15363.940430	-76.793877
15369.323730	-77.582939
15374.707031	-78.492439
15380.090332	-79.275970
15385.473633	-80.356354
15390.856934	-81.448494
15396.240234	-82.467171
15401.623535	-83.873489
15407.006836	-85.617638
15412.390137	-87.747223
15417.773438	-91.327530
15423.156738	-95.655457
15428.540039	-100.214844
15433.923340	-99.866417
15439.306641	-94.892960
15444.689941	-93.270584
15450.073242	-91.546051
15455.456543	-90.893402
15460.839844	-90.307823
15466.223145	-89.992371
15471.606445	-89.793755
15476.989746	-89.828148
15482.373047	-90.350967
15487.756348	-91.002480
15493.139648	-90.297371
15498.522949	-89.220146
15503.906250	-87.660027
15509.289551	-86.678047
15514.672852	-85.879700
15520.056152	-85.067146
15525.439453	-84.702530
15530.822754	-84.071144
15536.206055	-83.027779
15541.589355	-81.593933
15546.972656	-80.510597
15552.355957	-79.555733
15557.739258	-78.481522
15563.122559	-77.759819
15568.505859	-77.310921
15573.889160	-76.736542
15579.272461	-76.618179
15584.655762	-76.520996
15590.039062	-76.367790
15595.422363	-76.392525
15600.805664	-76.328514
15606.188965	-76.543907
15611.572266	-76.793045
15616.955566	-76.881035
15622.338867	-77.070465
15627.722168	-77.390305
15633.105469	-77.925468
15638.488770	-78.532562
15643.872070	-79.253540
15649.255371	-80.250481
15654.638672	-81.516815
15660.021973	-82.660583
15665.405273	-84.038757
15670.788574	-84.708916
15676.171875	-84.869537
15681.555176	-83.783905
15686.938477	-82.600555
15692.321777	-81.246117
15697.705078	-80.135002
15703.088379	-79.522392
15708.471680	-78.842369
15713.854980	-78.269501
15719.238281	-77.913406
15724.621582	-77.498543
15730.004883	-77.331696
15735.388184	-77.145607
15740.771484	-76.832489
15746.154785	-76.652336
15751.538086	-76.355392
15756.921387	-76.204964
15762.304688	-76.006371
15767.687988	-75.817055
15773.071289	-76.053261
15778.454590	-76.482040
15783.837891	-77.276764
15789.221191	-78.518875
15794.604492	-79.847473
15799.987793	-81.417809
15805.371094	-82.843742
15810.754395	-83.548515
15816.137695	-83.255966
15821.520996	-82.030075
15826.904297	-81.010857
15832.287598	-79.972832
15837.670898	-79.199837
15843.054199	-78.398285
15848.437500	-77.553101
15853.820801	-76.732323
15859.204102	-76.012207
15864.587402	-75.509468
15869.970703	-75.075447
15875.354004	-74.920189
15880.737305	-75.024445
15886.120605	-75.359703
15891.503906	-76.088898
15896.887207	-77.114098
15902.270508	-78.214012
15907.653809	-78.776497
15913.037109	-78.250610
15918.420410	-77.276497
15923.803711	-76.294350
15929.187012	-75.454567
15934.570312	-74.756668
15939.953613	-74.100121
15945.336914	-73.826668
15950.720215	-73.757111
15956.103516	-73.787498
15961.486816	-74.026215
15966.870117	-74.249702
15972.253418	-74.738716
15977.636719	-75.082428
15983.020020	-75.369949
15988.403320	-75.912331
15993.786621	-76.362061
15999.169922	-76.716873
16004.553223	-77.177338
16009.936523	-77.673164
16015.319824	-78.478630
16020.703125	-79.410767
16026.086426	-80.467346
16031.469727	-82.140907
16036.853027	-83.766533
16042.236328	-86.094315
16047.619629	-88.720024
16053.002930	-91.062004
16058.386230	-93.923653
16063.769531	-94.361290
16069.152832	-95.146904
16074.536133	-97.322914
16079.919434	-97.378456
16085.302734	-97.461563
16090.686035	-99.160385
16096.069336	-97.740547
16101.452637	-96.752312
16106.835938	-97.957916
16112.219238	-100.085022
16117.602539	-98.073647
16122.985840	-96.173164
16128.369141	-90.895569
16133.752441	-87.662560
16139.135742	-85.450081
16144.519043	-83.686844
16149.902344	-82.277542
16155.285645	-81.567757
16160.668945	-80.783455
16166.052246	-80.782326
16171.435547	-81.203224
16176.818848	-81.709160
16182.202148	-82.791214
16187.585449	-84.298470
16192.968750	-85.992630
16198.352051	-87.774353
16203.735352	-89.941795
16209.118652	-89.535225
16214.501953	-89.598358
16219.885254	-88.792488
16225.268555	-87.109703
16230.651855	-85.781746
16236.035156	-84.938232
16241.418457	-83.615318
16246.801758	-82.729599
16252.185059	-81.716095
16257.568359	-80.741661
16262.951660	-80.232803
16268.334961	-79.843033
16273.718262	-79.599297
16279.101562	-79.540497
16284.484863	-79.405251
16289.868164	-79.829376
16295.251465	-80.275703
16300.634766	-80.768120
16306.018066	-81.397346
16311.401367	-81.758270
16316.784668	-82.246201
16322.167969	-82.776871
16327.551270	-83.039062
16332.934570	-83.633301
16338.317871	-84.152908
16343.701172	-85.418671
16349.084473	-86.761917
16354.467773	-88.370285
16359.851074	-90.909492
16365.234375	-91.388893
16370.617676	-88.979691
16376.000977	-86.024330
16381.384277	-84.413246
16386.767578	-83.530479
16392.150879	-83.146278
16397.534180	-83.496147
16402.917480	-84.303108
16408.300781	-85.380150
16413.684082	-86.967339
16419.067383	-88.695801
16424.450684	-91.367027
16429.833984	-94.472832
16435.217285	-99.571960
16440.600586	-105.882729
16445.983887	-100.544113
16451.367188	-95.735191
16456.750488	-93.392288
16462.133789	-91.538795
16467.517090	-90.233215
16472.900391	-89.558388
16478.283691	-88.326286
16483.666992	-87.389603
16489.050293	-87.332573
16494.433594	-86.669975
16499.816895	-86.080994
16505.200195	-86.088654
16510.583496	-85.621872
16515.966797	-85.845047
16521.350098	-86.455917
16526.733398	-86.481789
16532.116699	-86.802811
16537.500000	-85.583633
16542.883301	-83.901009
16548.266602	-82.099121
16553.649902	-80.461502
16559.033203	-79.321526
16564.416504	-78.199913
16569.799805	-77.591026
16575.183105	-77.444160
16580.566406	-77.684723
16585.949707	-78.368263
16591.333008	-79.210403
16596.716309	-80.470108
16602.099609	-82.151672
16607.482910	-83.738708
16612.866211	-85.755981
16618.249512	-88.040268
16623.632812	-91.246246
16629.016113	-96.398621
16634.399414	-101.650368
16639.782715	-95.298698
16645.166016	-91.450516
16650.549316	-88.072350
16655.932617	-85.808136
16661.315918	-84.447021
16666.699219	-83.346947
16672.082520	-82.771004
16677.465820	-81.999405
16682.849121	-81.335503
16688.232422	-81.172424
16693.615723	-80.473991
16698.999023	-79.959518
16704.382324	-79.745125
16709.765625	-79.423683
16715.148926	-79.247322
16720.532227	-79.010139
16725.915527	-78.862297
16731.298828	-79.116508
16736.682129	-79.349991
16742.065430	-79.773293
16747.448730	-80.504074
16752.832031	-80.853600
16758.215332	-81.618500
16763.598633	-82.146774
16768.981934	-82.442467
16774.365234	-82.610420
16779.748535	-82.163780
16785.131836	-81.797775
16790.515137	-81.071495
16795.898438	-80.459198
16801.281738	-80.262131
16806.665039	-79.804413
16812.048340	-79.511131
16817.431641	-79.495667
16822.814941	-79.480995
16828.198242	-79.559875
16833.581543	-79.764984
16838.964844	-80.050240
16844.348145	-80.778725
16849.731445	-81.445122
16855.114746	-81.944237
16860.498047	-82.845650
16865.881348	-83.518829
16871.264648	-84.251953
16876.647949	-85.019821
16882.031250	-85.181473
16887.414551	-84.842590
16892.797852	-84.469955
16898.181152	-83.862823
16903.564453	-83.705055
16908.947754	-83.259346
16914.331055	-83.105049
16919.714355	-83.603943
16925.097656	-83.683739
16930.480957	-84.261505
16935.864258	-85.504242
16941.247559	-86.017838
16946.630859	-86.551910
16952.014160	-86.879753
16957.397461	-86.744362
16962.780762	-86.870987
16968.164062	-86.314766
16973.547363	-85.381279
16978.930664	-84.865257
16984.313965	-83.628555
16989.697266	-82.902931
16995.080566	-82.311630
17000.463867	-81.881027
17005.847168	-81.662117
17011.230469	-81.600945
17016.613770	-81.505081
17021.997070	-81.547333
17027.380371	-81.307648
17032.763672	-81.413834
17038.146973	-81.188416
17043.530273	-80.736938
17048.913574	-80.597176
17054.296875	-80.356407
17059.680176	-80.380272
17065.063477	-80.550011
17070.446777	-80.914635
17075.830078	-81.323181
17081.213379	-81.126419
17086.596680	-81.172882
17091.979980	-80.942322
17097.363281	-80.457336
17102.746582	-80.037796
17108.129883	-79.523193
17113.513184	-79.301743
17118.896484	-79.214554
17124.279785	-78.964455
17129.663086	-78.831619
17135.046387	-78.863579
17140.429688	-79.046745
17145.812988	-79.650627
17151.196289	-80.256805
17156.579590	-80.835258
17161.962891	-81.543076
17167.346191	-82.234932
17172.729492	-83.042412
17178.112793	-83.554451
17183.496094	-83.675972
17188.879395	-83.794388
17194.262695	-83.663689
17199.645996	-83.747742
17205.029297	-83.833153
17210.412598	-83.959274
17215.795898	-84.938179
17221.179199	-85.950432
17226.562500	-87.544868
17231.945801	-89.787407
17237.329102	-93.112259
17242.712402	-97.619713
17248.095703	-103.683189
17253.479004	-101.514992
17258.862305	-97.434715
17264.245605	-95.681946
17269.628906	-94.784546
17275.012207	-93.894325
17280.395508	-95.790207
17285.778809	-96.886726
17291.162109	-96.697380
17296.545410	-96.375473
17301.928711	-96.156197
17307.312012	-96.058922
17312.695312	-95.144104
17318.078613	-95.960052
17323.461914	-97.933060
17328.845215	-98.623100
17334.228516	-101.367851
17339.611816	-97.122726
17344.995117	-92.308075
17350.378418	-88.724876
17355.761719	-86.197205
17361.145020	-84.457672
17366.528320	-83.126289
17371.911621	-82.412407
17377.294922	-82.061211
17382.678223	-82.007942
17388.061523	-82.661812
17393.444824	-83.208710
17398.828125	-84.248535
17404.211426	-86.037247
17409.594727	-87.522934
17414.978027	-89.659416
17420.361328	-91.990944
17425.744629	-95.249565
17431.127930	-99.485855
17436.511230	-102.307152
17441.894531	-94.504097
17447.277832	-89.303001
17452.661133	-85.997551
17458.044434	-83.597626
17463.427734	-82.167824
17468.811035	-80.948120
17474.194336	-80.198807
17479.577637	-79.796364
17484.960938	-79.885567
17490.344238	-80.382179
17495.727539	-81.020142
17501.110840	-81.977493
17506.494141	-83.243301
17511.877441	-83.825623
17517.260742	-84.050934
17522.644043	-83.752213
17528.027344	-83.305222
17533.410645	-83.004974
17538.793945	-82.729866
17544.177246	-83.095810
17549.560547	-83.128777
17554.943848	-83.337227
17560.327148	-83.838142
17565.710449	-83.677254
17571.093750	-83.983696
17576.477051	-84.023705
17581.860352	-83.621742
17587.243652	-83.553070
17592.626953	-83.101250
17598.010254	-82.679962
17603.393555	-82.284798
17608.776855	-81.998924
17614.160156	-82.064140
17619.543457	-82.026260
17624.926758	-82.206848
17630.310059	-82.631477
17635.693359	-82.644508
17641.076660	-82.775253
17646.459961	-82.820702
17651.843262	-82.200623
17657.226562	-81.720436
17662.609863	-81.278633
17667.993164	-81.135208
17673.376465	-80.930733
17678.759766	-80.769028
17684.143066	-81.055099
17689.526367	-81.377914
17694.909668	-81.961555
17700.292969	-82.666275
17705.676270	-83.584572
17711.059570	-84.889763
17716.442871	-86.457390
17721.826172	-87.865166
17727.209473	-89.525909
17732.592773	-90.179771
17737.976074	-89.314888
17743.359375	-87.876953
17748.742676	-87.523186
17754.125977	-87.501556
17759.509277	-86.990379
17764.892578	-86.665642
17770.275879	-85.219429
17775.659180	-84.030701
17781.042480	-82.417656
17786.425781	-81.082802
17791.809082	-79.954208
17797.192383	-78.761032
17802.575684	-77.906120
17807.958984	-77.068199
17813.342285	-76.312920
17818.725586	-75.702530
17824.108887	-75.098114
17829.492188	-74.797249
17834.875488	-74.589561
17840.258789	-74.416351
17845.642090	-74.517113
17851.025391	-74.789963
17856.408691	-75.304062
17861.791992	-75.988182
17867.175293	-76.857246
17872.558594	-78.015060
17877.941895	-79.215942
17883.325195	-80.660629
17888.708496	-82.087822
17894.091797	-83.382584
17899.475098	-84.300110
17904.858398	-85.209892
17910.241699	-86.430450
17915.625000	-87.944275
17921.008301	-89.404602
17926.391602	-92.127174
17931.774902	-95.685020
17937.158203	-101.699837
17942.541504	-98.286339
17947.924805	-93.684616
17953.308105	-90.343544
17958.691406	-88.150925
17964.074707	-86.485664
17969.458008	-85.399368
17974.841309	-84.628723
17980.224609	-83.772453
17985.607910	-83.373497
17990.991211	-82.749138
17996.374512	-82.345840
18001.757812	-82.048004
18007.141113	-82.016022
18012.524414	-82.112030
18017.907715	-82.183266
18023.291016	-82.087685
18028.674316	-82.399628
18034.057617	-82.310349
18039.440918	-82.270142
18044.824219	-82.388901
18050.207520	-82.296577
18055.590820	-82.364708
18060.974121	-82.311485
18066.357422	-82.731766
18071.740723	-83.623306
18077.124023	-83.778473
18082.507324	-84.508163
18087.890625	-86.202049
18093.273926	-87.548286
18098.657227	-89.548409
18104.040527	-92.086151
18109.423828	-95.975937
18114.807129	-100.025230
18120.190430	-102.602348
18125.573730	-95.143196
18130.957031	-90.941040
18136.340332	-88.719276
18141.723633	-86.747360
18147.106934	-85.212837
18152.490234	-84.222366
18157.873535	-83.154167
18163.256836	-82.507957
18168.640137	-82.161560
18174.023438	-81.553642
18179.406738	-81.290558
18184.790039	-81.264999
18190.173340	-81.589157
18195.556641	-82.238525
18200.939941	-83.061302
18206.323242	-84.444771
18211.706543	-85.717537
18217.089844	-86.641098
18222.473145	-86.580231
18227.856445	-85.054199
18233.239746	-83.518379
18238.623047	-81.757782
18244.006348	-80.447174
18249.389648	-79.481232
18254.772949	-78.775009
18260.156250	-78.368263
18265.539551	-78.008598
18270.922852	-77.936180
18276.306152	-77.868546
18281.689453	-77.751137
18287.072754	-77.791763
18292.456055	-77.579865
18297.839355	-77.304764
18303.222656	-76.869995
18308.605957	-76.408768
18313.989258	-76.094788
18319.372559	-75.867294
18324.755859	-75.648407
18330.139160	-75.685799
18335.522461	-75.646324
18340.905762	-75.793571
18346.289062	-76.091080
18351.672363	-76.377823
18357.055664	-76.840607
18362.438965	-77.375946
18367.822266	-77.967827
18373.205566	-78.645149
18378.588867	-79.156593
18383.972168	-79.781624
18389.355469	-80.493111
18394.738770	-81.243942
18400.122070	-82.500145
18405.505371	-83.575127
18410.888672	-84.493088
18416.271973	-85.503113
18421.655273	-85.444839
18427.038574	-84.962753
18432.421875	-83.910683
18437.805176	-83.073997
18443.188477	-82.449532
18448.571777	-81.993385
18453.955078	-82.329605
18459.338379	-82.771225
18464.721680	-83.864838
18470.104980	-85.383675
18475.488281	-86.648720
18480.871582	-87.826027
18486.254883	-89.414040
18491.638184	-89.395874
18497.021484	-89.171165
18502.404785	-89.166016
18507.788086	-89.079796
18513.171387	-90.335236
18518.554688	-91.012291
18523.937988	-92.464363
18529.321289	-94.424583
18534.704590	-94.677757
18540.087891	-95.465385
18545.471191	-94.547218
18550.854492	-93.468552
18556.237793	-94.351967
18561.621094	-94.132164
18567.004395	-94.072693
18572.387695	-92.331940
18577.770996	-89.228394
18583.154297	-86.515213
18588.537598	-84.427162
18593.920898	-82.932396
18599.304199	-81.526451
18604.687500	-80.307335
18610.070801	-79.192345
18615.454102	-78.310547
18620.837402	-77.428947
18626.220703	-76.548752
18631.604004	-75.942039
18636.987305	-75.312088
18642.370605	-74.881088
18647.753906	-74.613663
18653.137207	-74.339783
18658.520508	-74.330498
18663.903809	-74.250137
18669.287109	-74.246353
18674.670410	-73.979622
18680.053711	-73.699303
18685.437012	-73.458458
18690.820312	-73.113838
18696.203613	-72.851883
18701.586914	-72.706146
18706.970215	-72.749855
18712.353516	-73.041969
18717.736816	-73.494987
18723.120117	-74.329887
18728.503418	-75.376328
18733.886719	-76.748749
18739.270020	-78.541985
18744.653320	-80.188683
18750.036621	-81.926514
18755.419922	-83.649063
18760.803223	-84.851097
18766.186523	-86.765884
18771.569824	-88.912704
18776.953125	-91.668709
18782.336426	-93.648331
18787.719727	-93.587822
18793.103027	-90.418167
18798.486328	-87.798416
18803.869629	-85.543945
18809.252930	-83.632294
18814.636230	-82.512497
18820.019531	-81.289642
18825.402832	-80.361168
18830.786133	-79.683678
18836.169434	-79.254906
18841.552734	-78.977501
18846.936035	-78.766884
18852.319336	-78.865433
18857.702637	-78.860062
18863.085938	-78.703568
18868.469238	-78.960503
18873.852539	-79.255699
18879.235840	-79.665169
18884.619141	-80.283234
18890.002441	-81.201027
18895.385742	-82.201050
18900.769043	-82.820709
18906.152344	-83.595741
18911.535645	-84.430130
18916.918945	-84.875084
18922.302246	-85.478119
18927.685547	-86.471321
18933.068848	-87.762100
18938.452148	-89.775955
18943.835449	-91.114304
18949.218750	-92.799736
18954.602051	-91.943115
18959.985352	-89.960503
18965.368652	-87.097740
18970.751953	-85.026970
18976.135254	-83.825508
18981.518555	-82.736740
18986.901855	-82.192627
18992.285156	-81.805038
18997.668457	-82.078201
19003.051758	-82.647575
19008.435059	-83.386086
19013.818359	-84.673164
19019.201660	-85.976028
19024.584961	-87.301498
19029.968262	-88.803238
19035.351562	-89.073441
19040.734863	-88.786255
19046.118164	-87.900192
19051.501465	-87.209404
19056.884766	-86.292839
19062.268066	-85.433098
19067.651367	-85.000443
19073.034668	-84.723587
19078.417969	-85.139679
19083.801270	-85.522339
19089.184570	-86.293121
19094.567871	-88.182571
19099.951172	-90.107506
19105.334473	-93.750885
19110.717773	-99.568802
19116.101074	-100.302261
19121.484375	-93.430756
19126.867676	-89.345100
19132.250977	-87.025887
19137.634277	-85.336098
19143.017578	-83.745956
19148.400879	-82.462723
19153.784180	-81.681122
19159.167480	-80.831566
19164.550781	-79.973267
19169.934082	-79.711464
19175.317383	-79.546570
19180.700684	-79.381989
19186.083984	-79.369972
19191.467285	-79.254883
19196.850586	-79.491524
19202.233887	-79.946060
19207.617188	-80.473991
19213.000488	-81.128250
19218.383789	-81.774986
19223.767090	-82.477173
19229.150391	-83.221466
19234.533691	-83.942291
19239.916992	-84.809929
19245.300293	-85.215385
19250.683594	-85.746422
19256.066895	-86.373833
19261.450195	-86.872597
19266.833496	-87.388603
19272.216797	-87.308235
19277.600098	-87.329628
19282.983398	-87.543800
19288.366699	-86.602829
19293.750000	-86.003029
19299.133301	-85.504143
19304.516602	-84.774818
19309.899902	-84.083054
19315.283203	-83.672142
19320.666504	-83.183701
19326.049805	-82.747704
19331.433105	-82.455872
19336.816406	-82.482674
19342.199707	-82.676422
19347.583008	-82.926956
19352.966309	-83.280998
19358.349609	-83.472969
19363.732910	-83.973000
19369.116211	-84.514587
19374.499512	-84.552185
19379.882812	-84.544998
19385.266113	-84.420059
19390.649414	-84.134583
19396.032715	-83.927200
19401.416016	-83.409721
19406.799316	-83.002251
19412.182617	-82.326080
19417.565918	-81.514671
19422.949219	-80.788589
19428.332520	-80.107635
19433.715820	-79.429970
19439.099121	-79.004829
19444.482422	-78.744499
19449.865723	-78.526718
19455.249023	-78.559540
19460.632324	-78.502022
19466.015625	-78.341202
19471.398926	-78.474106
19476.782227	-78.572327
19482.165527	-78.681877
19487.548828	-78.733185
19492.932129	-78.822777
19498.315430	-78.984001
19503.698730	-79.303185
19509.082031	-79.708473
19514.465332	-80.113167
19519.848633	-80.270164
19525.231934	-80.460434
19530.615234	-80.435997
19535.998535	-80.521667
19541.381836	-80.801628
19546.765137	-81.248497
19552.148438	-82.000862
19557.531738	-82.555153
19562.915039	-83.315460
19568.298340	-84.299553
19573.681641	-84.746361
19579.064941	-85.193138
19584.448242	-85.864594
19589.831543	-85.986259
19595.214844	-85.677063
19600.598145	-85.153969
19605.981445	-84.585098
19611.364746	-84.554047
19616.748047	-84.729652
19622.131348	-84.901726
19627.514648	-84.974678
19632.897949	-84.346550
19638.281250	-84.009964
19643.664551	-83.666931
19649.047852	-83.116211
19654.431152	-82.637398
19659.814453	-82.096558
19665.197754	-81.990532
19670.581055	-82.234322
19675.964355	-82.421394
19681.347656	-82.587440
19686.730957	-82.984261
19692.114258	-83.135735
19697.497559	-83.411873
19702.880859	-83.812439
19708.264160	-84.245575
19713.647461	-84.772202
19719.030762	-85.179153
19724.414062	-86.468224
19729.797363	-87.205704
19735.180664	-87.812996
19740.563965	-88.917168
19745.947266	-89.610863
19751.330566	-89.783882
19756.713867	-89.813454
19762.097168	-89.269974
19767.480469	-89.224792
19772.863770	-88.415482
19778.247070	-87.403831
19783.630371	-86.247284
19789.013672	-84.745613
19794.396973	-83.162567
19799.780273	-81.546295
19805.163574	-80.018402
19810.546875	-78.876335
19815.930176	-78.151138
19821.313477	-77.286301
19826.696777	-76.860168
19832.080078	-76.631821
19837.463379	-76.787544
19842.846680	-77.242226
19848.229980	-77.695412
19853.613281	-78.733429
19858.996582	-79.736977
19864.379883	-81.027618
19869.763184	-82.537834
19875.146484	-83.652191
19880.529785	-84.682777
19885.913086	-85.188210
19891.296387	-85.872826
19896.679688	-86.780266
19902.062988	-88.046707
19907.446289	-89.603165
19912.829590	-89.382835
19918.212891	-88.223167
19923.596191	-86.315666
19928.979492	-84.641235
19934.362793	-82.905228
19939.746094	-81.419685
19945.129395	-80.320000
19950.512695	-79.422539
19955.895996	-78.946442
19961.279297	-78.562866
19966.662598	-78.279091
19972.045898	-78.281609
19977.429199	-78.157730
19982.812500	-78.390274
19988.195801	-78.643036
19993.579102	-78.916939
19998.962402	-79.447395
20004.345703	-79.610687
20009.729004	-79.433090
20015.112305	-78.896339
20020.495605	-78.301483
20025.878906	-77.639565
20031.262207	-76.929680
20036.645508	-76.616486
20042.028809	-76.295029
20047.412109	-76.372589
20052.795410	-76.675720
20058.178711	-77.115921
20063.562012	-78.115601
20068.945312	-79.285645
20074.328613	-80.840759
20079.711914	-82.761406
20085.095215	-84.977814
20090.478516	-87.921539
20095.861816	-91.932060
20101.245117	-95.541031
20106.628418	-96.970352
20112.011719	-96.660118
20117.395020	-97.486855
20122.778320	-100.961403
20128.161621	-103.363922
20133.544922	-99.685966
20138.928223	-96.005745
20144.311523	-92.387047
20149.694824	-89.546097
20155.078125	-87.528992
20160.461426	-86.037888
20165.844727	-84.667854
20171.228027	-83.753082
20176.611328	-82.956085
20181.994629	-82.639175
20187.377930	-82.581001
20192.761230	-82.672462
20198.144531	-82.775909
20203.527832	-83.135872
20208.911133	-83.848831
20214.294434	-84.703079
20219.677734	-85.793625
20225.061035	-86.971451
20230.444336	-88.064995
20235.827637	-89.571091
20241.210938	-90.193489
20246.594238	-90.055336
20251.977539	-90.583855
20257.360840	-91.126869
20262.744141	-91.550041
20268.127441	-91.517906
20273.510742	-91.965469
20278.894043	-91.130653
20284.277344	-88.650169
20289.660645	-86.451591
20295.043945	-84.547333
20300.427246	-82.573669
20305.810547	-81.057434
20311.193848	-79.812592
20316.577148	-78.699387
20321.960449	-77.843880
20327.343750	-77.451538
20332.727051	-77.165779
20338.110352	-76.994736
20343.493652	-76.956497
20348.876953	-77.211739
20354.260254	-77.610374
20359.643555	-78.082047
20365.026855	-78.781570
20370.410156	-79.470306
20375.793457	-80.155640
20381.176758	-80.995667
20386.560059	-81.103966
20391.943359	-81.118004
20397.326660	-81.028755
20402.709961	-80.879448
20408.093262	-80.793137
20413.476562	-80.476509
20418.859863	-80.668976
20424.243164	-81.149536
20429.626465	-81.864746
20435.009766	-82.910515
20440.393066	-84.035019
20445.776367	-85.587791
20451.159668	-87.460068
20456.542969	-89.032410
20461.926270	-89.224876
20467.309570	-87.824852
20472.692871	-86.855209
20478.076172	-85.731834
20483.459473	-85.413071
20488.842773	-85.108269
20494.226074	-84.908089
20499.609375	-84.800247
20504.992676	-84.349167
20510.375977	-84.057175
20515.759277	-83.189575
20521.142578	-82.343887
20526.525879	-81.443459
20531.909180	-80.483315
20537.292480	-79.751404
20542.675781	-79.096436
20548.059082	-78.585228
20553.442383	-78.161003
20558.825684	-77.795753
20564.208984	-77.528236
20569.592285	-77.160378
20574.975586	-76.957390
20580.358887	-77.192131
20585.742188	-77.379608
20591.125488	-77.658165
20596.508789	-78.313812
20601.892090	-79.088791
20607.275391	-80.237793
20612.658691	-81.645821
20618.041992	-83.160660
20623.425293	-85.298714
20628.808594	-87.557320
20634.191895	-89.792892
20639.575195	-90.390144
20644.958496	-89.189728
20650.341797	-87.887390
20655.725098	-86.604744
20661.108398	-85.912949
20666.491699	-85.325218
20671.875000	-84.411530
20677.258301	-84.225266
20682.641602	-83.885391
20688.024902	-83.387222
20693.408203	-83.296867
20698.791504	-82.715668
20704.174805	-82.377457
20709.558105	-82.066299
20714.941406	-81.479317
20720.324707	-81.312195
20725.708008	-80.921211
20731.091309	-80.508362
20736.474609	-80.201447
20741.857910	-79.864845
20747.241211	-79.526970
20752.624512	-79.212242
20758.007812	-79.016998
20763.391113	-78.874084
20768.774414	-78.766632
20774.157715	-78.470863
20779.541016	-78.387115
20784.924316	-78.396729
20790.307617	-78.362930
20795.690918	-78.434502
20801.074219	-78.446243
20806.457520	-78.688599
20811.840820	-78.887123
20817.224121	-79.136444
20822.607422	-79.759483
20827.990723	-80.471359
20833.374023	-81.483398
20838.757324	-83.007401
20844.140625	-84.720642
20849.523926	-86.546715
20854.907227	-87.041557
20860.290527	-85.817223
20865.673828	-83.893898
20871.057129	-82.192406
20876.440430	-80.938904
20881.823730	-79.750923
20887.207031	-79.115639
20892.590332	-78.783249
20897.973633	-78.663483
20903.356934	-79.019478
20908.740234	-79.628677
20914.123535	-80.509361
20919.506836	-81.914299
20924.890137	-83.610291
20930.273438	-86.105499
20935.656738	-88.318207
20941.040039	-90.959190
20946.423340	-92.563583
20951.806641	-91.843521
20957.189941	-89.754997
20962.573242	-87.661659
20967.956543	-86.152184
20973.339844	-84.586380
20978.723145	-83.516968
20984.106445	-82.599716
20989.489746	-81.761742
20994.873047	-80.983078
21000.256348	-80.077545
21005.639648	-79.600830
21011.022949	-79.290703
21016.406250	-78.942131
21021.789551	-78.782623
21027.172852	-78.757523
21032.556152	-78.701279
21037.939453	-78.942734
21043.322754	-79.306473
21048.706055	-79.903267
21054.089355	-80.615761
21059.472656	-81.584740
21064.855957	-82.984848
21070.239258	-84.446663
21075.622559	-87.126961
21081.005859	-91.183586
21086.389160	-97.611183
21091.772461	-101.846672
21097.155762	-93.290833
21102.539062	-89.035767
21107.922363	-87.057739
21113.305664	-86.137596
21118.688965	-85.799232
21124.072266	-85.852730
21129.455566	-87.205879
21134.838867	-89.299904
21140.222168	-93.708878
21145.605469	-101.605118
21150.988770	-96.160133
21156.372070	-89.573807
21161.755371	-86.542732
21167.138672	-84.286003
21172.521973	-82.686363
21177.905273	-81.735077
21183.288574	-81.180672
21188.671875	-80.774254
21194.055176	-80.754494
21199.438477	-80.812920
21204.821777	-81.244675
21210.205078	-82.143394
21215.588379	-83.322479
21220.971680	-84.901070
21226.354980	-86.219498
21231.738281	-87.714806
21237.121582	-88.764740
21242.504883	-88.823578
21247.888184	-86.606529
21253.271484	-84.407661
21258.654785	-82.641281
21264.038086	-80.738762
21269.421387	-79.165031
21274.804688	-77.800888
21280.187988	-77.035995
21285.571289	-76.247368
21290.954590	-75.619553
21296.337891	-75.212387
21301.721191	-74.920708
21307.104492	-74.889397
21312.487793	-75.052284
21317.871094	-75.201408
21323.254395	-75.579491
21328.637695	-76.193100
21334.020996	-76.839264
21339.404297	-77.799538
21344.787598	-78.734703
21350.170898	-79.964836
21355.554199	-81.051521
21360.937500	-81.972916
21366.320801	-82.746170
21371.704102	-82.970367
21377.087402	-83.109093
21382.470703	-83.011589
21387.854004	-82.840981
21393.237305	-82.824768
21398.620605	-82.549210
21404.003906	-82.521492
21409.387207	-82.277573
21414.770508	-81.865189
21420.153809	-81.645279
21425.537109	-81.314056
21430.920410	-81.127502
21436.303711	-80.890961
21441.687012	-80.919548
21447.070312	-81.084717
21452.453613	-81.496376
21457.836914	-81.902161
21463.220215	-82.822533
21468.603516	-83.414055
21473.986816	-84.100655
21479.370117	-85.300629
21484.753418	-85.942978
21490.136719	-86.905029
21495.520020	-87.582626
21500.903320	-88.189598
21506.286621	-88.919731
21511.669922	-90.200233
21517.053223	-91.787102
21522.436523	-92.831520
21527.819824	-94.439522
21533.203125	-98.484558
21538.586426	-100.707596
21543.969727	-103.331642
21549.353027	-102.581726
21554.736328	-98.464378
21560.119629	-95.956177
21565.502930	-94.963432
21570.886230	-93.741295
21576.269531	-93.017059
21581.652832	-91.274948
21587.036133	-89.081116
21592.419434	-87.180237
21597.802734	-84.980392
21603.186035	-83.273376
21608.569336	-81.704002
21613.952637	-80.507614
21619.335938	-79.706146
21624.719238	-78.929321
21630.102539	-78.632866
21635.485840	-78.550346
21640.869141	-78.492142
21646.252441	-78.740479
21651.635742	-79.301804
21657.019043	-80.349297
21662.402344	-81.441124
21667.785645	-82.457535
21673.168945	-84.140953
21678.552246	-86.067894
21683.935547	-87.863968
21689.318848	-89.893150
21694.702148	-91.946915
21700.085449	-92.159225
21705.468750	-93.337692
21710.852051	-93.026718
21716.235352	-93.171593
21721.618652	-93.695938
21727.001953	-93.589722
21732.385254	-93.587105
21737.768555	-94.687637
21743.151855	-95.521667
21748.535156	-95.166016
21753.918457	-96.238899
21759.301758	-96.781693
21764.685059	-97.528381
21770.068359	-101.630104
21775.451660	-102.939957
21780.834961	-104.036659
21786.218262	-99.280602
21791.601562	-96.515533
21796.984863	-94.660034
21802.368164	-93.023445
21807.751465	-93.149185
21813.134766	-92.433510
21818.518066	-91.876686
21823.901367	-92.642136
21829.284668	-92.246361
21834.667969	-92.629868
21840.051270	-91.592316
21845.434570	-90.176064
21850.817871	-89.135017
21856.201172	-86.977142
21861.584473	-85.418709
21866.967773	-83.785286
21872.351074	-82.328720
21877.734375	-81.187408
21883.117676	-80.053520
21888.500977	-79.210045
21893.884277	-78.429291
21899.267578	-77.708176
21904.650879	-77.270226
21910.034180	-76.823326
21915.417480	-76.571762
21920.800781	-76.641388
21926.184082	-76.865746
21931.567383	-77.398605
21936.950684	-78.057045
21942.333984	-78.918465
21947.717285	-80.178391
21953.100586	-81.833961
21958.483887	-84.084938
21963.867188	-87.461281
21969.250488	-91.625252
21974.633789	-99.226959
21980.017090	-99.128036
21985.400391	-92.960724
21990.783691	-89.967537
21996.166992	-88.724716
22001.550293	-87.934944
22006.933594	-88.004295
22012.316895	-88.730209
22017.700195	-89.295540
22023.083496	-90.565598
22028.466797	-92.947250
22033.850098	-95.127457
22039.233398	-98.613846
22044.616699	-101.254700
