Frequency (Hz)	Level (dB)
5.383301	-25.652897
10.766602	-22.580715
16.149902	-21.476402
21.533203	-21.475765
26.916504	-22.004343
32.299805	-22.546225
37.683105	-23.619143
43.066406	-25.178001
48.449707	-27.725304
53.833008	-31.964495
59.216309	-33.162834
64.599609	-31.347837
69.982910	-29.208872
75.366211	-27.936434
80.749512	-27.936108
86.132812	-29.548382
91.516113	-31.437948
96.899414	-32.131977
102.282715	-30.011745
107.666016	-26.759706
113.049316	-25.005604
118.432617	-24.830975
123.815918	-25.035303
129.199219	-24.179073
134.582520	-23.451979
139.965820	-23.725985
145.349121	-23.847286
150.732422	-23.417984
156.115723	-23.579037
161.499023	-25.073298
166.882324	-27.701101
172.265625	-29.183823
177.648926	-31.004736
183.032227	-32.861000
188.415527	-33.682449
193.798828	-33.445251
199.182129	-33.065960
204.565430	-33.938606
209.948730	-36.410191
215.332031	-36.160858
220.715332	-35.412888
226.098633	-33.936905
231.481934	-32.320023
236.865234	-32.454704
242.248535	-30.079365
247.631836	-27.887735
253.015137	-26.289742
258.398438	-26.921028
263.781738	-28.382355
269.165039	-28.728220
274.548340	-31.599625
279.931641	-36.548931
285.314941	-39.394539
290.698242	-42.325336
296.081543	-41.877110
301.464844	-40.896595
306.848145	-39.645168
312.231445	-43.720169
317.614746	-43.834614
322.998047	-38.096695
328.381348	-37.082020
333.764648	-38.447197
339.147949	-30.874636
344.531250	-28.969707
349.914551	-26.838989
355.297852	-24.390078
360.681152	-22.620474
366.064453	-17.107220
371.447754	-12.413910
376.831055	-16.774672
382.214355	-34.690865
387.597656	-39.098530
392.980957	-36.925400
398.364258	-31.615675
403.747559	-30.538521
409.130859	-32.238750
414.514160	-33.273293
419.897461	-34.755333
425.280762	-34.402771
430.664062	-31.963913
436.047363	-35.743248
441.430664	-35.526257
446.813965	-33.039810
452.197266	-31.846767
457.580566	-34.909805
462.963867	-41.770931
468.347168	-37.611126
473.730469	-36.117039
479.113770	-36.610245
484.497070	-40.334713
489.880371	-39.752110
495.263672	-47.606857
500.646973	-47.804943
506.030273	-44.746021
511.413574	-42.103886
516.796875	-35.210094
522.180176	-29.833319
527.563477	-25.098631
532.946777	-20.863085
538.330078	-15.831244
543.713379	-14.455881
549.096680	-21.403872
554.479980	-34.317387
559.863281	-40.348797
565.246582	-42.298725
570.629883	-36.499485
576.013184	-37.217892
581.396484	-41.198246
586.779785	-38.988659
592.163086	-34.643650
597.546387	-29.753071
602.929688	-25.463898
608.312988	-26.857738
613.696289	-33.144577
619.079590	-35.310127
624.462891	-43.952312
629.846191	-42.582645
635.229492	-36.553890
640.612793	-35.653595
645.996094	-31.886951
651.379395	-30.562744
656.762695	-31.801477
662.145996	-33.863728
667.529297	-36.581970
672.912598	-39.466625
678.295898	-37.045456
683.679199	-36.658962
689.062500	-34.615417
694.445801	-34.676350
699.829102	-35.639694
705.212402	-38.241699
710.595703	-37.778313
715.979004	-34.128128
721.362305	-32.098640
726.745605	-33.149849
732.128906	-33.082916
737.512207	-26.970072
742.895508	-23.975569
748.278809	-26.524527
753.662109	-24.396873
759.045410	-20.901535
764.428711	-19.248840
769.812012	-18.507505
775.195312	-22.865473
780.578613	-25.016779
785.961914	-21.315208
791.345215	-20.046618
796.728516	-17.475760
802.111816	-19.795107
807.495117	-24.963127
812.878418	-23.103237
818.261719	-23.781816
823.645020	-22.598463
829.028320	-22.108578
834.411621	-23.517302
839.794922	-20.229708
845.178223	-18.455700
850.561523	-20.977749
855.944824	-26.527086
861.328125	-29.616196
866.711426	-31.614429
872.094727	-31.081886
877.478027	-25.824142
882.861328	-20.316950
888.244629	-19.035444
893.627930	-18.654028
899.011230	-21.055782
904.394531	-25.690718
909.777832	-27.361931
915.161133	-27.201916
920.544434	-28.199368
925.927734	-29.481321
931.311035	-29.163805
936.694336	-34.937893
942.077637	-34.449726
947.460938	-32.292362
952.844238	-32.214863
958.227539	-39.593307
963.610840	-44.334846
968.994141	-34.801891
974.377441	-30.984766
979.760742	-35.328606
985.144043	-37.247192
990.527344	-40.591496
995.910645	-44.136482
1001.293945	-39.580818
1006.677246	-35.119839
1012.060547	-33.474262
1017.443848	-33.404827
1022.827148	-35.463825
1028.210449	-35.983612
1033.593750	-34.683586
1038.977051	-34.107773
1044.360352	-33.353527
1049.743652	-34.022614
1055.126953	-37.048733
1060.510254	-39.200447
1065.893555	-40.304623
1071.276855	-38.764610
1076.660156	-39.320610
1082.043457	-39.068935
1087.426758	-36.478561
1092.810059	-34.332806
1098.193359	-35.318459
1103.576660	-36.203011
1108.959961	-42.971107
1114.343262	-38.060532
1119.726562	-37.556152
1125.109863	-44.593288
1130.493164	-40.095745
1135.876465	-41.318027
1141.259766	-41.436241
1146.643066	-45.512234
1152.026367	-48.326736
1157.409668	-44.322948
1162.792969	-44.627460
1168.176270	-41.702873
1173.559570	-41.508018
1178.942871	-44.932789
1184.326172	-42.898827
1189.709473	-37.983635
1195.092773	-38.119835
1200.476074	-40.709267
1205.859375	-39.127926
1211.242676	-36.671703
1216.625977	-32.894733
1222.009277	-34.452351
1227.392578	-37.963501
1232.775879	-39.506470
1238.159180	-34.201214
1243.542480	-30.859346
1248.925781	-33.400517
1254.309082	-39.472660
1259.692383	-44.344463
1265.075684	-42.510265
1270.458984	-40.452984
1275.842285	-38.065826
1281.225586	-38.946278
1286.608887	-45.249020
1291.992188	-45.319672
1297.375488	-39.924126
1302.758789	-40.331078
1308.142090	-43.073971
1313.525391	-38.017002
1318.908691	-36.364941
1324.291992	-36.678101
1329.675293	-35.243713
1335.058594	-37.156227
1340.441895	-43.454151
1345.825195	-47.329247
1351.208496	-43.027893
1356.591797	-44.065815
1361.975098	-49.256016
1367.358398	-45.889248
1372.741699	-45.817951
1378.125000	-41.244747
1383.508301	-45.218517
1388.891602	-46.001362
1394.274902	-43.670238
1399.658203	-42.639500
1405.041504	-42.755295
1410.424805	-40.979469
1415.808105	-40.212059
1421.191406	-42.894653
1426.574707	-46.212017
1431.958008	-46.448315
1437.341309	-41.292450
1442.724609	-37.503510
1448.107910	-38.068489
1453.491211	-43.868958
1458.874512	-43.008034
1464.257812	-43.180977
1469.641113	-47.500774
1475.024414	-50.645714
1480.407715	-47.151390
1485.791016	-46.315678
1491.174316	-44.376015
1496.557617	-44.454536
1501.940918	-44.501129
1507.324219	-42.081707
1512.707520	-41.053188
1518.090820	-40.842270
1523.474121	-40.834385
1528.857422	-39.606762
1534.240723	-35.560070
1539.624023	-34.573013
1545.007324	-38.122047
1550.390625	-39.258976
1555.773926	-35.127533
1561.157227	-35.219639
1566.540527	-36.272202
1571.923828	-40.892715
1577.307129	-44.213268
1582.690430	-42.311611
1588.073730	-39.910038
1593.457031	-41.510101
1598.840332	-39.794254
1604.223633	-44.348274
1609.606934	-38.771816
1614.990234	-43.751358
1620.373535	-41.985409
1625.756836	-39.233170
1631.140137	-40.314476
1636.523438	-40.275532
1641.906738	-37.957233
1647.290039	-38.663879
1652.673340	-36.393284
1658.056641	-35.212891
1663.439941	-37.181709
1668.823242	-36.725521
1674.206543	-34.253986
1679.589844	-34.715271
1684.973145	-37.489998
1690.356445	-40.268230
1695.739746	-40.171970
1701.123047	-43.879265
1706.506348	-51.160645
1711.889648	-56.539928
1717.272949	-53.378849
1722.656250	-45.854111
1728.039551	-43.009598
1733.422852	-43.747852
1738.806152	-48.614452
1744.189453	-44.128696
1749.572754	-39.257133
1754.956055	-39.223415
1760.339355	-42.093731
1765.722656	-44.953674
1771.105957	-44.951458
1776.489258	-42.624180
1781.872559	-41.552628
1787.255859	-38.911678
1792.639160	-37.979912
1798.022461	-39.709976
1803.405762	-43.824486
1808.789062	-49.990414
1814.172363	-54.533749
1819.555664	-52.009178
1824.938965	-48.839745
1830.322266	-43.099255
1835.705566	-39.754032
1841.088867	-38.371563
1846.472168	-38.763901
1851.855469	-40.880146
1857.238770	-42.965092
1862.622070	-42.720612
1868.005371	-44.658154
1873.388672	-46.795612
1878.771973	-40.948746
1884.155273	-41.243385
1889.538574	-45.451584
1894.921875	-40.592422
1900.305176	-41.359810
1905.688477	-46.162281
1911.071777	-47.883610
1916.455078	-44.598801
1921.838379	-41.919003
1927.221680	-44.509071
1932.604980	-43.551449
1937.988281	-44.112537
1943.371582	-50.734268
1948.754883	-44.556126
1954.138184	-42.860676
1959.521484	-44.631645
1964.904785	-50.041908
1970.288086	-48.935352
1975.671387	-47.115757
1981.054688	-46.050606
1986.437988	-46.328106
1991.821289	-45.015995
1997.204590	-45.827541
2002.587891	-52.687077
2007.971191	-46.955284
2013.354492	-43.293140
2018.737793	-42.940342
2024.121094	-46.749161
2029.504395	-51.538841
2034.887695	-51.039505
2040.270996	-46.023514
2045.654297	-42.522488
2051.037598	-40.885689
2056.420898	-41.162651
2061.804199	-41.829990
2067.187500	-41.752663
2072.570801	-43.241489
2077.954102	-44.899807
2083.337402	-46.371471
2088.720703	-48.694851
2094.104004	-49.302929
2099.487305	-47.566437
2104.870605	-46.769447
2110.253906	-43.238632
2115.637207	-41.534565
2121.020508	-45.737556
2126.403809	-51.333771
2131.787109	-44.796940
2137.170410	-44.467838
2142.553711	-48.771431
2147.937012	-44.787712
2153.320312	-38.048538
2158.703613	-38.236549
2164.086914	-44.391304
2169.470215	-45.539135
2174.853516	-43.428017
2180.236816	-44.737377
2185.620117	-47.194866
2191.003418	-44.280857
2196.386719	-44.974419
2201.770020	-46.427673
2207.153320	-45.301643
2212.536621	-40.815506
2217.919922	-38.726028
2223.303223	-39.979309
2228.686523	-41.791397
2234.069824	-41.191124
2239.453125	-43.131947
2244.836426	-41.057377
2250.219727	-38.714073
2255.603027	-35.922134
2260.986328	-36.071011
2266.369629	-37.989082
2271.752930	-40.639278
2277.136230	-38.160686
2282.519531	-38.104431
2287.902832	-37.512928
2293.286133	-38.550686
2298.669434	-40.412544
2304.052734	-40.912491
2309.436035	-39.803650
2314.819336	-39.162609
2320.202637	-39.750118
2325.585938	-40.887501
2330.969238	-40.082314
2336.352539	-38.524139
2341.735840	-38.128117
2347.119141	-39.053867
2352.502441	-39.679127
2357.885742	-39.629597
2363.269043	-40.048000
2368.652344	-41.284275
2374.035645	-45.349262
2379.418945	-53.638042
2384.802246	-46.838192
2390.185547	-43.052921
2395.568848	-46.419479
2400.952148	-46.541576
2406.335449	-38.844624
2411.718750	-37.448814
2417.102051	-41.996197
2422.485352	-42.975983
2427.868652	-40.593777
2433.251953	-44.192402
2438.635254	-45.755726
2444.018555	-47.071602
2449.401855	-45.985928
2454.785156	-42.556713
2460.168457	-38.079395
2465.551758	-42.556774
2470.935059	-47.665810
2476.318359	-42.845684
2481.701660	-44.863506
2487.084961	-45.313454
2492.468262	-39.162388
2497.851562	-38.516479
2503.234863	-43.959839
2508.618164	-40.827747
2514.001465	-41.597130
2519.384766	-41.624821
2524.768066	-38.837078
2530.151367	-38.425636
2535.534668	-42.401913
2540.917969	-41.121525
2546.301270	-38.670906
2551.684570	-38.124870
2557.067871	-39.922661
2562.451172	-40.620369
2567.834473	-35.381390
2573.217773	-31.760527
2578.601074	-31.021927
2583.984375	-32.753887
2589.367676	-37.569359
2594.750977	-44.786362
2600.134277	-53.370186
2605.517578	-50.454315
2610.900879	-50.043411
2616.284180	-49.838608
2621.667480	-50.348213
2627.050781	-55.187489
2632.434082	-52.454159
2637.817383	-47.764465
2643.200684	-42.614697
2648.583984	-41.067425
2653.967285	-43.577541
2659.350586	-48.469521
2664.733887	-50.545422
2670.117188	-51.928909
2675.500488	-51.994293
2680.883789	-51.105305
2686.267090	-50.398201
2691.650391	-52.336514
2697.033691	-52.099258
2702.416992	-45.338314
2707.800293	-42.086029
2713.183594	-41.758640
2718.566895	-43.022053
2723.950195	-45.465302
2729.333496	-49.334412
2734.716797	-53.664707
2740.100098	-52.659245
2745.483398	-46.696465
2750.866699	-44.163044
2756.250000	-44.373905
2761.633301	-45.570724
2767.016602	-46.896080
2772.399902	-48.871143
2777.783203	-43.734882
2783.166504	-43.508560
2788.549805	-51.786243
2793.933105	-44.210995
2799.316406	-38.389267
2804.699707	-35.618191
2810.083008	-34.956429
2815.466309	-36.302170
2820.849609	-40.483578
2826.232910	-44.005680
2831.616211	-43.417202
2836.999512	-43.324806
2842.382812	-40.883957
2847.766113	-38.789886
2853.149414	-37.400562
2858.532715	-38.882511
2863.916016	-40.198090
2869.299316	-38.535324
2874.682617	-37.371132
2880.065918	-37.434044
2885.449219	-38.862511
2890.832520	-38.627743
2896.215820	-40.204361
2901.599121	-44.051041
2906.982422	-42.347885
2912.365723	-39.765587
2917.749023	-40.916031
2923.132324	-43.350796
2928.515625	-47.336067
2933.898926	-44.814732
2939.282227	-38.650280
2944.665527	-35.259510
2950.048828	-35.409931
2955.432129	-41.111462
2960.815430	-47.278767
2966.198730	-40.201118
2971.582031	-39.263237
2976.965332	-42.946396
2982.348633	-49.027771
2987.731934	-53.031586
2993.115234	-47.194145
2998.498535	-44.938004
3003.881836	-47.130455
3009.265137	-54.853382
3014.648438	-51.673985
3020.031738	-47.102509
3025.415039	-44.226692
3030.798340	-45.315277
3036.181641	-48.613678
3041.564941	-45.815815
3046.948242	-43.721172
3052.331543	-41.743412
3057.714844	-37.699146
3063.098145	-37.701954
3068.481445	-40.947300
3073.864746	-45.475845
3079.248047	-49.619022
3084.631348	-50.547527
3090.014648	-45.582340
3095.397949	-43.676289
3100.781250	-43.810287
3106.164551	-42.356529
3111.547852	-42.155663
3116.931152	-43.272800
3122.314453	-43.151588
3127.697754	-44.676579
3133.081055	-46.884457
3138.464355	-47.587559
3143.847656	-44.142601
3149.230957	-42.742085
3154.614258	-42.422993
3159.997559	-43.023857
3165.380859	-47.768345
3170.764160	-51.812252
3176.147461	-48.383507
3181.530762	-47.122784
3186.914062	-44.249260
3192.297363	-41.994003
3197.680664	-42.926273
3203.063965	-44.438957
3208.447266	-48.119175
3213.830566	-53.424877
3219.213867	-56.621372
3224.597168	-48.941200
3229.980469	-43.918308
3235.363770	-42.146717
3240.747070	-45.377346
3246.130371	-47.118839
3251.513672	-45.875546
3256.896973	-42.505779
3262.280273	-43.925938
3267.663574	-51.414783
3273.046875	-56.242802
3278.430176	-52.403774
3283.813477	-50.312248
3289.196777	-48.128227
3294.580078	-46.011219
3299.963379	-43.751236
3305.346680	-41.483089
3310.729980	-40.363884
3316.113281	-44.240791
3321.496582	-48.832283
3326.879883	-47.829922
3332.263184	-46.404373
3337.646484	-48.861778
3343.029785	-54.892815
3348.413086	-49.031097
3353.796387	-45.501984
3359.179688	-44.902035
3364.562988	-47.916607
3369.946289	-54.594448
3375.329590	-54.189487
3380.712891	-54.134472
3386.096191	-50.159603
3391.479492	-46.729942
3396.862793	-47.682697
3402.246094	-55.638866
3407.629395	-52.624908
3413.012695	-47.492691
3418.395996	-44.823055
3423.779297	-43.552464
3429.162598	-42.621132
3434.545898	-42.095310
3439.929199	-42.063499
3445.312500	-45.155266
3450.695801	-46.397205
3456.079102	-44.118595
3461.462402	-40.883892
3466.845703	-38.044060
3472.229004	-37.822792
3477.612305	-41.892551
3482.995605	-47.044682
3488.378906	-54.842705
3493.762207	-51.122269
3499.145508	-48.971916
3504.528809	-47.504532
3509.912109	-50.565529
3515.295410	-49.744606
3520.678711	-45.949516
3526.062012	-47.230835
3531.445312	-47.780067
3536.828613	-47.908913
3542.211914	-47.263092
3547.595215	-44.494175
3552.978516	-44.485928
3558.361816	-44.693237
3563.745117	-46.153244
3569.128418	-48.307259
3574.511719	-45.933006
3579.895020	-43.383167
3585.278320	-44.164494
3590.661621	-45.895599
3596.044922	-45.007221
3601.428223	-44.625877
3606.811523	-43.243679
3612.194824	-42.371544
3617.578125	-42.199566
3622.961426	-41.687157
3628.344727	-43.467339
3633.728027	-47.832840
3639.111328	-45.094906
3644.494629	-42.723587
3649.877930	-40.764870
3655.261230	-41.995182
3660.644531	-47.410313
3666.027832	-50.036823
3671.411133	-49.576077
3676.794434	-47.138367
3682.177734	-42.988415
3687.561035	-40.247215
3692.944336	-38.177578
3698.327637	-37.407753
3703.710938	-37.580841
3709.094238	-37.877846
3714.477539	-39.455608
3719.860840	-40.215321
3725.244141	-40.760475
3730.627441	-44.474651
3736.010742	-49.874741
3741.394043	-46.210510
3746.777344	-43.091484
3752.160645	-44.380051
3757.543945	-45.281971
3762.927246	-46.646191
3768.310547	-50.066963
3773.693848	-50.212036
3779.077148	-53.609581
3784.460449	-53.905518
3789.843750	-48.970173
3795.227051	-49.391495
3800.610352	-49.939724
3805.993652	-47.277508
3811.376953	-50.809124
3816.760254	-49.252289
3822.143555	-44.038513
3827.526855	-42.940941
3832.910156	-42.792702
3838.293457	-40.421341
3843.676758	-39.208603
3849.060059	-40.035961
3854.443359	-42.225666
3859.826660	-40.865742
3865.209961	-39.619057
3870.593262	-39.466141
3875.976562	-40.495640
3881.359863	-40.731136
3886.743164	-41.153168
3892.126465	-44.238449
3897.509766	-49.317703
3902.893066	-49.312332
3908.276367	-49.419350
3913.659668	-49.252121
3919.042969	-47.891396
3924.426270	-46.592953
3929.809570	-44.855354
3935.192871	-43.872406
3940.576172	-42.505054
3945.959473	-42.040627
3951.342773	-40.868496
3956.726074	-40.289810
3962.109375	-40.957958
3967.492676	-41.702545
3972.875977	-42.523521
3978.259277	-44.828648
3983.642578	-44.419922
3989.025879	-44.405682
3994.409180	-44.651894
3999.792480	-51.313663
4005.175781	-46.030159
4010.559082	-43.211903
4015.942383	-43.923737
4021.325684	-48.215733
4026.708984	-56.496590
4032.092285	-55.928837
4037.475586	-52.928925
4042.858887	-54.224979
4048.242188	-49.174786
4053.625488	-46.168354
4059.008789	-43.385155
4064.392090	-39.839619
4069.775391	-39.486015
4075.158691	-45.345043
4080.541992	-47.714123
4085.925293	-44.471577
4091.308594	-44.585445
4096.691895	-43.268700
4102.075195	-41.374069
4107.458496	-40.702610
4112.841797	-42.279278
4118.225098	-43.207932
4123.608398	-43.045265
4128.991699	-44.731682
4134.375000	-45.256115
4139.758301	-46.222977
4145.141602	-48.573177
4150.524902	-46.964241
4155.908203	-45.679085
4161.291504	-49.215885
4166.674805	-51.776127
4172.058105	-46.768620
4177.441406	-41.711246
4182.824707	-38.806271
4188.208008	-36.813099
4193.591309	-36.033298
4198.974609	-36.270496
4204.357910	-38.514614
4209.741211	-44.148800
4215.124512	-49.703598
4220.507812	-46.691513
4225.891113	-48.650124
4231.274414	-53.543507
4236.657715	-50.548111
4242.041016	-44.864632
4247.424316	-43.791523
4252.807617	-44.318546
4258.190918	-44.758957
4263.574219	-45.714432
4268.957520	-46.535255
4274.340820	-46.880322
4279.724121	-45.555939
4285.107422	-44.330772
4290.490723	-43.671947
4295.874023	-43.935982
4301.257324	-43.271790
4306.640625	-43.344967
4312.023926	-45.124722
4317.407227	-46.388672
4322.790527	-44.458744
4328.173828	-45.622494
4333.557129	-48.318043
4338.940430	-45.925308
4344.323730	-44.471359
4349.707031	-43.666836
4355.090332	-42.402756
4360.473633	-41.084427
4365.856934	-41.531845
4371.240234	-46.003380
4376.623535	-50.760117
4382.006836	-47.892513
4387.390137	-45.271374
4392.773438	-45.689980
4398.156738	-46.168861
4403.540039	-44.581467
4408.923340	-45.898869
4414.306641	-45.228848
4419.689941	-43.506538
4425.073242	-46.162403
4430.456543	-47.577557
4435.839844	-48.826382
4441.223145	-52.069309
4446.606445	-46.859978
4451.989746	-45.131725
4457.373047	-43.779835
4462.756348	-45.277683
4468.139648	-44.811802
4473.522949	-44.504059
4478.906250	-44.751671
4484.289551	-45.665314
4489.672852	-43.227608
4495.056152	-42.380741
4500.439453	-43.438709
4505.822754	-45.785717
4511.206055	-51.761761
4516.589355	-52.172523
4521.972656	-48.993538
4527.355957	-47.867439
4532.739258	-48.214752
4538.122559	-45.766903
4543.505859	-46.438877
4548.889160	-48.886745
4554.272461	-48.592796
4559.655762	-48.404461
4565.039062	-49.535793
4570.422363	-46.102760
4575.805664	-44.045742
4581.188965	-43.545483
4586.572266	-44.315342
4591.955566	-42.994358
4597.338867	-43.560143
4602.722168	-43.849422
4608.105469	-46.039665
4613.488770	-43.976669
4618.872070	-44.178867
4624.255371	-47.974274
4629.638672	-46.814747
4635.021973	-42.643246
4640.405273	-41.314869
4645.788574	-41.284260
4651.171875	-40.138641
4656.555176	-38.613190
4661.938477	-40.568260
4667.321777	-46.125393
4672.705078	-52.782082
4678.088379	-47.800823
4683.471680	-44.774822
4688.854980	-44.543861
4694.238281	-43.941120
4699.621582	-43.927013
4705.004883	-44.057190
4710.388184	-44.177753
4715.771484	-43.118103
4721.154785	-42.897057
4726.538086	-43.272156
4731.921387	-43.067825
4737.304688	-43.571129
4742.687988	-46.345524
4748.071289	-49.314117
4753.454590	-50.200321
4758.837891	-49.322197
4764.221191	-46.259949
4769.604492	-43.217453
4774.987793	-44.091095
4780.371094	-50.168373
4785.754395	-48.785587
4791.137695	-42.694366
4796.520996	-40.092587
4801.904297	-39.905018
4807.287598	-39.679661
4812.670898	-39.846443
4818.054199	-40.673649
4823.437500	-41.315723
4828.820801	-40.952930
4834.204102	-40.068581
4839.587402	-40.059669
4844.970703	-41.883621
4850.354004	-47.516930
4855.737305	-55.475349
4861.120605	-51.587444
4866.503906	-51.445885
4871.887207	-53.832626
4877.270508	-56.908745
4882.653809	-55.978371
4888.037109	-47.366913
4893.420410	-42.407795
4898.803711	-38.705261
4904.187012	-36.718281
4909.570312	-37.349491
4914.953613	-40.345383
4920.336914	-43.970551
4925.720215	-45.774723
4931.103516	-48.499969
4936.486816	-53.492123
4941.870117	-51.177666
4947.253418	-48.365738
4952.636719	-50.282272
4958.020020	-48.663528
4963.403320	-45.468376
4968.786621	-42.065716
4974.169922	-39.702587
4979.553223	-41.498714
4984.936523	-41.375568
4990.319824	-37.691326
4995.703125	-38.702560
5001.086426	-39.633881
5006.469727	-38.339916
5011.853027	-36.117802
5017.236328	-34.372528
5022.619629	-35.693249
5028.002930	-36.736839
5033.386230	-38.232166
5038.769531	-44.747993
5044.152832	-43.601505
5049.536133	-41.088840
5054.919434	-39.939983
5060.302734	-40.667084
5065.686035	-42.491924
5071.069336	-45.253441
5076.452637	-46.617977
5081.835938	-47.300011
5087.219238	-49.682911
5092.602539	-45.753040
5097.985840	-42.690372
5103.369141	-41.065880
5108.752441	-40.986221
5114.135742	-41.829121
5119.519043	-43.202957
5124.902344	-43.852734
5130.285645	-44.966537
5135.668945	-48.589417
5141.052246	-50.868046
5146.435547	-50.577038
5151.818848	-45.873024
5157.202148	-43.931385
5162.585449	-42.192989
5167.968750	-43.046154
5173.352051	-42.724049
5178.735352	-41.939087
5184.118652	-40.603069
5189.501953	-40.592556
5194.885254	-42.728981
5200.268555	-51.675007
5205.651855	-49.108994
5211.035156	-49.418556
5216.418457	-57.099960
5221.801758	-50.779114
5227.185059	-49.266911
5232.568359	-50.187584
5237.951660	-51.944859
5243.334961	-47.272083
5248.718262	-43.952770
5254.101562	-42.049576
5259.484863	-41.480595
5264.868164	-42.179462
5270.251465	-41.860188
5275.634766	-41.159061
5281.018066	-41.623913
5286.401367	-43.881054
5291.784668	-49.982285
5297.167969	-45.375443
5302.551270	-42.235916
5307.934570	-40.655693
5313.317871	-39.219036
5318.701172	-38.413002
5324.084473	-37.704494
5329.467773	-37.377022
5334.851074	-39.711803
5340.234375	-44.633995
5345.617676	-43.180832
5351.000977	-42.772518
5356.384277	-40.820236
5361.767578	-39.971603
5367.150879	-40.805309
5372.534180	-41.509319
5377.917480	-40.209042
5383.300781	-38.265949
5388.684082	-36.330368
5394.067383	-36.766769
5399.450684	-37.483212
5404.833984	-39.181873
5410.217285	-42.054882
5415.600586	-40.667061
5420.983887	-41.153847
5426.367188	-44.197624
5431.750488	-51.494873
5437.133789	-52.766621
5442.517090	-47.338734
5447.900391	-44.637745
5453.283691	-42.969429
5458.666992	-45.501766
5464.050293	-45.700386
5469.433594	-44.656422
5474.816895	-43.746387
5480.200195	-40.719814
5485.583496	-40.274323
5490.966797	-42.571445
5496.350098	-47.350227
5501.733398	-50.109928
5507.116699	-46.472668
5512.500000	-43.208698
5517.883301	-41.843845
5523.266602	-43.716415
5528.649902	-47.472088
5534.033203	-44.381298
5539.416504	-44.143436
5544.799805	-44.649769
5550.183105	-43.945431
5555.566406	-44.930466
5560.949707	-42.983921
5566.333008	-41.479210
5571.716309	-40.833344
5577.099609	-40.552570
5582.482910	-40.710632
5587.866211	-40.907455
5593.249512	-40.712303
5598.632812	-40.737328
5604.016113	-40.397758
5609.399414	-40.188591
5614.782715	-40.694683
5620.166016	-42.212749
5625.549316	-43.100761
5630.932617	-41.666153
5636.315918	-39.769527
5641.699219	-39.462917
5647.082520	-40.642342
5652.465820	-42.502438
5657.849121	-44.612434
5663.232422	-43.585773
5668.615723	-43.665581
5673.999023	-45.008469
5679.382324	-45.557072
5684.765625	-45.118229
5690.148926	-44.766468
5695.532227	-42.482029
5700.915527	-42.067482
5706.298828	-44.344162
5711.682129	-48.844612
5717.065430	-48.850845
5722.448730	-45.013275
5727.832031	-43.901215
5733.215332	-44.626244
5738.598633	-44.959366
5743.981934	-43.266506
5749.365234	-42.295013
5754.748535	-44.478806
5760.131836	-51.202911
5765.515137	-56.926723
5770.898438	-52.876743
5776.281738	-49.431305
5781.665039	-51.388596
5787.048340	-55.186592
5792.431641	-49.328148
5797.814941	-46.115417
5803.198242	-44.372196
5808.581543	-45.739338
5813.964844	-51.557167
5819.348145	-57.752090
5824.731445	-55.421410
5830.114746	-54.682507
5835.498047	-52.673553
5840.881348	-51.292412
5846.264648	-50.468487
5851.647949	-49.659729
5857.031250	-48.576519
5862.414551	-49.581703
5867.797852	-50.576172
5873.181152	-47.365936
5878.564453	-46.016613
5883.947754	-46.524002
5889.331055	-47.953224
5894.714355	-50.339169
5900.097656	-53.466362
5905.480957	-61.968575
5910.864258	-56.333004
5916.247559	-57.283806
5921.630859	-61.282497
5927.014160	-60.140072
5932.397461	-59.755630
5937.780762	-58.371655
5943.164062	-56.908844
5948.547363	-60.342487
5953.930664	-58.318226
5959.313965	-52.143932
5964.697266	-50.447502
5970.080566	-50.027817
5975.463867	-50.489803
5980.847168	-51.876972
5986.230469	-52.605804
5991.613770	-51.355244
5996.997070	-52.404873
6002.380371	-49.978664
6007.763672	-47.616249
6013.146973	-46.334942
6018.530273	-44.107212
6023.913574	-43.129948
6029.296875	-43.554451
6034.680176	-46.410587
6040.063477	-50.251362
6045.446777	-52.641907
6050.830078	-52.334396
6056.213379	-52.046131
6061.596680	-53.128929
6066.979980	-54.379913
6072.363281	-54.314148
6077.746582	-52.522774
6083.129883	-54.752316
6088.513184	-57.992046
6093.896484	-60.411247
6099.279785	-55.527824
6104.663086	-51.148472
6110.046387	-48.911030
6115.429688	-47.213032
6120.812988	-45.061878
6126.196289	-44.401459
6131.579590	-45.148178
6136.962891	-47.049122
6142.346191	-49.769108
6147.729492	-51.052876
6153.112793	-49.072258
6158.496094	-47.947529
6163.879395	-47.877159
6169.262695	-47.936062
6174.645996	-47.610107
6180.029297	-47.391769
6185.412598	-48.753422
6190.795898	-48.663898
6196.179199	-46.439041
6201.562500	-45.624428
6206.945801	-46.660545
6212.329102	-46.991108
6217.712402	-47.599014
6223.095703	-48.789936
6228.479004	-50.292656
6233.862305	-53.878384
6239.245605	-55.043457
6244.628906	-52.073494
6250.012207	-50.415543
6255.395508	-49.507446
6260.778809	-48.295460
6266.162109	-47.777454
6271.545410	-48.668480
6276.928711	-50.062222
6282.312012	-49.080753
6287.695312	-46.555508
6293.078613	-44.941341
6298.461914	-44.081947
6303.845215	-44.259872
6309.228516	-44.538773
6314.611816	-43.930054
6319.995117	-43.701672
6325.378418	-44.322903
6330.761719	-45.483982
6336.145020	-46.621502
6341.528320	-49.414352
6346.911621	-54.908302
6352.294922	-54.139816
6357.678223	-48.915279
6363.061523	-46.182331
6368.444824	-45.760506
6373.828125	-47.018074
6379.211426	-49.003914
6384.594727	-52.102932
6389.978027	-56.316669
6395.361328	-55.586498
6400.744629	-51.337673
6406.127930	-49.653145
6411.511230	-49.290604
6416.894531	-50.953968
6422.277832	-53.735031
6427.661133	-56.183468
6433.044434	-53.721031
6438.427734	-49.667767
6443.811035	-47.592705
6449.194336	-47.599735
6454.577637	-48.607880
6459.960938	-51.908588
6465.344238	-51.876656
6470.727539	-48.029957
6476.110840	-46.366421
6481.494141	-46.246910
6486.877441	-46.235775
6492.260742	-45.934540
6497.644043	-47.391155
6503.027344	-51.178905
6508.410645	-58.216930
6513.793945	-60.441586
6519.177246	-55.531498
6524.560547	-52.306339
6529.943848	-51.050949
6535.327148	-50.432384
6540.710449	-49.491562
6546.093750	-49.911064
6551.477051	-52.147861
6556.860352	-54.097912
6562.243652	-51.918961
6567.626953	-49.624580
6573.010254	-49.994884
6578.393555	-53.168514
6583.776855	-54.740158
6589.160156	-53.722279
6594.543457	-56.130554
6599.926758	-61.508694
6605.310059	-58.407719
6610.693359	-52.843506
6616.076660	-50.207874
6621.459961	-50.253826
6626.843262	-51.138565
6632.226562	-52.957970
6637.609863	-59.209393
6642.993164	-60.373749
6648.376465	-54.072880
6653.759766	-49.744850
6659.143066	-47.718300
6664.526367	-47.167408
6669.909668	-47.469067
6675.292969	-47.813034
6680.676270	-47.219154
6686.059570	-47.158997
6691.442871	-48.726524
6696.826172	-51.223877
6702.209473	-54.491581
6707.592773	-59.165874
6712.976074	-64.624390
6718.359375	-66.355225
6723.742676	-63.038250
6729.125977	-64.621132
6734.509277	-58.466320
6739.892578	-51.904308
6745.275879	-49.243305
6750.659180	-48.670040
6756.042480	-49.256233
6761.425781	-51.039288
6766.809082	-53.524464
6772.192383	-57.315914
6777.575684	-55.998848
6782.958984	-50.834732
6788.342285	-50.334000
6793.725586	-54.581100
6799.108887	-58.001202
6804.492188	-52.306011
6809.875488	-49.609409
6815.258789	-48.141258
6820.642090	-46.522823
6826.025391	-45.070282
6831.408691	-45.260544
6836.791992	-47.465790
6842.175293	-49.351048
6847.558594	-48.539536
6852.941895	-47.774212
6858.325195	-48.318542
6863.708496	-50.840771
6869.091797	-55.753304
6874.475098	-58.097900
6879.858398	-57.201286
6885.241699	-55.557961
6890.625000	-55.559181
6896.008301	-58.330109
6901.391602	-59.232944
6906.774902	-60.724133
6912.158203	-61.825600
6917.541504	-60.746593
6922.924805	-57.176296
6928.308105	-53.576057
6933.691406	-53.665447
6939.074707	-57.404560
6944.458008	-57.823360
6949.841309	-54.938057
6955.224609	-54.260548
6960.607910	-55.135948
6965.991211	-56.446644
6971.374512	-55.958557
6976.757812	-55.428650
6982.141113	-56.072025
6987.524414	-56.370831
6992.907715	-55.307781
6998.291016	-53.209793
7003.674316	-51.639809
7009.057617	-51.776730
7014.440918	-55.341644
7019.824219	-62.164955
7025.207520	-55.330322
7030.590820	-53.971809
7035.974121	-56.865398
7041.357422	-61.958588
7046.740723	-63.828152
7052.124023	-60.110477
7057.507324	-56.222275
7062.890625	-53.986610
7068.273926	-55.229050
7073.657227	-58.049728
7079.040527	-51.591396
7084.423828	-48.169621
7089.807129	-47.573193
7095.190430	-49.251801
7100.573730	-52.264236
7105.957031	-54.986206
7111.340332	-55.721695
7116.723633	-54.225483
7122.106934	-54.413334
7127.490234	-60.207897
7132.873535	-58.101101
7138.256836	-51.502144
7143.640137	-49.358540
7149.023438	-49.379772
7154.406738	-50.113407
7159.790039	-51.463001
7165.173340	-52.360554
7170.556641	-51.173267
7175.939941	-49.706261
7181.323242	-50.049793
7186.706543	-53.227364
7192.089844	-57.540287
7197.473145	-54.314407
7202.856445	-51.619396
7208.239746	-50.850395
7213.623047	-51.293701
7219.006348	-52.099800
7224.389648	-51.899715
7229.772949	-51.726437
7235.156250	-53.777138
7240.539551	-57.221859
7245.922852	-55.231117
7251.306152	-51.504990
7256.689453	-49.542439
7262.072754	-48.551685
7267.456055	-48.101772
7272.839355	-47.912342
7278.222656	-49.040676
7283.605957	-51.663635
7288.989258	-53.292416
7294.372559	-53.738335
7299.755859	-53.712933
7305.139160	-53.800575
7310.522461	-57.794270
7315.905762	-63.985180
7321.289062	-61.338593
7326.672363	-59.479256
7332.055664	-55.519928
7337.438965	-54.070171
7342.822266	-54.655991
7348.205566	-53.820705
7353.588867	-53.823349
7358.972168	-55.036285
7364.355469	-55.976059
7369.738770	-55.802814
7375.122070	-55.580883
7380.505371	-56.203819
7385.888672	-58.185146
7391.271973	-62.369579
7396.655273	-67.705391
7402.038574	-60.079796
7407.421875	-56.842705
7412.805176	-55.698826
7418.188477	-55.365871
7423.571777	-56.155426
7428.955078	-58.090179
7434.338379	-61.104805
7439.721680	-64.853508
7445.104980	-64.903297
7450.488281	-58.413494
7455.871582	-55.516056
7461.254883	-54.640266
7466.638184	-55.163990
7472.021484	-55.982845
7477.404785	-54.069363
7482.788086	-52.513222
7488.171387	-52.999374
7493.554688	-54.195019
7498.937988	-54.997589
7504.321289	-56.219425
7509.704590	-57.320164
7515.087891	-57.601452
7520.471191	-58.203991
7525.854492	-59.776184
7531.237793	-63.546333
7536.621094	-65.176216
7542.004395	-59.640770
7547.387695	-58.258896
7552.770996	-59.288143
7558.154297	-60.455307
7563.537598	-58.126381
7568.920898	-54.335796
7574.304199	-51.531429
7579.687500	-50.040668
7585.070801	-49.909782
7590.454102	-51.220589
7595.837402	-52.825932
7601.220703	-52.650505
7606.604004	-52.619953
7611.987305	-53.451653
7617.370605	-54.261425
7622.753906	-56.326614
7628.137207	-62.438568
7633.520508	-62.934200
7638.903809	-58.580536
7644.287109	-56.626831
7649.670410	-55.540409
7655.053711	-56.718636
7660.437012	-58.578537
7665.820312	-60.246883
7671.203613	-63.548794
7676.586914	-61.019997
7681.970215	-56.574745
7687.353516	-54.557339
7692.736816	-55.016502
7698.120117	-57.170605
7703.503418	-58.030449
7708.886719	-58.007912
7714.270020	-59.583633
7719.653320	-63.937527
7725.036621	-71.093704
7730.419922	-69.047737
7735.803223	-70.478828
7741.186523	-71.158600
7746.569824	-67.686172
7751.953125	-63.404835
7757.336426	-59.864193
7762.719727	-59.598644
7768.103027	-61.896721
7773.486328	-65.850166
7778.869629	-66.619850
7784.252930	-59.590992
7789.636230	-56.902077
7795.019531	-56.124924
7800.402832	-54.841434
7805.786133	-54.495899
7811.169434	-56.632271
7816.552734	-61.057793
7821.936035	-65.540794
7827.319336	-67.763794
7832.702637	-66.808174
7838.085938	-61.797184
7843.469238	-58.232342
7848.852539	-56.241821
7854.235840	-54.296581
7859.619141	-53.400017
7865.002441	-54.471458
7870.385742	-56.709240
7875.769043	-59.937168
7881.152344	-61.744194
7886.535645	-58.667770
7891.918945	-57.185760
7897.302246	-57.233898
7902.685547	-56.573322
7908.068848	-55.238937
7913.452148	-54.886147
7918.835449	-56.162842
7924.218750	-57.517944
7929.602051	-55.580326
7934.985352	-53.021236
7940.368652	-51.600193
7945.751953	-50.917042
7951.135254	-50.352551
7956.518555	-50.140724
7961.901855	-51.138622
7967.285156	-53.716675
7972.668457	-57.403343
7978.051758	-59.440052
7983.435059	-56.777699
7988.818359	-54.207401
7994.201660	-52.829414
7999.584961	-52.734161
8004.968262	-53.968124
8010.351562	-55.608902
8015.734863	-56.311184
8021.118164	-56.376484
8026.501465	-55.156620
8031.884766	-53.247498
8037.268066	-52.548939
8042.651367	-52.173645
8048.034668	-51.317245
8053.417969	-51.758396
8058.801270	-54.468662
8064.184570	-57.649509
8069.567871	-58.322281
8074.951172	-59.111408
8080.334473	-60.709618
8085.717773	-61.363121
8091.101074	-59.283073
8096.484375	-58.384933
8101.867676	-59.353260
8107.250977	-58.985802
8112.634277	-58.360210
8118.017578	-58.048119
8123.400879	-57.232643
8128.784180	-54.603638
8134.167480	-51.245918
8139.550781	-49.230812
8144.934082	-48.343048
8150.317383	-48.273571
8155.700684	-49.476101
8161.083984	-52.366165
8166.467285	-57.408302
8171.850586	-59.920280
8177.233887	-56.646122
8182.617188	-55.488228
8188.000488	-56.527245
8193.383789	-59.208168
8198.767090	-61.708588
8204.150391	-61.596741
8209.533691	-60.878708
8214.916992	-60.096272
8220.300293	-60.410843
8225.683594	-62.561115
8231.066895	-64.179588
8236.450195	-60.820202
8241.833496	-58.087059
8247.216797	-57.126831
8252.600098	-57.760891
8257.983398	-59.812405
8263.366699	-62.267120
8268.750000	-63.590431
8274.133301	-66.145844
8279.516602	-67.186211
8284.899902	-61.892914
8290.283203	-59.231022
8295.666504	-59.028469
8301.049805	-61.925812
8306.433105	-62.899620
8311.816406	-58.855572
8317.199707	-57.616920
8322.583008	-54.625748
8327.966309	-51.217613
8333.349609	-50.233219
8338.732910	-51.264610
8344.116211	-52.807930
8349.499512	-54.042519
8354.882812	-55.175316
8360.266113	-55.668221
8365.649414	-56.256374
8371.032715	-56.951912
8376.416016	-57.028378
8381.799316	-57.544022
8387.182617	-58.781860
8392.565918	-57.814842
8397.949219	-55.414993
8403.332520	-53.446888
8408.715820	-51.972538
8414.099121	-51.049717
8419.482422	-50.749092
8424.865723	-51.073990
8430.249023	-52.050102
8435.632324	-53.707321
8441.015625	-55.660473
8446.398926	-57.444599
8451.782227	-59.464500
8457.165527	-62.210800
8462.548828	-63.347416
8467.932129	-61.339748
8473.315430	-60.470161
8478.698730	-62.344624
8484.082031	-65.806351
8489.465332	-65.804329
8494.848633	-60.174519
8500.231934	-55.220745
8505.615234	-52.877602
8510.998535	-53.077961
8516.381836	-55.950970
8521.765137	-60.499500
8527.148438	-58.261993
8532.531738	-54.487427
8537.915039	-52.549431
8543.298340	-51.774971
8548.681641	-51.464409
8554.064941	-51.725700
8559.448242	-52.729603
8564.831543	-54.499569
8570.214844	-56.678036
8575.598145	-58.415474
8580.981445	-59.123741
8586.364746	-60.360779
8591.748047	-64.007790
8597.131348	-65.011398
8602.514648	-60.489994
8607.897949	-59.435036
8613.281250	-59.914841
8618.664551	-59.535686
8624.047852	-59.328091
8629.431152	-60.125671
8634.814453	-60.643276
8640.197754	-60.940670
8645.581055	-61.968288
8650.964355	-60.121864
8656.347656	-57.087711
8661.730957	-55.472904
8667.114258	-54.683643
8672.497559	-53.965668
8677.880859	-53.922108
8683.264160	-54.902859
8688.647461	-56.415073
8694.030762	-57.641476
8699.414062	-57.656742
8704.797363	-57.039841
8710.180664	-57.118755
8715.563965	-57.564983
8720.947266	-57.237724
8726.330566	-56.919849
8731.713867	-57.304840
8737.097168	-57.043156
8742.480469	-56.450752
8747.863770	-57.281265
8753.247070	-59.801769
8758.630371	-63.420425
8764.013672	-67.364960
8769.396973	-71.877136
8774.780273	-75.058350
8780.163574	-67.880524
8785.546875	-64.102661
8790.930176	-63.625305
8796.313477	-62.242432
8801.696777	-60.029831
8807.080078	-60.161133
8812.463379	-62.301033
8817.846680	-62.754112
8823.229980	-62.641434
8828.613281	-65.295769
8833.996582	-65.307854
8839.379883	-61.939869
8844.763184	-61.011768
8850.146484	-61.416485
8855.529785	-61.659500
8860.913086	-61.153530
8866.296387	-59.311111
8871.679688	-56.555199
8877.062988	-54.141872
8882.446289	-52.888165
8887.829590	-52.857098
8893.212891	-53.062935
8898.596191	-51.940041
8903.979492	-50.589928
8909.362793	-50.288731
8914.746094	-50.647423
8920.129395	-50.741951
8925.512695	-50.967083
8930.895996	-52.308758
8936.279297	-55.039345
8941.662598	-58.709873
8947.045898	-63.021233
8952.429199	-68.322807
8957.812500	-74.311462
8963.195801	-69.860466
8968.579102	-63.391346
8973.962402	-60.230930
8979.345703	-59.670025
8984.729004	-62.455055
8990.112305	-69.559715
8995.495605	-68.025436
9000.878906	-64.223106
9006.262207	-61.863316
9011.645508	-58.638378
9017.028809	-56.751881
9022.412109	-57.127041
9027.795410	-59.654507
9033.178711	-63.893944
9038.562012	-66.699776
9043.945312	-64.560753
9049.328613	-61.854530
9054.711914	-59.779087
9060.095215	-57.876137
9065.478516	-57.216072
9070.861816	-58.830639
9076.245117	-63.013794
9081.628418	-65.310829
9087.011719	-63.745190
9092.395020	-63.199181
9097.778320	-63.431667
9103.161621	-65.554016
9108.544922	-66.553871
9113.928223	-62.243076
9119.311523	-58.417107
9124.694824	-56.339531
9130.078125	-55.974991
9135.461426	-55.963909
9140.844727	-54.870327
9146.228027	-53.860966
9151.611328	-53.477875
9156.994629	-53.436756
9162.377930	-53.696426
9167.761230	-54.012493
9173.144531	-54.296066
9178.527832	-55.415176
9183.911133	-57.982071
9189.294434	-60.940533
9194.677734	-61.696941
9200.061035	-63.736458
9205.444336	-70.748711
9210.827637	-70.065086
9216.210938	-68.913033
9221.594238	-71.283340
9226.977539	-67.621674
9232.360840	-66.290962
9237.744141	-65.409813
9243.127441	-62.959515
9248.510742	-62.215809
9253.894043	-63.381794
9259.277344	-64.865166
9264.660645	-68.266106
9270.043945	-70.319443
9275.427246	-63.485699
9280.810547	-60.956505
9286.193848	-61.636189
9291.577148	-64.762215
9296.960449	-64.168083
9302.343750	-59.558456
9307.727051	-57.061043
9313.110352	-56.565872
9318.493652	-57.152481
9323.876953	-58.612545
9329.260254	-61.828583
9334.643555	-63.929054
9340.026855	-60.584492
9345.410156	-57.997780
9350.793457	-56.859840
9356.176758	-57.297623
9361.560059	-59.115459
9366.943359	-57.684338
9372.326660	-54.947964
9377.709961	-54.356564
9383.093262	-55.051270
9388.476562	-55.350288
9393.859863	-55.496910
9399.243164	-55.987022
9404.626465	-56.246540
9410.009766	-56.417419
9415.393066	-56.958824
9420.776367	-57.343235
9426.159668	-57.066307
9431.542969	-57.904610
9436.926270	-61.216946
9442.309570	-65.341957
9447.692871	-68.533699
9453.076172	-67.957161
9458.459473	-62.385193
9463.842773	-58.407051
9469.226074	-55.434055
9474.609375	-53.955269
9479.992676	-53.438129
9485.375977	-52.933514
9490.759277	-52.579815
9496.142578	-52.456928
9501.525879	-51.812679
9506.909180	-50.917534
9512.292480	-50.735115
9517.675781	-51.903194
9523.059082	-54.393112
9528.442383	-57.768620
9533.825684	-62.310551
9539.208984	-64.443413
9544.592285	-59.592880
9549.975586	-56.751026
9555.358887	-55.924347
9560.742188	-56.003548
9566.125488	-56.977966
9571.508789	-60.056686
9576.892090	-63.870712
9582.275391	-61.737782
9587.658691	-59.900482
9593.041992	-60.248638
9598.425293	-64.033691
9603.808594	-64.458450
9609.191895	-58.498940
9614.575195	-56.118584
9619.958496	-54.185890
9625.341797	-52.721012
9630.725098	-52.970139
9636.108398	-54.078754
9641.491699	-54.265072
9646.875000	-54.112473
9652.258301	-54.152962
9657.641602	-53.904858
9663.024902	-53.890965
9668.408203	-54.271317
9673.791504	-54.694210
9679.174805	-55.145817
9684.558105	-56.226860
9689.941406	-58.786251
9695.324707	-63.497509
9700.708008	-72.267159
9706.091309	-67.878326
9711.474609	-62.512890
9716.857910	-59.947945
9722.241211	-58.616116
9727.624512	-57.440529
9733.007812	-56.582405
9738.391113	-57.076328
9743.774414	-58.715549
9749.157715	-59.143597
9754.541016	-57.711773
9759.924316	-56.609039
9765.307617	-56.851952
9770.690918	-58.411453
9776.074219	-60.921051
9781.457520	-62.717937
9786.840820	-58.570858
9792.224121	-54.777721
9797.607422	-53.308048
9802.990723	-52.983227
9808.374023	-53.185677
9813.757324	-54.188953
9819.140625	-55.501419
9824.523926	-56.489162
9829.907227	-58.217289
9835.290527	-58.969723
9840.673828	-56.718788
9846.057129	-55.630714
9851.440430	-55.873714
9856.823730	-56.752052
9862.207031	-58.625473
9867.590332	-59.715454
9872.973633	-59.497440
9878.356934	-59.789917
9883.740234	-59.268448
9889.123535	-59.373459
9894.506836	-62.435703
9899.890137	-69.334274
9905.273438	-72.974739
9910.656738	-74.005470
9916.040039	-76.993446
9921.423340	-71.436844
9926.806641	-64.993309
9932.189941	-62.484985
9937.573242	-61.911263
9942.956543	-62.152672
9948.339844	-63.201321
9953.723145	-65.372475
9959.106445	-67.635864
9964.489746	-65.179756
9969.873047	-60.772247
9975.256348	-57.967728
9980.639648	-56.837605
9986.022949	-56.027527
9991.406250	-55.181793
9996.789551	-55.178200
10002.172852	-55.941830
10007.556152	-56.923779
10012.939453	-58.084496
10018.322754	-58.726822
10023.706055	-58.738270
10029.089355	-59.950047
10034.472656	-62.681519
10039.855957	-65.491020
10045.239258	-67.773766
10050.622559	-67.086700
10056.005859	-63.741302
10061.389160	-60.829060
10066.772461	-58.767464
10072.155762	-56.906261
10077.539062	-55.529171
10082.922363	-55.572380
10088.305664	-56.944408
10093.688965	-58.010376
10099.072266	-58.017563
10104.455566	-58.002186
10109.838867	-58.002224
10115.222168	-57.661972
10120.605469	-56.935825
10125.988770	-55.927826
10131.372070	-55.255222
10136.755371	-55.901581
10142.138672	-58.191326
10147.521973	-60.518250
10152.905273	-59.834572
10158.288574	-58.174091
10163.671875	-57.626667
10169.055176	-58.108532
10174.438477	-58.279659
10179.821777	-57.144653
10185.205078	-56.326008
10190.588379	-56.946224
10195.971680	-59.129761
10201.354980	-62.102261
10206.738281	-62.674660
10212.121582	-62.435989
10217.504883	-64.860565
10222.888184	-70.870949
10228.271484	-67.330162
10233.654785	-63.030197
10239.038086	-60.853256
10244.421387	-59.742264
10249.804688	-60.336769
10255.187988	-62.804840
10260.571289	-64.500015
10265.954590	-61.286804
10271.337891	-59.084332
10276.721191	-59.029400
10282.104492	-59.212044
10287.487793	-57.504055
10292.871094	-55.883224
10298.254395	-55.797970
10303.637695	-57.188869
10309.020996	-58.885796
10314.404297	-57.956455
10319.787598	-55.630623
10325.170898	-54.493538
10330.554199	-54.694084
10335.937500	-54.695545
10341.320801	-53.858643
10346.704102	-54.045708
10352.087402	-56.382614
10357.470703	-61.053730
10362.854004	-66.283455
10368.237305	-65.015633
10373.620605	-61.805660
10379.003906	-58.493946
10384.387207	-56.136898
10389.770508	-55.720905
10395.153809	-57.218575
10400.537109	-58.887669
10405.920410	-59.869518
10411.303711	-62.846920
10416.687012	-65.997169
10422.070312	-61.287392
10427.453613	-59.238750
10432.836914	-60.911148
10438.220215	-63.902069
10443.603516	-63.028862
10448.986816	-62.445198
10454.370117	-63.050499
10459.753418	-61.470718
10465.136719	-59.599838
10470.520020	-60.160889
10475.903320	-63.811226
10481.286621	-63.909401
10486.669922	-59.895699
10492.053223	-59.008888
10497.436523	-60.361118
10502.819824	-61.244728
10508.203125	-59.902813
10513.586426	-58.557949
10518.969727	-58.469078
10524.353027	-58.933971
10529.736328	-57.864288
10535.119629	-56.505066
10540.502930	-56.950260
10545.886230	-59.206371
10551.269531	-61.273407
10556.652832	-62.685410
10562.036133	-66.037041
10567.419434	-69.742218
10572.802734	-67.450821
10578.186035	-65.409912
10583.569336	-63.985241
10588.952637	-59.802299
10594.335938	-55.960663
10599.719238	-54.126030
10605.102539	-53.543968
10610.485840	-53.306984
10615.869141	-53.322788
10621.252441	-53.891716
10626.635742	-54.960098
10632.019043	-56.446918
10637.402344	-58.107658
10642.785645	-58.425880
10648.168945	-58.038036
10653.552246	-59.112534
10658.935547	-61.107914
10664.318848	-61.553978
10669.702148	-61.257488
10675.085449	-60.083237
10680.468750	-57.863239
10685.852051	-56.204655
10691.235352	-55.539223
10696.618652	-55.839016
10702.001953	-56.717518
10707.385254	-57.540195
10712.768555	-58.886021
10718.151855	-61.734722
10723.535156	-65.125038
10728.918457	-67.321251
10734.301758	-71.920380
10739.685059	-78.928047
10745.068359	-76.277412
10750.451660	-70.146378
10755.834961	-65.259766
10761.218262	-61.961937
10766.601562	-59.569393
10771.984863	-59.045769
10777.368164	-59.921501
10782.751465	-60.036613
10788.134766	-59.450279
10793.518066	-58.356590
10798.901367	-56.796158
10804.284668	-56.497910
10809.667969	-57.734238
10815.051270	-59.083698
10820.434570	-59.468266
10825.817871	-59.791454
10831.201172	-60.308380
10836.584473	-59.840981
10841.967773	-58.964710
10847.351074	-58.033844
10852.734375	-55.799595
10858.117676	-53.861710
10863.500977	-53.161430
10868.884277	-53.201138
10874.267578	-53.324013
10879.650879	-53.466419
10885.034180	-53.729218
10890.417480	-54.398560
10895.800781	-54.646591
10901.184082	-53.201843
10906.567383	-51.950531
10911.950684	-52.005299
10917.333984	-52.801296
10922.717285	-53.629467
10928.100586	-54.691845
10933.483887	-56.453140
10938.867188	-59.399815
10944.250488	-61.751049
10949.633789	-59.380806
10955.017090	-57.256905
10960.400391	-56.276649
10965.783691	-56.108547
10971.166992	-56.614479
10976.550293	-57.007088
10981.933594	-57.969044
10987.316895	-60.537296
10992.700195	-61.571716
10998.083496	-60.320072
11003.466797	-59.846073
11008.850098	-58.753349
11014.233398	-57.391781
11019.616699	-56.927612
11025.000000	-56.684578
11030.383301	-56.393753
11035.766602	-57.123859
11041.149902	-58.503151
11046.533203	-57.565205
11051.916504	-55.642391
11057.299805	-54.232479
11062.683105	-53.578243
11068.066406	-53.812790
11073.449707	-53.832684
11078.833008	-53.619568
11084.216309	-54.812302
11089.599609	-57.059258
11094.982910	-56.992317
11100.366211	-55.950958
11105.749512	-55.931259
11111.132812	-56.884026
11116.516113	-58.894863
11121.899414	-59.188137
11127.282715	-56.372398
11132.666016	-54.005680
11138.049316	-52.805218
11143.432617	-52.657703
11148.815918	-53.291096
11154.199219	-54.494431
11159.582520	-56.273239
11164.965820	-56.493874
11170.349121	-54.305538
11175.732422	-53.052486
11181.115723	-53.040512
11186.499023	-53.662540
11191.882324	-54.901909
11197.265625	-56.658569
11202.648926	-58.501400
11208.032227	-60.478848
11213.415527	-61.804752
11218.798828	-60.558163
11224.182129	-57.861183
11229.565430	-55.583858
11234.948730	-53.975681
11240.332031	-53.201771
11245.715332	-53.447575
11251.098633	-54.024429
11256.481934	-54.290012
11261.865234	-55.180264
11267.248535	-56.360287
11272.631836	-56.136673
11278.015137	-56.209373
11283.398438	-57.880615
11288.781738	-60.393936
11294.165039	-62.892670
11299.548340	-65.474449
11304.931641	-67.089500
11310.314941	-66.927528
11315.698242	-65.021721
11321.081543	-63.662422
11326.464844	-64.862396
11331.848145	-69.820488
11337.231445	-72.525452
11342.614746	-66.661201
11347.998047	-62.337471
11353.381348	-59.578335
11358.764648	-58.667530
11364.147949	-59.009281
11369.531250	-59.941566
11374.914551	-61.279037
11380.297852	-61.776035
11385.681152	-61.099163
11391.064453	-60.959934
11396.447754	-62.030796
11401.831055	-63.182442
11407.214355	-60.973248
11412.597656	-58.335476
11417.980957	-56.752102
11423.364258	-55.347744
11428.747559	-54.532082
11434.130859	-55.023640
11439.514160	-56.535885
11444.897461	-58.384624
11450.280762	-61.290123
11455.664062	-66.933380
11461.047363	-68.674988
11466.430664	-65.304688
11471.813965	-65.435493
11477.197266	-68.236259
11482.580566	-69.256256
11487.963867	-66.268784
11493.347168	-65.108147
11498.730469	-64.293823
11504.113770	-63.175770
11509.497070	-63.222427
11514.880371	-62.911327
11520.263672	-60.150639
11525.646973	-57.417271
11531.030273	-55.546535
11536.413574	-54.489269
11541.796875	-54.512287
11547.180176	-55.304127
11552.563477	-55.561260
11557.946777	-54.928112
11563.330078	-54.552052
11568.713379	-54.688087
11574.096680	-54.783947
11579.479980	-54.738579
11584.863281	-55.318054
11590.246582	-57.124802
11595.629883	-59.976658
11601.013184	-63.021843
11606.396484	-65.762032
11611.779785	-67.269569
11617.163086	-66.174812
11622.546387	-63.698723
11627.929688	-60.694798
11633.312988	-57.664413
11638.696289	-55.615547
11644.079590	-55.047089
11649.462891	-56.248863
11654.846191	-59.459259
11660.229492	-62.210274
11665.612793	-61.135941
11670.996094	-60.285889
11676.379395	-59.088661
11681.762695	-57.404358
11687.145996	-57.294617
11692.529297	-59.372360
11697.912598	-61.179726
11703.295898	-59.696011
11708.679199	-58.450405
11714.062500	-58.529560
11719.445801	-59.530502
11724.829102	-61.162182
11730.212402	-62.601109
11735.595703	-62.707897
11740.979004	-61.830944
11746.362305	-60.752258
11751.745605	-59.939537
11757.128906	-60.343994
11762.512207	-62.663349
11767.895508	-66.076256
11773.278809	-67.264977
11778.662109	-67.783447
11784.045410	-70.628967
11789.428711	-75.146133
11794.812012	-75.467216
11800.195312	-69.316467
11805.578613	-65.265915
11810.961914	-64.576981
11816.345215	-66.932480
11821.728516	-67.425774
11827.111816	-64.036140
11832.495117	-62.629272
11837.878418	-62.112286
11843.261719	-61.677715
11848.645020	-61.680931
11854.028320	-61.328716
11859.411621	-60.069977
11864.794922	-58.608406
11870.178223	-57.470230
11875.561523	-56.779480
11880.944824	-56.817139
11886.328125	-57.685863
11891.711426	-58.737152
11897.094727	-59.013599
11902.478027	-58.550987
11907.861328	-57.822823
11913.244629	-57.441555
11918.627930	-57.765652
11924.011230	-58.325115
11929.394531	-58.664200
11934.777832	-59.235924
11940.161133	-59.928219
11945.544434	-59.572945
11950.927734	-58.679890
11956.311035	-58.692287
11961.694336	-59.944607
11967.077637	-61.995617
11972.460938	-64.216736
11977.844238	-66.082077
11983.227539	-63.766312
11988.610840	-60.845108
11993.994141	-60.814445
11999.377441	-62.767910
12004.760742	-62.301548
12010.144043	-60.234821
12015.527344	-59.393620
12020.910645	-59.342155
12026.293945	-59.954025
12031.677246	-61.245079
12037.060547	-62.811653
12042.443848	-64.831215
12047.827148	-66.591133
12053.210449	-66.013000
12058.593750	-64.595474
12063.977051	-63.681335
12069.360352	-63.035656
12074.743652	-62.465294
12080.126953	-61.151237
12085.510254	-59.389359
12090.893555	-58.942116
12096.276855	-60.307560
12101.660156	-61.524780
12107.043457	-60.805962
12112.426758	-60.214252
12117.810059	-59.583309
12123.193359	-58.270676
12128.576660	-57.559296
12133.959961	-58.245598
12139.343262	-60.021786
12144.726562	-61.712330
12150.109863	-62.116497
12155.493164	-61.044163
12160.876465	-59.163345
12166.259766	-57.304775
12171.643066	-56.277359
12177.026367	-56.482811
12182.409668	-57.474861
12187.792969	-58.708515
12193.176270	-61.004345
12198.559570	-65.211929
12203.942871	-66.560257
12209.326172	-63.482025
12214.709473	-61.727905
12220.092773	-61.316975
12225.476074	-61.156776
12230.859375	-60.904327
12236.242676	-61.417866
12241.625977	-62.184208
12247.009277	-62.033600
12252.392578	-62.168304
12257.775879	-63.565098
12263.159180	-65.847366
12268.542480	-67.904106
12273.925781	-70.001175
12279.309082	-73.231659
12284.692383	-76.150085
12290.075684	-77.773476
12295.458984	-75.380302
12300.842285	-69.521957
12306.225586	-65.687469
12311.608887	-63.164181
12316.992188	-60.920071
12322.375488	-59.169445
12327.758789	-58.421036
12333.142090	-58.515018
12338.525391	-58.205978
12343.908691	-56.935505
12349.291992	-55.976257
12354.675293	-55.811417
12360.058594	-56.282612
12365.441895	-57.451050
12370.825195	-59.825127
12376.208496	-63.807369
12381.591797	-66.805542
12386.975098	-65.262077
12392.358398	-63.534718
12397.741699	-62.836266
12403.125000	-63.373211
12408.508301	-64.413826
12413.891602	-64.038116
12419.274902	-64.035210
12424.658203	-64.929253
12430.041504	-64.461296
12435.424805	-63.997787
12440.808105	-65.154961
12446.191406	-66.640930
12451.574707	-66.985283
12456.958008	-67.161133
12462.341309	-67.052383
12467.724609	-66.252129
12473.107910	-65.350090
12478.491211	-65.158737
12483.874512	-66.532028
12489.257812	-69.980934
12494.641113	-74.750778
12500.024414	-70.193840
12505.407715	-64.597977
12510.791016	-61.796589
12516.174316	-61.599140
12521.557617	-64.150856
12526.940918	-67.523300
12532.324219	-65.537643
12537.707520	-63.417255
12543.090820	-62.911133
12548.474121	-62.441902
12553.857422	-61.666420
12559.240723	-61.371616
12564.624023	-61.394020
12570.007324	-61.486019
12575.390625	-61.790794
12580.773926	-62.058342
12586.157227	-61.202274
12591.540527	-59.683647
12596.923828	-59.226048
12602.307129	-59.633205
12607.690430	-59.668903
12613.073730	-59.916489
12618.457031	-61.839626
12623.840332	-66.296440
12629.223633	-73.047432
12634.606934	-70.326538
12639.990234	-66.245247
12645.373535	-64.211227
12650.756836	-63.319839
12656.140137	-63.754265
12661.523438	-65.451332
12666.906738	-67.167526
12672.290039	-68.553604
12677.673340	-70.326584
12683.056641	-73.271126
12688.439941	-77.625275
12693.823242	-83.877266
12699.206543	-81.612885
12704.589844	-74.074120
12709.973145	-70.903709
12715.356445	-70.107658
12720.739746	-68.521683
12726.123047	-65.188927
12731.506348	-63.688919
12736.889648	-65.372070
12742.272949	-71.059601
12747.656250	-69.888336
12753.039551	-64.274384
12758.422852	-62.333618
12763.806152	-62.051212
12769.189453	-62.034885
12774.572754	-62.618984
12779.956055	-65.141342
12785.339355	-68.299408
12790.722656	-66.496727
12796.105957	-64.605568
12801.489258	-63.155968
12806.872559	-61.154503
12812.255859	-60.118961
12817.639160	-61.107735
12823.022461	-62.468792
12828.405762	-60.809486
12833.789062	-59.421898
12839.172363	-59.430607
12844.555664	-59.611362
12849.938965	-59.893440
12855.322266	-60.560234
12860.705566	-61.102646
12866.088867	-61.735996
12871.472168	-62.505630
12876.855469	-61.957035
12882.238770	-61.130962
12887.622070	-61.552288
12893.005371	-62.721966
12898.388672	-63.333233
12903.771973	-63.109844
12909.155273	-63.020107
12914.538574	-63.906422
12919.921875	-64.847328
12925.305176	-64.362999
12930.688477	-63.902416
12936.071777	-64.253403
12941.455078	-64.559807
12946.838379	-64.728889
12952.221680	-65.046860
12957.604980	-64.734428
12962.988281	-63.887226
12968.371582	-63.918987
12973.754883	-64.861397
12979.138184	-65.534363
12984.521484	-65.937416
12989.904785	-66.905724
12995.288086	-69.072487
13000.671387	-69.456154
13006.054688	-66.665131
13011.437988	-65.226196
13016.821289	-64.209076
13022.204590	-63.194969
13027.587891	-63.607918
13032.971191	-66.072357
13038.354492	-70.333794
13043.737793	-74.017212
13049.121094	-73.592964
13054.504395	-70.468552
13059.887695	-67.814766
13065.270996	-67.188507
13070.654297	-68.147102
13076.037598	-68.035698
13081.420898	-66.911201
13086.804199	-65.919868
13092.187500	-65.444771
13097.570801	-66.722092
13102.954102	-70.845482
13108.337402	-75.198288
13113.720703	-73.439423
13119.104004	-68.549477
13124.487305	-65.874069
13129.870605	-64.454430
13135.253906	-62.278450
13140.637207	-60.786324
13146.020508	-61.061054
13151.403809	-62.036613
13156.787109	-62.311714
13162.170410	-62.864613
13167.553711	-64.898422
13172.937012	-68.588882
13178.320312	-68.588913
13183.703613	-65.664223
13189.086914	-63.158699
13194.470215	-60.995491
13199.853516	-60.559814
13205.236816	-62.406750
13210.620117	-65.740486
13216.003418	-64.897957
13221.386719	-61.706009
13226.770020	-60.074436
13232.153320	-59.789997
13237.536621	-59.846809
13242.919922	-60.381371
13248.303223	-61.773903
13253.686523	-62.315849
13259.069824	-61.398628
13264.453125	-60.608677
13269.836426	-60.558472
13275.219727	-61.843151
13280.603027	-64.033646
13285.986328	-64.458870
13291.369629	-63.899807
13296.752930	-64.136765
13302.136230	-63.610054
13307.519531	-62.696831
13312.902832	-62.844398
13318.286133	-63.798641
13323.669434	-65.712860
13329.052734	-69.836143
13334.436035	-74.901878
13339.819336	-74.521088
13345.202637	-74.322205
13350.585938	-73.030922
13355.969238	-72.146126
13361.352539	-74.644707
13366.735840	-73.430641
13372.119141	-66.513832
13377.502441	-63.953945
13382.885742	-64.455292
13388.269043	-64.912888
13393.652344	-63.329876
13399.035645	-62.854519
13404.418945	-63.845940
13409.802246	-64.915749
13415.185547	-65.774002
13420.568848	-67.997864
13425.952148	-73.105812
13431.335449	-69.884926
13436.718750	-66.034782
13442.102051	-64.189041
13447.485352	-61.348061
13452.868652	-58.867580
13458.251953	-58.066452
13463.635254	-59.241417
13469.018555	-62.484436
13474.401855	-66.094398
13479.785156	-66.814888
13485.168457	-67.957474
13490.551758	-66.599457
13495.935059	-63.873039
13501.318359	-63.504627
13506.701660	-65.431473
13512.084961	-67.734154
13517.468262	-65.819809
13522.851562	-62.929142
13528.234863	-61.227097
13533.618164	-59.709408
13539.001465	-58.318295
13544.384766	-57.936577
13549.768066	-58.685268
13555.151367	-59.612316
13560.534668	-60.331455
13565.917969	-61.372135
13571.301270	-62.263855
13576.684570	-63.103943
13582.067871	-63.576878
13587.451172	-63.197182
13592.834473	-64.495064
13598.217773	-69.069229
13603.601074	-71.776871
13608.984375	-69.532730
13614.367676	-67.757202
13619.750977	-65.230659
13625.134277	-63.741810
13630.517578	-64.158669
13635.900879	-66.828453
13641.284180	-70.036171
13646.667480	-70.348190
13652.050781	-72.235634
13657.434082	-77.936707
13662.817383	-77.253708
13668.200684	-73.736366
13673.583984	-72.599457
13678.967285	-72.476723
13684.350586	-75.548210
13689.733887	-76.087852
13695.117188	-68.490143
13700.500488	-65.138115
13705.883789	-64.827217
13711.267090	-66.862511
13716.650391	-70.913734
13722.033691	-73.219925
13727.416992	-71.701950
13732.800293	-70.687790
13738.183594	-70.486824
13743.566895	-72.856613
13748.950195	-80.540131
13754.333496	-75.850899
13759.716797	-70.346642
13765.100098	-69.319580
13770.483398	-71.087730
13775.866699	-72.905357
13781.250000	-68.099564
13786.633301	-64.380783
13792.016602	-63.516216
13797.399902	-64.449554
13802.783203	-64.007942
13808.166504	-62.151741
13813.549805	-61.433979
13818.933105	-61.694138
13824.316406	-61.821903
13829.699707	-60.193062
13835.083008	-58.394978
13840.466309	-57.959621
13845.849609	-57.940079
13851.232910	-57.172661
13856.616211	-57.148994
13861.999512	-59.060341
13867.382812	-62.748531
13872.766113	-66.836517
13878.149414	-68.891693
13883.532715	-67.457031
13888.916016	-65.389702
13894.299316	-63.571114
13899.682617	-62.653904
13905.065918	-63.418324
13910.449219	-65.573524
13915.832520	-67.730507
13921.215820	-68.230431
13926.599121	-68.142471
13931.982422	-69.375473
13937.365723	-73.509361
13942.749023	-74.163155
13948.132324	-72.023354
13953.515625	-73.753334
13958.898926	-77.490364
13964.282227	-77.640053
13969.665527	-73.798019
13975.048828	-69.888496
13980.432129	-67.978058
13985.815430	-68.649498
13991.198730	-72.745621
13996.582031	-72.313560
14001.965332	-68.628716
14007.348633	-67.730995
14012.731934	-67.003235
14018.115234	-67.179634
14023.498535	-69.474846
14028.881836	-72.508308
14034.265137	-72.253349
14039.648438	-67.013550
14045.031738	-63.537952
14050.415039	-62.780109
14055.798340	-64.464447
14061.181641	-67.847771
14066.564941	-71.856407
14071.948242	-73.700584
14077.331543	-72.562668
14082.714844	-71.591881
14088.098145	-70.269295
14093.481445	-67.083214
14098.864746	-65.070961
14104.248047	-65.307220
14109.631348	-66.805031
14115.014648	-68.765533
14120.397949	-72.285927
14125.781250	-74.881653
14131.164551	-69.668777
14136.547852	-66.535995
14141.931152	-65.549408
14147.314453	-64.816833
14152.697754	-63.630611
14158.081055	-62.879848
14163.464355	-63.099148
14168.847656	-64.552933
14174.230957	-66.486610
14179.614258	-67.533600
14184.997559	-70.203819
14190.380859	-70.777344
14195.764160	-65.032196
14201.147461	-62.169811
14206.530762	-61.251144
14211.914062	-61.183872
14217.297363	-61.368275
14222.680664	-61.055553
14228.063965	-60.633377
14233.447266	-60.674892
14238.830566	-61.076099
14244.213867	-61.400639
14249.597168	-61.963894
14254.980469	-63.344070
14260.363770	-66.383789
14265.747070	-70.374535
14271.130371	-67.754700
14276.513672	-65.652969
14281.896973	-66.362961
14287.280273	-66.298920
14292.663574	-65.094711
14298.046875	-66.188927
14303.430176	-68.560730
14308.813477	-68.171883
14314.196777	-68.423241
14319.580078	-71.187820
14324.963379	-76.588341
14330.346680	-78.035011
14335.729980	-73.253983
14341.113281	-69.508545
14346.496582	-66.608032
14351.879883	-65.534622
14357.263184	-66.142914
14362.646484	-68.073189
14368.029785	-71.085815
14373.413086	-73.205101
14378.796387	-76.174118
14384.179688	-75.127953
14389.562988	-69.776939
14394.946289	-68.967628
14400.329590	-68.660248
14405.712891	-65.416283
14411.096191	-63.222065
14416.479492	-62.764660
14421.862793	-63.487072
14427.246094	-64.691017
14432.629395	-65.547218
14438.012695	-66.910843
14443.395996	-69.928947
14448.779297	-70.996582
14454.162598	-69.219162
14459.545898	-68.762985
14464.929199	-69.337883
14470.312500	-70.131950
14475.695801	-70.864265
14481.079102	-68.802269
14486.462402	-67.019814
14491.845703	-67.261833
14497.229004	-67.330254
14502.612305	-66.027351
14507.995605	-65.951996
14513.378906	-68.042633
14518.762207	-71.980934
14524.145508	-73.553085
14529.528809	-74.746315
14534.912109	-73.944038
14540.295410	-69.959106
14545.678711	-69.199257
14551.062012	-71.574661
14556.445312	-76.093994
14561.828613	-75.896042
14567.211914	-69.748047
14572.595215	-67.134659
14577.978516	-68.322968
14583.361816	-73.681023
14588.745117	-77.254898
14594.128418	-72.548996
14599.511719	-68.958549
14604.895020	-66.720566
14610.278320	-65.339813
14615.661621	-64.681976
14621.044922	-64.485817
14626.428223	-64.517113
14631.811523	-64.707565
14637.194824	-64.951561
14642.578125	-64.996628
14647.961426	-64.465469
14653.344727	-63.606937
14658.728027	-63.344501
14664.111328	-64.203964
14669.494629	-64.982452
14674.877930	-64.316124
14680.261230	-63.052685
14685.644531	-62.215328
14691.027832	-62.215508
14696.411133	-63.020420
14701.794434	-63.587891
14707.177734	-63.951447
14712.561035	-65.232994
14717.944336	-67.786980
14723.327637	-71.186195
14728.710938	-72.324638
14734.094238	-71.192223
14739.477539	-69.639984
14744.860840	-67.039284
14750.244141	-65.759789
14755.627441	-67.372650
14761.010742	-71.137947
14766.394043	-73.027908
14771.777344	-74.624367
14777.160645	-76.162346
14782.543945	-73.592903
14787.927246	-72.564384
14793.310547	-72.647461
14798.693848	-69.192848
14804.077148	-65.567009
14809.460449	-63.873085
14814.843750	-63.716900
14820.227051	-63.842049
14825.610352	-63.735287
14830.993652	-63.710556
14836.376953	-63.514721
14841.760254	-63.822121
14847.143555	-65.351524
14852.526855	-66.533585
14857.910156	-65.888985
14863.293457	-65.975288
14868.676758	-67.336769
14874.060059	-67.277092
14879.443359	-66.143852
14884.826660	-66.415398
14890.209961	-68.309128
14895.593262	-70.020844
14900.976562	-70.264389
14906.359863	-72.032394
14911.743164	-73.952339
14917.126465	-73.157433
14922.509766	-75.753098
14927.893066	-78.415031
14933.276367	-74.026405
14938.659668	-71.705879
14944.042969	-71.339767
14949.426270	-70.751823
14954.809570	-68.642860
14960.192871	-66.813751
14965.576172	-66.265221
14970.959473	-67.216454
14976.342773	-69.109451
14981.726074	-69.427353
14987.109375	-69.213303
14992.492676	-68.321030
14997.875977	-65.305923
15003.259277	-64.564857
15008.642578	-66.919434
15014.025879	-71.453323
15019.409180	-76.977715
15024.792480	-77.719910
15030.175781	-72.339371
15035.559082	-71.201660
15040.942383	-71.006363
15046.325684	-70.465294
15051.708984	-71.672478
15057.092285	-72.300514
15062.475586	-69.426659
15067.858887	-67.825867
15073.242188	-67.261688
15078.625488	-66.258453
15084.008789	-63.958950
15089.392090	-62.004589
15094.775391	-62.043713
15100.158691	-63.798328
15105.541992	-64.055916
15110.925293	-62.821690
15116.308594	-63.370949
15121.691895	-65.717537
15127.075195	-66.456436
15132.458496	-65.047958
15137.841797	-64.538017
15143.225098	-63.963417
15148.608398	-61.975510
15153.991699	-60.308884
15159.375000	-59.477310
15164.758301	-59.426334
15170.141602	-60.081726
15175.524902	-60.651108
15180.908203	-61.107655
15186.291504	-62.975121
15191.674805	-66.225304
15197.058105	-68.187920
15202.441406	-69.960983
15207.824707	-73.811623
15213.208008	-78.328758
15218.591309	-75.347412
15223.974609	-70.377655
15229.357910	-67.065163
15234.741211	-64.687363
15240.124512	-63.070385
15245.507812	-61.952808
15250.891113	-61.483524
15256.274414	-61.744835
15261.657715	-61.393700
15267.041016	-60.011349
15272.424316	-59.519646
15277.807617	-60.381874
15283.190918	-60.820938
15288.574219	-60.156342
15293.957520	-60.165581
15299.340820	-61.335629
15304.724121	-63.007275
15310.107422	-64.704803
15315.490723	-66.605263
15320.874023	-68.925606
15326.257324	-71.258575
15331.640625	-72.103973
15337.023926	-72.016663
15342.407227	-72.903160
15347.790527	-73.673752
15353.173828	-73.816711
15358.557129	-73.733589
15363.940430	-73.643082
15369.323730	-72.039482
15374.707031	-69.475433
15380.090332	-67.634575
15385.473633	-66.418266
15390.856934	-65.808662
15396.240234	-65.787552
15401.623535	-66.104034
15407.006836	-66.799728
15412.390137	-68.404663
15417.773438	-70.248070
15423.156738	-70.623260
15428.540039	-72.062546
15433.923340	-75.502342
15439.306641	-77.798332
15444.689941	-76.412247
15450.073242	-71.100395
15455.456543	-68.327881
15460.839844	-68.371170
15466.223145	-70.622269
15471.606445	-72.952576
15476.989746	-72.445450
15482.373047	-70.573906
15487.756348	-69.492279
15493.139648	-70.388687
15498.522949	-74.261864
15503.906250	-76.189911
15509.289551	-71.495140
15514.672852	-69.923111
15520.056152	-70.036865
15525.439453	-71.498993
15530.822754	-73.756355
15536.206055	-74.436501
15541.589355	-73.722374
15546.972656	-69.810410
15552.355957	-66.979622
15557.739258	-66.537819
15563.122559	-66.797195
15568.505859	-66.611893
15573.889160	-66.961517
15579.272461	-68.475868
15584.655762	-71.670456
15590.039062	-76.774551
15595.422363	-82.010162
15600.805664	-84.631859
15606.188965	-82.687134
15611.572266	-76.281631
15616.955566	-71.870575
15622.338867	-70.314713
15627.722168	-70.613724
15633.105469	-72.025993
15638.488770	-73.216072
15643.872070	-73.341423
15649.255371	-73.372536
15654.638672	-74.033775
15660.021973	-75.754211
15665.405273	-73.545441
15670.788574	-70.971588
15676.171875	-69.820869
15681.555176	-67.652664
15686.938477	-65.784821
15692.321777	-66.001892
15697.705078	-67.298492
15703.088379	-67.495110
15708.471680	-67.373451
15713.854980	-66.983192
15719.238281	-66.015594
15724.621582	-65.712936
15730.004883	-66.008438
15735.388184	-65.547226
15740.771484	-64.590553
15746.154785	-64.870567
15751.538086	-66.676186
15756.921387	-68.698608
15762.304688	-69.409317
15767.687988	-69.943787
15773.071289	-72.054428
15778.454590	-74.868958
15783.837891	-76.509842
15789.221191	-78.092896
15794.604492	-73.715111
15799.987793	-69.461258
15805.371094	-67.551910
15810.754395	-67.276436
15816.137695	-67.764946
15821.520996	-67.416145
15826.904297	-65.833199
15832.287598	-64.473877
15837.670898	-63.670673
15843.054199	-63.545540
15848.437500	-64.297066
15853.820801	-65.486275
15859.204102	-66.540794
15864.587402	-67.825951
15869.970703	-69.363853
15875.354004	-67.435173
15880.737305	-64.616508
15886.120605	-63.201679
15891.503906	-62.762634
15896.887207	-62.587452
15902.270508	-62.516060
15907.653809	-62.600285
15913.037109	-62.753666
15918.420410	-63.121681
15923.803711	-63.501549
15929.187012	-63.288998
15934.570312	-62.707451
15939.953613	-62.423393
15945.336914	-63.023933
15950.720215	-65.263824
15956.103516	-67.337234
15961.486816	-65.843178
15966.870117	-64.909424
15972.253418	-65.512779
15977.636719	-66.410477
15983.020020	-67.803696
15988.403320	-71.103905
15993.786621	-75.541077
15999.169922	-76.135864
16004.553223	-75.394028
16009.936523	-75.883507
16015.319824	-77.551224
16020.703125	-77.260788
16026.086426	-76.292267
16031.469727	-75.300415
16036.853027	-74.981682
16042.236328	-72.425568
16047.619629	-67.873329
16053.002930	-64.616470
16058.386230	-63.423347
16063.769531	-64.022644
16069.152832	-64.918106
16074.536133	-65.161018
16079.919434	-65.232346
16085.302734	-64.548317
16090.686035	-63.371853
16096.069336	-62.901131
16101.452637	-63.790016
16106.835938	-66.300201
16112.219238	-69.795517
16117.602539	-71.076729
16122.985840	-72.146324
16128.369141	-73.157814
16133.752441	-73.069359
16139.135742	-74.533798
16144.519043	-73.137733
16149.902344	-69.086502
16155.285645	-66.812050
16160.668945	-66.577034
16166.052246	-68.298019
16171.435547	-71.847687
16176.818848	-73.418945
16182.202148	-71.023064
16187.585449	-68.795670
16192.968750	-66.366661
16198.352051	-64.427338
16203.735352	-64.079781
16209.118652	-66.077408
16214.501953	-69.650383
16219.885254	-71.125145
16225.268555	-72.276924
16230.651855	-76.304520
16236.035156	-78.627022
16241.418457	-76.204880
16246.801758	-73.499702
16252.185059	-70.410294
16257.568359	-67.477531
16262.951660	-66.270081
16268.334961	-67.022339
16273.718262	-67.718582
16279.101562	-66.467499
16284.484863	-65.863052
16289.868164	-66.827866
16295.251465	-68.857162
16300.634766	-70.811203
16306.018066	-72.095161
16311.401367	-73.487389
16316.784668	-76.322662
16322.167969	-78.632294
16327.551270	-73.666374
16332.934570	-70.026474
16338.317871	-69.861839
16343.701172	-71.675018
16349.084473	-71.940407
16354.467773	-70.822365
16359.851074	-69.985886
16365.234375	-67.943481
16370.617676	-65.420860
16376.000977	-64.320946
16381.384277	-65.121841
16386.767578	-68.010040
16392.150879	-73.137779
16397.534180	-73.652245
16402.917480	-70.074196
16408.300781	-68.085075
16413.684082	-67.828117
16419.067383	-69.123466
16424.450684	-71.653503
16429.833984	-76.566284
16435.217285	-76.313614
16440.600586	-70.162613
16445.983887	-66.308044
16451.367188	-64.398170
16456.750488	-62.993752
16462.133789	-61.379662
16467.517090	-60.312214
16472.900391	-60.541546
16478.283691	-61.598087
16483.666992	-61.782215
16489.050293	-60.850662
16494.433594	-60.045982
16499.816895	-59.952610
16505.200195	-60.899189
16510.583496	-62.873619
16515.966797	-65.139282
16521.350098	-67.155197
16526.733398	-70.256134
16532.116699	-75.826569
16537.500000	-78.183296
16542.883301	-74.445312
16548.266602	-72.415405
16553.649902	-70.954910
16559.033203	-69.965584
16564.416504	-68.926186
16569.799805	-67.976326
16575.183105	-66.892883
16580.566406	-65.876465
16585.949707	-66.528137
16591.333008	-68.296570
16596.716309	-65.817207
16602.099609	-63.223206
16607.482910	-62.566547
16612.866211	-62.356514
16618.249512	-62.006298
16623.632812	-62.063175
16629.016113	-62.444408
16634.399414	-63.274349
16639.782715	-65.015739
16645.166016	-66.316788
16650.549316	-66.406807
16655.932617	-67.130737
16661.315918	-67.998940
16666.699219	-67.187141
16672.082520	-66.322075
16677.465820	-66.818039
16682.849121	-68.521980
16688.232422	-69.300797
16693.615723	-67.729317
16698.999023	-66.715149
16704.382324	-66.970833
16709.765625	-67.545135
16715.148926	-68.203377
16720.532227	-70.512238
16725.915527	-74.733604
16731.298828	-73.447342
16736.682129	-71.298309
16742.065430	-70.430397
16747.448730	-70.692421
16752.832031	-71.725868
16758.215332	-73.169044
16763.598633	-74.631172
16768.981934	-75.503014
16774.365234	-76.401970
16779.748535	-77.298256
16785.131836	-74.586525
16790.515137	-71.249893
16795.898438	-70.119652
16801.281738	-69.166985
16806.665039	-66.687653
16812.048340	-64.779556
16817.431641	-64.008209
16822.814941	-63.662189
16828.198242	-63.838482
16833.581543	-64.576515
16838.964844	-64.953377
16844.348145	-64.831902
16849.731445	-64.350510
16855.114746	-62.723228
16860.498047	-61.541893
16865.881348	-62.181438
16871.264648	-64.138962
16876.647949	-66.628471
16882.031250	-71.314667
16887.414551	-76.999252
16892.797852	-72.129143
16898.181152	-69.613998
16903.564453	-68.306274
16908.947754	-68.765152
16914.331055	-69.847260
16919.714355	-66.910553
16925.097656	-64.550858
16930.480957	-64.074844
16935.864258	-64.365219
16941.247559	-64.383842
16946.630859	-64.715317
16952.014160	-66.278854
16957.397461	-67.904388
16962.780762	-67.607712
16968.164062	-67.865433
16973.547363	-70.816010
16978.930664	-76.684715
16984.313965	-79.450699
16989.697266	-75.564705
16995.080566	-72.818069
17000.463867	-71.281853
17005.847168	-70.720024
17011.230469	-72.293587
17016.613770	-73.979500
17021.997070	-71.134987
17027.380371	-68.744499
17032.763672	-67.931862
17038.146973	-69.577591
17043.530273	-72.746803
17048.913574	-73.094582
17054.296875	-73.908798
17059.680176	-70.064903
17065.063477	-65.752792
17070.446777	-64.786049
17075.830078	-66.836243
17081.213379	-70.952583
17086.596680	-71.552429
17091.979980	-68.281845
17097.363281	-67.035065
17102.746582	-67.078117
17108.129883	-66.627960
17113.513184	-67.127602
17118.896484	-68.530495
17124.279785	-67.120773
17129.663086	-64.772636
17135.046387	-63.126770
17140.429688	-62.481258
17145.812988	-63.441177
17151.196289	-65.248436
17156.579590	-65.030571
17161.962891	-64.114929
17167.346191	-64.764259
17172.729492	-66.483391
17178.112793	-67.302299
17183.496094	-66.071480
17188.879395	-65.085220
17194.262695	-65.407944
17199.645996	-66.545097
17205.029297	-66.510193
17210.412598	-65.860176
17215.795898	-66.344391
17221.179199	-67.912758
17226.562500	-70.429352
17231.945801	-70.032112
17237.329102	-67.231018
17242.712402	-66.228340
17248.095703	-66.665359
17253.479004	-65.905319
17258.862305	-63.925823
17264.245605	-62.945229
17269.628906	-63.311680
17275.012207	-65.119614
17280.395508	-68.422523
17285.778809	-69.696236
17291.162109	-69.279541
17296.545410	-69.374962
17301.928711	-67.643616
17307.312012	-67.267807
17312.695312	-69.626289
17318.078613	-71.385498
17323.461914	-67.866554
17328.845215	-63.660931
17334.228516	-61.388729
17339.611816	-61.326832
17344.995117	-62.722187
17350.378418	-64.103317
17355.761719	-65.976578
17361.145020	-70.219269
17366.528320	-73.551224
17371.911621	-69.081787
17377.294922	-66.202377
17382.678223	-65.194565
17388.061523	-65.676445
17393.444824	-67.212502
17398.828125	-68.683693
17404.211426	-70.093094
17409.594727	-72.853447
17414.978027	-74.455452
17420.361328	-70.865997
17425.744629	-67.904343
17431.127930	-67.229492
17436.511230	-68.749367
17441.894531	-70.436119
17447.277832	-69.429482
17452.661133	-68.953537
17458.044434	-69.615059
17463.427734	-69.110535
17468.811035	-67.325569
17474.194336	-66.248528
17479.577637	-66.020073
17484.960938	-64.002747
17490.344238	-61.282024
17495.727539	-60.293945
17501.110840	-61.099106
17506.494141	-62.146717
17511.877441	-62.346855
17517.260742	-62.986435
17522.644043	-64.591873
17528.027344	-65.863708
17533.410645	-64.961281
17538.793945	-63.798004
17544.177246	-64.305336
17549.560547	-66.395836
17554.943848	-68.233978
17560.327148	-68.690590
17565.710449	-67.878609
17571.093750	-66.769028
17576.477051	-65.885246
17581.860352	-64.541237
17587.243652	-64.160156
17592.626953	-65.459923
17598.010254	-66.537537
17603.393555	-66.326523
17608.776855	-66.959526
17614.160156	-68.706947
17619.543457	-70.771072
17624.926758	-71.399269
17630.310059	-70.791794
17635.693359	-71.097214
17641.076660	-72.334137
17646.459961	-71.655899
17651.843262	-69.615173
17657.226562	-68.529091
17662.609863	-67.461914
17667.993164	-66.839943
17673.376465	-67.851791
17678.759766	-69.592972
17684.143066	-68.622475
17689.526367	-67.072586
17694.909668	-66.260529
17700.292969	-65.096687
17705.676270	-64.184792
17711.059570	-64.241943
17716.442871	-65.076729
17721.826172	-66.218880
17727.209473	-66.540123
17732.592773	-65.596474
17737.976074	-64.973022
17743.359375	-64.592613
17748.742676	-63.882393
17754.125977	-64.015640
17759.509277	-66.228767
17764.892578	-69.506111
17770.275879	-69.327843
17775.659180	-67.733162
17781.042480	-66.721352
17786.425781	-65.658783
17791.809082	-64.984459
17797.192383	-64.841927
17802.575684	-65.317604
17807.958984	-67.298599
17813.342285	-71.289345
17818.725586	-71.316422
17824.108887	-67.281555
17829.492188	-65.625504
17834.875488	-65.720879
17840.258789	-65.717201
17845.642090	-64.754707
17851.025391	-64.610771
17856.408691	-66.425964
17861.791992	-68.457474
17867.175293	-67.703369
17872.558594	-67.333435
17877.941895	-68.446602
17883.325195	-69.387154
17888.708496	-70.238510
17894.091797	-72.141502
17899.475098	-73.739922
17904.858398	-73.633858
17910.241699	-74.445343
17915.625000	-76.712082
17921.008301	-77.957367
17926.391602	-78.972816
17931.774902	-77.526222
17937.158203	-75.432442
17942.541504	-77.100563
17947.924805	-82.100281
17953.308105	-84.285156
17958.691406	-81.244759
17964.074707	-75.163391
17969.458008	-70.817719
17974.841309	-67.558273
17980.224609	-65.672699
17985.607910	-65.140724
17990.991211	-65.224945
17996.374512	-66.018341
18001.757812	-68.853622
18007.141113	-73.620834
18012.524414	-72.177467
18017.907715	-67.967079
18023.291016	-66.073326
18028.674316	-67.004387
18034.057617	-70.985176
18039.440918	-73.596558
18044.824219	-72.352432
18050.207520	-70.285980
18055.590820	-67.969360
18060.974121	-68.032494
18066.357422	-70.980125
18071.740723	-76.751587
18077.124023	-82.954254
18082.507324	-81.345825
18087.890625	-76.706184
18093.273926	-75.462799
18098.657227	-79.163658
18104.040527	-85.323418
18109.423828	-76.959480
18114.807129	-73.015465
18120.190430	-71.045570
18125.573730	-69.381287
18130.957031	-68.316750
18136.340332	-67.728386
18141.723633	-67.074867
18147.106934	-67.211807
18152.490234	-68.273438
18157.873535	-68.252014
18163.256836	-66.811180
18168.640137	-66.231926
18174.023438	-66.727325
18179.406738	-67.693901
18184.790039	-68.380226
18190.173340	-69.451225
18195.556641	-73.188301
18200.939941	-76.710632
18206.323242	-74.841492
18211.706543	-74.602486
18217.089844	-69.376823
18222.473145	-65.543060
18227.856445	-63.784260
18233.239746	-62.741585
18238.623047	-62.504787
18244.006348	-63.194748
18249.389648	-64.170586
18254.772949	-65.216522
18260.156250	-66.888847
18265.539551	-68.156242
18270.922852	-68.296303
18276.306152	-68.238052
18281.689453	-67.956650
18287.072754	-68.051620
18292.456055	-69.888824
18297.839355	-73.949127
18303.222656	-76.069939
18308.605957	-73.714241
18313.989258	-72.492912
18319.372559	-70.735466
18324.755859	-69.085999
18330.139160	-68.923264
18335.522461	-70.320641
18340.905762	-72.722954
18346.289062	-75.514969
18351.672363	-76.754997
18357.055664	-73.097496
18362.438965	-70.984184
18367.822266	-71.526474
18373.205566	-73.915161
18378.588867	-72.514351
18383.972168	-69.488205
18389.355469	-67.289520
18394.738770	-66.010544
18400.122070	-66.639175
18405.505371	-70.003235
18410.888672	-74.578506
18416.271973	-72.825096
18421.655273	-70.203644
18427.038574	-68.577232
18432.421875	-68.353447
18437.805176	-68.942116
18443.188477	-70.139648
18448.571777	-73.189560
18453.955078	-74.873085
18459.338379	-73.780609
18464.721680	-74.629280
18470.104980	-75.268051
18475.488281	-74.654900
18480.871582	-76.485359
18486.254883	-84.109032
18491.638184	-81.357780
18497.021484	-74.674118
18502.404785	-70.243675
18507.788086	-67.730766
18513.171387	-67.187233
18518.554688	-67.983116
18523.937988	-69.043732
18529.321289	-69.919662
18534.704590	-71.623482
18540.087891	-74.811485
18545.471191	-75.564987
18550.854492	-72.559486
18556.237793	-71.385231
18561.621094	-72.042496
18567.004395	-72.923599
18572.387695	-72.771255
18577.770996	-71.657585
18583.154297	-71.151520
18588.537598	-70.911583
18593.920898	-69.806831
18599.304199	-68.622375
18604.687500	-67.880196
18610.070801	-66.940819
18615.454102	-66.246994
18620.837402	-66.618500
18626.220703	-68.140793
18631.604004	-70.083534
18636.987305	-71.720650
18642.370605	-74.866745
18647.753906	-76.986763
18653.137207	-74.569077
18658.520508	-74.286125
18663.903809	-75.860497
18669.287109	-76.504532
18674.670410	-78.900482
18680.053711	-83.409492
18685.437012	-85.494583
18690.820312	-82.890678
18696.203613	-79.809227
18701.586914	-76.097885
18706.970215	-72.844040
18712.353516	-70.975922
18717.736816	-69.394333
18723.120117	-68.209000
18728.503418	-68.109856
18733.886719	-68.255630
18739.270020	-67.518852
18744.653320	-66.899330
18750.036621	-66.156693
18755.419922	-65.359688
18760.803223	-65.668083
18766.186523	-67.363121
18771.569824	-69.785896
18776.953125	-71.186440
18782.336426	-71.137909
18787.719727	-71.225471
18793.103027	-71.396782
18798.486328	-70.685959
18803.869629	-69.317329
18809.252930	-68.485764
18814.636230	-68.834908
18820.019531	-70.150368
18825.402832	-71.219215
18830.786133	-71.685776
18836.169434	-70.733490
18841.552734	-68.319336
18846.936035	-66.677223
18852.319336	-66.599243
18857.702637	-67.435066
18863.085938	-68.027054
18868.469238	-68.420715
18873.852539	-69.753532
18879.235840	-72.886116
18884.619141	-77.714279
18890.002441	-80.884155
18895.385742	-81.830505
18900.769043	-74.571510
18906.152344	-69.631416
18911.535645	-67.678055
18916.918945	-66.689529
18922.302246	-66.689461
18927.685547	-68.161873
18933.068848	-70.167015
18938.452148	-71.808144
18943.835449	-73.480522
18949.218750	-72.868469
18954.602051	-72.156006
18959.985352	-73.702553
18965.368652	-77.587601
18970.751953	-80.753876
18976.135254	-77.192146
18981.518555	-74.218407
18986.901855	-73.472656
18992.285156	-73.700691
18997.668457	-76.247711
19003.051758	-81.624046
19008.435059	-75.987061
19013.818359	-71.608902
19019.201660	-70.006027
19024.584961	-71.543274
19029.968262	-77.322838
19035.351562	-76.361153
19040.734863	-71.053734
19046.118164	-69.433685
19051.501465	-68.251396
19056.884766	-66.323242
19062.268066	-65.271408
19067.651367	-66.143578
19073.034668	-69.648666
19078.417969	-74.753540
19083.801270	-73.464661
19089.184570	-70.909576
19094.567871	-69.338318
19099.951172	-68.437202
19105.334473	-67.878830
19110.717773	-68.229614
19116.101074	-70.623512
19121.484375	-73.696739
19126.867676	-71.129860
19132.250977	-70.017059
19137.634277	-72.724403
19143.017578	-76.968285
19148.400879	-74.184570
19153.784180	-72.124352
19159.167480	-71.517006
19164.550781	-70.780937
19169.934082	-70.350281
19175.317383	-71.868568
19180.700684	-74.826248
19186.083984	-70.892975
19191.467285	-67.609818
19196.850586	-66.885063
19202.233887	-67.105888
19207.617188	-67.045601
19213.000488	-66.739655
19218.383789	-66.891945
19223.767090	-67.859566
19229.150391	-69.576569
19234.533691	-71.250954
19239.916992	-73.396942
19245.300293	-76.978050
19250.683594	-79.019745
19256.066895	-77.773033
19261.450195	-78.297882
19266.833496	-76.683105
19272.216797	-71.451927
19277.600098	-69.031738
19282.983398	-68.982140
19288.366699	-69.761902
19293.750000	-69.765236
19299.133301	-70.590729
19304.516602	-74.096283
19309.899902	-78.020889
19315.283203	-75.430664
19320.666504	-73.937958
19326.049805	-75.331673
19331.433105	-75.960167
19336.816406	-74.502777
19342.199707	-74.764984
19347.583008	-77.072197
19352.966309	-77.726151
19358.349609	-76.184570
19363.732910	-75.314377
19369.116211	-74.868584
19374.499512	-70.681015
19379.882812	-67.951385
19385.266113	-68.137779
19390.649414	-70.224785
19396.032715	-71.700165
19401.416016	-71.955841
19406.799316	-72.427620
19412.182617	-69.217026
19417.565918	-66.337425
19422.949219	-65.315758
19428.332520	-65.124748
19433.715820	-65.081345
19439.099121	-64.812340
19444.482422	-65.134003
19449.865723	-66.645073
19455.249023	-68.056282
19460.632324	-67.163239
19466.015625	-66.360191
19471.398926	-66.835968
19476.782227	-67.545334
19482.165527	-67.776192
19487.548828	-67.991653
19492.932129	-69.247040
19498.315430	-71.862198
19503.698730	-77.097992
19509.082031	-85.107323
19514.465332	-90.368561
19519.848633	-91.823181
19525.231934	-82.642212
19530.615234	-75.596107
19535.998535	-72.979820
19541.381836	-74.547920
19546.765137	-79.685974
19552.148438	-77.867249
19557.531738	-74.048172
19562.915039	-73.517029
19568.298340	-74.248276
19573.681641	-75.041466
19579.064941	-72.936539
19584.448242	-69.584541
19589.831543	-67.718597
19595.214844	-68.335541
19600.598145	-71.096664
19605.981445	-71.287086
19611.364746	-69.468712
19616.748047	-69.457947
19622.131348	-71.053101
19627.514648	-71.605453
19632.897949	-70.630669
19638.281250	-71.265778
19643.664551	-69.996468
19649.047852	-65.984497
19654.431152	-64.325371
19659.814453	-64.990776
19665.197754	-66.277534
19670.581055	-66.230309
19675.964355	-66.225227
19681.347656	-67.716820
19686.730957	-70.897079
19692.114258	-75.301872
19697.497559	-78.994888
19702.880859	-77.536728
19708.264160	-75.219597
19713.647461	-74.308449
19719.030762	-73.893013
19724.414062	-71.876457
19729.797363	-68.935020
19735.180664	-67.508446
19740.563965	-67.621193
19745.947266	-66.738335
19751.330566	-65.010979
19756.713867	-64.275803
19762.097168	-64.837334
19767.480469	-65.494659
19772.863770	-65.392807
19778.247070	-65.417160
19783.630371	-66.559433
19789.013672	-67.796844
19794.396973	-67.929985
19799.780273	-68.822510
19805.163574	-71.110321
19810.546875	-72.128403
19815.930176	-71.381111
19821.313477	-70.157089
19826.696777	-68.448532
19832.080078	-68.356544
19837.463379	-70.880379
19842.846680	-75.591324
19848.229980	-81.093811
19853.613281	-83.251114
19858.996582	-78.202263
19864.379883	-75.619484
19869.763184	-75.331635
19875.146484	-77.703011
19880.529785	-79.101067
19885.913086	-74.871628
19891.296387	-72.037109
19896.679688	-71.360855
19902.062988	-71.343849
19907.446289	-72.318398
19912.829590	-74.901405
19918.212891	-78.368080
19923.596191	-82.706444
19928.979492	-83.492867
19934.362793	-83.607269
19939.746094	-80.385017
19945.129395	-76.201805
19950.512695	-73.201660
19955.895996	-72.463524
19961.279297	-72.156448
19966.662598	-70.255226
19972.045898	-68.939926
19977.429199	-69.908577
19982.812500	-72.638000
19988.195801	-73.685242
19993.579102	-73.396439
19998.962402	-76.378639
20004.345703	-82.589684
20009.729004	-79.154610
20015.112305	-75.031563
20020.495605	-72.557808
20025.878906	-72.264687
20031.262207	-72.930000
20036.645508	-72.819901
20042.028809	-73.533318
20047.412109	-74.576706
20052.795410	-73.506050
20058.178711	-71.172760
20063.562012	-69.547058
20068.945312	-69.650246
20074.328613	-71.390457
20079.711914	-72.944588
20085.095215	-74.213837
20090.478516	-78.106689
20095.861816	-75.664810
20101.245117	-71.498146
20106.628418	-70.067627
20112.011719	-69.932777
20117.395020	-70.392113
20122.778320	-71.129723
20128.161621	-73.376373
20133.544922	-77.222054
20138.928223	-83.011566
20144.311523	-87.188072
20149.694824	-79.384521
20155.078125	-74.502838
20160.461426	-71.319229
20165.844727	-70.011726
20171.228027	-70.719704
20176.611328	-72.958893
20181.994629	-72.090240
20187.377930	-69.598656
20192.761230	-68.275002
20198.144531	-68.061752
20203.527832	-68.342178
20208.911133	-68.972916
20214.294434	-70.149719
20219.677734	-70.622643
20225.061035	-69.492081
20230.444336	-68.554276
20235.827637	-67.943207
20241.210938	-67.539902
20246.594238	-68.691086
20251.977539	-70.511475
20257.360840	-69.007401
20262.744141	-67.653900
20268.127441	-67.599030
20273.510742	-67.320175
20278.894043	-67.295197
20284.277344	-68.789604
20289.660645	-71.342056
20295.043945	-72.506630
20300.427246	-72.774734
20305.810547	-73.353256
20311.193848	-73.503616
20316.577148	-73.738113
20321.960449	-74.514381
20327.343750	-74.301277
20332.727051	-73.998833
20338.110352	-74.072403
20343.493652	-72.850479
20348.876953	-70.877342
20354.260254	-70.296524
20359.643555	-69.461090
20365.026855	-67.182495
20370.410156	-65.718338
20375.793457	-66.082893
20381.176758	-67.654541
20386.560059	-69.039284
20391.943359	-69.295471
20397.326660	-69.265137
20402.709961	-69.663834
20408.093262	-70.355492
20413.476562	-71.338013
20418.859863	-72.639275
20424.243164	-74.414497
20429.626465	-76.214859
20435.009766	-74.987930
20440.393066	-74.339119
20445.776367	-76.821091
20451.159668	-82.070961
20456.542969	-85.378624
20461.926270	-78.386093
20467.309570	-73.758850
20472.692871	-72.547646
20478.076172	-74.815605
20483.459473	-78.915192
20488.842773	-73.977310
20494.226074	-70.650658
20499.609375	-70.365868
20504.992676	-71.431183
20510.375977	-71.764748
20515.759277	-72.488434
20521.142578	-75.045906
20526.525879	-81.046379
20531.909180	-86.669319
20537.292480	-80.389061
20542.675781	-75.952271
20548.059082	-74.066528
20553.442383	-75.887230
20558.825684	-79.959023
20564.208984	-81.372246
20569.592285	-77.395103
20574.975586	-72.694511
20580.358887	-69.871307
20585.742188	-68.639656
20591.125488	-69.167419
20596.508789	-71.130882
20601.892090	-73.015091
20607.275391	-74.359238
20612.658691	-77.618866
20618.041992	-79.860321
20623.425293	-78.002396
20628.808594	-79.560852
20634.191895	-83.552208
20639.575195	-76.909180
20644.958496	-71.483795
20650.341797	-69.320831
20655.725098	-69.672058
20661.108398	-71.200478
20666.491699	-72.313286
20671.875000	-73.481613
20677.258301	-76.547256
20682.641602	-74.798447
20688.024902	-70.636284
20693.408203	-70.630058
20698.791504	-72.969727
20704.174805	-71.248238
20709.558105	-69.312119
20714.941406	-70.074905
20720.324707	-71.128021
20725.708008	-70.398460
20731.091309	-69.807213
20736.474609	-69.767471
20741.857910	-70.558891
20747.241211	-72.781853
20752.624512	-74.660103
20758.007812	-75.256737
20763.391113	-75.640167
20768.774414	-74.595390
20774.157715	-72.739075
20779.541016	-72.329826
20784.924316	-74.532043
20790.307617	-77.272789
20795.690918	-74.646233
20801.074219	-73.739487
20806.457520	-74.572578
20811.840820	-72.822220
20817.224121	-71.606079
20822.607422	-71.377831
20827.990723	-70.200691
20833.374023	-69.040222
20838.757324	-68.297379
20844.140625	-68.190430
20849.523926	-68.414162
20854.907227	-68.708199
20860.290527	-69.350212
20865.673828	-69.415573
20871.057129	-68.852234
20876.440430	-69.345871
20881.823730	-71.581017
20887.207031	-74.490822
20892.590332	-77.602707
20897.973633	-78.954826
20903.356934	-78.630875
20908.740234	-76.498497
20914.123535	-74.571411
20919.506836	-75.418015
20924.890137	-79.331093
20930.273438	-78.963409
20935.656738	-74.592255
20941.040039	-73.260300
20946.423340	-74.232605
20951.806641	-75.833862
20957.189941	-73.181328
20962.573242	-70.050110
20967.956543	-69.425163
20973.339844	-70.964912
20978.723145	-73.408012
20984.106445	-76.890579
20989.489746	-79.897408
20994.873047	-75.610535
21000.256348	-72.711662
21005.639648	-72.759697
21011.022949	-72.705215
21016.406250	-71.521851
21021.789551	-71.659454
21027.172852	-73.651024
21032.556152	-75.964348
21037.939453	-73.775551
21043.322754	-71.154282
21048.706055	-70.523666
21054.089355	-72.709785
21059.472656	-77.271553
21064.855957	-80.872498
21070.239258	-85.106697
21075.622559	-84.414848
21081.005859	-76.941147
21086.389160	-73.067070
21091.772461	-71.128151
21097.155762	-70.343964
21102.539062	-70.483101
21107.922363	-70.651939
21113.305664	-70.236275
21118.688965	-70.342377
21124.072266	-70.999542
21129.455566	-70.788864
21134.838867	-69.271782
21140.222168	-68.905159
21145.605469	-71.603691
21150.988770	-74.823662
21156.372070	-71.754860
21161.755371	-70.625824
21167.138672	-69.859337
21172.521973	-67.846848
21177.905273	-66.836975
21183.288574	-67.163460
21188.671875	-67.825401
21194.055176	-68.132164
21199.438477	-68.074883
21204.821777	-68.037216
21210.205078	-68.282524
21215.588379	-68.339424
21220.971680	-68.154747
21226.354980	-67.969696
21231.738281	-67.656898
21237.121582	-67.553337
21242.504883	-68.873993
21247.888184	-72.108337
21253.271484	-75.126259
21258.654785	-75.997314
21264.038086	-74.248825
21269.421387	-72.340187
21274.804688	-72.632294
21280.187988	-74.546143
21285.571289	-77.276550
21290.954590	-76.629295
21296.337891	-74.804482
21301.721191	-75.639412
21307.104492	-78.742157
21312.487793	-79.544449
21317.871094	-78.865196
21323.254395	-78.165848
21328.637695	-75.852448
21334.020996	-75.013062
21339.404297	-77.208794
21344.787598	-80.290161
21350.170898	-74.760498
21355.554199	-72.607315
21360.937500	-72.498436
21366.320801	-72.528122
21371.704102	-72.372513
21377.087402	-73.786140
21382.470703	-78.300873
21387.854004	-76.044861
21393.237305	-71.991142
21398.620605	-72.065598
21404.003906	-76.198433
21409.387207	-83.489975
21414.770508	-84.631859
21420.153809	-82.522446
21425.537109	-80.764320
21430.920410	-80.976212
21436.303711	-78.686386
21441.687012	-75.048103
21447.070312	-73.374588
21452.453613	-74.348358
21457.836914	-77.962105
21463.220215	-79.928581
21468.603516	-76.365532
21473.986816	-71.334129
21479.370117	-67.612038
21484.753418	-65.436996
21490.136719	-64.654610
21495.520020	-65.032341
21500.903320	-65.625076
21506.286621	-66.358688
21511.669922	-68.155457
21517.053223	-69.463661
21522.436523	-68.894455
21527.819824	-69.025246
21533.203125	-70.605141
21538.586426	-72.600067
21543.969727	-74.347008
21549.353027	-75.001968
21554.736328	-74.322701
21560.119629	-73.992371
21565.502930	-74.015251
21570.886230	-73.060654
21576.269531	-71.969772
21581.652832	-71.412682
21587.036133	-71.382561
21592.419434	-72.633781
21597.802734	-75.160530
21603.186035	-79.149071
21608.569336	-81.421638
21613.952637	-78.626244
21619.335938	-75.505013
21624.719238	-73.328102
21630.102539	-73.080620
21635.485840	-74.848045
21640.869141	-79.229218
21646.252441	-87.609062
21651.635742	-90.714371
21657.019043	-83.897324
21662.402344	-77.549744
21667.785645	-75.957062
21673.168945	-78.606529
21678.552246	-82.711143
21683.935547	-80.517838
21689.318848	-75.718819
21694.702148	-73.190887
21700.085449	-72.795387
21705.468750	-72.888077
21710.852051	-71.822708
21716.235352	-70.746178
21721.618652	-70.333702
21727.001953	-70.076073
21732.385254	-70.684158
21737.768555	-71.723534
21743.151855	-71.856926
21748.535156	-71.456230
21753.918457	-71.419159
21759.301758	-70.506989
21764.685059	-68.598190
21770.068359	-67.799637
21775.451660	-68.545990
21780.834961	-70.742462
21786.218262	-74.086624
21791.601562	-77.378227
21796.984863	-80.538765
21802.368164	-85.815567
21807.751465	-87.094902
21813.134766	-79.550797
21818.518066	-76.071983
21823.901367	-74.982071
21829.284668	-74.931358
21834.667969	-75.513870
21840.051270	-75.755226
21845.434570	-76.569565
21850.817871	-78.479416
21856.201172	-76.007462
21861.584473	-74.742439
21866.967773	-75.604530
21872.351074	-72.624260
21877.734375	-68.775726
21883.117676	-66.648781
21888.500977	-65.305725
21893.884277	-64.339233
21899.267578	-63.729507
21904.650879	-63.682480
21910.034180	-64.671303
21915.417480	-66.635559
21920.800781	-68.366562
21926.184082	-69.276642
21931.567383	-70.181320
21936.950684	-71.282539
21942.333984	-72.314507
21947.717285	-72.370178
21953.100586	-72.121071
21958.483887	-74.577187
21963.867188	-78.009911
21969.250488	-72.185020
21974.633789	-69.403038
21980.017090	-68.223923
21985.400391	-67.068596
21990.783691	-66.250526
21996.166992	-65.843513
22001.550293	-65.791725
22006.933594	-66.063393
22012.316895	-66.434441
22017.700195	-66.886398
22023.083496	-67.771080
22028.466797	-69.499481
22033.850098	-72.345963
22039.233398	-75.775421
22044.616699	-77.366196
