Frequency (Hz)	Level (dB)
5.383301	-55.231125
10.766602	-52.671478
16.149902	-55.173092
21.533203	-37.044128
26.916504	-32.856670
32.299805	-41.967201
37.683105	-42.502640
43.066406	-42.764977
48.449707	-36.501156
53.833008	-31.969269
59.216309	-32.719685
64.599609	-37.474869
69.982910	-42.274250
75.366211	-43.760445
80.749512	-41.908108
86.132812	-40.298805
91.516113	-38.375900
96.899414	-37.817123
102.282715	-38.591129
107.666016	-41.021046
113.049316	-42.617325
118.432617	-44.081238
123.815918	-46.601185
129.199219	-44.930771
134.582520	-40.126133
139.965820	-36.879784
145.349121	-40.276829
150.732422	-38.792484
156.115723	-38.311279
161.499023	-39.087383
166.882324	-40.587383
172.265625	-40.954590
177.648926	-44.432098
183.032227	-41.877487
188.415527	-37.098461
193.798828	-35.132526
199.182129	-34.421196
204.565430	-34.280968
209.948730	-35.343922
215.332031	-36.724567
220.715332	-37.942410
226.098633	-38.421173
231.481934	-38.600357
236.865234	-37.325562
242.248535	-34.765770
247.631836	-33.427414
253.015137	-32.208839
258.398438	-31.701933
263.781738	-32.178150
269.165039	-33.661404
274.548340	-35.313057
279.931641	-36.463367
285.314941	-36.281563
290.698242	-35.765984
296.081543	-35.623894
301.464844	-35.620770
306.848145	-36.909714
312.231445	-36.528580
317.614746	-35.960609
322.998047	-36.218880
328.381348	-37.490955
333.764648	-38.017345
339.147949	-37.270741
344.531250	-37.234344
349.914551	-38.665901
355.297852	-36.871338
360.681152	-32.001362
366.064453	-30.416342
371.447754	-34.042637
376.831055	-40.780956
382.214355	-47.415596
387.597656	-47.155396
392.980957	-41.347095
398.364258	-36.741585
403.747559	-35.084663
409.130859	-34.114288
414.514160	-32.961807
419.897461	-33.934563
425.280762	-36.370018
430.664062	-37.952255
436.047363	-36.493500
441.430664	-36.628281
446.813965	-38.671413
452.197266	-39.770172
457.580566	-37.785942
462.963867	-37.993732
468.347168	-37.446617
473.730469	-35.575165
479.113770	-34.698002
484.497070	-34.428493
489.880371	-34.258476
495.263672	-36.163906
500.646973	-38.881966
506.030273	-34.045521
511.413574	-29.214661
516.796875	-26.745823
522.180176	-25.167158
527.563477	-24.924343
532.946777	-26.649807
538.330078	-32.813248
543.713379	-37.119308
549.096680	-38.048969
554.479980	-37.592926
559.863281	-34.776783
565.246582	-31.878260
570.629883	-30.657328
576.013184	-29.453276
581.396484	-30.162554
586.779785	-32.470352
592.163086	-37.638474
597.546387	-43.192883
602.929688	-42.338352
608.312988	-40.107983
613.696289	-36.555561
619.079590	-33.676994
624.462891	-33.654652
629.846191	-32.817112
635.229492	-32.870174
640.612793	-34.722767
645.996094	-37.064121
651.379395	-35.857906
656.762695	-32.901428
662.145996	-31.925430
667.529297	-32.383347
672.912598	-33.055687
678.295898	-34.073936
683.679199	-34.108463
689.062500	-33.110729
694.445801	-31.292431
699.829102	-30.955452
705.212402	-32.021652
710.595703	-32.097954
715.979004	-30.985607
721.362305	-31.488087
726.745605	-32.332382
732.128906	-32.218002
737.512207	-31.770536
742.895508	-31.338707
748.278809	-33.948666
753.662109	-38.476814
759.045410	-42.047421
764.428711	-41.781353
769.812012	-40.219318
775.195312	-40.590443
780.578613	-39.662758
785.961914	-33.779598
791.345215	-31.382303
796.728516	-32.423443
802.111816	-33.883163
807.495117	-35.798904
812.878418	-35.426872
818.261719	-31.739128
823.645020	-30.342752
829.028320	-30.275452
834.411621	-33.233856
839.794922	-38.851791
845.178223	-42.221584
850.561523	-42.543755
855.944824	-43.283028
861.328125	-45.870514
866.711426	-47.313206
872.094727	-43.677574
877.478027	-40.831821
882.861328	-38.826778
888.244629	-33.905823
893.627930	-29.959480
899.011230	-30.666142
904.394531	-34.361862
909.777832	-36.123783
915.161133	-38.209030
920.544434	-39.595646
925.927734	-38.586712
931.311035	-37.667210
936.694336	-37.664486
942.077637	-40.922623
947.460938	-43.900364
952.844238	-41.103481
958.227539	-40.041485
963.610840	-40.283115
968.994141	-42.856750
974.377441	-47.157013
979.760742	-47.279888
985.144043	-41.645481
990.527344	-40.252480
995.910645	-41.151386
1001.293945	-41.930546
1006.677246	-43.622883
1012.060547	-46.133926
1017.443848	-53.457493
1022.827148	-58.466908
1028.210449	-56.541584
1033.593750	-53.764648
1038.977051	-48.980740
1044.360352	-44.145569
1049.743652	-41.107605
1055.126953	-41.384155
1060.510254	-44.538662
1065.893555	-45.757156
1071.276855	-46.247337
1076.660156	-43.691425
1082.043457	-40.972664
1087.426758	-41.992111
1092.810059	-44.210335
1098.193359	-49.170723
1103.576660	-47.831928
1108.959961	-45.075550
1114.343262	-46.223793
1119.726562	-47.721123
1125.109863	-49.549362
1130.493164	-49.931316
1135.876465	-51.600830
1141.259766	-56.609207
1146.643066	-55.510559
1152.026367	-54.395874
1157.409668	-56.030479
1162.792969	-54.453819
1168.176270	-53.404030
1173.559570	-52.632687
1178.942871	-48.618965
1184.326172	-51.194851
1189.709473	-49.125793
1195.092773	-52.706875
1200.476074	-58.566864
1205.859375	-53.616451
1211.242676	-48.452621
1216.625977	-45.219666
1222.009277	-44.667263
1227.392578	-47.398663
1232.775879	-47.367149
1238.159180	-43.288773
1243.542480	-43.497116
1248.925781	-46.458519
1254.309082	-46.740540
1259.692383	-44.327778
1265.075684	-43.499649
1270.458984	-48.160740
1275.842285	-51.073650
1281.225586	-48.628094
1286.608887	-47.646656
1291.992188	-51.945377
1297.375488	-53.232891
1302.758789	-53.809734
1308.142090	-51.164513
1313.525391	-47.216282
1318.908691	-45.766907
1324.291992	-44.159489
1329.675293	-43.722958
1335.058594	-44.701492
1340.441895	-47.835545
1345.825195	-49.981228
1351.208496	-53.011627
1356.591797	-55.098736
1361.975098	-52.075733
1367.358398	-47.802486
1372.741699	-45.302586
1378.125000	-42.325844
1383.508301	-41.249958
1388.891602	-44.888023
1394.274902	-46.122421
1399.658203	-44.506924
1405.041504	-45.532021
1410.424805	-49.498772
1415.808105	-53.329205
1421.191406	-54.349503
1426.574707	-53.840275
1431.958008	-53.705597
1437.341309	-53.140194
1442.724609	-48.797394
1448.107910	-49.614727
1453.491211	-50.355000
1458.874512	-53.723221
1464.257812	-53.261116
1469.641113	-52.282108
1475.024414	-50.104698
1480.407715	-52.839596
1485.791016	-55.213467
1491.174316	-50.122219
1496.557617	-47.923740
1501.940918	-45.538979
1507.324219	-43.678780
1512.707520	-42.180908
1518.090820	-41.288773
1523.474121	-39.207478
1528.857422	-39.161678
1534.240723	-41.306320
1539.624023	-46.339130
1545.007324	-57.021942
1550.390625	-55.361568
1555.773926	-56.254246
1561.157227	-51.063133
1566.540527	-49.924408
1571.923828	-46.594822
1577.307129	-47.175583
1582.690430	-49.412697
1588.073730	-49.594139
1593.457031	-48.943642
1598.840332	-50.666046
1604.223633	-46.859592
1609.606934	-45.598728
1614.990234	-47.648075
1620.373535	-46.377140
1625.756836	-46.300762
1631.140137	-49.488708
1636.523438	-49.843937
1641.906738	-48.765854
1647.290039	-50.509632
1652.673340	-54.391571
1658.056641	-54.443855
1663.439941	-52.418976
1668.823242	-48.778900
1674.206543	-47.158001
1679.589844	-50.857220
1684.973145	-54.088078
1690.356445	-56.501549
1695.739746	-55.204227
1701.123047	-55.940544
1706.506348	-57.603737
1711.889648	-56.056671
1717.272949	-55.804497
1722.656250	-57.438858
1728.039551	-56.542568
1733.422852	-56.692398
1738.806152	-56.328793
1744.189453	-53.245819
1749.572754	-53.248650
1754.956055	-49.203644
1760.339355	-44.524281
1765.722656	-43.437672
1771.105957	-44.739559
1776.489258	-47.694561
1781.872559	-51.757034
1787.255859	-58.304115
1792.639160	-51.817493
1798.022461	-52.555153
1803.405762	-54.568542
1808.789062	-51.727833
1814.172363	-49.350079
1819.555664	-48.435024
1824.938965	-46.856018
1830.322266	-46.477249
1835.705566	-48.098728
1841.088867	-50.590656
1846.472168	-47.014378
1851.855469	-44.597469
1857.238770	-46.352421
1862.622070	-48.132698
1868.005371	-45.807308
1873.388672	-46.806831
1878.771973	-46.721668
1884.155273	-46.756008
1889.538574	-45.667801
1894.921875	-46.502941
1900.305176	-49.713814
1905.688477	-50.716640
1911.071777	-48.640701
1916.455078	-45.559425
1921.838379	-43.882385
1927.221680	-44.282734
1932.604980	-43.476509
1937.988281	-45.298332
1943.371582	-47.095345
1948.754883	-46.980003
1954.138184	-49.370026
1959.521484	-50.922169
1964.904785	-49.246403
1970.288086	-44.366043
1975.671387	-43.120815
1981.054688	-44.600174
1986.437988	-43.688217
1991.821289	-44.669857
1997.204590	-46.309017
2002.587891	-50.642349
2007.971191	-56.185169
2013.354492	-54.505085
2018.737793	-49.500771
2024.121094	-45.147839
2029.504395	-43.171394
2034.887695	-44.445480
2040.270996	-47.851978
2045.654297	-49.559200
2051.037598	-46.415146
2056.420898	-44.580555
2061.804199	-44.065720
2067.187500	-44.239681
2072.570801	-45.867916
2077.954102	-47.145752
2083.337402	-46.737694
2088.720703	-45.805138
2094.104004	-46.813408
2099.487305	-49.127087
2104.870605	-51.228176
2110.253906	-50.819733
2115.637207	-47.893574
2121.020508	-45.686481
2126.403809	-44.745659
2131.787109	-43.850906
2137.170410	-44.072998
2142.553711	-44.794170
2147.937012	-45.806107
2153.320312	-46.867565
2158.703613	-49.004402
2164.086914	-51.886288
2169.470215	-51.458645
2174.853516	-49.098618
2180.236816	-48.701290
2185.620117	-50.234821
2191.003418	-50.052048
2196.386719	-51.458076
2201.770020	-55.227032
2207.153320	-54.332939
2212.536621	-50.476082
2217.919922	-49.710800
2223.303223	-50.172665
2228.686523	-48.899979
2234.069824	-45.077942
2239.453125	-44.276867
2244.836426	-46.723545
2250.219727	-47.201427
2255.603027	-48.233501
2260.986328	-48.967545
2266.369629	-48.712162
2271.752930	-49.383068
2277.136230	-49.382435
2282.519531	-48.258667
2287.902832	-46.554199
2293.286133	-44.768391
2298.669434	-43.797749
2304.052734	-43.454578
2309.436035	-44.686623
2314.819336	-47.063755
2320.202637	-45.765060
2325.585938	-43.374855
2330.969238	-43.596348
2336.352539	-44.394825
2341.735840	-44.564495
2347.119141	-44.862503
2352.502441	-43.843372
2357.885742	-42.881363
2363.269043	-42.527916
2368.652344	-43.189934
2374.035645	-45.443920
2379.418945	-49.490402
2384.802246	-50.778294
2390.185547	-48.684601
2395.568848	-48.433434
2400.952148	-48.638401
2406.335449	-49.741383
2411.718750	-51.499401
2417.102051	-53.126556
2422.485352	-54.198616
2427.868652	-50.410938
2433.251953	-47.415886
2438.635254	-45.880844
2444.018555	-44.866055
2449.401855	-44.968040
2454.785156	-45.917633
2460.168457	-46.807076
2465.551758	-47.863842
2470.935059	-48.855988
2476.318359	-49.383266
2481.701660	-51.214302
2487.084961	-53.738396
2492.468262	-56.578842
2497.851562	-57.119656
2503.234863	-57.973297
2508.618164	-61.411839
2514.001465	-61.339802
2519.384766	-56.136826
2524.768066	-54.344551
2530.151367	-52.161655
2535.534668	-51.714890
2540.917969	-55.130417
2546.301270	-57.469051
2551.684570	-59.638821
2557.067871	-62.210918
2562.451172	-60.485329
2567.834473	-57.506760
2573.217773	-55.739185
2578.601074	-55.256630
2583.984375	-55.252861
2589.367676	-52.930870
2594.750977	-53.330185
2600.134277	-55.363483
2605.517578	-52.770878
2610.900879	-52.832321
2616.284180	-53.365223
2621.667480	-53.818287
2627.050781	-55.895344
2632.434082	-57.748970
2637.817383	-57.161747
2643.200684	-57.422802
2648.583984	-56.307461
2653.967285	-52.441299
2659.350586	-52.308689
2664.733887	-56.275230
2670.117188	-59.353989
2675.500488	-60.483204
2680.883789	-61.403976
2686.267090	-66.102150
2691.650391	-63.949635
2697.033691	-55.159779
2702.416992	-51.181915
2707.800293	-50.876831
2713.183594	-50.712250
2718.566895	-52.280392
2723.950195	-53.585659
2729.333496	-55.703712
2734.716797	-57.626736
2740.100098	-59.667130
2745.483398	-60.189156
2750.866699	-57.518066
2756.250000	-55.550125
2761.633301	-54.629749
2767.016602	-53.242401
2772.399902	-53.100838
2777.783203	-52.246941
2783.166504	-52.766220
2788.549805	-53.808212
2793.933105	-53.334885
2799.316406	-52.212837
2804.699707	-53.562397
2810.083008	-52.550732
2815.466309	-48.910553
2820.849609	-46.906597
2826.232910	-47.695007
2831.616211	-49.933784
2836.999512	-50.717377
2842.382812	-53.071671
2847.766113	-57.362202
2853.149414	-57.206154
2858.532715	-52.368858
2863.916016	-49.122749
2869.299316	-48.420887
2874.682617	-49.472404
2880.065918	-51.265724
2885.449219	-53.492821
2890.832520	-55.317543
2896.215820	-56.419674
2901.599121	-54.675404
2906.982422	-53.414864
2912.365723	-53.818390
2917.749023	-55.925194
2923.132324	-52.770061
2928.515625	-48.716385
2933.898926	-47.082302
2939.282227	-47.189823
2944.665527	-47.205334
2950.048828	-48.953926
2955.432129	-53.575420
2960.815430	-53.731926
2966.198730	-52.450085
2971.582031	-55.561172
2976.965332	-59.752941
2982.348633	-59.460342
2987.731934	-56.434631
2993.115234	-53.891060
2998.498535	-51.356571
3003.881836	-51.306900
3009.265137	-51.370735
3014.648438	-50.512936
3020.031738	-52.460388
3025.415039	-52.163319
3030.798340	-49.305439
3036.181641	-53.075520
3041.564941	-58.493736
3046.948242	-61.359951
3052.331543	-59.331013
3057.714844	-56.720318
3063.098145	-53.015858
3068.481445	-50.677444
3073.864746	-49.007446
3079.248047	-47.851185
3084.631348	-49.925900
3090.014648	-51.043232
3095.397949	-51.883690
3100.781250	-51.833954
3106.164551	-50.312466
3111.547852	-49.170525
3116.931152	-49.506134
3122.314453	-50.074005
3127.697754	-48.144367
3133.081055	-45.503620
3138.464355	-44.313877
3143.847656	-44.363029
3149.230957	-44.910820
3154.614258	-46.638317
3159.997559	-47.860569
3165.380859	-47.196972
3170.764160	-46.384911
3176.147461	-46.912178
3181.530762	-49.545727
3186.914062	-49.746853
3192.297363	-50.214237
3197.680664	-53.236572
3203.063965	-56.185112
3208.447266	-57.738731
3213.830566	-59.157757
3219.213867	-56.210529
3224.597168	-53.279545
3229.980469	-52.764370
3235.363770	-53.997318
3240.747070	-56.902096
3246.130371	-57.753422
3251.513672	-54.209305
3256.896973	-52.937740
3262.280273	-54.589451
3267.663574	-57.227028
3273.046875	-59.830235
3278.430176	-58.695545
3283.813477	-59.030209
3289.196777	-58.508247
3294.580078	-56.941437
3299.963379	-55.979717
3305.346680	-56.432560
3310.729980	-54.287670
3316.113281	-52.617767
3321.496582	-54.830776
3326.879883	-61.219597
3332.263184	-61.216564
3337.646484	-56.753036
3343.029785	-56.476418
3348.413086	-56.886070
3353.796387	-57.752213
3359.179688	-58.610649
3364.562988	-60.694744
3369.946289	-65.477898
3375.329590	-66.015327
3380.712891	-59.151516
3386.096191	-54.439674
3391.479492	-50.913273
3396.862793	-50.477421
3402.246094	-50.625538
3407.629395	-51.817665
3413.012695	-54.154949
3418.395996	-57.807011
3423.779297	-61.416798
3429.162598	-60.333584
3434.545898	-57.599442
3439.929199	-55.336761
3445.312500	-52.771744
3450.695801	-51.587814
3456.079102	-52.906986
3461.462402	-55.563606
3466.845703	-60.352642
3472.229004	-64.013054
3477.612305	-60.497971
3482.995605	-55.689232
3488.378906	-55.346745
3493.762207	-55.082844
3499.145508	-53.091961
3504.528809	-52.449512
3509.912109	-52.930145
3515.295410	-52.943020
3520.678711	-53.648331
3526.062012	-56.255562
3531.445312	-55.455269
3536.828613	-52.314411
3542.211914	-50.869705
3547.595215	-51.430923
3552.978516	-52.663803
3558.361816	-54.382957
3563.745117	-55.610977
3569.128418	-55.986038
3574.511719	-57.150867
3579.895020	-60.316078
3585.278320	-58.290836
3590.661621	-54.678391
3596.044922	-55.275833
3601.428223	-57.253658
3606.811523	-53.649330
3612.194824	-51.829693
3617.578125	-52.968597
3622.961426	-55.337017
3628.344727	-57.090717
3633.728027	-55.529999
3639.111328	-55.697296
3644.494629	-58.118420
3649.877930	-60.784092
3655.261230	-60.283409
3660.644531	-58.962692
3666.027832	-56.934082
3671.411133	-55.375675
3676.794434	-56.095413
3682.177734	-58.482822
3687.561035	-58.003174
3692.944336	-58.233932
3698.327637	-56.390301
3703.710938	-54.181992
3709.094238	-52.459400
3714.477539	-52.189110
3719.860840	-53.854023
3725.244141	-57.348156
3730.627441	-62.302052
3736.010742	-68.542419
3741.394043	-73.018700
3746.777344	-72.792603
3752.160645	-68.456375
3757.543945	-64.022705
3762.927246	-59.951916
3768.310547	-59.206001
3773.693848	-60.672203
3779.077148	-58.197712
3784.460449	-54.789238
3789.843750	-53.277332
3795.227051	-53.449947
3800.610352	-52.303467
3805.993652	-51.707561
3811.376953	-54.726601
3816.760254	-57.823372
3822.143555	-57.677105
3827.526855	-57.148930
3832.910156	-58.919178
3838.293457	-58.684223
3843.676758	-54.463348
3849.060059	-51.253292
3854.443359	-48.086784
3859.826660	-47.719906
3865.209961	-49.938122
3870.593262	-51.533802
3875.976562	-53.088955
3881.359863	-57.895699
3886.743164	-61.526054
3892.126465	-60.241810
3897.509766	-58.691917
3902.893066	-55.542942
3908.276367	-53.405254
3913.659668	-52.541512
3919.042969	-52.294758
3924.426270	-53.528591
3929.809570	-56.577419
3935.192871	-61.784779
3940.576172	-67.857384
3945.959473	-66.656433
3951.342773	-65.100571
3956.726074	-62.607616
3962.109375	-58.943050
3967.492676	-57.068226
3972.875977	-57.734215
3978.259277	-57.586494
3983.642578	-59.682049
3989.025879	-61.479263
3994.409180	-59.713383
3999.792480	-59.240463
4005.175781	-60.060646
4010.559082	-59.298466
4015.942383	-56.939354
4021.325684	-54.325584
4026.708984	-53.322826
4032.092285	-53.966473
4037.475586	-56.726654
4042.858887	-61.873684
4048.242188	-60.962482
4053.625488	-56.595215
4059.008789	-54.472874
4064.392090	-52.337772
4069.775391	-50.952438
4075.158691	-51.223495
4080.541992	-51.270405
4085.925293	-51.589603
4091.308594	-51.864311
4096.691895	-53.123081
4102.075195	-53.259724
4107.458496	-48.704582
4112.841797	-45.688461
4118.225098	-45.407112
4123.608398	-48.106224
4128.991699	-52.726852
4134.375000	-57.039574
4139.758301	-54.124561
4145.141602	-51.717766
4150.524902	-52.982044
4155.908203	-55.381611
4161.291504	-56.195450
4166.674805	-57.703995
4172.058105	-55.780502
4177.441406	-54.089622
4182.824707	-53.671898
4188.208008	-54.818905
4193.591309	-55.988770
4198.974609	-56.726696
4204.357910	-56.957657
4209.741211	-58.646343
4215.124512	-55.183483
4220.507812	-49.679478
4225.891113	-47.968906
4231.274414	-49.481033
4236.657715	-51.123447
4242.041016	-52.054905
4247.424316	-53.516232
4252.807617	-56.713764
4258.190918	-59.354977
4263.574219	-58.647049
4268.957520	-55.171036
4274.340820	-52.064709
4279.724121	-51.146492
4285.107422	-52.680676
4290.490723	-56.761768
4295.874023	-59.536865
4301.257324	-60.845497
4306.640625	-60.780872
4312.023926	-59.014877
4317.407227	-58.961357
4322.790527	-58.139313
4328.173828	-55.956264
4333.557129	-54.379639
4338.940430	-52.092293
4344.323730	-50.474220
4349.707031	-51.996071
4355.090332	-55.953751
4360.473633	-59.752224
4365.856934	-58.082653
4371.240234	-52.149738
4376.623535	-48.906525
4382.006836	-48.594223
4387.390137	-51.257523
4392.773438	-50.576813
4398.156738	-50.377644
4403.540039	-51.228474
4408.923340	-53.235821
4414.306641	-57.447334
4419.689941	-63.407543
4425.073242	-58.389648
4430.456543	-53.724831
4435.839844	-51.786114
4441.223145	-52.098156
4446.606445	-54.593216
4451.989746	-56.756104
4457.373047	-55.490417
4462.756348	-58.159821
4468.139648	-61.096077
4473.522949	-59.780739
4478.906250	-56.235683
4484.289551	-54.142944
4489.672852	-53.470428
4495.056152	-54.790627
4500.439453	-57.895702
4505.822754	-56.433800
4511.206055	-56.268913
4516.589355	-60.129047
4521.972656	-60.943398
4527.355957	-61.670624
4532.739258	-61.374619
4538.122559	-59.597763
4543.505859	-55.954807
4548.889160	-54.144222
4554.272461	-55.485424
4559.655762	-59.715740
4565.039062	-63.313240
4570.422363	-62.713589
4575.805664	-62.072227
4581.188965	-63.117428
4586.572266	-66.466133
4591.955566	-69.957199
4597.338867	-74.245552
4602.722168	-77.850685
4608.105469	-71.102829
4613.488770	-66.597176
4618.872070	-62.086159
4624.255371	-59.078377
4629.638672	-57.793823
4635.021973	-56.396690
4640.405273	-56.931461
4645.788574	-61.003220
4651.171875	-63.570770
4656.555176	-67.322906
4661.938477	-71.292282
4667.321777	-66.954239
4672.705078	-62.473492
4678.088379	-58.796967
4683.471680	-55.961128
4688.854980	-54.106632
4694.238281	-52.559242
4699.621582	-53.027863
4705.004883	-57.442173
4710.388184	-58.498524
4715.771484	-57.060688
4721.154785	-56.523220
4726.538086	-56.973637
4731.921387	-58.228889
4737.304688	-59.301926
4742.687988	-60.679668
4748.071289	-59.430698
4753.454590	-53.967735
4758.837891	-52.629745
4764.221191	-54.305817
4769.604492	-57.404255
4774.987793	-58.000381
4780.371094	-55.711151
4785.754395	-56.163483
4791.137695	-57.356739
4796.520996	-56.029022
4801.904297	-52.709827
4807.287598	-49.525753
4812.670898	-48.270092
4818.054199	-49.353817
4823.437500	-50.537861
4828.820801	-52.645069
4834.204102	-55.733250
4839.587402	-58.117115
4844.970703	-57.402031
4850.354004	-56.642616
4855.737305	-55.228374
4861.120605	-53.901646
4866.503906	-53.068249
4871.887207	-53.103340
4877.270508	-54.462952
4882.653809	-57.118679
4888.037109	-59.060806
4893.420410	-56.593861
4898.803711	-54.404770
4904.187012	-53.471581
4909.570312	-54.193054
4914.953613	-53.996582
4920.336914	-52.566586
4925.720215	-52.214848
4931.103516	-53.434612
4936.486816	-54.885185
4941.870117	-57.164520
4947.253418	-59.772095
4952.636719	-63.004944
4958.020020	-65.098000
4963.403320	-59.991764
4968.786621	-56.226944
4974.169922	-54.536003
4979.553223	-54.302021
4984.936523	-55.812881
4990.319824	-59.375732
4995.703125	-63.966209
5001.086426	-64.221199
5006.469727	-58.264481
5011.853027	-51.791862
5017.236328	-47.725662
5022.619629	-46.584320
5028.002930	-47.055904
5033.386230	-49.191864
5038.769531	-51.978767
5044.152832	-53.631413
5049.536133	-56.048767
5054.919434	-59.867107
5060.302734	-57.677395
5065.686035	-54.924892
5071.069336	-55.131138
5076.452637	-58.474293
5081.835938	-60.606522
5087.219238	-63.036266
5092.602539	-62.788570
5097.985840	-58.385441
5103.369141	-55.128876
5108.752441	-53.749111
5114.135742	-54.146149
5119.519043	-56.074192
5124.902344	-57.189030
5130.285645	-54.584740
5135.668945	-51.779247
5141.052246	-50.287704
5146.435547	-50.358009
5151.818848	-52.314693
5157.202148	-54.405117
5162.585449	-55.303551
5167.968750	-55.855324
5173.352051	-58.628891
5178.735352	-60.352966
5184.118652	-56.845730
5189.501953	-54.249466
5194.885254	-53.335182
5200.268555	-52.959972
5205.651855	-53.750397
5211.035156	-53.865746
5216.418457	-51.678917
5221.801758	-51.019772
5227.185059	-53.468506
5232.568359	-56.149696
5237.951660	-53.013206
5243.334961	-50.997231
5248.718262	-50.796101
5254.101562	-51.722603
5259.484863	-52.878342
5264.868164	-53.310684
5270.251465	-53.442314
5275.634766	-53.590740
5281.018066	-55.004707
5286.401367	-58.454578
5291.784668	-57.674870
5297.167969	-54.949394
5302.551270	-54.446415
5307.934570	-53.125603
5313.317871	-52.610252
5318.701172	-51.671936
5324.084473	-50.008396
5329.467773	-50.698341
5334.851074	-53.043655
5340.234375	-53.057510
5345.617676	-50.790939
5351.000977	-48.273140
5356.384277	-47.988998
5361.767578	-48.237118
5367.150879	-47.789719
5372.534180	-47.182163
5377.917480	-45.634064
5383.300781	-44.627720
5388.684082	-45.845406
5394.067383	-48.095955
5399.450684	-51.492573
5404.833984	-55.818573
5410.217285	-56.779785
5415.600586	-53.271423
5420.983887	-49.973904
5426.367188	-47.675144
5431.750488	-46.037258
5437.133789	-44.889259
5442.517090	-45.303642
5447.900391	-46.862705
5453.283691	-48.550068
5458.666992	-51.880238
5464.050293	-54.032913
5469.433594	-50.454853
5474.816895	-46.917629
5480.200195	-44.642384
5485.583496	-44.014748
5490.966797	-45.191643
5496.350098	-47.647449
5501.733398	-51.173149
5507.116699	-56.435936
5512.500000	-55.149662
5517.883301	-50.480206
5523.266602	-47.213570
5528.649902	-45.244953
5534.033203	-45.193577
5539.416504	-46.211319
5544.799805	-47.756718
5550.183105	-49.830112
5555.566406	-51.306950
5560.949707	-50.869553
5566.333008	-49.848831
5571.716309	-48.429588
5577.099609	-47.292023
5582.482910	-47.081493
5587.866211	-47.967564
5593.249512	-48.844414
5598.632812	-49.026485
5604.016113	-50.115833
5609.399414	-52.488926
5614.782715	-53.986423
5620.166016	-54.006195
5625.549316	-54.003941
5630.932617	-53.424179
5636.315918	-53.419434
5641.699219	-53.403957
5647.082520	-51.947056
5652.465820	-50.723106
5657.849121	-51.056053
5663.232422	-53.033806
5668.615723	-55.777325
5673.999023	-57.538826
5679.382324	-58.523949
5684.765625	-56.981567
5690.148926	-54.084400
5695.532227	-52.470726
5700.915527	-51.661133
5706.298828	-52.137131
5711.682129	-54.573994
5717.065430	-58.697392
5722.448730	-60.392883
5727.832031	-57.823631
5733.215332	-57.154808
5738.598633	-57.023739
5743.981934	-55.418427
5749.365234	-53.573353
5754.748535	-53.328499
5760.131836	-54.808186
5765.515137	-56.811855
5770.898438	-59.500332
5776.281738	-58.791065
5781.665039	-56.578655
5787.048340	-57.211922
5792.431641	-57.428329
5797.814941	-57.610527
5803.198242	-56.872604
5808.581543	-56.052120
5813.964844	-55.241169
5819.348145	-55.945652
5824.731445	-58.044498
5830.114746	-58.126900
5835.498047	-54.511528
5840.881348	-52.242836
5846.264648	-53.106361
5851.647949	-55.487141
5857.031250	-58.129589
5862.414551	-61.423622
5867.797852	-62.706474
5873.181152	-60.243904
5878.564453	-58.212822
5883.947754	-58.014885
5889.331055	-59.204102
5894.714355	-58.937431
5900.097656	-56.061283
5905.480957	-53.865173
5910.864258	-53.306190
5916.247559	-53.701344
5921.630859	-55.155037
5927.014160	-58.546124
5932.397461	-65.075096
5937.780762	-63.715206
5943.164062	-59.796028
5948.547363	-57.771294
5953.930664	-56.576351
5959.313965	-56.437412
5964.697266	-56.321014
5970.080566	-56.333286
5975.463867	-56.622093
5980.847168	-56.929947
5986.230469	-57.689980
5991.613770	-59.006077
5996.997070	-59.140064
6002.380371	-57.728210
6007.763672	-56.668819
6013.146973	-56.386353
6018.530273	-56.432964
6023.913574	-55.463184
6029.296875	-54.063873
6034.680176	-53.811825
6040.063477	-56.063004
6045.446777	-59.297005
6050.830078	-62.016972
6056.213379	-66.547997
6061.596680	-66.113838
6066.979980	-59.526623
6072.363281	-55.685810
6077.746582	-53.655212
6083.129883	-54.058098
6088.513184	-55.641022
6093.896484	-57.018017
6099.279785	-58.807842
6104.663086	-59.181038
6110.046387	-57.670654
6115.429688	-56.060589
6120.812988	-55.429810
6126.196289	-55.467102
6131.579590	-56.864189
6136.962891	-58.690659
6142.346191	-60.458801
6147.729492	-63.670017
6153.112793	-65.489532
6158.496094	-64.008987
6163.879395	-61.743687
6169.262695	-57.977642
6174.645996	-55.181271
6180.029297	-55.687370
6185.412598	-58.948566
6190.795898	-61.734146
6196.179199	-62.808865
6201.562500	-62.723976
6206.945801	-61.688145
6212.329102	-59.783314
6217.712402	-58.453796
6223.095703	-57.552948
6228.479004	-57.578854
6233.862305	-59.646740
6239.245605	-63.370281
6244.628906	-66.925117
6250.012207	-69.705742
6255.395508	-70.892769
6260.778809	-69.798187
6266.162109	-67.917717
6271.545410	-65.942787
6276.928711	-66.033043
6282.312012	-66.972496
6287.695312	-67.371284
6293.078613	-66.814270
6298.461914	-65.970573
6303.845215	-66.861328
6309.228516	-66.438438
6314.611816	-64.852219
6319.995117	-65.173470
6325.378418	-66.556839
6330.761719	-67.567406
6336.145020	-68.539314
6341.528320	-72.406097
6346.911621	-76.748718
6352.294922	-73.965340
6357.678223	-68.549919
6363.061523	-64.344872
6368.444824	-61.783260
6373.828125	-61.194687
6379.211426	-62.093258
6384.594727	-64.082321
6389.978027	-66.024513
6395.361328	-66.947769
6400.744629	-66.161247
6406.127930	-64.421791
6411.511230	-62.032833
6416.894531	-59.725563
6422.277832	-58.336109
6427.661133	-58.461933
6433.044434	-59.780617
6438.427734	-62.748817
6443.811035	-67.539787
6449.194336	-70.057060
6454.577637	-70.376907
6459.960938	-71.883797
6465.344238	-67.423698
6470.727539	-62.876545
6476.110840	-60.604202
6481.494141	-59.836052
6486.877441	-59.920029
6492.260742	-61.825779
6497.644043	-65.432129
6503.027344	-69.560150
6508.410645	-68.493263
6513.793945	-66.804108
6519.177246	-67.570480
6524.560547	-71.167732
6529.943848	-75.252800
6535.327148	-72.588364
6540.710449	-72.540405
6546.093750	-73.409332
6551.477051	-73.008812
6556.860352	-71.691132
6562.243652	-70.681801
6567.626953	-72.932213
6573.010254	-76.806648
6578.393555	-78.079269
6583.776855	-76.868568
6589.160156	-72.984512
6594.543457	-68.682396
6599.926758	-67.271835
6605.310059	-68.195679
6610.693359	-71.382607
6616.076660	-75.581802
6621.459961	-72.215714
6626.843262	-67.184395
6632.226562	-63.604534
6637.609863	-61.571682
6642.993164	-60.790295
6648.376465	-61.358730
6653.759766	-63.015633
6659.143066	-64.599915
6664.526367	-65.684021
6669.909668	-67.708122
6675.292969	-69.738174
6680.676270	-68.685585
6686.059570	-64.568489
6691.442871	-62.009853
6696.826172	-62.003666
6702.209473	-62.780834
6707.592773	-63.722408
6712.976074	-64.758430
6718.359375	-66.134140
6723.742676	-69.092270
6729.125977	-69.228371
6734.509277	-64.917755
6739.892578	-62.325569
6745.275879	-61.193970
6750.659180	-61.043396
6756.042480	-62.385941
6761.425781	-64.796120
6766.809082	-67.821709
6772.192383	-70.319839
6777.575684	-71.389191
6782.958984	-68.789062
6788.342285	-65.144798
6793.725586	-63.271790
6799.108887	-62.177258
6804.492188	-62.032444
6809.875488	-63.586311
6815.258789	-66.690628
6820.642090	-70.245300
6826.025391	-70.531952
6831.408691	-69.134232
6836.791992	-67.340759
6842.175293	-65.852074
6847.558594	-64.300865
6852.941895	-63.213905
6858.325195	-63.255318
6863.708496	-64.031898
6869.091797	-66.041885
6874.475098	-68.206711
6879.858398	-66.797195
6885.241699	-65.298347
6890.625000	-65.853348
6896.008301	-67.750793
6901.391602	-69.413925
6906.774902	-72.148186
6912.158203	-76.009483
6917.541504	-76.539864
6922.924805	-75.831726
6928.308105	-75.864601
6933.691406	-77.471390
6939.074707	-79.536034
6944.458008	-78.802040
6949.841309	-77.669701
6955.224609	-76.721115
6960.607910	-75.839310
6965.991211	-76.700081
6971.374512	-76.601898
6976.757812	-74.548019
6982.141113	-74.931534
6987.524414	-78.352585
6992.907715	-80.404785
6998.291016	-79.488464
7003.674316	-79.148659
7009.057617	-77.082550
7014.440918	-72.566109
7019.824219	-70.137199
7025.207520	-69.920280
7030.590820	-70.445145
7035.974121	-70.300423
7041.357422	-71.161232
7046.740723	-72.578209
7052.124023	-73.571747
7057.507324	-75.466377
7062.890625	-78.011757
7068.273926	-76.754929
7073.657227	-74.824707
7079.040527	-75.313026
7084.423828	-75.584671
7089.807129	-71.033424
7095.190430	-68.699562
7100.573730	-69.347626
7105.957031	-69.735802
7111.340332	-71.129814
7116.723633	-72.950836
7122.106934	-75.393745
7127.490234	-78.663788
7132.873535	-75.731956
7138.256836	-72.950668
7143.640137	-71.873726
7149.023438	-71.058067
7154.406738	-71.608467
7159.790039	-73.877426
7165.173340	-74.863068
7170.556641	-73.288269
7175.939941	-72.549873
7181.323242	-71.663956
7186.706543	-72.148392
7192.089844	-73.756554
7197.473145	-75.337036
7202.856445	-76.723923
7208.239746	-78.574966
7213.623047	-79.845375
7219.006348	-78.889565
7224.389648	-76.436874
7229.772949	-75.270950
7235.156250	-76.202530
7240.539551	-76.455345
7245.922852	-76.859749
7251.306152	-79.325127
7256.689453	-79.778992
7262.072754	-77.804420
7267.456055	-76.844414
7272.839355	-77.140869
7278.222656	-79.935745
7283.605957	-80.707832
7288.989258	-77.125221
7294.372559	-73.643654
7299.755859	-72.170349
7305.139160	-73.121994
7310.522461	-76.820007
7315.905762	-81.371902
7321.289062	-79.449600
7326.672363	-76.551613
7332.055664	-75.158394
7337.438965	-75.106880
7342.822266	-75.666138
7348.205566	-75.893677
7353.588867	-76.898941
7358.972168	-79.385353
7364.355469	-80.249969
7369.738770	-79.394264
7375.122070	-79.620079
7380.505371	-80.733566
7385.888672	-81.866005
7391.271973	-81.861748
7396.655273	-81.454964
7402.038574	-80.864685
7407.421875	-83.108978
7412.805176	-88.392265
7418.188477	-91.649818
7423.571777	-89.966972
7428.955078	-87.758858
7434.338379	-84.717865
7439.721680	-83.114975
7445.104980	-82.676636
7450.488281	-81.971977
7455.871582	-81.478668
7461.254883	-79.685486
7466.638184	-76.868401
7472.021484	-76.410942
7477.404785	-76.960968
7482.788086	-75.336967
7488.171387	-73.912941
7493.554688	-74.108131
7498.937988	-76.617310
7504.321289	-79.897697
7509.704590	-77.864655
7515.087891	-74.912773
7520.471191	-73.037506
7525.854492	-72.211357
7531.237793	-72.672432
7536.621094	-74.663048
7542.004395	-77.236053
7547.387695	-79.339195
7552.770996	-81.450043
7558.154297	-84.517647
7563.537598	-85.315445
7568.920898	-85.939064
7574.304199	-86.742332
7579.687500	-83.886414
7585.070801	-82.538368
7590.454102	-81.770515
7595.837402	-82.196037
7601.220703	-83.878845
7606.604004	-85.892921
7611.987305	-85.115211
7617.370605	-81.218758
7622.753906	-78.404198
7628.137207	-76.806229
7633.520508	-75.884422
7638.903809	-77.725952
7644.287109	-81.787285
7649.670410	-86.019432
7655.053711	-86.567535
7660.437012	-85.755745
7665.820312	-83.535980
7671.203613	-80.858597
7676.586914	-78.521202
7681.970215	-77.349052
7687.353516	-77.807106
7692.736816	-79.999863
7698.120117	-83.204872
7703.503418	-83.934624
7708.886719	-81.846237
7714.270020	-78.536682
7719.653320	-75.020576
7725.036621	-73.060005
7730.419922	-73.040161
7735.803223	-74.522041
7741.186523	-76.377983
7746.569824	-77.709290
7751.953125	-77.802444
7757.336426	-76.970810
7762.719727	-77.256104
7768.103027	-78.154457
7773.486328	-80.111771
7778.869629	-81.110886
7784.252930	-79.121117
7789.636230	-76.655022
7795.019531	-75.247948
7800.402832	-76.105240
7805.786133	-77.827766
7811.169434	-76.729057
7816.552734	-74.777428
7821.936035	-73.938393
7827.319336	-74.222038
7832.702637	-74.197685
7838.085938	-73.853584
7843.469238	-73.929344
7848.852539	-75.184265
7854.235840	-75.676392
7859.619141	-75.481682
7865.002441	-74.345596
7870.385742	-72.980011
7875.769043	-72.118195
7881.152344	-71.857704
7886.535645	-72.052467
7891.918945	-72.313057
7897.302246	-72.689079
7902.685547	-73.440331
7908.068848	-73.418808
7913.452148	-72.600105
7918.835449	-71.819061
7924.218750	-71.006073
7929.602051	-70.177238
7934.985352	-70.319092
7940.368652	-71.418381
7945.751953	-73.549698
7951.135254	-77.153503
7956.518555	-79.470490
7961.901855	-76.085381
7967.285156	-73.399437
7972.668457	-72.157425
7978.051758	-72.333420
7983.435059	-73.310036
7988.818359	-74.438965
7994.201660	-75.558853
7999.584961	-77.983551
8004.968262	-80.936012
8010.351562	-77.459602
8015.734863	-72.923744
8021.118164	-70.768478
8026.501465	-71.153786
8031.884766	-73.443413
8037.268066	-76.660767
8042.651367	-77.403511
8048.034668	-74.592941
8053.417969	-72.893539
8058.801270	-72.866318
8064.184570	-73.181961
8069.567871	-73.262070
8074.951172	-72.429504
8080.334473	-72.024551
8085.717773	-72.291656
8091.101074	-72.628159
8096.484375	-72.806030
8101.867676	-73.380592
8107.250977	-73.823891
8112.634277	-73.966339
8118.017578	-73.267670
8123.400879	-72.440018
8128.784180	-72.115494
8134.167480	-71.784462
8139.550781	-71.662720
8144.934082	-72.179176
8150.317383	-72.928955
8155.700684	-73.343086
8161.083984	-73.215126
8166.467285	-72.798393
8171.850586	-73.219910
8177.233887	-73.750549
8182.617188	-73.402649
8188.000488	-73.171440
8193.383789	-72.559669
8198.767090	-72.070045
8204.150391	-72.148613
8209.533691	-72.252823
8214.916992	-72.662468
8220.300293	-73.336678
8225.683594	-73.514717
8231.066895	-73.481422
8236.450195	-73.524399
8241.833496	-73.064903
8247.216797	-72.780983
8252.600098	-72.512947
8257.983398	-72.108086
8263.366699	-71.983635
8268.750000	-71.914238
8274.133301	-72.022209
8279.516602	-72.908112
8284.899902	-74.134880
8290.283203	-75.000778
8295.666504	-74.634605
8301.049805	-73.736496
8306.433105	-73.717651
8311.816406	-74.115356
8317.199707	-74.078850
8322.583008	-73.969025
8327.966309	-74.286583
8333.349609	-75.232101
8338.732910	-76.084785
8344.116211	-76.112625
8349.499512	-75.911476
8354.882812	-76.044121
8360.266113	-75.688942
8365.649414	-75.334526
8371.032715	-74.841576
8376.416016	-74.559227
8381.799316	-75.265495
8387.182617	-76.088745
8392.565918	-76.715729
8397.949219	-77.058449
8403.332520	-75.930504
8408.715820	-74.599541
8414.099121	-73.768135
8419.482422	-73.841400
8424.865723	-74.519882
8430.249023	-75.506996
8435.632324	-75.964958
8441.015625	-76.923546
8446.398926	-77.780701
8451.782227	-77.671234
8457.165527	-76.533501
8462.548828	-74.888329
8467.932129	-74.164452
8473.315430	-74.955200
8478.698730	-76.851555
8484.082031	-78.689659
8489.465332	-78.423584
8494.848633	-77.336128
8500.231934	-77.021751
8505.615234	-77.097992
8510.998535	-77.189796
8516.381836	-77.473373
8521.765137	-77.652191
8527.148438	-78.399223
8532.531738	-80.382225
8537.915039	-81.594803
8543.298340	-80.304001
8548.681641	-77.754898
8554.064941	-76.149055
8559.448242	-75.953415
8564.831543	-76.753075
8570.214844	-77.504829
8575.598145	-77.134567
8580.981445	-76.144501
8586.364746	-76.394775
8591.748047	-77.944725
8597.131348	-78.792938
8602.514648	-78.413162
8607.897949	-77.694572
8613.281250	-77.601685
8618.664551	-79.076897
8624.047852	-81.373718
8629.431152	-83.377937
8634.814453	-84.900627
8640.197754	-84.234352
8645.581055	-83.030457
8650.964355	-82.804245
8656.347656	-82.095131
8661.730957	-82.560425
8667.114258	-83.495384
8672.497559	-83.133713
8677.880859	-83.588516
8683.264160	-84.985657
8688.647461	-86.068199
8694.030762	-86.107033
8699.414062	-84.815033
8704.797363	-85.137131
8710.180664	-86.353348
8715.563965	-85.334061
8720.947266	-85.465538
8726.330566	-86.777458
8731.713867	-87.647873
8737.097168	-88.334641
8742.480469	-88.191872
8747.863770	-88.481277
8753.247070	-90.567650
8758.630371	-91.860573
8764.013672	-92.893921
8769.396973	-93.946388
8774.780273	-93.005753
8780.163574	-93.692024
8785.546875	-92.307426
8790.930176	-91.464325
8796.313477	-92.073608
8801.696777	-92.184898
8807.080078	-89.988419
8812.463379	-86.656799
8817.846680	-85.016228
8823.229980	-83.940987
8828.613281	-81.611664
8833.996582	-80.149689
8839.379883	-79.703842
8844.763184	-80.148659
8850.146484	-82.098778
8855.529785	-84.209923
8860.913086	-83.480980
8866.296387	-81.418221
8871.679688	-79.867302
8877.062988	-80.091339
8882.446289	-80.684341
8887.829590	-81.211555
8893.212891	-82.450554
8898.596191	-83.832275
8903.979492	-84.811340
8909.362793	-85.424637
8914.746094	-83.645615
8920.129395	-81.761993
8925.512695	-80.732239
8930.895996	-79.969528
8936.279297	-79.903542
8941.662598	-80.426872
8947.045898	-80.990799
8952.429199	-82.087524
8957.812500	-82.713089
8963.195801	-82.286140
8968.579102	-81.648125
8973.962402	-80.419647
8979.345703	-79.086594
8984.729004	-78.333038
8990.112305	-78.556580
8995.495605	-80.297478
9000.878906	-82.332619
9006.262207	-81.447090
9011.645508	-79.944901
9017.028809	-78.471504
9022.412109	-77.597977
9027.795410	-77.344406
9033.178711	-76.901443
9038.562012	-76.326408
9043.945312	-76.660789
9049.328613	-77.345909
9054.711914	-78.053207
9060.095215	-78.278458
9065.478516	-77.758095
9070.861816	-77.714401
9076.245117	-77.873589
9081.628418	-78.279549
9087.011719	-78.890999
9092.395020	-79.037857
9097.778320	-78.782082
9103.161621	-78.236023
9108.544922	-77.633255
9113.928223	-77.974419
9119.311523	-79.121918
9124.694824	-79.959412
9130.078125	-80.368225
9135.461426	-80.045746
9140.844727	-79.706337
9146.228027	-79.051094
9151.611328	-77.627441
9156.994629	-76.686401
9162.377930	-76.358963
9167.761230	-76.634727
9173.144531	-78.105934
9178.527832	-79.940521
9183.911133	-80.429192
9189.294434	-78.839432
9194.677734	-76.844063
9200.061035	-76.416023
9205.444336	-77.498299
9210.827637	-78.746582
9216.210938	-79.720497
9221.594238	-80.938354
9226.977539	-81.116714
9232.360840	-79.864815
9237.744141	-78.197685
9243.127441	-77.568504
9248.510742	-78.348999
9253.894043	-80.381348
9259.277344	-81.901512
9264.660645	-81.664368
9270.043945	-80.669334
9275.427246	-79.756577
9280.810547	-78.287666
9286.193848	-76.675140
9291.577148	-77.091583
9296.960449	-79.616699
9302.343750	-82.799377
9307.727051	-84.948799
9313.110352	-82.531715
9318.493652	-80.595001
9323.876953	-80.055717
9329.260254	-80.546516
9334.643555	-80.658379
9340.026855	-80.352600
9345.410156	-79.568352
9350.793457	-80.488258
9356.176758	-82.464432
9361.560059	-82.134407
9366.943359	-80.797798
9372.326660	-79.737267
9377.709961	-79.170189
9383.093262	-79.828369
9388.476562	-79.929474
9393.859863	-78.959610
9399.243164	-78.106331
9404.626465	-78.132957
9410.009766	-78.677933
9415.393066	-79.619919
9420.776367	-79.832024
9426.159668	-79.526672
9431.542969	-78.410545
9436.926270	-77.291771
9442.309570	-77.195641
9447.692871	-77.277473
9453.076172	-77.653366
9458.459473	-78.661079
9463.842773	-79.058456
9469.226074	-79.201820
9474.609375	-78.710243
9479.992676	-77.167801
9485.375977	-76.125702
9490.759277	-75.536919
9496.142578	-75.512497
9501.525879	-76.559212
9506.909180	-77.741783
9512.292480	-77.939011
9517.675781	-77.533569
9523.059082	-76.910789
9528.442383	-77.038391
9533.825684	-77.533440
9539.208984	-77.424591
9544.592285	-77.308456
9549.975586	-77.163261
9555.358887	-76.735023
9560.742188	-76.894287
9566.125488	-77.545670
9571.508789	-77.958389
9576.892090	-78.196609
9582.275391	-78.053360
9587.658691	-78.052452
9593.041992	-78.323250
9598.425293	-78.556664
9603.808594	-78.915833
9609.191895	-78.910522
9614.575195	-78.167992
9619.958496	-78.095924
9625.341797	-79.443192
9630.725098	-80.908714
9636.108398	-79.977417
9641.491699	-78.312691
9646.875000	-78.225319
9652.258301	-78.404083
9657.641602	-78.049149
9663.024902	-77.787384
9668.408203	-78.127502
9673.791504	-79.301460
9679.174805	-81.102982
9684.558105	-82.315491
9689.941406	-82.527000
9695.324707	-82.585007
9700.708008	-82.086700
9706.091309	-82.025169
9711.474609	-81.940857
9716.857910	-81.154984
9722.241211	-80.933067
9727.624512	-82.043633
9733.007812	-83.183662
9738.391113	-83.827904
9743.774414	-83.163857
9749.157715	-82.020508
9754.541016	-81.018250
9759.924316	-80.311028
9765.307617	-80.363029
9770.690918	-81.447563
9776.074219	-82.116524
9781.457520	-83.036629
9786.840820	-83.829956
9792.224121	-83.387863
9797.607422	-83.310280
9802.990723	-83.033340
9808.374023	-82.674965
9813.757324	-82.689529
9819.140625	-82.875328
9824.523926	-82.915726
9829.907227	-83.321533
9835.290527	-83.048218
9840.673828	-82.841751
9846.057129	-83.311615
9851.440430	-82.701492
9856.823730	-81.803917
9862.207031	-81.006004
9867.590332	-80.344131
9872.973633	-80.067413
9878.356934	-79.836952
9883.740234	-79.974213
9889.123535	-81.225021
9894.506836	-82.347466
9899.890137	-82.091049
9905.273438	-81.356590
9910.656738	-81.081436
9916.040039	-81.430977
9921.423340	-81.828697
9926.806641	-81.403328
9932.189941	-81.298599
9937.573242	-81.569687
9942.956543	-82.247536
9948.339844	-83.510529
9953.723145	-82.989014
9959.106445	-81.898079
9964.489746	-81.700134
9969.873047	-81.927261
9975.256348	-81.808571
9980.639648	-82.350708
9986.022949	-82.076424
9991.406250	-82.205437
9996.789551	-82.836258
10002.172852	-83.610100
10007.556152	-84.231667
10012.939453	-83.869675
10018.322754	-83.799927
10023.706055	-84.087440
10029.089355	-83.168114
10034.472656	-83.128723
10039.855957	-84.020218
10045.239258	-84.061890
10050.622559	-84.587502
10056.005859	-85.562782
10061.389160	-86.482964
10066.772461	-88.018532
10072.155762	-87.125710
10077.539062	-86.050003
10082.922363	-85.721985
10088.305664	-85.425697
10093.688965	-86.406517
10099.072266	-88.115295
10104.455566	-88.511208
10109.838867	-90.485741
10115.222168	-92.587685
10120.605469	-92.311577
10125.988770	-92.107460
10131.372070	-90.878380
10136.755371	-90.997116
10142.138672	-92.755653
10147.521973	-95.262550
10152.905273	-96.971176
10158.288574	-102.297974
10163.671875	-103.597122
10169.055176	-100.689720
10174.438477	-101.024445
10179.821777	-100.060829
10185.205078	-95.344353
10190.588379	-94.238991
10195.971680	-93.137772
10201.354980	-91.581436
10206.738281	-90.891296
10212.121582	-91.207954
10217.504883	-91.423676
10222.888184	-91.624153
10228.271484	-88.852303
10233.654785	-86.856018
10239.038086	-86.162277
10244.421387	-85.400139
10249.804688	-85.692230
10255.187988	-86.825226
10260.571289	-87.187088
10265.954590	-87.972282
10271.337891	-87.067848
10276.721191	-85.259911
10282.104492	-84.110428
10287.487793	-83.159760
10292.871094	-82.884476
10298.254395	-83.673996
10303.637695	-83.764252
10309.020996	-83.705627
10314.404297	-83.673622
10319.787598	-83.373924
10325.170898	-82.868332
10330.554199	-81.740662
10335.937500	-80.871147
10341.320801	-81.039963
10346.704102	-81.212173
10352.087402	-81.607414
10357.470703	-81.979248
10362.854004	-81.481712
10368.237305	-81.351814
10373.620605	-81.455254
10379.003906	-81.181709
10384.387207	-81.383049
10389.770508	-81.192337
10395.153809	-80.379539
10400.537109	-79.862350
10405.920410	-79.629662
10411.303711	-79.902390
10416.687012	-80.743767
10422.070312	-81.087540
10427.453613	-81.439117
10432.836914	-81.567734
10438.220215	-80.860046
10443.603516	-79.841354
10448.986816	-78.363174
10454.370117	-77.647987
10459.753418	-77.843880
10465.136719	-78.559784
10470.520020	-80.176872
10475.903320	-81.119728
10481.286621	-80.823158
10486.669922	-80.281944
10492.053223	-79.394180
10497.436523	-78.643196
10502.819824	-78.280113
10508.203125	-78.187500
10513.586426	-78.231461
10518.969727	-78.990974
10524.353027	-79.700813
10529.736328	-80.577484
10535.119629	-80.134346
10540.502930	-79.048378
10545.886230	-78.309868
10551.269531	-77.999168
10556.652832	-77.674225
10562.036133	-77.787071
10567.419434	-77.997025
10572.802734	-78.272583
10578.186035	-78.594002
10583.569336	-78.886124
10588.952637	-79.501610
10594.335938	-79.694695
10599.719238	-79.260071
10605.102539	-79.137917
10610.485840	-78.951782
10615.869141	-78.689415
10621.252441	-78.755493
10626.635742	-79.137207
10632.019043	-79.268562
10637.402344	-80.106979
10642.785645	-80.964195
10648.168945	-81.868423
10653.552246	-82.050835
10658.935547	-81.675301
10664.318848	-80.839203
10669.702148	-80.040344
10675.085449	-79.810768
10680.468750	-80.091736
10685.852051	-80.688393
10691.235352	-81.551811
10696.618652	-82.647888
10702.001953	-83.576164
10707.385254	-84.809807
10712.768555	-84.314178
10718.151855	-82.335793
10723.535156	-80.930183
10728.918457	-80.127457
10734.301758	-80.419647
10739.685059	-81.850571
10745.068359	-83.742088
10750.451660	-86.212303
10755.834961	-88.792015
10761.218262	-87.571068
10766.601562	-85.246506
10771.984863	-83.986855
10777.368164	-82.977036
10782.751465	-82.809937
10788.134766	-83.184570
10793.518066	-83.330772
10798.901367	-84.524834
10804.284668	-85.701828
10809.667969	-85.412949
10815.051270	-84.765488
10820.434570	-83.117867
10825.817871	-81.886375
10831.201172	-81.885269
10836.584473	-81.984612
10841.967773	-83.144897
10847.351074	-85.146667
10852.734375	-85.089088
10858.117676	-84.287369
10863.500977	-82.742538
10868.884277	-81.107468
10874.267578	-80.530556
10879.650879	-80.778481
10885.034180	-81.718231
10890.417480	-83.424934
10895.800781	-83.984833
10901.184082	-83.596878
10906.567383	-82.470062
10911.950684	-80.844650
10917.333984	-79.960510
10922.717285	-79.438332
10928.100586	-79.569885
10933.483887	-81.018257
10938.867188	-82.560196
10944.250488	-82.984100
10949.633789	-82.355812
10955.017090	-80.568085
10960.400391	-79.129036
10965.783691	-78.373817
10971.166992	-78.007927
10976.550293	-78.363266
10981.933594	-79.369659
10987.316895	-80.662453
10992.700195	-81.677902
10998.083496	-80.601891
11003.466797	-79.152740
11008.850098	-78.541000
11014.233398	-78.533234
11019.616699	-79.173050
11025.000000	-80.388191
11030.383301	-81.068344
11035.766602	-81.849564
11041.149902	-82.093292
11046.533203	-81.654282
11051.916504	-81.361877
11057.299805	-81.446594
11062.683105	-81.405968
11068.066406	-82.076530
11073.449707	-82.542099
11078.833008	-82.883133
11084.216309	-82.715446
11089.599609	-82.416519
11094.982910	-82.165024
11100.366211	-82.419647
11105.749512	-82.702324
11111.132812	-83.727585
11116.516113	-84.722954
11121.899414	-85.756409
11127.282715	-86.431984
11132.666016	-85.279892
11138.049316	-84.089645
11143.432617	-83.630127
11148.815918	-83.876846
11154.199219	-85.629868
11159.582520	-88.123566
11164.965820	-91.346069
11170.349121	-95.638939
11175.732422	-94.070801
11181.115723	-91.300346
11186.499023	-90.135506
11191.882324	-89.276627
11197.265625	-90.943115
11202.648926	-92.661072
11208.032227	-95.156883
11213.415527	-95.090530
11218.798828	-95.249016
11224.182129	-94.912926
11229.565430	-92.796844
11234.948730	-93.649956
11240.332031	-97.201057
11245.715332	-99.834579
11251.098633	-100.099335
11256.481934	-93.164124
11261.865234	-90.851036
11267.248535	-90.871399
11272.631836	-89.591652
11278.015137	-89.755096
11283.398438	-91.451775
11288.781738	-91.638664
11294.165039	-90.680389
11299.548340	-88.926849
11304.931641	-87.911781
11310.314941	-87.515572
11315.698242	-86.490181
11321.081543	-85.702263
11326.464844	-84.992210
11331.848145	-83.974373
11337.231445	-83.691605
11342.614746	-83.841187
11347.998047	-84.454216
11353.381348	-84.726181
11358.764648	-83.743950
11364.147949	-82.882408
11369.531250	-82.901627
11374.914551	-81.839447
11380.297852	-81.228050
11385.681152	-80.870300
11391.064453	-80.499535
11396.447754	-80.502800
11401.831055	-80.467476
11407.214355	-80.517441
11412.597656	-80.911255
11417.980957	-80.991791
11423.364258	-80.580452
11428.747559	-80.062965
11434.130859	-79.309349
11439.514160	-79.078033
11444.897461	-79.538574
11450.280762	-79.971802
11455.664062	-80.712257
11461.047363	-80.889107
11466.430664	-80.477623
11471.813965	-80.463928
11477.197266	-79.883545
11482.580566	-79.780663
11487.963867	-80.048210
11493.347168	-80.284271
11498.730469	-80.680908
11504.113770	-81.201599
11509.497070	-80.876175
11514.880371	-80.468163
11520.263672	-79.966370
11525.646973	-79.456810
11531.030273	-79.280472
11536.413574	-79.117058
11541.796875	-79.440620
11547.180176	-80.038780
11552.563477	-80.571526
11557.946777	-80.453690
11563.330078	-79.817429
11568.713379	-79.278885
11574.096680	-79.504829
11579.479980	-79.942863
11584.863281	-80.950935
11590.246582	-82.148819
11595.629883	-82.840866
11601.013184	-82.952469
11606.396484	-83.021721
11611.779785	-82.547829
11617.163086	-82.474060
11622.546387	-82.317154
11627.929688	-82.240402
11633.312988	-82.203491
11638.696289	-82.675873
11644.079590	-83.312157
11649.462891	-83.975525
11654.846191	-83.516602
11660.229492	-83.037720
11665.612793	-83.026176
11670.996094	-82.814598
11676.379395	-82.895020
11681.762695	-82.715424
11687.145996	-82.708450
11692.529297	-82.959381
11697.912598	-83.056396
11703.295898	-83.354713
11708.679199	-83.499626
11714.062500	-83.342873
11719.445801	-83.594154
11724.829102	-84.763176
11730.212402	-85.624451
11735.595703	-85.761978
11740.979004	-85.089325
11746.362305	-84.407814
11751.745605	-84.198227
11757.128906	-83.945869
11762.512207	-83.431259
11767.895508	-83.989761
11773.278809	-83.989212
11778.662109	-83.833580
11784.045410	-83.938026
11789.428711	-83.546822
11794.812012	-82.328262
11800.195312	-81.214157
11805.578613	-79.709023
11810.961914	-79.067635
11816.345215	-79.366272
11821.728516	-80.051216
11827.111816	-80.980797
11832.495117	-81.792038
11837.878418	-81.117958
11843.261719	-80.352295
11848.645020	-79.506073
11854.028320	-78.913345
11859.411621	-78.615143
11864.794922	-78.277618
11870.178223	-78.551033
11875.561523	-79.596901
11880.944824	-79.959175
11886.328125	-80.269867
11891.711426	-79.975243
11897.094727	-79.328758
11902.478027	-79.211685
11907.861328	-79.191078
11913.244629	-79.467651
11918.627930	-79.749748
11924.011230	-79.484634
11929.394531	-79.273216
11934.777832	-79.765015
11940.161133	-80.220161
11945.544434	-81.082314
11950.927734	-80.638786
11956.311035	-79.635643
11961.694336	-79.502792
11967.077637	-79.267548
11972.460938	-79.216148
11977.844238	-79.357071
11983.227539	-79.354057
11988.610840	-80.017426
11993.994141	-80.599655
11999.377441	-80.844421
12004.760742	-81.329300
12010.144043	-81.478813
12015.527344	-80.846878
12020.910645	-81.284248
12026.293945	-81.415985
12031.677246	-81.272415
12037.060547	-81.691338
12042.443848	-82.018822
12047.827148	-82.362564
12053.210449	-82.822960
12058.593750	-83.151199
12063.977051	-83.473663
12069.360352	-82.941132
12074.743652	-82.776207
12080.126953	-83.589424
12085.510254	-83.951202
12090.893555	-84.196640
12096.276855	-84.530739
12101.660156	-84.419815
12107.043457	-85.139542
12112.426758	-87.287346
12117.810059	-88.608696
12123.193359	-89.512642
12128.576660	-87.974648
12133.959961	-86.415283
12139.343262	-85.685646
12144.726562	-85.452652
12150.109863	-85.985008
12155.493164	-87.130150
12160.876465	-88.099335
12166.259766	-91.262810
12171.643066	-92.761688
12177.026367	-89.709900
12182.409668	-88.112053
12187.792969	-86.499481
12193.176270	-86.158501
12198.559570	-87.878799
12203.942871	-89.437706
12209.326172	-92.093788
12214.709473	-96.510109
12220.092773	-96.634201
12225.476074	-94.664734
12230.859375	-91.691559
12236.242676	-91.049355
12241.625977	-92.079689
12247.009277	-92.470741
12252.392578	-94.953041
12257.775879	-100.957047
12263.159180	-104.828712
12268.542480	-101.724243
12273.925781	-98.733917
12279.309082	-95.672775
12284.692383	-95.739792
12290.075684	-96.064369
12295.458984	-101.062004
12300.842285	-101.045166
12306.225586	-98.005211
12311.608887	-97.403214
12316.992188	-97.392120
12322.375488	-95.562782
12327.758789	-92.364090
12333.142090	-90.698997
12338.525391	-90.905769
12343.908691	-91.210861
12349.291992	-91.528786
12354.675293	-91.386192
12360.058594	-89.961769
12365.441895	-89.377251
12370.825195	-89.073845
12376.208496	-88.082832
12381.591797	-87.486603
12386.975098	-86.982323
12392.358398	-86.869965
12397.741699	-87.675880
12403.125000	-88.080856
12408.508301	-88.921936
12413.891602	-89.370430
12419.274902	-88.657333
12424.658203	-88.834885
12430.041504	-87.656578
12435.424805	-85.444504
12440.808105	-84.886559
12446.191406	-84.521698
12451.574707	-85.009239
12456.958008	-86.404755
12462.341309	-86.523682
12467.724609	-86.373466
12473.107910	-85.663506
12478.491211	-84.507011
12483.874512	-84.932457
12489.257812	-85.341095
12494.641113	-85.389511
12500.024414	-86.004982
12505.407715	-85.880447
12510.791016	-86.092339
12516.174316	-86.234779
12521.557617	-85.359581
12526.940918	-84.833855
12532.324219	-85.288429
12537.707520	-85.660431
12543.090820	-86.523117
12548.474121	-86.453300
12553.857422	-85.509995
12559.240723	-85.929855
12564.624023	-86.038757
12570.007324	-86.479965
12575.390625	-87.354897
12580.773926	-87.195633
12586.157227	-86.311684
12591.540527	-86.425285
12596.923828	-86.277588
12602.307129	-86.754990
12607.690430	-87.216278
12613.073730	-86.414017
12618.457031	-86.622307
12623.840332	-87.079880
12629.223633	-87.432098
12634.606934	-88.290054
12639.990234	-87.484085
12645.373535	-87.282761
12650.756836	-87.564529
12656.140137	-87.206558
12661.523438	-86.889175
12666.906738	-87.124931
12672.290039	-86.932404
12677.673340	-87.588898
12683.056641	-88.210258
12688.439941	-88.408501
12693.823242	-88.488518
12699.206543	-87.178780
12704.589844	-86.563568
12709.973145	-86.441093
12715.356445	-85.857559
12720.739746	-85.449860
12726.123047	-85.854233
12731.506348	-86.110207
12736.889648	-86.343636
12742.272949	-86.300476
12747.656250	-86.272331
12753.039551	-86.033470
12758.422852	-84.859970
12763.806152	-84.422523
12769.189453	-84.409096
12774.572754	-84.206917
12779.956055	-84.472824
12785.339355	-85.078842
12790.722656	-84.344261
12796.105957	-83.830040
12801.489258	-84.073975
12806.872559	-83.749779
12812.255859	-83.834290
12817.639160	-83.481682
12823.022461	-83.122856
12828.405762	-83.079170
12833.789062	-82.981354
12839.172363	-82.315529
12844.555664	-82.292786
12849.938965	-82.316109
12855.322266	-82.376823
12860.705566	-82.453171
12866.088867	-81.669952
12871.472168	-81.247360
12876.855469	-80.937248
12882.238770	-80.581978
12887.622070	-80.818878
12893.005371	-81.471992
12898.388672	-82.258240
12903.771973	-82.857201
12909.155273	-82.296310
12914.538574	-81.959183
12919.921875	-81.606674
12925.305176	-81.152809
12930.688477	-81.196228
12936.071777	-81.323685
12941.455078	-81.415825
12946.838379	-81.736908
12952.221680	-81.947670
12957.604980	-81.812752
12962.988281	-82.003494
12968.371582	-81.404968
12973.754883	-81.237732
12979.138184	-81.253113
12984.521484	-81.131981
12989.904785	-81.597458
12995.288086	-81.935249
13000.671387	-82.116364
13006.054688	-82.701859
13011.437988	-82.723541
13016.821289	-81.997086
13022.204590	-81.589020
13027.587891	-81.265610
13032.971191	-81.181259
13038.354492	-81.638084
13043.737793	-82.129425
13049.121094	-82.559837
13054.504395	-82.726212
13059.887695	-82.457848
13065.270996	-82.243462
13070.654297	-81.306076
13076.037598	-80.997086
13081.420898	-81.358971
13086.804199	-81.748863
13092.187500	-82.631905
13097.570801	-83.234619
13102.954102	-83.486595
13108.337402	-83.630684
13113.720703	-83.399895
13119.104004	-83.037277
13124.487305	-83.289322
13129.870605	-83.427185
13135.253906	-83.648422
13140.637207	-84.747520
13146.020508	-85.065147
13151.403809	-85.741936
13156.787109	-85.715637
13162.170410	-84.308617
13167.553711	-84.334236
13172.937012	-83.979805
13178.320312	-84.020721
13183.703613	-84.376762
13189.086914	-85.569862
13194.470215	-86.818489
13199.853516	-89.010185
13205.236816	-90.190811
13210.620117	-89.294121
13216.003418	-87.664772
13221.386719	-86.199310
13226.770020	-85.517548
13232.153320	-85.361305
13237.536621	-86.070404
13242.919922	-87.669647
13248.303223	-87.712654
13253.686523	-87.395737
13259.069824	-87.265694
13264.453125	-86.052269
13269.836426	-84.728340
13275.219727	-83.562981
13280.603027	-83.516556
13285.986328	-84.359306
13291.369629	-85.918884
13296.752930	-87.149834
13302.136230	-89.169571
13307.519531	-90.402313
13312.902832	-89.959633
13318.286133	-88.595657
13323.669434	-87.509598
13329.052734	-86.570854
13334.436035	-86.011848
13339.819336	-86.629532
13345.202637	-86.412712
13350.585938	-87.344406
13355.969238	-87.612816
13361.352539	-88.435410
13366.735840	-89.496269
13372.119141	-89.414040
13377.502441	-89.440987
13382.885742	-88.127563
13388.269043	-87.364311
13393.652344	-87.491455
13399.035645	-87.965614
13404.418945	-88.374786
13409.802246	-90.480072
13415.185547	-92.528313
13420.568848	-91.955376
13425.952148	-89.862022
13431.335449	-88.475388
13436.718750	-88.820625
13442.102051	-88.069496
13447.485352	-87.965858
13452.868652	-88.984993
13458.251953	-88.864738
13463.635254	-88.664635
13469.018555	-88.465004
13474.401855	-88.236397
13479.785156	-88.522026
13485.168457	-88.502243
13490.551758	-87.260925
13495.935059	-87.200996
13501.318359	-87.055534
13506.701660	-87.166801
13512.084961	-87.559074
13517.468262	-87.206955
13522.851562	-87.472023
13528.234863	-88.341927
13533.618164	-88.076469
13539.001465	-88.163155
13544.384766	-88.013763
13549.768066	-87.222992
13555.151367	-87.838203
13560.534668	-88.839775
13565.917969	-89.350418
13571.301270	-91.250183
13576.684570	-91.261612
13582.067871	-92.580170
13587.451172	-93.920029
13592.834473	-90.583580
13598.217773	-89.264374
13603.601074	-88.966957
13608.984375	-90.661247
13614.367676	-94.525459
13619.750977	-93.564751
13625.134277	-92.420555
13630.517578	-94.127365
13635.900879	-94.536964
13641.284180	-93.517639
13646.667480	-92.047943
13652.050781	-91.046532
13657.434082	-93.829689
13662.817383	-96.809540
13668.200684	-94.606743
13673.583984	-94.227524
13678.967285	-94.108482
13684.350586	-94.810822
13689.733887	-98.016472
13695.117188	-100.748085
13700.500488	-102.888550
13705.883789	-98.489677
13711.267090	-95.808159
13716.650391	-92.891106
13722.033691	-90.994308
13727.416992	-91.467125
13732.800293	-93.379242
13738.183594	-92.218742
13743.566895	-90.580261
13748.950195	-88.854660
13754.333496	-89.138657
13759.716797	-89.325005
13765.100098	-88.849731
13770.483398	-89.805145
13775.866699	-88.723610
13781.250000	-88.183006
13786.633301	-88.502266
13792.016602	-87.580742
13797.399902	-86.999283
13802.783203	-87.160416
13808.166504	-86.644554
13813.549805	-86.369331
13818.933105	-86.503693
13824.316406	-86.042206
13829.699707	-85.582451
13835.083008	-85.410118
13840.466309	-85.912834
13845.849609	-86.628822
13851.232910	-86.126816
13856.616211	-84.779114
13861.999512	-84.092613
13867.382812	-83.809532
13872.766113	-84.012131
13878.149414	-84.084038
13883.532715	-84.235130
13888.916016	-84.521004
13894.299316	-83.946442
13899.682617	-83.474319
13905.065918	-82.736374
13910.449219	-81.900230
13915.832520	-81.745728
13921.215820	-82.087196
13926.599121	-82.105621
13931.982422	-82.359993
13937.365723	-82.907425
13942.749023	-82.208488
13948.132324	-81.864204
13953.515625	-81.340508
13958.898926	-81.304146
13964.282227	-81.432487
13969.665527	-81.377014
13975.048828	-81.649117
13980.432129	-81.830002
13985.815430	-81.908997
13991.198730	-82.252029
13996.582031	-81.889259
14001.965332	-81.613342
14007.348633	-81.599411
14012.731934	-81.643921
14018.115234	-81.733665
14023.498535	-81.888672
14028.881836	-81.943672
14034.265137	-82.645157
14039.648438	-83.283409
14045.031738	-82.998375
14050.415039	-83.294571
14055.798340	-83.299652
14061.181641	-83.184006
14066.564941	-83.354492
14071.948242	-83.652031
14077.331543	-83.993523
14082.714844	-85.038437
14088.098145	-85.366714
14093.481445	-85.694893
14098.864746	-86.030411
14104.248047	-86.804604
14109.631348	-87.499908
14115.014648	-87.209694
14120.397949	-87.548477
14125.781250	-87.573410
14131.164551	-87.881889
14136.547852	-88.766228
14141.931152	-89.878563
14147.314453	-90.732697
14152.697754	-91.559586
14158.081055	-91.547424
14163.464355	-90.788795
14168.847656	-90.387108
14174.230957	-89.496544
14179.614258	-89.032829
14184.997559	-89.770142
14190.380859	-90.144501
14195.764160	-92.383141
14201.147461	-95.437050
14206.530762	-95.545074
14211.914062	-95.338173
14217.297363	-94.912941
14222.680664	-92.728714
14228.063965	-91.942093
14233.447266	-90.889702
14238.830566	-89.978065
14244.213867	-90.292786
14249.597168	-91.223297
14254.980469	-93.838196
14260.363770	-97.768898
14265.747070	-98.261551
14271.130371	-96.547440
14276.513672	-96.882126
14281.896973	-95.234657
14287.280273	-92.947601
14292.663574	-91.662918
14298.046875	-89.063438
14303.430176	-89.238716
14308.813477	-92.706734
14314.196777	-95.018143
14319.580078	-94.230095
14324.963379	-90.430611
14330.346680	-88.383957
14335.729980	-87.650864
14341.113281	-86.260567
14346.496582	-85.417015
14351.879883	-85.197334
14357.263184	-85.447273
14362.646484	-86.372444
14368.029785	-87.222435
14373.413086	-87.381966
14378.796387	-86.460495
14384.179688	-84.806900
14389.562988	-84.119392
14394.946289	-83.955917
14400.329590	-83.728920
14405.712891	-83.853752
14411.096191	-84.808060
14416.479492	-84.712570
14421.862793	-85.588783
14427.246094	-85.729012
14432.629395	-85.279762
14438.012695	-84.827507
14443.395996	-83.761124
14448.779297	-83.386787
14454.162598	-83.401772
14459.545898	-83.531128
14464.929199	-84.567093
14470.312500	-85.500908
14475.695801	-84.759880
14481.079102	-84.457817
14486.462402	-84.483421
14491.845703	-84.520569
14497.229004	-85.074799
14502.612305	-84.597916
14507.995605	-84.134796
14513.378906	-84.548943
14518.762207	-84.930847
14524.145508	-85.954376
14529.528809	-87.163101
14534.912109	-87.731445
14540.295410	-87.602356
14545.678711	-86.937302
14551.062012	-86.732887
14556.445312	-86.692085
14561.828613	-86.389671
14567.211914	-87.109673
14572.595215	-87.940353
14577.978516	-87.016068
14583.361816	-86.797714
14588.745117	-87.131538
14594.128418	-86.608841
14599.511719	-86.868927
14604.895020	-87.496117
14610.278320	-88.329857
14615.661621	-89.569023
14621.044922	-89.200500
14626.428223	-89.158539
14631.811523	-89.633766
14637.194824	-89.582207
14642.578125	-90.871925
14647.961426	-91.911003
14653.344727	-91.831085
14658.728027	-93.279633
14664.111328	-93.039787
14669.494629	-93.743889
14674.877930	-95.747505
14680.261230	-96.362930
14685.644531	-96.735481
14691.027832	-97.666786
14696.411133	-99.065491
14701.794434	-100.563095
14707.177734	-101.075768
14712.561035	-97.367081
14717.944336	-96.051544
14723.327637	-95.826149
14728.710938	-94.475288
14734.094238	-94.156631
14739.477539	-95.705948
14744.860840	-94.265121
14750.244141	-94.020454
14755.627441	-94.836662
14761.010742	-94.938217
14766.394043	-95.262657
14771.777344	-93.784386
14777.160645	-91.164833
14782.543945	-89.983948
14787.927246	-89.899300
14793.310547	-90.628685
14798.693848	-92.473213
14804.077148	-92.328621
14809.460449	-91.486740
14814.843750	-89.944481
14820.227051	-88.652992
14825.610352	-88.171082
14830.993652	-89.106674
14836.376953	-89.076981
14841.760254	-89.387039
14847.143555	-88.965073
14852.526855	-88.409012
14857.910156	-88.539299
14863.293457	-87.888916
14868.676758	-87.560051
14874.060059	-87.565041
14879.443359	-87.628479
14884.826660	-87.993355
14890.209961	-87.606949
14895.593262	-86.797234
14900.976562	-87.462448
14906.359863	-87.504951
14911.743164	-87.191177
14917.126465	-87.362602
14922.509766	-86.979530
14927.893066	-87.146004
14933.276367	-87.152863
14938.659668	-87.215927
14944.042969	-87.523193
14949.426270	-88.376144
14954.809570	-89.484932
14960.192871	-90.330933
14965.576172	-88.810593
14970.959473	-87.264580
14976.342773	-86.611000
14981.726074	-86.304161
14987.109375	-87.553909
14992.492676	-88.614357
14997.875977	-89.074059
15003.259277	-89.221687
15008.642578	-88.049583
15014.025879	-86.540108
15019.409180	-86.203545
15024.792480	-85.758301
15030.175781	-86.592873
15035.559082	-89.082138
15040.942383	-91.335052
15046.325684	-93.649200
15051.708984	-95.370277
15057.092285	-94.130951
15062.475586	-94.677917
15067.858887	-93.419464
15073.242188	-92.495842
15078.625488	-93.174057
15084.008789	-94.736137
15089.392090	-97.221130
15094.775391	-99.050720
15100.158691	-101.474228
15105.541992	-98.484581
15110.925293	-97.152107
15116.308594	-100.772224
15121.691895	-104.565346
15127.075195	-105.465919
15132.458496	-105.201813
15137.841797	-100.979050
15143.225098	-96.983047
15148.608398	-94.954208
15153.991699	-92.018646
15159.375000	-92.279800
15164.758301	-94.052376
15170.141602	-95.551437
15175.524902	-97.769699
15180.908203	-98.459335
15186.291504	-98.752335
15191.674805	-96.343872
15197.058105	-92.619247
15202.441406	-90.818474
15207.824707	-89.976044
15213.208008	-89.954163
15218.591309	-92.412971
15223.974609	-96.405388
15229.357910	-96.640976
15234.741211	-95.196877
15240.124512	-94.124054
15245.507812	-93.273178
15250.891113	-90.473404
15256.274414	-88.041359
15261.657715	-87.525749
15267.041016	-87.773918
15272.424316	-90.121147
15277.807617	-93.587425
15283.190918	-92.727165
15288.574219	-88.765541
15293.957520	-86.125954
15299.340820	-85.928185
15304.724121	-87.179581
15310.107422	-88.584183
15315.490723	-89.769569
15320.874023	-91.576431
15326.257324	-92.558540
15331.640625	-91.257454
15337.023926	-87.949844
15342.407227	-85.238525
15347.790527	-84.356720
15353.173828	-83.361374
15358.557129	-83.181374
15363.940430	-83.891060
15369.323730	-84.544136
15374.707031	-84.652245
15380.090332	-84.867287
15385.473633	-84.154243
15390.856934	-84.127815
15396.240234	-84.767059
15401.623535	-84.861824
15407.006836	-85.279449
15412.390137	-85.346283
15417.773438	-85.590973
15423.156738	-86.750961
15428.540039	-87.042824
15433.923340	-87.085228
15439.306641	-86.913834
15444.689941	-86.613235
15450.073242	-86.448547
15455.456543	-86.140434
15460.839844	-85.691559
15466.223145	-86.500839
15471.606445	-87.814362
15476.989746	-88.743271
15482.373047	-89.216690
15487.756348	-89.513527
15493.139648	-90.612137
15498.522949	-92.491974
15503.906250	-91.802650
15509.289551	-91.263420
15514.672852	-90.159378
15520.056152	-88.266754
15525.439453	-88.151512
15530.822754	-88.475998
15536.206055	-89.068642
15541.589355	-89.378464
15546.972656	-87.974846
15552.355957	-87.597252
15557.739258	-86.611786
15563.122559	-86.178673
15568.505859	-86.831001
15573.889160	-86.776505
15579.272461	-86.948982
15584.655762	-87.990997
15590.039062	-88.724747
15595.422363	-89.215469
15600.805664	-89.023979
15606.188965	-87.983833
15611.572266	-87.613007
15616.955566	-86.541779
15622.338867	-85.973785
15627.722168	-85.674080
15633.105469	-85.437569
15638.488770	-85.997589
15643.872070	-86.508865
15649.255371	-86.807617
15654.638672	-86.794731
15660.021973	-86.672119
15665.405273	-86.665207
15670.788574	-87.720032
15676.171875	-88.270645
15681.555176	-88.267662
15686.938477	-89.056671
15692.321777	-90.230789
15697.705078	-91.435448
15703.088379	-92.283104
15708.471680	-91.673546
15713.854980	-92.560310
15719.238281	-92.236450
15724.621582	-91.550262
15730.004883	-92.579124
15735.388184	-92.831711
15740.771484	-93.829529
15746.154785	-95.395210
15751.538086	-95.589546
15756.921387	-98.211143
15762.304688	-99.168030
15767.687988	-99.335617
15773.071289	-100.029831
15778.454590	-98.767883
15783.837891	-98.594101
15789.221191	-100.102089
15794.604492	-99.898621
15799.987793	-101.622627
15805.371094	-99.852089
15810.754395	-97.623383
15816.137695	-97.045395
15821.520996	-93.897537
15826.904297	-93.598305
15832.287598	-92.951019
15837.670898	-92.457588
15843.054199	-93.768417
15848.437500	-93.943863
15853.820801	-93.614441
15859.204102	-93.719444
15864.587402	-91.104134
15869.970703	-90.754761
15875.354004	-90.873665
15880.737305	-90.518906
15886.120605	-90.221649
15891.503906	-89.765396
15896.887207	-89.131660
15902.270508	-89.273216
15907.653809	-89.601318
15913.037109	-90.753944
15918.420410	-90.994438
15923.803711	-89.513115
15929.187012	-88.874573
15934.570312	-88.771103
15939.953613	-88.649948
15945.336914	-88.679214
15950.720215	-88.856941
15956.103516	-89.404343
15961.486816	-90.051201
15966.870117	-89.287918
15972.253418	-88.206474
15977.636719	-87.849564
15983.020020	-88.114586
15988.403320	-88.176926
15993.786621	-87.693291
15999.169922	-86.821861
16004.553223	-87.453682
16009.936523	-88.282272
16015.319824	-87.820816
16020.703125	-88.483871
16026.086426	-88.776199
16031.469727	-89.630936
16036.853027	-89.818764
16042.236328	-89.530212
16047.619629	-90.241936
16053.002930	-91.274490
16058.386230	-92.157707
16063.769531	-95.757706
16069.152832	-99.195221
16074.536133	-100.781143
16079.919434	-97.387314
16085.302734	-93.989731
16090.686035	-93.951004
16096.069336	-94.497246
16101.452637	-94.848938
16106.835938	-97.213699
16112.219238	-95.634827
16117.602539	-95.082794
16122.985840	-94.299820
16128.369141	-92.285263
16133.752441	-92.648788
16139.135742	-94.769562
16144.519043	-96.092224
16149.902344	-96.426903
16155.285645	-96.110107
16160.668945	-95.128128
16166.052246	-94.475830
16171.435547	-93.207321
16176.818848	-92.527809
16182.202148	-93.370293
16187.585449	-94.254189
16192.968750	-93.515114
16198.352051	-92.946640
16203.735352	-93.929153
16209.118652	-94.666206
16214.501953	-97.549065
16219.885254	-95.216927
16225.268555	-91.517914
16230.651855	-90.137917
16236.035156	-90.207146
16241.418457	-91.768814
16246.801758	-95.562248
16252.185059	-96.299263
16257.568359	-92.534111
16262.951660	-89.877769
16268.334961	-88.315254
16273.718262	-87.445412
16279.101562	-87.654312
16284.484863	-87.972229
16289.868164	-88.542198
16295.251465	-89.591591
16300.634766	-91.900047
16306.018066	-92.667603
16311.401367	-88.629364
16316.784668	-86.351547
16322.167969	-85.757698
16327.551270	-86.154747
16332.934570	-87.198761
16338.317871	-88.062515
16343.701172	-88.122223
16349.084473	-88.838890
16354.467773	-88.999374
16359.851074	-88.384293
16365.234375	-86.911430
16370.617676	-85.369926
16376.000977	-84.725632
16381.384277	-85.180687
16386.767578	-85.969482
16392.150879	-86.792198
16397.534180	-86.844917
16402.917480	-86.399086
16408.300781	-86.822670
16413.684082	-86.205002
16419.067383	-86.444321
16424.450684	-86.725899
16429.833984	-85.785583
16435.217285	-85.360374
16440.600586	-86.209068
16445.983887	-87.860619
16451.367188	-89.723679
16456.750488	-89.579956
16462.133789	-88.494919
16467.517090	-87.982048
16472.900391	-87.555191
16478.283691	-87.088921
16483.666992	-86.937660
16489.050293	-86.921997
16494.433594	-87.781487
16499.816895	-89.280121
16505.200195	-89.152336
16510.583496	-89.167038
16515.966797	-89.417152
16521.350098	-89.202087
16526.733398	-88.844200
16532.116699	-88.584023
16537.500000	-88.805252
16542.883301	-88.507988
16548.266602	-87.533752
16553.649902	-87.063049
16559.033203	-87.681961
16564.416504	-88.933807
16569.799805	-92.060379
16575.183105	-92.966469
16580.566406	-92.525719
16585.949707	-93.034294
16591.333008	-92.456070
16596.716309	-93.247292
16602.099609	-94.547089
16607.482910	-94.181908
16612.866211	-96.071022
16618.249512	-96.942070
16623.632812	-96.872978
16629.016113	-98.886795
16634.399414	-101.831070
16639.782715	-105.053314
16645.166016	-106.146385
16650.549316	-105.757935
16655.932617	-106.329796
16661.315918	-109.282120
16666.699219	-105.309853
16672.082520	-102.316673
16677.465820	-99.239685
16682.849121	-97.164474
16688.232422	-94.258972
16693.615723	-95.838814
16698.999023	-98.212921
16704.382324	-99.729630
16709.765625	-100.634613
16715.148926	-99.358429
16720.532227	-98.815170
16725.915527	-98.124054
16731.298828	-94.432083
16736.682129	-92.279533
16742.065430	-92.423935
16747.448730	-91.905632
16752.832031	-94.034615
16758.215332	-97.100128
16763.598633	-98.002472
16768.981934	-95.702728
16774.365234	-92.642738
16779.748535	-91.712257
16785.131836	-90.910393
16790.515137	-90.011581
16795.898438	-90.220848
16801.281738	-90.102272
16806.665039	-90.948174
16812.048340	-93.291389
16817.431641	-95.035309
16822.814941	-96.341209
16828.198242	-94.489677
16833.581543	-91.103088
16838.964844	-89.556351
16844.348145	-90.237389
16849.731445	-89.816536
16855.114746	-90.823418
16860.498047	-90.986244
16865.881348	-91.962616
16871.264648	-93.664604
16876.647949	-92.080795
16882.031250	-90.867897
16887.414551	-91.227135
16892.797852	-90.132004
16898.181152	-89.417923
16903.564453	-89.787697
16908.947754	-89.679771
16914.331055	-90.883286
16919.714355	-92.265053
16925.097656	-93.329361
16930.480957	-96.904251
16935.864258	-101.592140
16941.247559	-101.988937
16946.630859	-99.689392
16952.014160	-97.078606
16957.397461	-96.705063
16962.780762	-96.923988
16968.164062	-99.649818
16973.547363	-97.804916
16978.930664	-99.188660
16984.313965	-98.641983
16989.697266	-95.851990
16995.080566	-95.553764
17000.463867	-96.344048
17005.847168	-96.744827
17011.230469	-99.016212
17016.613770	-97.610725
17021.997070	-94.443489
17027.380371	-92.717209
17032.763672	-91.723923
17038.146973	-91.576866
17043.530273	-91.814941
17048.913574	-92.835686
17054.296875	-95.175812
17059.680176	-98.900246
17065.063477	-96.109238
17070.446777	-95.511993
17075.830078	-97.546227
17081.213379	-101.544388
17086.596680	-105.674248
17091.979980	-105.007599
17097.363281	-102.562950
17102.746582	-99.574997
17108.129883	-96.952667
17113.513184	-96.647842
17118.896484	-95.977242
17124.279785	-96.671776
17129.663086	-98.739075
17135.046387	-96.229591
17140.429688	-95.905060
17145.812988	-95.757866
17151.196289	-94.122551
17156.579590	-93.118401
17161.962891	-91.525047
17167.346191	-91.363274
17172.729492	-92.381653
17178.112793	-91.533607
17183.496094	-91.644539
17188.879395	-91.863548
17194.262695	-90.327873
17199.645996	-88.690132
17205.029297	-87.741394
17210.412598	-87.176811
17215.795898	-88.140686
17221.179199	-88.591431
17226.562500	-88.348595
17231.945801	-89.496300
17237.329102	-90.068497
17242.712402	-89.401527
17248.095703	-89.613579
17253.479004	-88.134598
17258.862305	-87.614120
17264.245605	-87.224312
17269.628906	-87.192108
17275.012207	-87.919861
17280.395508	-88.426079
17285.778809	-88.671013
17291.162109	-89.688377
17296.545410	-88.512047
17301.928711	-88.412506
17307.312012	-87.116096
17312.695312	-86.145279
17318.078613	-86.325714
17323.461914	-86.646072
17328.845215	-87.046249
17334.228516	-87.903915
17339.611816	-87.480942
17344.995117	-87.466850
17350.378418	-87.632126
17355.761719	-87.425194
17361.145020	-87.494171
17366.528320	-87.546928
17371.911621	-87.400238
17377.294922	-87.482048
17382.678223	-86.990608
17388.061523	-86.476845
17393.444824	-86.927185
17398.828125	-87.300316
17404.211426	-87.405701
17409.594727	-88.369270
17414.978027	-88.871872
17420.361328	-89.215088
17425.744629	-89.304497
17431.127930	-88.535263
17436.511230	-87.891830
17441.894531	-87.628349
17447.277832	-88.058235
17452.661133	-89.244240
17458.044434	-90.119904
17463.427734	-89.787971
17468.811035	-88.887527
17474.194336	-88.397964
17479.577637	-88.879227
17484.960938	-88.402451
17490.344238	-88.385712
17495.727539	-89.499229
17501.110840	-90.548477
17506.494141	-91.683029
17511.877441	-93.335594
17517.260742	-92.839401
17522.644043	-91.535789
17528.027344	-90.888771
17533.410645	-90.057259
17538.793945	-89.928162
17544.177246	-89.597221
17549.560547	-89.330414
17554.943848	-89.264328
17560.327148	-89.364235
17565.710449	-88.695618
17571.093750	-87.310020
17576.477051	-86.375420
17581.860352	-87.431526
17587.243652	-88.867744
17592.626953	-89.765343
17598.010254	-89.587708
17603.393555	-88.414581
17608.776855	-86.566643
17614.160156	-86.479568
17619.543457	-86.438049
17624.926758	-85.833786
17630.310059	-86.233658
17635.693359	-86.555855
17641.076660	-88.070702
17646.459961	-90.195915
17651.843262	-88.328918
17657.226562	-87.466080
17662.609863	-86.834618
17667.993164	-86.199539
17673.376465	-87.489540
17678.759766	-88.367790
17684.143066	-88.875916
17689.526367	-90.458633
17694.909668	-90.849571
17700.292969	-91.891579
17705.676270	-93.733612
17711.059570	-92.874115
17716.442871	-91.477257
17721.826172	-89.630882
17727.209473	-88.174477
17732.592773	-88.216209
17737.976074	-89.289787
17743.359375	-89.493988
17748.742676	-91.307213
17754.125977	-93.191086
17759.509277	-93.571739
17764.892578	-92.494141
17770.275879	-89.466972
17775.659180	-87.534378
17781.042480	-87.883240
17786.425781	-87.724960
17791.809082	-88.421722
17797.192383	-91.085220
17802.575684	-92.880104
17807.958984	-92.977119
17813.342285	-90.993843
17818.725586	-89.378304
17824.108887	-88.032310
17829.492188	-87.590103
17834.875488	-87.982498
17840.258789	-88.702705
17845.642090	-89.636108
17851.025391	-91.306015
17856.408691	-92.433273
17861.791992	-91.176971
17867.175293	-89.791718
17872.558594	-88.747681
17877.941895	-88.010498
17883.325195	-88.964714
17888.708496	-89.176765
17894.091797	-89.351463
17899.475098	-90.668106
17904.858398	-90.002045
17910.241699	-89.648476
17915.625000	-89.971870
17921.008301	-89.691803
17926.391602	-90.424301
17931.774902	-90.799019
17937.158203	-90.799896
17942.541504	-90.879936
17947.924805	-90.206200
17953.308105	-89.487732
17958.691406	-90.269417
17964.074707	-90.770073
17969.458008	-91.261093
17974.841309	-91.007240
17980.224609	-90.727448
17985.607910	-90.261002
17990.991211	-89.337959
17996.374512	-89.508896
18001.757812	-90.011688
18007.141113	-89.360878
18012.524414	-89.809380
18017.907715	-89.618561
18023.291016	-89.991905
18028.674316	-89.100266
18034.057617	-88.234337
18039.440918	-88.123390
18044.824219	-88.193146
18050.207520	-88.223732
18055.590820	-88.287231
18060.974121	-88.987579
18066.357422	-88.978622
18071.740723	-89.165680
18077.124023	-89.445190
18082.507324	-88.848656
18087.890625	-88.568794
18093.273926	-87.972412
18098.657227	-88.196136
18104.040527	-89.148972
18109.423828	-89.262657
18114.807129	-89.203598
18120.190430	-88.779053
18125.573730	-88.360344
18130.957031	-88.414864
18136.340332	-87.574051
18141.723633	-87.363045
18147.106934	-87.125465
18152.490234	-86.738388
18157.873535	-87.446320
18163.256836	-87.357803
18168.640137	-87.065514
18174.023438	-87.212196
18179.406738	-87.214561
18184.790039	-86.980713
18190.173340	-87.158195
18195.556641	-86.881805
18200.939941	-86.450897
18206.323242	-86.575134
18211.706543	-86.582375
18217.089844	-87.603172
18222.473145	-87.760414
18227.856445	-86.736893
18233.239746	-86.295952
18238.623047	-85.530098
18244.006348	-85.491974
18249.389648	-85.904884
18254.772949	-85.322548
18260.156250	-85.726524
18265.539551	-86.886162
18270.922852	-87.367912
18276.306152	-87.812492
18281.689453	-87.024330
18287.072754	-86.174652
18292.456055	-85.692207
18297.839355	-85.662437
18303.222656	-85.455887
18308.605957	-86.280716
18313.989258	-86.063591
18319.372559	-87.009125
18324.755859	-87.306923
18330.139160	-86.460220
18335.522461	-86.598488
18340.905762	-85.477631
18346.289062	-85.095947
18351.672363	-85.470207
18357.055664	-85.988007
18362.438965	-87.106300
18367.822266	-88.375740
18373.205566	-87.729218
18378.588867	-87.657341
18383.972168	-86.755157
18389.355469	-85.987610
18394.738770	-85.526581
18400.122070	-85.374878
18405.505371	-85.651772
18410.888672	-86.935974
18416.271973	-87.410042
18421.655273	-87.696083
18427.038574	-87.693169
18432.421875	-87.046410
18437.805176	-87.011360
18443.188477	-87.571442
18448.571777	-87.967384
18453.955078	-88.688583
18459.338379	-88.377029
18464.721680	-88.789406
18470.104980	-89.252136
18475.488281	-88.821365
18480.871582	-88.597275
18486.254883	-88.726822
18491.638184	-89.714211
18497.021484	-91.078239
18502.404785	-90.524269
18507.788086	-89.816200
18513.171387	-89.898949
18518.554688	-89.917374
18523.937988	-90.639076
18529.321289	-92.089439
18534.704590	-92.147598
18540.087891	-92.845863
18545.471191	-94.061966
18550.854492	-93.605392
18556.237793	-92.815292
18561.621094	-91.702126
18567.004395	-91.665672
18572.387695	-93.031532
18577.770996	-94.840881
18583.154297	-99.135727
18588.537598	-100.321556
18593.920898	-98.249382
18599.304199	-100.727951
18604.687500	-98.947227
18610.070801	-97.452637
18615.454102	-99.908096
18620.837402	-99.833221
18626.220703	-101.769073
18631.604004	-105.861656
18636.987305	-103.280380
18642.370605	-105.788673
18647.753906	-107.254219
18653.137207	-104.019547
18658.520508	-103.059654
18663.903809	-100.886314
18669.287109	-99.060570
18674.670410	-98.230362
18680.053711	-97.948524
18685.437012	-96.229897
18690.820312	-96.099892
18696.203613	-95.146454
18701.586914	-93.348969
18706.970215	-93.672279
18712.353516	-93.863411
18717.736816	-93.039299
18723.120117	-92.033577
18728.503418	-91.333412
18733.886719	-91.362434
18739.270020	-91.388435
18744.653320	-90.447052
18750.036621	-89.677055
18755.419922	-89.131927
18760.803223	-88.142799
18766.186523	-87.875206
18771.569824	-88.139763
18776.953125	-88.464584
18782.336426	-88.123421
18787.719727	-86.944061
18793.103027	-86.677536
18798.486328	-86.614784
18803.869629	-86.072990
18809.252930	-86.295601
18814.636230	-85.873848
18820.019531	-85.415466
18825.402832	-85.937965
18830.786133	-85.812790
18836.169434	-85.662880
18841.552734	-85.557236
18846.936035	-84.414665
18852.319336	-83.780807
18857.702637	-84.294258
18863.085938	-85.208618
18868.469238	-86.209160
18873.852539	-86.269188
18879.235840	-85.200157
18884.619141	-85.182190
18890.002441	-85.324493
18895.385742	-85.690697
18900.769043	-85.811249
18906.152344	-85.355370
18911.535645	-85.717010
18916.918945	-86.375221
18922.302246	-86.557930
18927.685547	-86.762238
18933.068848	-85.468704
18938.452148	-84.918488
18943.835449	-85.142723
18949.218750	-85.604195
18954.602051	-86.109062
18959.985352	-86.544456
18965.368652	-86.571243
18970.751953	-87.699661
18976.135254	-88.922752
18981.518555	-88.405083
18986.901855	-87.007759
18992.285156	-85.393684
18997.668457	-85.443832
19003.051758	-86.495056
19008.435059	-87.798058
19013.818359	-88.371643
19019.201660	-87.137627
19024.584961	-86.073494
19029.968262	-85.697281
19035.351562	-84.213272
19040.734863	-83.278938
19046.118164	-83.548454
19051.501465	-84.550537
19056.884766	-86.784859
19062.268066	-87.343971
19067.651367	-86.649628
19073.034668	-87.028503
19078.417969	-86.862320
19083.801270	-87.274231
19089.184570	-87.766670
19094.567871	-86.803749
19099.951172	-86.353737
19105.334473	-86.536613
19110.717773	-86.951469
19116.101074	-89.336197
19121.484375	-91.974815
19126.867676	-91.068977
19132.250977	-88.902962
19137.634277	-87.044441
19143.017578	-86.100418
19148.400879	-86.047279
19153.784180	-86.741028
19159.167480	-88.416603
19164.550781	-90.958626
19169.934082	-92.423882
19175.317383	-91.028610
19180.700684	-88.626854
19186.083984	-86.495163
19191.467285	-85.014015
19196.850586	-84.620079
19202.233887	-86.109413
19207.617188	-88.812187
19213.000488	-90.611176
19218.383789	-92.705872
19223.767090	-91.467438
19229.150391	-88.558266
19234.533691	-86.259857
19239.916992	-84.851158
19245.300293	-84.752327
19250.683594	-86.285629
19256.066895	-89.055595
19261.450195	-93.168510
19266.833496	-93.272156
19272.216797	-90.923485
19277.600098	-89.489532
19282.983398	-87.615860
19288.366699	-86.283653
19293.750000	-86.228157
19299.133301	-87.244240
19304.516602	-89.928848
19309.899902	-93.595299
19315.283203	-93.451370
19320.666504	-90.249893
19326.049805	-88.056068
19331.433105	-87.534096
19336.816406	-87.911362
19342.199707	-88.425003
19347.583008	-90.607880
19352.966309	-94.066795
19358.349609	-95.802162
19363.732910	-95.419998
19369.116211	-93.270348
19374.499512	-90.636620
19379.882812	-91.195488
19385.266113	-90.595688
19390.649414	-91.934822
19396.032715	-92.580696
19401.416016	-92.618774
19406.799316	-92.704933
19412.182617	-94.115608
19417.565918	-94.655220
19422.949219	-95.647926
19428.332520	-94.791855
19433.715820	-94.161064
19439.099121	-92.973740
19444.482422	-91.891037
19449.865723	-92.451202
19455.249023	-93.266998
19460.632324	-95.298447
19466.015625	-96.583344
19471.398926	-94.941757
19476.782227	-94.480408
19482.165527	-92.429932
19487.548828	-91.127739
19492.932129	-90.777031
19498.315430	-91.760406
19503.698730	-92.990265
19509.082031	-94.801720
19514.465332	-97.056992
19519.848633	-97.777802
19525.231934	-98.990273
19530.615234	-97.759377
19535.998535	-97.882828
19541.381836	-99.204460
19546.765137	-97.504776
19552.148438	-98.858490
19557.531738	-101.430443
19562.915039	-103.089676
19568.298340	-99.986656
19573.681641	-99.063339
19579.064941	-98.153320
19584.448242	-96.923676
19589.831543	-96.722137
19595.214844	-97.237488
19600.598145	-96.360298
19605.981445	-97.452454
19611.364746	-96.877151
19616.748047	-95.950500
19622.131348	-94.808449
19627.514648	-91.751266
19632.897949	-91.265617
19638.281250	-91.687027
19643.664551	-90.762787
19649.047852	-91.820343
19654.431152	-92.876823
19659.814453	-92.826210
19665.197754	-92.871086
19670.581055	-91.529854
19675.964355	-90.867996
19681.347656	-90.180817
19686.730957	-88.605049
19692.114258	-87.912987
19697.497559	-88.615318
19702.880859	-89.301834
19708.264160	-90.715225
19713.647461	-91.739807
19719.030762	-90.456879
19724.414062	-90.708282
19729.797363	-89.245766
19735.180664	-88.412308
19740.563965	-88.760445
19745.947266	-88.145111
19751.330566	-88.625282
19756.713867	-89.923744
19762.097168	-90.780754
19767.480469	-92.065155
19772.863770	-91.120865
19778.247070	-88.992821
19783.630371	-87.550667
19789.013672	-86.607292
19794.396973	-86.909348
19799.780273	-87.482140
19805.163574	-88.503365
19810.546875	-90.217697
19815.930176	-91.803246
19821.313477	-91.257263
19826.696777	-90.623009
19832.080078	-90.056343
19837.463379	-89.249611
19842.846680	-89.805946
19848.229980	-90.627205
19853.613281	-92.145905
19858.996582	-92.447861
19864.379883	-90.657242
19869.763184	-90.463387
19875.146484	-89.955437
19880.529785	-89.562363
19885.913086	-90.166595
19891.296387	-89.670174
19896.679688	-89.821884
19902.062988	-89.874016
19907.446289	-89.630844
19912.829590	-89.795677
19918.212891	-90.063911
19923.596191	-90.544479
19928.979492	-90.679543
19934.362793	-90.845497
19939.746094	-91.482315
19945.129395	-91.370888
19950.512695	-90.082397
19955.895996	-88.940170
19961.279297	-87.530228
19966.662598	-87.348808
19972.045898	-88.820137
19977.429199	-90.376434
19982.812500	-91.383942
19988.195801	-92.509041
19993.579102	-92.959167
19998.962402	-93.373146
20004.345703	-92.750839
20009.729004	-91.766769
20015.112305	-91.623856
20020.495605	-93.190277
20025.878906	-94.801849
20031.262207	-96.902359
20036.645508	-103.154243
20042.028809	-109.492897
20047.412109	-107.056190
20052.795410	-100.801781
20058.178711	-100.055344
20063.562012	-97.536659
20068.945312	-98.193153
20074.328613	-99.870140
20079.711914	-101.562515
20085.095215	-103.338615
20090.478516	-97.124130
20095.861816	-95.482819
20101.245117	-101.832504
20106.628418	-100.942154
20112.011719	-97.087860
20117.395020	-96.239326
20122.778320	-97.281410
20128.161621	-98.883507
20133.544922	-104.017265
20138.928223	-105.464157
20144.311523	-106.008797
20149.694824	-101.592735
20155.078125	-99.491974
20160.461426	-100.200508
20165.844727	-100.187172
20171.228027	-100.739044
20176.611328	-101.968452
20181.994629	-100.891953
20187.377930	-106.129021
20192.761230	-104.896271
20198.144531	-103.747009
20203.527832	-98.904114
20208.911133	-95.686546
20214.294434	-95.681152
20219.677734	-97.910629
20225.061035	-98.624733
20230.444336	-99.161758
20235.827637	-103.505135
20241.210938	-104.411247
20246.594238	-105.057838
20251.977539	-102.857979
20257.360840	-104.856621
20262.744141	-105.734474
20268.127441	-103.575897
20273.510742	-101.546692
20278.894043	-100.743958
20284.277344	-99.784218
20289.660645	-98.848412
20295.043945	-99.047806
20300.427246	-98.077301
20305.810547	-96.817696
20311.193848	-95.835197
20316.577148	-98.710083
20321.960449	-98.835617
20327.343750	-100.547585
20332.727051	-107.554520
20338.110352	-101.278450
20343.493652	-97.971466
20348.876953	-94.876411
20354.260254	-93.188721
20359.643555	-94.748154
20365.026855	-95.789688
20370.410156	-96.771828
20375.793457	-99.787613
20381.176758	-98.944771
20386.560059	-97.207962
20391.943359	-94.961792
20397.326660	-93.028679
20402.709961	-91.415016
20408.093262	-90.829002
20413.476562	-90.979485
20418.859863	-93.765221
20424.243164	-95.502762
20429.626465	-98.885056
20435.009766	-101.758141
20440.393066	-99.600227
20445.776367	-98.056831
20451.159668	-95.149384
20456.542969	-92.980522
20461.926270	-92.517365
20467.309570	-92.059196
20472.692871	-93.807793
20478.076172	-97.966019
20483.459473	-101.816681
20488.842773	-98.010139
20494.226074	-93.901978
20499.609375	-92.998253
20504.992676	-92.874405
20510.375977	-92.068077
20515.759277	-94.020752
20521.142578	-96.815514
20526.525879	-97.899651
20531.909180	-95.790306
20537.292480	-91.482506
20542.675781	-89.961761
20548.059082	-89.696907
20553.442383	-89.766411
20558.825684	-89.974625
20564.208984	-91.170982
20569.592285	-91.630753
20574.975586	-93.380356
20580.358887	-93.153839
20585.742188	-90.135941
20591.125488	-87.811882
20596.508789	-86.508842
20601.892090	-86.070740
20607.275391	-86.748085
20612.658691	-86.832359
20618.041992	-87.798988
20623.425293	-88.102943
20628.808594	-88.479019
20634.191895	-88.884979
20639.575195	-88.085533
20644.958496	-86.986023
20650.341797	-85.859947
20655.725098	-84.810783
20661.108398	-84.669518
20666.491699	-86.248329
20671.875000	-87.286964
20677.258301	-88.769386
20682.641602	-89.673912
20688.024902	-89.322121
20693.408203	-89.492119
20698.791504	-88.988998
20704.174805	-88.206772
20709.558105	-87.936317
20714.941406	-86.814873
20720.324707	-87.463882
20725.708008	-88.334076
20731.091309	-88.247894
20736.474609	-89.653656
20741.857910	-90.489365
20747.241211	-89.990768
20752.624512	-89.309090
20758.007812	-88.415756
20763.391113	-87.324165
20768.774414	-86.621300
20774.157715	-86.575394
20779.541016	-87.808601
20784.924316	-90.511223
20790.307617	-92.596504
20795.690918	-92.040611
20801.074219	-89.262093
20806.457520	-87.740631
20811.840820	-87.241096
20817.224121	-87.151070
20822.607422	-87.450180
20827.990723	-88.339684
20833.374023	-88.854362
20838.757324	-90.313210
20844.140625	-92.210922
20849.523926	-90.496544
20854.907227	-89.652596
20860.290527	-88.642471
20865.673828	-88.365311
20871.057129	-89.502663
20876.440430	-89.562874
20881.823730	-90.206436
20887.207031	-92.632042
20892.590332	-94.963928
20897.973633	-97.023834
20903.356934	-98.231789
20908.740234	-96.730598
20914.123535	-95.937386
20919.506836	-95.646645
20924.890137	-95.805557
20930.273438	-99.457573
20935.656738	-102.236580
20941.040039	-107.106323
20946.423340	-107.220016
20951.806641	-107.306145
20957.189941	-104.658066
20962.573242	-105.648148
20967.956543	-108.397285
20973.339844	-104.017242
20978.723145	-102.643944
20984.106445	-104.699165
20989.489746	-105.942009
20994.873047	-105.240181
21000.256348	-102.568741
21005.639648	-99.916168
21011.022949	-102.038147
21016.406250	-101.709251
21021.789551	-100.859108
21027.172852	-100.323143
21032.556152	-101.181747
21037.939453	-107.531670
21043.322754	-109.295654
21048.706055	-100.988297
21054.089355	-101.071220
21059.472656	-98.537964
21064.855957	-98.369118
21070.239258	-97.189384
21075.622559	-95.208649
21081.005859	-95.098610
21086.389160	-95.542213
21091.772461	-95.828239
21097.155762	-96.651108
21102.539062	-95.022850
21107.922363	-93.283043
21113.305664	-91.597931
21118.688965	-90.184219
21124.072266	-89.767479
21129.455566	-89.729416
21134.838867	-89.795555
21140.222168	-91.552765
21145.605469	-92.019142
21150.988770	-91.340530
21156.372070	-90.620445
21161.755371	-89.745842
21167.138672	-89.297005
21172.521973	-89.267426
21177.905273	-89.225449
21183.288574	-89.331131
21188.671875	-90.314606
21194.055176	-90.835846
21199.438477	-91.866272
21204.821777	-90.835266
21210.205078	-90.387840
21215.588379	-90.449890
21220.971680	-90.048271
21226.354980	-89.449295
21231.738281	-88.244293
21237.121582	-88.111778
21242.504883	-88.936897
21247.888184	-90.071228
21253.271484	-89.566612
21258.654785	-89.760109
21264.038086	-88.333580
21269.421387	-87.819450
21274.804688	-87.867386
21280.187988	-87.774887
21285.571289	-87.642990
21290.954590	-87.621063
21296.337891	-87.731850
21301.721191	-88.868858
21307.104492	-90.175484
21312.487793	-89.782043
21317.871094	-89.720314
21323.254395	-88.873535
21328.637695	-88.556839
21334.020996	-89.863358
21339.404297	-89.929161
21344.787598	-89.099365
21350.170898	-89.238602
21355.554199	-90.358109
21360.937500	-91.688629
21366.320801	-91.587341
21371.704102	-91.204468
21377.087402	-91.167702
21382.470703	-91.054428
21387.854004	-91.608337
21393.237305	-91.774101
21398.620605	-91.740784
21404.003906	-91.968201
21409.387207	-93.366310
21414.770508	-93.519119
21420.153809	-95.642136
21425.537109	-96.554420
21430.920410	-96.264999
21436.303711	-96.172043
21441.687012	-95.530396
21447.070312	-95.519035
21452.453613	-94.752625
21457.836914	-94.892746
21463.220215	-98.393639
21468.603516	-99.163567
21473.986816	-99.071007
21479.370117	-97.796974
21484.753418	-94.687096
21490.136719	-93.197014
21495.520020	-92.111481
21500.903320	-92.107613
21506.286621	-92.984642
21511.669922	-95.128525
21517.053223	-96.194763
21522.436523	-97.940651
21527.819824	-97.289627
21533.203125	-96.144333
21538.586426	-94.190956
21543.969727	-93.186508
21549.353027	-93.306160
21554.736328	-94.330269
21560.119629	-96.787025
21565.502930	-98.264503
21570.886230	-95.602852
21576.269531	-94.197975
21581.652832	-93.377380
21587.036133	-92.856689
21592.419434	-93.188461
21597.802734	-92.417122
21603.186035	-91.801270
21608.569336	-91.514969
21613.952637	-92.398727
21619.335938	-92.682175
21624.719238	-91.530312
21630.102539	-90.095886
21635.485840	-90.405365
21640.869141	-89.753105
21646.252441	-89.484718
21651.635742	-89.366966
21657.019043	-88.822380
21662.402344	-89.497330
21667.785645	-90.157494
21673.168945	-89.382126
21678.552246	-89.182831
21683.935547	-88.630135
21689.318848	-87.816795
21694.702148	-87.804710
21700.085449	-87.628769
21705.468750	-87.570816
21710.852051	-88.301903
21716.235352	-88.449295
21721.618652	-89.018715
21727.001953	-88.851257
21732.385254	-88.487625
21737.768555	-88.516479
21743.151855	-88.177162
21748.535156	-87.794510
21753.918457	-88.037567
21759.301758	-87.450729
21764.685059	-88.030045
21770.068359	-88.969040
21775.451660	-89.195374
21780.834961	-89.663986
21786.218262	-88.693649
21791.601562	-88.369301
21796.984863	-88.397163
21802.368164	-88.073540
21807.751465	-88.629189
21813.134766	-88.568451
21818.518066	-88.298485
21823.901367	-88.941460
21829.284668	-89.106796
21834.667969	-88.931549
21840.051270	-88.622246
21845.434570	-88.286964
21850.817871	-88.663551
21856.201172	-89.084572
21861.584473	-88.948807
21866.967773	-89.503288
21872.351074	-90.087334
21877.734375	-89.535400
21883.117676	-90.057373
21888.500977	-89.961845
21893.884277	-89.528236
21899.267578	-90.743629
21904.650879	-90.708359
21910.034180	-90.772194
21915.417480	-91.725693
21920.800781	-91.255577
21926.184082	-91.487297
21931.567383	-91.429214
21936.950684	-91.890388
21942.333984	-92.986923
21947.717285	-93.488998
21953.100586	-94.273369
21958.483887	-95.641220
21963.867188	-95.196976
21969.250488	-94.801704
21974.633789	-96.616875
21980.017090	-96.452881
21985.400391	-98.143646
21990.783691	-100.404358
21996.166992	-100.640442
22001.550293	-101.603249
22006.933594	-100.818375
22012.316895	-98.640388
22017.700195	-100.363182
22023.083496	-102.492577
22028.466797	-103.008583
22033.850098	-106.380241
22039.233398	-108.241806
22044.616699	-106.559647
