Frequency (Hz)	Level (dB)
5.383301	-39.979240
10.766602	-37.365780
16.149902	-34.246555
21.533203	-30.461168
26.916504	-31.959318
32.299805	-39.342621
37.683105	-43.607445
43.066406	-43.882446
48.449707	-45.956139
53.833008	-40.924946
59.216309	-42.525986
64.599609	-45.491585
69.982910	-42.763344
75.366211	-39.762123
80.749512	-35.475216
86.132812	-32.186733
91.516113	-32.815151
96.899414	-34.366905
102.282715	-33.984867
107.666016	-34.633553
113.049316	-36.922813
118.432617	-39.484249
123.815918	-39.583397
129.199219	-40.804630
134.582520	-44.218235
139.965820	-42.640083
145.349121	-40.630386
150.732422	-36.844070
156.115723	-34.773052
161.499023	-34.353355
166.882324	-36.220860
172.265625	-39.250904
177.648926	-37.605286
183.032227	-33.800518
188.415527	-32.230732
193.798828	-31.348158
199.182129	-32.752674
204.565430	-32.422264
209.948730	-31.791336
215.332031	-31.716326
220.715332	-31.225746
226.098633	-30.695459
231.481934	-30.867609
236.865234	-31.451588
242.248535	-31.128984
247.631836	-31.700630
253.015137	-32.504642
258.398438	-32.340038
263.781738	-32.547005
269.165039	-32.343750
274.548340	-32.609833
279.931641	-33.225708
285.314941	-37.169239
290.698242	-38.317577
296.081543	-36.211048
301.464844	-36.046604
306.848145	-37.223370
312.231445	-40.309856
317.614746	-44.730206
322.998047	-46.339806
328.381348	-45.828270
333.764648	-48.055145
339.147949	-47.029514
344.531250	-42.347679
349.914551	-41.004826
355.297852	-40.516315
360.681152	-39.508774
366.064453	-35.212208
371.447754	-27.592346
376.831055	-27.042585
382.214355	-33.223270
387.597656	-39.149570
392.980957	-37.615715
398.364258	-36.071941
403.747559	-35.965878
409.130859	-38.746632
414.514160	-41.748158
419.897461	-44.376461
425.280762	-40.112831
430.664062	-37.099758
436.047363	-37.177711
441.430664	-41.009850
446.813965	-45.799644
452.197266	-42.808212
457.580566	-40.184292
462.963867	-42.374809
468.347168	-46.507587
473.730469	-45.335644
479.113770	-40.972198
484.497070	-38.353153
489.880371	-37.680092
495.263672	-35.822964
500.646973	-33.841953
506.030273	-33.657600
511.413574	-35.096195
516.796875	-33.667198
522.180176	-29.344822
527.563477	-25.494761
532.946777	-22.284847
538.330078	-19.930672
543.713379	-18.604952
549.096680	-22.978525
554.479980	-32.238743
559.863281	-36.403625
565.246582	-38.986755
570.629883	-40.816048
576.013184	-44.308514
581.396484	-41.221706
586.779785	-37.353123
592.163086	-35.291134
597.546387	-33.646633
602.929688	-35.977440
608.312988	-40.350376
613.696289	-36.443687
619.079590	-30.573385
624.462891	-29.145006
629.846191	-29.028311
635.229492	-29.476522
640.612793	-33.213936
645.996094	-39.429726
651.379395	-36.640923
656.762695	-32.845802
662.145996	-31.820675
667.529297	-33.532654
672.912598	-37.759567
678.295898	-36.272392
683.679199	-31.747707
689.062500	-30.225685
694.445801	-31.542025
699.829102	-35.632309
705.212402	-36.765415
710.595703	-31.029133
715.979004	-27.652306
721.362305	-27.259180
726.745605	-29.858330
732.128906	-32.790882
737.512207	-31.302404
742.895508	-25.406029
748.278809	-22.965612
753.662109	-22.935139
759.045410	-22.327957
764.428711	-23.838488
769.812012	-24.438066
775.195312	-26.004860
780.578613	-27.749126
785.961914	-24.868433
791.345215	-22.423576
796.728516	-20.988144
802.111816	-21.828035
807.495117	-25.918165
812.878418	-28.325914
818.261719	-28.109558
823.645020	-27.121645
829.028320	-26.709938
834.411621	-26.201092
839.794922	-28.307272
845.178223	-30.952072
850.561523	-27.078270
855.944824	-23.525129
861.328125	-23.075125
866.711426	-25.330853
872.094727	-28.126064
877.478027	-27.923630
882.861328	-28.579136
888.244629	-26.311445
893.627930	-21.856363
899.011230	-21.594795
904.394531	-23.741556
909.777832	-27.700073
915.161133	-35.099930
920.544434	-44.288471
925.927734	-37.937595
931.311035	-34.806091
936.694336	-34.155090
942.077637	-33.283981
947.460938	-31.273708
952.844238	-30.845936
958.227539	-34.160442
963.610840	-35.736855
968.994141	-32.692078
974.377441	-33.445244
979.760742	-36.163471
985.144043	-38.025288
990.527344	-37.589851
995.910645	-34.431908
1001.293945	-32.796364
1006.677246	-32.850609
1012.060547	-33.837376
1017.443848	-35.018883
1022.827148	-35.612225
1028.210449	-35.169243
1033.593750	-33.713127
1038.977051	-34.158958
1044.360352	-33.623455
1049.743652	-32.102104
1055.126953	-31.223099
1060.510254	-31.797428
1065.893555	-32.569515
1071.276855	-34.645660
1076.660156	-36.908100
1082.043457	-36.958305
1087.426758	-36.983685
1092.810059	-38.515415
1098.193359	-44.537460
1103.576660	-42.259422
1108.959961	-38.180168
1114.343262	-37.452515
1119.726562	-35.959980
1125.109863	-37.224331
1130.493164	-41.562180
1135.876465	-43.543888
1141.259766	-37.509033
1146.643066	-34.091438
1152.026367	-33.414211
1157.409668	-34.450661
1162.792969	-36.218197
1168.176270	-36.946293
1173.559570	-35.723598
1178.942871	-33.426353
1184.326172	-32.606918
1189.709473	-32.414616
1195.092773	-32.553188
1200.476074	-33.795300
1205.859375	-34.246101
1211.242676	-33.842655
1216.625977	-32.745968
1222.009277	-33.223141
1227.392578	-37.134846
1232.775879	-39.565479
1238.159180	-37.013035
1243.542480	-37.809681
1248.925781	-39.189747
1254.309082	-36.113598
1259.692383	-36.635258
1265.075684	-45.252102
1270.458984	-45.749931
1275.842285	-44.121078
1281.225586	-48.642769
1286.608887	-53.879425
1291.992188	-51.418884
1297.375488	-46.495419
1302.758789	-42.749268
1308.142090	-40.872276
1313.525391	-43.774773
1318.908691	-47.767731
1324.291992	-46.614952
1329.675293	-45.644123
1335.058594	-46.082893
1340.441895	-51.058823
1345.825195	-55.106148
1351.208496	-47.264683
1356.591797	-45.518566
1361.975098	-43.829784
1367.358398	-40.622669
1372.741699	-38.821190
1378.125000	-40.808777
1383.508301	-40.638142
1388.891602	-41.005512
1394.274902	-44.093937
1399.658203	-49.473679
1405.041504	-45.320118
1410.424805	-41.193771
1415.808105	-40.302738
1421.191406	-40.329407
1426.574707	-41.814598
1431.958008	-47.098778
1437.341309	-41.952148
1442.724609	-37.673710
1448.107910	-35.862988
1453.491211	-35.891857
1458.874512	-38.172733
1464.257812	-45.196964
1469.641113	-43.616703
1475.024414	-39.077915
1480.407715	-36.916672
1485.791016	-37.045391
1491.174316	-39.737091
1496.557617	-44.346855
1501.940918	-43.856606
1507.324219	-40.776802
1512.707520	-38.255096
1518.090820	-38.109818
1523.474121	-39.953194
1528.857422	-42.507977
1534.240723	-39.035751
1539.624023	-36.257595
1545.007324	-37.077442
1550.390625	-40.435051
1555.773926	-43.643734
1561.157227	-42.723743
1566.540527	-39.424763
1571.923828	-38.826305
1577.307129	-42.205177
1582.690430	-48.057602
1588.073730	-44.947708
1593.457031	-42.402180
1598.840332	-43.496628
1604.223633	-48.787983
1609.606934	-43.193512
1614.990234	-39.225628
1620.373535	-40.084476
1625.756836	-43.814083
1631.140137	-41.413555
1636.523438	-38.211693
1641.906738	-37.593002
1647.290039	-41.297173
1652.673340	-46.546188
1658.056641	-41.575279
1663.439941	-39.684719
1668.823242	-40.877960
1674.206543	-40.735104
1679.589844	-42.652584
1684.973145	-45.714325
1690.356445	-42.391949
1695.739746	-41.318428
1701.123047	-42.974327
1706.506348	-46.710377
1711.889648	-51.334808
1717.272949	-47.260826
1722.656250	-45.023659
1728.039551	-45.160439
1733.422852	-47.846550
1738.806152	-49.880623
1744.189453	-48.733292
1749.572754	-45.493099
1754.956055	-44.744350
1760.339355	-45.396599
1765.722656	-47.252422
1771.105957	-46.048729
1776.489258	-45.844902
1781.872559	-45.646904
1787.255859	-43.937622
1792.639160	-46.833878
1798.022461	-47.749748
1803.405762	-46.585014
1808.789062	-45.109562
1814.172363	-43.379826
1819.555664	-42.026356
1824.938965	-42.630707
1830.322266	-43.395313
1835.705566	-44.070759
1841.088867	-43.631855
1846.472168	-41.937275
1851.855469	-42.648819
1857.238770	-45.209854
1862.622070	-47.085487
1868.005371	-48.207226
1873.388672	-46.456837
1878.771973	-45.894661
1884.155273	-48.680134
1889.538574	-48.260582
1894.921875	-49.160191
1900.305176	-52.741920
1905.688477	-52.066685
1911.071777	-50.810822
1916.455078	-51.369923
1921.838379	-52.412540
1927.221680	-53.459354
1932.604980	-51.093430
1937.988281	-52.221245
1943.371582	-52.960571
1948.754883	-50.124565
1954.138184	-49.672382
1959.521484	-51.443020
1964.904785	-49.456860
1970.288086	-46.299870
1975.671387	-45.677612
1981.054688	-45.800121
1986.437988	-49.465813
1991.821289	-49.520710
1997.204590	-48.653954
2002.587891	-48.139236
2007.971191	-50.131107
2013.354492	-53.712948
2018.737793	-53.937145
2024.121094	-49.513424
2029.504395	-47.835140
2034.887695	-50.734638
2040.270996	-52.409061
2045.654297	-54.874203
2051.037598	-61.141415
2056.420898	-58.803104
2061.804199	-55.123463
2067.187500	-53.355293
2072.570801	-55.350216
2077.954102	-57.869785
2083.337402	-59.131721
2088.720703	-55.500435
2094.104004	-55.123531
2099.487305	-60.182350
2104.870605	-57.030533
2110.253906	-53.067692
2115.637207	-52.367970
2121.020508	-49.644421
2126.403809	-50.334831
2131.787109	-52.455189
2137.170410	-55.024414
2142.553711	-49.321762
2147.937012	-46.461876
2153.320312	-46.984089
2158.703613	-47.109798
2164.086914	-47.021332
2169.470215	-41.692574
2174.853516	-38.792477
2180.236816	-39.052044
2185.620117	-39.931381
2191.003418	-41.316170
2196.386719	-39.510975
2201.770020	-39.635410
2207.153320	-39.732952
2212.536621	-38.758549
2217.919922	-38.170467
2223.303223	-37.718121
2228.686523	-40.352787
2234.069824	-45.951405
2239.453125	-45.163395
2244.836426	-42.889355
2250.219727	-46.094906
2255.603027	-47.379532
2260.986328	-45.561775
2266.369629	-45.326851
2271.752930	-44.606792
2277.136230	-45.527927
2282.519531	-45.801456
2287.902832	-49.755226
2293.286133	-48.620876
2298.669434	-45.890270
2304.052734	-45.168976
2309.436035	-44.698593
2314.819336	-45.177708
2320.202637	-46.997837
2325.585938	-46.505585
2330.969238	-47.385353
2336.352539	-47.129993
2341.735840	-45.044899
2347.119141	-44.982155
2352.502441	-47.073284
2357.885742	-47.865822
2363.269043	-47.047634
2368.652344	-47.682045
2374.035645	-49.149746
2379.418945	-47.628098
2384.802246	-47.382050
2390.185547	-43.923592
2395.568848	-41.020866
2400.952148	-39.640255
2406.335449	-38.395451
2411.718750	-38.619301
2417.102051	-40.890476
2422.485352	-45.137646
2427.868652	-48.672714
2433.251953	-48.935211
2438.635254	-48.727909
2444.018555	-52.239792
2449.401855	-47.250237
2454.785156	-41.043362
2460.168457	-39.842197
2465.551758	-44.382057
2470.935059	-46.338081
2476.318359	-44.674934
2481.701660	-46.185616
2487.084961	-50.711292
2492.468262	-49.426140
2497.851562	-45.709141
2503.234863	-42.894806
2508.618164	-39.982559
2514.001465	-41.019287
2519.384766	-42.849552
2524.768066	-43.785069
2530.151367	-48.096977
2535.534668	-52.115124
2540.917969	-54.681473
2546.301270	-46.318638
2551.684570	-44.071671
2557.067871	-42.956184
2562.451172	-42.514332
2567.834473	-43.669716
2573.217773	-46.360809
2578.601074	-43.413475
2583.984375	-39.180393
2589.367676	-37.503513
2594.750977	-39.590012
2600.134277	-43.532021
2605.517578	-45.621181
2610.900879	-49.724018
2616.284180	-52.945328
2621.667480	-50.287151
2627.050781	-48.204849
2632.434082	-48.295681
2637.817383	-49.836903
2643.200684	-51.287231
2648.583984	-53.303154
2653.967285	-57.527969
2659.350586	-53.996273
2664.733887	-53.154613
2670.117188	-52.582161
2675.500488	-52.239658
2680.883789	-51.230850
2686.267090	-50.749924
2691.650391	-52.847229
2697.033691	-56.303749
2702.416992	-53.219299
2707.800293	-49.537254
2713.183594	-47.805065
2718.566895	-47.687241
2723.950195	-49.924473
2729.333496	-54.833855
2734.716797	-54.163921
2740.100098	-49.500740
2745.483398	-47.217800
2750.866699	-47.307003
2756.250000	-49.301777
2761.633301	-51.373619
2767.016602	-47.566921
2772.399902	-41.695698
2777.783203	-38.190754
2783.166504	-39.627735
2788.549805	-42.866379
2793.933105	-39.932274
2799.316406	-38.347569
2804.699707	-35.572018
2810.083008	-34.649899
2815.466309	-34.543907
2820.849609	-34.687916
2826.232910	-35.188477
2831.616211	-35.936874
2836.999512	-37.608734
2842.382812	-39.396923
2847.766113	-40.863499
2853.149414	-43.225979
2858.532715	-45.144382
2863.916016	-44.405510
2869.299316	-45.041557
2874.682617	-46.224728
2880.065918	-46.454464
2885.449219	-47.455318
2890.832520	-49.382183
2896.215820	-53.136646
2901.599121	-46.287502
2906.982422	-46.659603
2912.365723	-50.309803
2917.749023	-50.609310
2923.132324	-49.276043
2928.515625	-45.998959
2933.898926	-41.044903
2939.282227	-38.466969
2944.665527	-38.957317
2950.048828	-40.849262
2955.432129	-40.737106
2960.815430	-39.876457
2966.198730	-38.289795
2971.582031	-38.060883
2976.965332	-40.833191
2982.348633	-45.032631
2987.731934	-49.308460
2993.115234	-50.933872
2998.498535	-50.907711
3003.881836	-50.802013
3009.265137	-52.125359
3014.648438	-52.872158
3020.031738	-50.254986
3025.415039	-47.435047
3030.798340	-45.073593
3036.181641	-45.158993
3041.564941	-45.293999
3046.948242	-46.254978
3052.331543	-47.724293
3057.714844	-48.363716
3063.098145	-47.316952
3068.481445	-46.276871
3073.864746	-48.376236
3079.248047	-48.156044
3084.631348	-50.838600
3090.014648	-51.261696
3095.397949	-46.776665
3100.781250	-45.042370
3106.164551	-45.369865
3111.547852	-46.204128
3116.931152	-46.853775
3122.314453	-45.777828
3127.697754	-44.911476
3133.081055	-45.231689
3138.464355	-45.911747
3143.847656	-46.072632
3149.230957	-49.272816
3154.614258	-53.206211
3159.997559	-57.137379
3165.380859	-57.095207
3170.764160	-60.504459
3176.147461	-56.819153
3181.530762	-54.348171
3186.914062	-52.774231
3192.297363	-47.710979
3197.680664	-44.746349
3203.063965	-44.193054
3208.447266	-47.246880
3213.830566	-52.308334
3219.213867	-52.127705
3224.597168	-47.956913
3229.980469	-45.820866
3235.363770	-46.319424
3240.747070	-51.801994
3246.130371	-47.993641
3251.513672	-44.812309
3256.896973	-46.020256
3262.280273	-49.952427
3267.663574	-45.830830
3273.046875	-44.112522
3278.430176	-48.920639
3283.813477	-51.993580
3289.196777	-46.018734
3294.580078	-45.086487
3299.963379	-47.831329
3305.346680	-52.904148
3310.729980	-56.975647
3316.113281	-52.928589
3321.496582	-55.329517
3326.879883	-50.561729
3332.263184	-48.465626
3337.646484	-51.915394
3343.029785	-57.303879
3348.413086	-53.279678
3353.796387	-51.253338
3359.179688	-51.068542
3364.562988	-51.775475
3369.946289	-54.912861
3375.329590	-52.307789
3380.712891	-50.251572
3386.096191	-48.711494
3391.479492	-48.783737
3396.862793	-47.875443
3402.246094	-47.256161
3407.629395	-48.356449
3413.012695	-49.115120
3418.395996	-48.061298
3423.779297	-45.607903
3429.162598	-44.038242
3434.545898	-44.080631
3439.929199	-45.176590
3445.312500	-48.041256
3450.695801	-52.452534
3456.079102	-51.258389
3461.462402	-49.192154
3466.845703	-50.239471
3472.229004	-57.479187
3477.612305	-54.567772
3482.995605	-55.762630
3488.378906	-50.906006
3493.762207	-43.950356
3499.145508	-41.495758
3504.528809	-42.106899
3509.912109	-44.338196
3515.295410	-45.655174
3520.678711	-45.334663
3526.062012	-45.381264
3531.445312	-48.001995
3536.828613	-51.880714
3542.211914	-53.223415
3547.595215	-51.460640
3552.978516	-50.560951
3558.361816	-50.131195
3563.745117	-49.618980
3569.128418	-49.360603
3574.511719	-49.524670
3579.895020	-50.777523
3585.278320	-50.687218
3590.661621	-45.610691
3596.044922	-41.003975
3601.428223	-40.925198
3606.811523	-45.678516
3612.194824	-48.040550
3617.578125	-45.876728
3622.961426	-45.248123
3628.344727	-44.780334
3633.728027	-44.254719
3639.111328	-44.376469
3644.494629	-44.379440
3649.877930	-44.686584
3655.261230	-45.292397
3660.644531	-45.224934
3666.027832	-46.543098
3671.411133	-51.255131
3676.794434	-49.749367
3682.177734	-48.180412
3687.561035	-49.075657
3692.944336	-49.577309
3698.327637	-43.659660
3703.710938	-44.065224
3709.094238	-47.337715
3714.477539	-47.234673
3719.860840	-47.543739
3725.244141	-48.330647
3730.627441	-48.198814
3736.010742	-47.479427
3741.394043	-47.128860
3746.777344	-46.734661
3752.160645	-46.327717
3757.543945	-48.316494
3762.927246	-50.014988
3768.310547	-47.806778
3773.693848	-46.530533
3779.077148	-47.848812
3784.460449	-49.585407
3789.843750	-49.045498
3795.227051	-53.690727
3800.610352	-58.427555
3805.993652	-54.488041
3811.376953	-53.265659
3816.760254	-51.886112
3822.143555	-49.121597
3827.526855	-47.201225
3832.910156	-49.139702
3838.293457	-50.630257
3843.676758	-45.341431
3849.060059	-42.975407
3854.443359	-41.668060
3859.826660	-41.361755
3865.209961	-42.138725
3870.593262	-44.351963
3875.976562	-48.574978
3881.359863	-48.154240
3886.743164	-43.144550
3892.126465	-41.659412
3897.509766	-42.618187
3902.893066	-44.626492
3908.276367	-46.108589
3913.659668	-45.035515
3919.042969	-43.464893
3924.426270	-42.237061
3929.809570	-41.581158
3935.192871	-41.529991
3940.576172	-42.113323
3945.959473	-43.502876
3951.342773	-42.807320
3956.726074	-41.078308
3962.109375	-40.812214
3967.492676	-40.396896
3972.875977	-40.393761
3978.259277	-41.666344
3983.642578	-42.977905
3989.025879	-41.726887
3994.409180	-41.311138
3999.792480	-45.805325
4005.175781	-49.990181
4010.559082	-48.961533
4015.942383	-47.317493
4021.325684	-47.557114
4026.708984	-48.349941
4032.092285	-46.993568
4037.475586	-45.436012
4042.858887	-45.804867
4048.242188	-44.224915
4053.625488	-44.348343
4059.008789	-44.914162
4064.392090	-43.851604
4069.775391	-44.446667
4075.158691	-46.706772
4080.541992	-49.801273
4085.925293	-53.634319
4091.308594	-57.090874
4096.691895	-58.016388
4102.075195	-56.846508
4107.458496	-58.325138
4112.841797	-59.802761
4118.225098	-55.668816
4123.608398	-54.398407
4128.991699	-52.452194
4134.375000	-52.057194
4139.758301	-54.219646
4145.141602	-59.309860
4150.524902	-58.037682
4155.908203	-54.744286
4161.291504	-55.023758
4166.674805	-57.124962
4172.058105	-55.338997
4177.441406	-48.792671
4182.824707	-44.625458
4188.208008	-42.240921
4193.591309	-41.880203
4198.974609	-42.414646
4204.357910	-44.892883
4209.741211	-47.630169
4215.124512	-48.396290
4220.507812	-49.379456
4225.891113	-49.001785
4231.274414	-50.311893
4236.657715	-51.744499
4242.041016	-52.329361
4247.424316	-51.532764
4252.807617	-51.309151
4258.190918	-51.999931
4263.574219	-51.736610
4268.957520	-49.746021
4274.340820	-48.340477
4279.724121	-48.978767
4285.107422	-50.453487
4290.490723	-53.488281
4295.874023	-57.199902
4301.257324	-53.327412
4306.640625	-53.234440
4312.023926	-52.002235
4317.407227	-46.882309
4322.790527	-46.379189
4328.173828	-47.250385
4333.557129	-47.804253
4338.940430	-48.776142
4344.323730	-48.405220
4349.707031	-45.717705
4355.090332	-42.457386
4360.473633	-40.664864
4365.856934	-40.479832
4371.240234	-42.260265
4376.623535	-44.987106
4382.006836	-46.030941
4387.390137	-44.457527
4392.773438	-42.840034
4398.156738	-44.547745
4403.540039	-48.869034
4408.923340	-48.815308
4414.306641	-45.565990
4419.689941	-46.323395
4425.073242	-48.948029
4430.456543	-48.293465
4435.839844	-51.262627
4441.223145	-54.922661
4446.606445	-57.859486
4451.989746	-58.413494
4457.373047	-61.677483
4462.756348	-59.863892
4468.139648	-54.981548
4473.522949	-52.204987
4478.906250	-51.633961
4484.289551	-53.798264
4489.672852	-58.062908
4495.056152	-58.918591
4500.439453	-59.736275
4505.822754	-55.863400
4511.206055	-54.409962
4516.589355	-59.081841
4521.972656	-58.145184
4527.355957	-53.982071
4532.739258	-56.405975
4538.122559	-64.191330
4543.505859	-64.416924
4548.889160	-56.429153
4554.272461	-50.099751
4559.655762	-47.735641
4565.039062	-47.815594
4570.422363	-49.229599
4575.805664	-49.801567
4581.188965	-52.453831
4586.572266	-51.363308
4591.955566	-46.785408
4597.338867	-46.115364
4602.722168	-49.264973
4608.105469	-50.367031
4613.488770	-48.816616
4618.872070	-48.855083
4624.255371	-50.844028
4629.638672	-56.309071
4635.021973	-59.171780
4640.405273	-53.545963
4645.788574	-49.208973
4651.171875	-45.823166
4656.555176	-44.763359
4661.938477	-46.345642
4667.321777	-49.266701
4672.705078	-54.350849
4678.088379	-57.531509
4683.471680	-51.428894
4688.854980	-47.928474
4694.238281	-47.039654
4699.621582	-47.501228
4705.004883	-49.016281
4710.388184	-52.301800
4715.771484	-56.509491
4721.154785	-57.840260
4726.538086	-57.501350
4731.921387	-55.200661
4737.304688	-51.504105
4742.687988	-50.262817
4748.071289	-50.754047
4753.454590	-51.362350
4758.837891	-52.590042
4764.221191	-53.862976
4769.604492	-55.160694
4774.987793	-55.813576
4780.371094	-57.655231
4785.754395	-59.390133
4791.137695	-62.660633
4796.520996	-64.824402
4801.904297	-58.365108
4807.287598	-61.815624
4812.670898	-61.023720
4818.054199	-57.141346
4823.437500	-55.209892
4828.820801	-55.238308
4834.204102	-56.672836
4839.587402	-59.491077
4844.970703	-61.904884
4850.354004	-64.470085
4855.737305	-57.176395
4861.120605	-53.799839
4866.503906	-52.708168
4871.887207	-52.508427
4877.270508	-52.710487
4882.653809	-53.934769
4888.037109	-56.810059
4893.420410	-58.105934
4898.803711	-52.462795
4904.187012	-49.144035
4909.570312	-49.847736
4914.953613	-54.586910
4920.336914	-55.668301
4925.720215	-52.073738
4931.103516	-49.675209
4936.486816	-48.213322
4941.870117	-48.520401
4947.253418	-51.780735
4952.636719	-53.466537
4958.020020	-51.226254
4963.403320	-52.295063
4968.786621	-56.458954
4974.169922	-50.224091
4979.553223	-46.899021
4984.936523	-46.699791
4990.319824	-45.843266
4995.703125	-45.455120
5001.086426	-49.300861
5006.469727	-51.270500
5011.853027	-47.935249
5017.236328	-44.758465
5022.619629	-43.724846
5028.002930	-44.838726
5033.386230	-48.706032
5038.769531	-52.423111
5044.152832	-46.429306
5049.536133	-44.328640
5054.919434	-44.972851
5060.302734	-45.242966
5065.686035	-44.276051
5071.069336	-43.866978
5076.452637	-45.247696
5081.835938	-47.821892
5087.219238	-48.528206
5092.602539	-48.236832
5097.985840	-47.738354
5103.369141	-47.266010
5108.752441	-46.336849
5114.135742	-45.896019
5119.519043	-45.968979
5124.902344	-46.907757
5130.285645	-46.481567
5135.668945	-45.990551
5141.052246	-48.237366
5146.435547	-49.674637
5151.818848	-43.774910
5157.202148	-40.361294
5162.585449	-40.696564
5167.968750	-46.237217
5173.352051	-50.896706
5178.735352	-49.398911
5184.118652	-51.048855
5189.501953	-54.112789
5194.885254	-52.880039
5200.268555	-53.417694
5205.651855	-55.685181
5211.035156	-60.655781
5216.418457	-55.416435
5221.801758	-52.581017
5227.185059	-52.363987
5232.568359	-52.848961
5237.951660	-54.338593
5243.334961	-58.375935
5248.718262	-62.578087
5254.101562	-58.230961
5259.484863	-58.560741
5264.868164	-59.591328
5270.251465	-57.516563
5275.634766	-53.446354
5281.018066	-50.482037
5286.401367	-49.345474
5291.784668	-49.590153
5297.167969	-52.037067
5302.551270	-58.137676
5307.934570	-61.787525
5313.317871	-57.997379
5318.701172	-56.790314
5324.084473	-57.482716
5329.467773	-58.593605
5334.851074	-53.565788
5340.234375	-47.573265
5345.617676	-43.380878
5351.000977	-42.311729
5356.384277	-43.527782
5361.767578	-47.366684
5367.150879	-51.361172
5372.534180	-47.812870
5377.917480	-45.529350
5383.300781	-46.193623
5388.684082	-50.125526
5394.067383	-46.600754
5399.450684	-43.402210
5404.833984	-42.960327
5410.217285	-45.043438
5415.600586	-49.159698
5420.983887	-54.940937
5426.367188	-58.280468
5431.750488	-58.156456
5437.133789	-60.146866
5442.517090	-52.953407
5447.900391	-46.793053
5453.283691	-43.079239
5458.666992	-43.182430
5464.050293	-48.275715
5469.433594	-57.138042
5474.816895	-60.929295
5480.200195	-57.513840
5485.583496	-51.993671
5490.966797	-49.275860
5496.350098	-49.473324
5501.733398	-51.179371
5507.116699	-52.785332
5512.500000	-54.603600
5517.883301	-54.875416
5523.266602	-53.313301
5528.649902	-53.947960
5534.033203	-55.059738
5539.416504	-50.980804
5544.799805	-45.291599
5550.183105	-42.023144
5555.566406	-41.732693
5560.949707	-43.013153
5566.333008	-43.282837
5571.716309	-44.273388
5577.099609	-43.736015
5582.482910	-43.189240
5587.866211	-43.690063
5593.249512	-43.551968
5598.632812	-43.298168
5604.016113	-43.380966
5609.399414	-43.228302
5614.782715	-43.205524
5620.166016	-43.263786
5625.549316	-43.675106
5630.932617	-45.885303
5636.315918	-50.049149
5641.699219	-51.529629
5647.082520	-49.073471
5652.465820	-49.134735
5657.849121	-52.911919
5663.232422	-54.100983
5668.615723	-49.429737
5673.999023	-48.235825
5679.382324	-48.250404
5684.765625	-48.313652
5690.148926	-48.933510
5695.532227	-50.340687
5700.915527	-50.824718
5706.298828	-49.966629
5711.682129	-48.863499
5717.065430	-48.138653
5722.448730	-47.864098
5727.832031	-47.642849
5733.215332	-46.382004
5738.598633	-45.253094
5743.981934	-43.811302
5749.365234	-42.612602
5754.748535	-41.595734
5760.131836	-41.281551
5765.515137	-41.261387
5770.898438	-41.011578
5776.281738	-41.912636
5781.665039	-44.737225
5787.048340	-47.693802
5792.431641	-47.191975
5797.814941	-46.053677
5803.198242	-44.973099
5808.581543	-45.011894
5813.964844	-47.452679
5819.348145	-51.841911
5824.731445	-57.574165
5830.114746	-57.988777
5835.498047	-55.047424
5840.881348	-54.499973
5846.264648	-54.357101
5851.647949	-52.657574
5857.031250	-51.830807
5862.414551	-51.765488
5867.797852	-51.723385
5873.181152	-53.058899
5878.564453	-57.276539
5883.947754	-60.120064
5889.331055	-55.544804
5894.714355	-54.191425
5900.097656	-52.936378
5905.480957	-50.330318
5910.864258	-47.969368
5916.247559	-46.205551
5921.630859	-46.568127
5927.014160	-48.131462
5932.397461	-50.421070
5937.780762	-52.993877
5943.164062	-53.591221
5948.547363	-53.496628
5953.930664	-55.945786
5959.313965	-60.619034
5964.697266	-60.484821
5970.080566	-60.061436
5975.463867	-63.163528
5980.847168	-61.886932
5986.230469	-57.377914
5991.613770	-53.829044
5996.997070	-50.762360
6002.380371	-48.957825
6007.763672	-49.476357
6013.146973	-50.726105
6018.530273	-51.375298
6023.913574	-52.666172
6029.296875	-55.992592
6034.680176	-59.587757
6040.063477	-56.069386
6045.446777	-55.310089
6050.830078	-56.304775
6056.213379	-56.622261
6061.596680	-57.203064
6066.979980	-59.234489
6072.363281	-62.919754
6077.746582	-64.537666
6083.129883	-67.046532
6088.513184	-64.498528
6093.896484	-65.178673
6099.279785	-71.657692
6104.663086	-66.462639
6110.046387	-66.723747
6115.429688	-72.713921
6120.812988	-67.756882
6126.196289	-66.713959
6131.579590	-72.053238
6136.962891	-69.994370
6142.346191	-63.125317
6147.729492	-60.150757
6153.112793	-58.647438
6158.496094	-58.237240
6163.879395	-58.433201
6169.262695	-58.257507
6174.645996	-59.706219
6180.029297	-60.114346
6185.412598	-58.671207
6190.795898	-57.855682
6196.179199	-57.460186
6201.562500	-58.045879
6206.945801	-58.100761
6212.329102	-57.746021
6217.712402	-57.043690
6223.095703	-55.663010
6228.479004	-54.164211
6233.862305	-53.593571
6239.245605	-53.574600
6244.628906	-53.830982
6250.012207	-55.806389
6255.395508	-59.036484
6260.778809	-60.921215
6266.162109	-58.855171
6271.545410	-56.100533
6276.928711	-55.262196
6282.312012	-56.051521
6287.695312	-57.157875
6293.078613	-57.574196
6298.461914	-57.001671
6303.845215	-56.498177
6309.228516	-56.141960
6314.611816	-56.194546
6319.995117	-57.187115
6325.378418	-57.756042
6330.761719	-57.900051
6336.145020	-58.515701
6341.528320	-58.202732
6346.911621	-56.599472
6352.294922	-56.103306
6357.678223	-56.920536
6363.061523	-58.312614
6368.444824	-59.463959
6373.828125	-59.766777
6379.211426	-59.328999
6384.594727	-59.398945
6389.978027	-60.145294
6395.361328	-60.966835
6400.744629	-61.485550
6406.127930	-58.964554
6411.511230	-56.515591
6416.894531	-56.074944
6422.277832	-56.342415
6427.661133	-56.906033
6433.044434	-57.015972
6438.427734	-56.957340
6443.811035	-57.762569
6449.194336	-58.484657
6454.577637	-58.134274
6459.960938	-57.814701
6465.344238	-58.668449
6470.727539	-60.585709
6476.110840	-61.832870
6481.494141	-62.839218
6486.877441	-61.625935
6492.260742	-58.121986
6497.644043	-56.642822
6503.027344	-56.646290
6508.410645	-56.988773
6513.793945	-56.585949
6519.177246	-56.574291
6524.560547	-58.361519
6529.943848	-61.199177
6535.327148	-62.024178
6540.710449	-60.397331
6546.093750	-60.123158
6551.477051	-62.235428
6556.860352	-62.440922
6562.243652	-59.192863
6567.626953	-57.945236
6573.010254	-59.133099
6578.393555	-58.985691
6583.776855	-57.584042
6589.160156	-58.552048
6594.543457	-61.999252
6599.926758	-59.136574
6605.310059	-56.562721
6610.693359	-58.162468
6616.076660	-62.077072
6621.459961	-58.955769
6626.843262	-58.847191
6632.226562	-62.830513
6637.609863	-59.921955
6642.993164	-58.310444
6648.376465	-60.664337
6653.759766	-59.485661
6659.143066	-57.232197
6664.526367	-58.403728
6669.909668	-59.531445
6675.292969	-58.590881
6680.676270	-59.065254
6686.059570	-60.519001
6691.442871	-59.415157
6696.826172	-59.453526
6702.209473	-60.740086
6707.592773	-59.767670
6712.976074	-58.581017
6718.359375	-58.132004
6723.742676	-57.063293
6729.125977	-56.542088
6734.509277	-57.324757
6739.892578	-57.967587
6745.275879	-57.742554
6750.659180	-57.980358
6756.042480	-58.479660
6761.425781	-58.285328
6766.809082	-58.575703
6772.192383	-58.564816
6777.575684	-57.419224
6782.958984	-56.649818
6788.342285	-56.641613
6793.725586	-57.609894
6799.108887	-58.377426
6804.492188	-58.165592
6809.875488	-58.388184
6815.258789	-60.231335
6820.642090	-62.784657
6826.025391	-63.713539
6831.408691	-61.647724
6836.791992	-60.763977
6842.175293	-61.971195
6847.558594	-64.180611
6852.941895	-66.714607
6858.325195	-69.871590
6863.708496	-64.967583
6869.091797	-60.740574
6874.475098	-59.488983
6879.858398	-60.889755
6885.241699	-64.467194
6890.625000	-64.163223
6896.008301	-60.215649
6901.391602	-57.882610
6906.774902	-57.243496
6912.158203	-58.382767
6917.541504	-61.288261
6922.924805	-64.292427
6928.308105	-62.129917
6933.691406	-59.780815
6939.074707	-59.443466
6944.458008	-62.131275
6949.841309	-64.204185
6955.224609	-59.702168
6960.607910	-59.468235
6965.991211	-60.943882
6971.374512	-59.644520
6976.757812	-58.988770
6982.141113	-59.660892
6987.524414	-60.148308
6992.907715	-59.076683
6998.291016	-58.322468
7003.674316	-58.012707
7009.057617	-57.936771
7014.440918	-58.174576
7019.824219	-57.973816
7025.207520	-57.845093
7030.590820	-58.868244
7035.974121	-60.933853
7041.357422	-61.193462
7046.740723	-60.852364
7052.124023	-60.824760
7057.507324	-60.738365
7062.890625	-61.375149
7068.273926	-62.957542
7073.657227	-63.811123
7079.040527	-63.793865
7084.423828	-63.448627
7089.807129	-63.317562
7095.190430	-63.456524
7100.573730	-63.770737
7105.957031	-65.791260
7111.340332	-67.336525
7116.723633	-68.888710
7122.106934	-72.332855
7127.490234	-72.902451
7132.873535	-68.102272
7138.256836	-65.863197
7143.640137	-66.733559
7149.023438	-70.556465
7154.406738	-70.530556
7159.790039	-67.595474
7165.173340	-67.109085
7170.556641	-67.078026
7175.939941	-67.474846
7181.323242	-67.681442
7186.706543	-67.747704
7192.089844	-67.696854
7197.473145	-66.893753
7202.856445	-65.968613
7208.239746	-65.667084
7213.623047	-65.456276
7219.006348	-65.886696
7224.389648	-66.485130
7229.772949	-65.652237
7235.156250	-65.453621
7240.539551	-65.610474
7245.922852	-66.703217
7251.306152	-68.484528
7256.689453	-67.366959
7262.072754	-65.413475
7267.456055	-64.259346
7272.839355	-63.768227
7278.222656	-64.595032
7283.605957	-64.320503
7288.989258	-63.341171
7294.372559	-63.222301
7299.755859	-63.392181
7305.139160	-63.697395
7310.522461	-63.342331
7315.905762	-63.279545
7321.289062	-63.813904
7326.672363	-65.292236
7332.055664	-65.459770
7337.438965	-65.567017
7342.822266	-66.239441
7348.205566	-65.640114
7353.588867	-64.981247
7358.972168	-65.524719
7364.355469	-66.692085
7369.738770	-66.301353
7375.122070	-64.629631
7380.505371	-64.503548
7385.888672	-65.728539
7391.271973	-68.058937
7396.655273	-69.431038
7402.038574	-67.709702
7407.421875	-67.035149
7412.805176	-67.311523
7418.188477	-67.758430
7423.571777	-68.255630
7428.955078	-68.548241
7434.338379	-67.219803
7439.721680	-66.072472
7445.104980	-66.951935
7450.488281	-67.663864
7455.871582	-66.652344
7461.254883	-65.542915
7466.638184	-64.873283
7472.021484	-64.678940
7477.404785	-65.243568
7482.788086	-65.460854
7488.171387	-65.608299
7493.554688	-66.184776
7498.937988	-66.758224
7504.321289	-67.372139
7509.704590	-68.603889
7515.087891	-71.046013
7520.471191	-74.765480
7525.854492	-78.670784
7531.237793	-77.813133
7536.621094	-75.821701
7542.004395	-75.400833
7547.387695	-71.314575
7552.770996	-66.985962
7558.154297	-64.393341
7563.537598	-62.796589
7568.920898	-62.102852
7574.304199	-62.551384
7579.687500	-63.333302
7585.070801	-63.586987
7590.454102	-62.663761
7595.837402	-60.922295
7601.220703	-59.747513
7606.604004	-59.428955
7611.987305	-59.919579
7617.370605	-60.792152
7622.753906	-61.265976
7628.137207	-60.919674
7633.520508	-60.377758
7638.903809	-60.332901
7644.287109	-61.004002
7649.670410	-61.724998
7655.053711	-61.976704
7660.437012	-61.900322
7665.820312	-61.849613
7671.203613	-61.963818
7676.586914	-62.087864
7681.970215	-62.041183
7687.353516	-62.800396
7692.736816	-63.186638
7698.120117	-61.150970
7703.503418	-59.585831
7708.886719	-59.991241
7714.270020	-61.971458
7719.653320	-63.183804
7725.036621	-60.634460
7730.419922	-58.282951
7735.803223	-57.870392
7741.186523	-59.616283
7746.569824	-62.085114
7751.953125	-63.133327
7757.336426	-61.866268
7762.719727	-60.782101
7768.103027	-61.192219
7773.486328	-62.948982
7778.869629	-65.619125
7784.252930	-68.264786
7789.636230	-68.620262
7795.019531	-66.145271
7800.402832	-65.200867
7805.786133	-66.874649
7811.169434	-70.306213
7816.552734	-69.500877
7821.936035	-65.869362
7827.319336	-64.445992
7832.702637	-66.540070
7838.085938	-71.275787
7843.469238	-69.736702
7848.852539	-65.787422
7854.235840	-64.402512
7859.619141	-65.664879
7865.002441	-68.260643
7870.385742	-68.362831
7875.769043	-66.633682
7881.152344	-65.604904
7886.535645	-65.065186
7891.918945	-64.638870
7897.302246	-64.806763
7902.685547	-65.455330
7908.068848	-66.072144
7913.452148	-66.321930
7918.835449	-66.012039
7924.218750	-65.513306
7929.602051	-65.056732
7934.985352	-65.208923
7940.368652	-66.929520
7945.751953	-70.827621
7951.135254	-72.065887
7956.518555	-69.398293
7961.901855	-67.606499
7967.285156	-66.846764
7972.668457	-66.543907
7978.051758	-65.895012
7983.435059	-65.471619
7988.818359	-65.313606
7994.201660	-65.578461
7999.584961	-66.520836
8004.968262	-68.104851
8010.351562	-69.693550
8015.734863	-69.993004
8021.118164	-70.299049
8026.501465	-71.718109
8031.884766	-75.288445
8037.268066	-78.420982
8042.651367	-77.227905
8048.034668	-73.442368
8053.417969	-70.256645
8058.801270	-68.525238
8064.184570	-68.380226
8069.567871	-69.525238
8074.951172	-70.224480
8080.334473	-68.627052
8085.717773	-66.812706
8091.101074	-66.724464
8096.484375	-68.189247
8101.867676	-71.308044
8107.250977	-76.137596
8112.634277	-77.679131
8118.017578	-74.356201
8123.400879	-73.229156
8128.784180	-74.846321
8134.167480	-79.127213
8139.550781	-80.328026
8144.934082	-74.965302
8150.317383	-71.383095
8155.700684	-70.347977
8161.083984	-69.307175
8166.467285	-66.303490
8171.850586	-64.729279
8177.233887	-64.294754
8182.617188	-64.336922
8188.000488	-64.724052
8193.383789	-65.302650
8198.767090	-65.219528
8204.150391	-63.885277
8209.533691	-62.778091
8214.916992	-62.305954
8220.300293	-62.140751
8225.683594	-62.682964
8231.066895	-64.069717
8236.450195	-64.685089
8241.833496	-64.634064
8247.216797	-65.150528
8252.600098	-65.771484
8257.983398	-65.688286
8263.366699	-65.431885
8268.750000	-65.127251
8274.133301	-64.748741
8279.516602	-64.521530
8284.899902	-64.240143
8290.283203	-63.720421
8295.666504	-63.174934
8301.049805	-62.863323
8306.433105	-62.494797
8311.816406	-61.774448
8317.199707	-61.059219
8322.583008	-60.854584
8327.966309	-61.255932
8333.349609	-61.467529
8338.732910	-61.311108
8344.116211	-61.294827
8349.499512	-61.947422
8354.882812	-62.759014
8360.266113	-63.275875
8365.649414	-63.387829
8371.032715	-63.264915
8376.416016	-63.400234
8381.799316	-63.916836
8387.182617	-64.614143
8392.565918	-65.403824
8397.949219	-66.143623
8403.332520	-66.810760
8408.715820	-67.740242
8414.099121	-68.759956
8419.482422	-69.622559
8424.865723	-69.782104
8430.249023	-69.041512
8435.632324	-69.494621
8441.015625	-71.971169
8446.398926	-74.046173
8451.782227	-72.402397
8457.165527	-70.840340
8462.548828	-70.188400
8467.932129	-70.099808
8473.315430	-70.552124
8478.698730	-70.672623
8484.082031	-70.658623
8489.465332	-70.334183
8494.848633	-69.807129
8500.231934	-70.110214
8505.615234	-71.392021
8510.998535	-72.895210
8516.381836	-72.600105
8521.765137	-71.871109
8527.148438	-72.841522
8532.531738	-73.817734
8537.915039	-72.771370
8543.298340	-71.292702
8548.681641	-70.443817
8554.064941	-69.748863
8559.448242	-68.998428
8564.831543	-68.609695
8570.214844	-68.074036
8575.598145	-67.713974
8580.981445	-67.439766
8586.364746	-66.590790
8591.748047	-66.405060
8597.131348	-66.937408
8602.514648	-66.865669
8607.897949	-65.880493
8613.281250	-65.144356
8618.664551	-64.840118
8624.047852	-64.806236
8629.431152	-64.673996
8634.814453	-64.302879
8640.197754	-63.795856
8645.581055	-63.442898
8650.964355	-63.116329
8656.347656	-62.806431
8661.730957	-62.554665
8667.114258	-62.396420
8672.497559	-62.262363
8677.880859	-62.321926
8683.264160	-62.632130
8688.647461	-63.110325
8694.030762	-63.386684
8699.414062	-63.368378
8704.797363	-63.502209
8710.180664	-63.779507
8715.563965	-64.017021
8720.947266	-64.026558
8726.330566	-63.844604
8731.713867	-64.005905
8737.097168	-64.820145
8742.480469	-65.726761
8747.863770	-66.510216
8753.247070	-67.308289
8758.630371	-68.133049
8764.013672	-68.527725
8769.396973	-68.940742
8774.780273	-69.278709
8780.163574	-69.095764
8785.546875	-68.328278
8790.930176	-67.776123
8796.313477	-67.520233
8801.696777	-67.365227
8807.080078	-67.258057
8812.463379	-67.314407
8817.846680	-67.608665
8823.229980	-67.919899
8828.613281	-67.795395
8833.996582	-67.106087
8839.379883	-66.620125
8844.763184	-66.639511
8850.146484	-66.555511
8855.529785	-66.207924
8860.913086	-66.109489
8866.296387	-66.501823
8871.679688	-66.356552
8877.062988	-65.824936
8882.446289	-65.576416
8887.829590	-65.804321
8893.212891	-66.419914
8898.596191	-66.902397
8903.979492	-66.657173
8909.362793	-66.411621
8914.746094	-66.735397
8920.129395	-67.535904
8925.512695	-68.406197
8930.895996	-69.048347
8936.279297	-69.669121
8941.662598	-70.162582
8947.045898	-70.295250
8952.429199	-70.545029
8957.812500	-71.747810
8963.195801	-73.850662
8968.579102	-75.203850
8973.962402	-75.159256
8979.345703	-75.278419
8984.729004	-74.636902
8990.112305	-72.752014
8995.495605	-71.318993
9000.878906	-70.554955
9006.262207	-69.330055
9011.645508	-68.326073
9017.028809	-68.093521
9022.412109	-68.217796
9027.795410	-68.364029
9033.178711	-68.254776
9038.562012	-68.210960
9043.945312	-68.160240
9049.328613	-68.191368
9054.711914	-67.747169
9060.095215	-67.234886
9065.478516	-67.408783
9070.861816	-67.819847
9076.245117	-67.866600
9081.628418	-67.679260
9087.011719	-67.701370
9092.395020	-67.986572
9097.778320	-68.128090
9103.161621	-68.062904
9108.544922	-68.054558
9113.928223	-68.319229
9119.311523	-68.858292
9124.694824	-69.386681
9130.078125	-70.013657
9135.461426	-70.840179
9140.844727	-71.343376
9146.228027	-70.825317
9151.611328	-70.285919
9156.994629	-69.877594
9162.377930	-69.872444
9167.761230	-69.459541
9173.144531	-69.377525
9178.527832	-70.078926
9183.911133	-71.242004
9189.294434	-72.921043
9194.677734	-75.487869
9200.061035	-78.175941
9205.444336	-79.466682
9210.827637	-77.799217
9216.210938	-77.105980
9221.594238	-75.788177
9226.977539	-73.814026
9232.360840	-72.296379
9237.744141	-71.457405
9243.127441	-70.667267
9248.510742	-70.001488
9253.894043	-69.511742
9259.277344	-69.256248
9264.660645	-68.411652
9270.043945	-67.286011
9275.427246	-66.603714
9280.810547	-66.320892
9286.193848	-66.122093
9291.577148	-66.076523
9296.960449	-66.050301
9302.343750	-66.055878
9307.727051	-66.050423
9313.110352	-65.936554
9318.493652	-65.983063
9323.876953	-66.566246
9329.260254	-67.419662
9334.643555	-68.106613
9340.026855	-69.088730
9345.410156	-70.363518
9350.793457	-71.542519
9356.176758	-72.481979
9361.560059	-73.753342
9366.943359	-75.126274
9372.326660	-75.422241
9377.709961	-73.998833
9383.093262	-72.838570
9388.476562	-72.320107
9393.859863	-71.699905
9399.243164	-71.268311
9404.626465	-70.902481
9410.009766	-71.466057
9415.393066	-71.915894
9420.776367	-72.954750
9426.159668	-74.421455
9431.542969	-76.527412
9436.926270	-79.305351
9442.309570	-81.340614
9447.692871	-83.227386
9453.076172	-79.528145
9458.459473	-74.737282
9463.842773	-72.117271
9469.226074	-70.641815
9474.609375	-69.315163
9479.992676	-68.102806
9485.375977	-67.209305
9490.759277	-66.532593
9496.142578	-65.916031
9501.525879	-65.202469
9506.909180	-64.684647
9512.292480	-64.431595
9517.675781	-64.068329
9523.059082	-63.581963
9528.442383	-63.347069
9533.825684	-63.396603
9539.208984	-63.418758
9544.592285	-63.594864
9549.975586	-64.065132
9555.358887	-64.521339
9560.742188	-65.056213
9566.125488	-65.524467
9571.508789	-65.924568
9576.892090	-66.295021
9582.275391	-66.515533
9587.658691	-66.632256
9593.041992	-66.831184
9598.425293	-66.745071
9603.808594	-66.199806
9609.191895	-65.492355
9614.575195	-64.911087
9619.958496	-64.547035
9625.341797	-64.082863
9630.725098	-63.802635
9636.108398	-63.889542
9641.491699	-64.013542
9646.875000	-63.982250
9652.258301	-64.061256
9657.641602	-64.330223
9663.024902	-64.711777
9668.408203	-64.937157
9673.791504	-65.043716
9679.174805	-65.373352
9684.558105	-66.054329
9689.941406	-66.756706
9695.324707	-67.165474
9700.708008	-67.335594
9706.091309	-67.587112
9711.474609	-68.073158
9716.857910	-68.918526
9722.241211	-70.080910
9727.624512	-70.883888
9733.007812	-70.663498
9738.391113	-70.545860
9743.774414	-71.075493
9749.157715	-72.081017
9754.541016	-73.477272
9759.924316	-74.535912
9765.307617	-75.497101
9770.690918	-77.359810
9776.074219	-79.467697
9781.457520	-80.484016
9786.840820	-78.898087
9792.224121	-76.501671
9797.607422	-74.785667
9802.990723	-73.426613
9808.374023	-72.468323
9813.757324	-71.780106
9819.140625	-71.361938
9824.523926	-71.135254
9829.907227	-70.538353
9835.290527	-69.976273
9840.673828	-69.869324
9846.057129	-70.204842
9851.440430	-70.472527
9856.823730	-70.516029
9862.207031	-70.607445
9867.590332	-70.822876
9872.973633	-71.400383
9878.356934	-71.573563
9883.740234	-71.761963
9889.123535	-71.940590
9894.506836	-71.691849
9899.890137	-71.411598
9905.273438	-71.232712
9910.656738	-71.155029
9916.040039	-70.735825
9921.423340	-70.112381
9926.806641	-69.705109
9932.189941	-69.558556
9937.573242	-69.545319
9942.956543	-69.345650
9948.339844	-69.005074
9953.723145	-68.914848
9959.106445	-69.002609
9964.489746	-68.699829
9969.873047	-68.479897
9975.256348	-68.630768
9980.639648	-69.119591
9986.022949	-69.475243
9991.406250	-69.380898
9996.789551	-69.277451
10002.172852	-69.597580
10007.556152	-69.815094
10012.939453	-69.915504
10018.322754	-69.938316
10023.706055	-70.273354
10029.089355	-70.516060
10034.472656	-70.495552
10039.855957	-70.781059
10045.239258	-71.728989
10050.622559	-72.601929
10056.005859	-72.513321
10061.389160	-72.184532
10066.772461	-72.478981
10072.155762	-73.140221
10077.539062	-73.540855
10082.922363	-73.313766
10088.305664	-73.070961
10093.688965	-72.257050
10099.072266	-71.308945
10104.455566	-71.076813
10109.838867	-71.468529
10115.222168	-71.594521
10120.605469	-70.475075
10125.988770	-69.213554
10131.372070	-68.517776
10136.755371	-68.223694
10142.138672	-68.038147
10147.521973	-67.553200
10152.905273	-66.920479
10158.288574	-66.529884
10163.671875	-66.286552
10169.055176	-65.904190
10174.438477	-65.406868
10179.821777	-65.023491
10185.205078	-64.933067
10190.588379	-64.832848
10195.971680	-64.648087
10201.354980	-64.554840
10206.738281	-64.500854
10212.121582	-64.588997
10217.504883	-64.809265
10222.888184	-65.073967
10228.271484	-65.454514
10233.654785	-65.669167
10239.038086	-65.748260
10244.421387	-66.118568
10249.804688	-66.990250
10255.187988	-67.754768
10260.571289	-67.955315
10265.954590	-67.919235
10271.337891	-68.250648
10276.721191	-68.612946
10282.104492	-68.545746
10287.487793	-68.408775
10292.871094	-68.346481
10298.254395	-68.110245
10303.637695	-67.817627
10309.020996	-67.785927
10314.404297	-68.131340
10319.787598	-68.064262
10325.170898	-67.445030
10330.554199	-66.902298
10335.937500	-66.947571
10341.320801	-67.209763
10346.704102	-67.479271
10352.087402	-67.576149
10357.470703	-67.699974
10362.854004	-67.908386
10368.237305	-68.280159
10373.620605	-68.843605
10379.003906	-69.431374
10384.387207	-69.756279
10389.770508	-69.755310
10395.153809	-69.828323
10400.537109	-70.317589
10405.920410	-71.075302
10411.303711	-71.392540
10416.687012	-71.442871
10422.070312	-71.674232
10427.453613	-71.887756
10432.836914	-71.772087
10438.220215	-71.539078
10443.603516	-71.367310
10448.986816	-71.695541
10454.370117	-71.540230
10459.753418	-70.519035
10465.136719	-69.740227
10470.520020	-69.346260
10475.903320	-69.607979
10481.286621	-70.018623
10486.669922	-70.011406
10492.053223	-69.565102
10497.436523	-69.078621
10502.819824	-68.853424
10508.203125	-68.708809
10513.586426	-68.499214
10518.969727	-68.598000
10524.353027	-68.700577
10529.736328	-68.684822
10535.119629	-68.757217
10540.502930	-68.879219
10545.886230	-69.290421
10551.269531	-69.625626
10556.652832	-69.863129
10562.036133	-69.843536
10567.419434	-69.732353
10572.802734	-69.702553
10578.186035	-70.167305
10583.569336	-70.996140
10588.952637	-71.551132
10594.335938	-71.447304
10599.719238	-71.570488
10605.102539	-72.256653
10610.485840	-72.449394
10615.869141	-71.886353
10621.252441	-71.476898
10626.635742	-71.475487
10632.019043	-71.346092
10637.402344	-70.990250
10642.785645	-70.657082
10648.168945	-70.713615
10653.552246	-70.832581
10658.935547	-70.398415
10664.318848	-69.877434
10669.702148	-69.845917
10675.085449	-70.004837
10680.468750	-70.003258
10685.852051	-70.011803
10691.235352	-70.559608
10696.618652	-71.472336
10702.001953	-72.559319
10707.385254	-73.729721
10712.768555	-74.894760
10718.151855	-76.186058
10723.535156	-77.716087
10728.918457	-78.646896
10734.301758	-78.060371
10739.685059	-76.910347
10745.068359	-76.230850
10750.451660	-76.101013
10755.834961	-76.121094
10761.218262	-76.084213
10766.601562	-75.725327
10771.984863	-75.769424
10777.368164	-76.299942
10782.751465	-76.439362
10788.134766	-76.330559
10793.518066	-77.018074
10798.901367	-78.166252
10804.284668	-80.084503
10809.667969	-81.490059
10815.051270	-83.135506
10820.434570	-85.018272
10825.817871	-86.084373
10831.201172	-85.041702
10836.584473	-82.147720
10841.967773	-78.471924
10847.351074	-75.525383
10852.734375	-74.056686
10858.117676	-73.200890
10863.500977	-72.605217
10868.884277	-72.402061
10874.267578	-72.064613
10879.650879	-71.861092
10885.034180	-71.816360
10890.417480	-72.030800
10895.800781	-72.886497
10901.184082	-73.533417
10906.567383	-72.722046
10911.950684	-71.851685
10917.333984	-71.946602
10922.717285	-72.619637
10928.100586	-73.088974
10933.483887	-73.239166
10938.867188	-73.651062
10944.250488	-73.955093
10949.633789	-73.911674
10955.017090	-73.825096
10960.400391	-73.917236
10965.783691	-74.048820
10971.166992	-74.004738
10976.550293	-74.266899
10981.933594	-75.160568
10987.316895	-76.187408
10992.700195	-76.253815
10998.083496	-75.532440
11003.466797	-75.613060
11008.850098	-76.431252
11014.233398	-77.522636
11019.616699	-78.871208
11025.000000	-80.000687
11030.383301	-80.469597
11035.766602	-80.510460
11041.149902	-80.783440
11046.533203	-80.480537
11051.916504	-79.900551
11057.299805	-78.890862
11062.683105	-77.766914
11068.066406	-76.515823
11073.449707	-75.307785
11078.833008	-74.254204
11084.216309	-73.635452
11089.599609	-73.137436
11094.982910	-72.705261
11100.366211	-72.705246
11105.749512	-73.011841
11111.132812	-72.782837
11116.516113	-72.448700
11121.899414	-72.160866
11127.282715	-72.571915
11132.666016	-73.307945
11138.049316	-73.207924
11143.432617	-72.521790
11148.815918	-71.791168
11154.199219	-71.369843
11159.582520	-70.954254
11164.965820	-70.612877
11170.349121	-70.361641
11175.732422	-69.763817
11181.115723	-69.230072
11186.499023	-69.108322
11191.882324	-69.115173
11197.265625	-69.162086
11202.648926	-68.981033
11208.032227	-69.020523
11213.415527	-69.346436
11218.798828	-69.717117
11224.182129	-70.094879
11229.565430	-70.734520
11234.948730	-71.582664
11240.332031	-72.303947
11245.715332	-72.745949
11251.098633	-73.528687
11256.481934	-74.874847
11261.865234	-76.884628
11267.248535	-78.621231
11272.631836	-80.278008
11278.015137	-83.516968
11283.398438	-86.420448
11288.781738	-85.591560
11294.165039	-84.965714
11299.548340	-85.026009
11304.931641	-84.316559
11310.314941	-82.242699
11315.698242	-80.913063
11321.081543	-80.960945
11326.464844	-81.494186
11331.848145	-81.052147
11337.231445	-80.449654
11342.614746	-80.125900
11347.998047	-79.472763
11353.381348	-78.905190
11358.764648	-78.195869
11364.147949	-77.800491
11369.531250	-78.083923
11374.914551	-78.675911
11380.297852	-78.455200
11385.681152	-78.476387
11391.064453	-77.964470
11396.447754	-77.767235
11401.831055	-76.703064
11407.214355	-75.247284
11412.597656	-74.665588
11417.980957	-74.642120
11423.364258	-74.808151
11428.747559	-74.597710
11434.130859	-74.345757
11439.514160	-74.166565
11444.897461	-74.078659
11450.280762	-74.300659
11455.664062	-74.463608
11461.047363	-74.742256
11466.430664	-75.299812
11471.813965	-75.640404
11477.197266	-76.102608
11482.580566	-76.578384
11487.963867	-77.480705
11493.347168	-77.956421
11498.730469	-78.609596
11504.113770	-80.045395
11509.497070	-80.971962
11514.880371	-80.999886
11520.263672	-80.812309
11525.646973	-82.124924
11531.030273	-84.432907
11536.413574	-87.041962
11541.796875	-86.658318
11547.180176	-85.347450
11552.563477	-85.789764
11557.946777	-86.108299
11563.330078	-85.129456
11568.713379	-84.717056
11574.096680	-86.171478
11579.479980	-86.305733
11584.863281	-83.962242
11590.246582	-82.189728
11595.629883	-81.910530
11601.013184	-83.565918
11606.396484	-83.158157
11611.779785	-83.008675
11617.163086	-83.387375
11622.546387	-85.079224
11627.929688	-85.206238
11633.312988	-84.555344
11638.696289	-86.008965
11644.079590	-87.258362
11649.462891	-84.169144
11654.846191	-82.603577
11660.229492	-82.008347
11665.612793	-81.251953
11670.996094	-80.081245
11676.379395	-78.818268
11681.762695	-77.946983
11687.145996	-77.790146
11692.529297	-77.083878
11697.912598	-76.306732
11703.295898	-76.100906
11708.679199	-76.140694
11714.062500	-76.060631
11719.445801	-75.979942
11724.829102	-76.734245
11730.212402	-76.800659
11735.595703	-75.893127
11740.979004	-75.373558
11746.362305	-75.809669
11751.745605	-77.032814
11757.128906	-76.961815
11762.512207	-76.560501
11767.895508	-76.524559
11773.278809	-76.302032
11778.662109	-75.430573
11784.045410	-74.545532
11789.428711	-74.755219
11794.812012	-74.340546
11800.195312	-73.114624
11805.578613	-72.214836
11810.961914	-72.318542
11816.345215	-72.611557
11821.728516	-72.127296
11827.111816	-71.521507
11832.495117	-71.025391
11837.878418	-71.038605
11843.261719	-71.160858
11848.645020	-71.693550
11854.028320	-72.195518
11859.411621	-72.234024
11864.794922	-71.992447
11870.178223	-72.519569
11875.561523	-74.144928
11880.944824	-75.589104
11886.328125	-76.533066
11891.711426	-77.728249
11897.094727	-80.312996
11902.478027	-82.402283
11907.861328	-82.978615
11913.244629	-85.123581
11918.627930	-88.249886
11924.011230	-84.785759
11929.394531	-81.448586
11934.777832	-81.301712
11940.161133	-81.838905
11945.544434	-81.456322
11950.927734	-80.478325
11956.311035	-80.220512
11961.694336	-79.646606
11967.077637	-79.650757
11972.460938	-80.355446
11977.844238	-82.458740
11983.227539	-84.447472
11988.610840	-83.261292
11993.994141	-82.874283
11999.377441	-84.112190
12004.760742	-85.792999
12010.144043	-83.963875
12015.527344	-81.651993
12020.910645	-80.345291
12026.293945	-78.748238
12031.677246	-77.469521
12037.060547	-77.030914
12042.443848	-76.423576
12047.827148	-75.337425
12053.210449	-74.324921
12058.593750	-73.927444
12063.977051	-73.656937
12069.360352	-73.404709
12074.743652	-72.956238
12080.126953	-72.791931
12085.510254	-72.802307
12090.893555	-72.407730
12096.276855	-72.046494
12101.660156	-72.344269
12107.043457	-72.884254
12112.426758	-72.833260
12117.810059	-72.118690
12123.193359	-71.832649
12128.576660	-72.091797
12133.959961	-72.015587
12139.343262	-71.926857
12144.726562	-71.898483
12150.109863	-71.992668
12155.493164	-71.709160
12160.876465	-71.341064
12166.259766	-71.314896
12171.643066	-71.708504
12177.026367	-71.790085
12182.409668	-71.712494
12187.792969	-71.836029
12193.176270	-72.275658
12198.559570	-72.740028
12203.942871	-73.129265
12209.326172	-73.762039
12214.709473	-74.380867
12220.092773	-74.931595
12225.476074	-74.988510
12230.859375	-75.500595
12236.242676	-76.420387
12241.625977	-76.743294
12247.009277	-76.473457
12252.392578	-76.744438
12257.775879	-77.644821
12263.159180	-78.010910
12268.542480	-77.702538
12273.925781	-77.284607
12279.309082	-77.489388
12284.692383	-77.537704
12290.075684	-76.969170
12295.458984	-76.712105
12300.842285	-76.446617
12306.225586	-76.154015
12311.608887	-75.804123
12316.992188	-75.244034
12322.375488	-75.362328
12327.758789	-75.391754
12333.142090	-75.104187
12338.525391	-75.086075
12343.908691	-75.383514
12349.291992	-76.022438
12354.675293	-76.500099
12360.058594	-76.706116
12365.441895	-77.018700
12370.825195	-78.021111
12376.208496	-78.498917
12381.591797	-78.924431
12386.975098	-79.592300
12392.358398	-80.844856
12397.741699	-81.849335
12403.125000	-82.729881
12408.508301	-84.498711
12413.891602	-87.032448
12419.274902	-89.075905
12424.658203	-90.823227
12430.041504	-92.719658
12435.424805	-96.558952
12440.808105	-92.941986
12446.191406	-88.868454
12451.574707	-87.175652
12456.958008	-87.494385
12462.341309	-87.086739
12467.724609	-84.381264
12473.107910	-82.258980
12478.491211	-80.746307
12483.874512	-80.174187
12489.257812	-79.468056
12494.641113	-78.019211
12500.024414	-77.136780
12505.407715	-76.364761
12510.791016	-75.157219
12516.174316	-74.109268
12521.557617	-73.774162
12526.940918	-73.746521
12532.324219	-73.397400
12537.707520	-72.414360
12543.090820	-71.875114
12548.474121	-71.981461
12553.857422	-72.113777
12559.240723	-72.030296
12564.624023	-71.818657
12570.007324	-71.989365
12575.390625	-72.409409
12580.773926	-72.319618
12586.157227	-71.958229
12591.540527	-72.165642
12596.923828	-72.889297
12602.307129	-73.501816
12607.690430	-73.728821
12613.073730	-74.059792
12618.457031	-74.833801
12623.840332	-75.557053
12629.223633	-76.236458
12634.606934	-76.351402
12639.990234	-76.332733
12645.373535	-75.533684
12650.756836	-74.774078
12656.140137	-74.588486
12661.523438	-74.221008
12666.906738	-73.801865
12672.290039	-73.473221
12677.673340	-73.735062
12683.056641	-73.816475
12688.439941	-73.487823
12693.823242	-73.521385
12699.206543	-73.916214
12704.589844	-74.543320
12709.973145	-74.767372
12715.356445	-74.282898
12720.739746	-73.923141
12726.123047	-74.281761
12731.506348	-74.405998
12736.889648	-74.940750
12742.272949	-75.461029
12747.656250	-75.585617
12753.039551	-75.204811
12758.422852	-75.565834
12763.806152	-76.837601
12769.189453	-77.959038
12774.572754	-78.556221
12779.956055	-79.088600
12785.339355	-79.862457
12790.722656	-80.970871
12796.105957	-82.158615
12801.489258	-84.285568
12806.872559	-88.282799
12812.255859	-94.743874
12817.639160	-95.788651
12823.022461	-96.128044
12828.405762	-89.769318
12833.789062	-84.435890
12839.172363	-82.086823
12844.555664	-81.150032
12849.938965	-80.377060
12855.322266	-78.921448
12860.705566	-78.737038
12866.088867	-77.857368
12871.472168	-76.804474
12876.855469	-75.974350
12882.238770	-75.915184
12887.622070	-76.012245
12893.005371	-75.530869
12898.388672	-74.968742
12903.771973	-74.942688
12909.155273	-74.810478
12914.538574	-74.528046
12919.921875	-74.042297
12925.305176	-73.886536
12930.688477	-73.597099
12936.071777	-73.014465
12941.455078	-72.103157
12946.838379	-71.666214
12952.221680	-71.521622
12957.604980	-71.155670
12962.988281	-70.642151
12968.371582	-70.287979
12973.754883	-70.039040
12979.138184	-69.643349
12984.521484	-69.311409
12989.904785	-69.311333
12995.288086	-69.419312
13000.671387	-69.195007
13006.054688	-68.930008
13011.437988	-69.113647
13016.821289	-69.429886
13022.204590	-69.635811
13027.587891	-69.757828
13032.971191	-70.054062
13038.354492	-70.634956
13043.737793	-71.097771
13049.121094	-71.370476
13054.504395	-71.954857
13059.887695	-72.818787
13065.270996	-73.351837
13070.654297	-73.294022
13076.037598	-73.602074
13081.420898	-74.168823
13086.804199	-74.154907
13092.187500	-73.810631
13097.570801	-73.825584
13102.954102	-74.022354
13108.337402	-73.642921
13113.720703	-73.229599
13119.104004	-73.201393
13124.487305	-73.469612
13129.870605	-73.485756
13135.253906	-73.077141
13140.637207	-72.924553
13146.020508	-73.360970
13151.403809	-73.612740
13156.787109	-73.355690
13162.170410	-73.391235
13167.553711	-73.881966
13172.937012	-74.193291
13178.320312	-74.298615
13183.703613	-74.603035
13189.086914	-75.698540
13194.470215	-76.669144
13199.853516	-77.196350
13205.236816	-77.727615
13210.620117	-79.112144
13216.003418	-80.254944
13221.386719	-81.304565
13226.770020	-82.218452
13232.153320	-84.472458
13237.536621	-86.256264
13242.919922	-85.704063
13248.303223	-84.742210
13253.686523	-86.499756
13259.069824	-88.978470
13264.453125	-85.989563
13269.836426	-85.526672
13275.219727	-85.816360
13280.603027	-85.985527
13285.986328	-85.277916
13291.369629	-85.897995
13296.752930	-87.964462
13302.136230	-89.828964
13307.519531	-88.810081
13312.902832	-88.946381
13318.286133	-93.983246
13323.669434	-92.899750
13329.052734	-88.978081
13334.436035	-88.184196
13339.819336	-86.809692
13345.202637	-85.572456
13350.585938	-84.857056
13355.969238	-84.652061
13361.352539	-83.843033
13366.735840	-81.776901
13372.119141	-80.706139
13377.502441	-81.065170
13382.885742	-81.574036
13388.269043	-81.401199
13393.652344	-80.503899
13399.035645	-80.626930
13404.418945	-80.656906
13409.802246	-80.153709
13415.185547	-80.080055
13420.568848	-79.993416
13425.952148	-78.944702
13431.335449	-77.803375
13436.718750	-77.699509
13442.102051	-77.372711
13447.485352	-76.645378
13452.868652	-75.578316
13458.251953	-74.929428
13463.635254	-75.239426
13469.018555	-74.880341
13474.401855	-73.799995
13479.785156	-73.246605
13485.168457	-73.358330
13490.551758	-73.894547
13495.935059	-74.034607
13501.318359	-74.101677
13506.701660	-73.783676
13512.084961	-73.624794
13517.468262	-73.786530
13522.851562	-74.652466
13528.234863	-75.310837
13533.618164	-74.947090
13539.001465	-73.961220
13544.384766	-74.095581
13549.768066	-75.120018
13555.151367	-76.164536
13560.534668	-75.653297
13565.917969	-74.732590
13571.301270	-74.430977
13576.684570	-74.248863
13582.067871	-74.325424
13587.451172	-74.609818
13592.834473	-74.749786
13598.217773	-74.385391
13603.601074	-73.582855
13608.984375	-73.745544
13614.367676	-74.414848
13619.750977	-74.973114
13625.134277	-75.014946
13630.517578	-75.018234
13635.900879	-75.511009
13641.284180	-75.989838
13646.667480	-76.599045
13652.050781	-78.100380
13657.434082	-79.325371
13662.817383	-79.176018
13668.200684	-79.239891
13673.583984	-80.062111
13678.967285	-80.554146
13684.350586	-79.623703
13689.733887	-77.958778
13695.117188	-76.865196
13700.500488	-75.922935
13705.883789	-75.241943
13711.267090	-74.926346
13716.650391	-74.773567
13722.033691	-74.378777
13727.416992	-73.543571
13732.800293	-73.099686
13738.183594	-73.283104
13743.566895	-73.246773
13748.950195	-73.003464
13754.333496	-73.204079
13759.716797	-73.710175
13765.100098	-74.303001
13770.483398	-74.241806
13775.866699	-74.811478
13781.250000	-76.244354
13786.633301	-77.514862
13792.016602	-77.812241
13797.399902	-78.417023
13802.783203	-80.298996
13808.166504	-82.115326
13813.549805	-82.091347
13818.933105	-81.559418
13824.316406	-81.406860
13829.699707	-81.065269
13835.083008	-80.563522
13840.466309	-80.580536
13845.849609	-80.838699
13851.232910	-79.991547
13856.616211	-78.878326
13861.999512	-78.843346
13867.382812	-78.964516
13872.766113	-79.120743
13878.149414	-79.132782
13883.532715	-79.804871
13888.916016	-80.305984
13894.299316	-79.978622
13899.682617	-79.893425
13905.065918	-80.743568
13910.449219	-81.483536
13915.832520	-81.446991
13921.215820	-80.776619
13926.599121	-81.165993
13931.982422	-81.715492
13937.365723	-82.244240
13942.749023	-82.481842
13948.132324	-82.991768
13953.515625	-83.647240
13958.898926	-83.718864
13964.282227	-84.081490
13969.665527	-84.920448
13975.048828	-88.160698
13980.432129	-89.904442
13985.815430	-90.385269
13991.198730	-91.146545
13996.582031	-91.896591
14001.965332	-91.649826
14007.348633	-89.813293
14012.731934	-89.622581
14018.115234	-90.272278
14023.498535	-93.333588
14028.881836	-93.943954
14034.265137	-88.242081
14039.648438	-85.084671
14045.031738	-84.889587
14050.415039	-85.493431
14055.798340	-86.431534
14061.181641	-87.112282
14066.564941	-86.299950
14071.948242	-85.472435
14077.331543	-84.116676
14082.714844	-84.352661
14088.098145	-86.547310
14093.481445	-88.346748
14098.864746	-86.196190
14104.248047	-83.696198
14109.631348	-83.626808
14115.014648	-84.994484
14120.397949	-83.885956
14125.781250	-82.293861
14131.164551	-81.097946
14136.547852	-79.893959
14141.931152	-78.816803
14147.314453	-78.160515
14152.697754	-77.996071
14158.081055	-77.703117
14163.464355	-76.928459
14168.847656	-75.847504
14174.230957	-75.503555
14179.614258	-75.717339
14184.997559	-76.021599
14190.380859	-75.757652
14195.764160	-75.903717
14201.147461	-76.388397
14206.530762	-76.612778
14211.914062	-76.575310
14217.297363	-76.817261
14222.680664	-77.544853
14228.063965	-78.202637
14233.447266	-78.043922
14238.830566	-77.948257
14244.213867	-78.647163
14249.597168	-78.686768
14254.980469	-78.561523
14260.363770	-78.350349
14265.747070	-78.239845
14271.130371	-77.747322
14276.513672	-77.374596
14281.896973	-77.343193
14287.280273	-77.348381
14292.663574	-76.861450
14298.046875	-75.634605
14303.430176	-75.142212
14308.813477	-75.555222
14314.196777	-75.697960
14319.580078	-75.039566
14324.963379	-74.219833
14330.346680	-74.366447
14335.729980	-74.654869
14341.113281	-74.937973
14346.496582	-74.947937
14351.879883	-75.081604
14357.263184	-75.419548
14362.646484	-75.437836
14368.029785	-75.764854
14373.413086	-76.927940
14378.796387	-78.178169
14384.179688	-78.488930
14389.562988	-78.121056
14394.946289	-78.352913
14400.329590	-79.512573
14405.712891	-80.995102
14411.096191	-82.787682
14416.479492	-83.612366
14421.862793	-84.125633
14427.246094	-84.537086
14432.629395	-85.661224
14438.012695	-86.670639
14443.395996	-89.615196
14448.779297	-89.313820
14454.162598	-87.722252
14459.545898	-86.838539
14464.929199	-86.415619
14470.312500	-87.641464
14475.695801	-87.451317
14481.079102	-85.368149
14486.462402	-83.612282
14491.845703	-82.365135
14497.229004	-81.998886
14502.612305	-81.376633
14507.995605	-80.575516
14513.378906	-80.007057
14518.762207	-79.666962
14524.145508	-78.756943
14529.528809	-77.888908
14534.912109	-78.454536
14540.295410	-78.869255
14545.678711	-78.723129
14551.062012	-77.948845
14556.445312	-77.444298
14561.828613	-77.461304
14567.211914	-77.474319
14572.595215	-77.506233
14577.978516	-77.166824
14583.361816	-76.692032
14588.745117	-76.009171
14594.128418	-75.664856
14599.511719	-75.682091
14604.895020	-75.645813
14610.278320	-74.838737
14615.661621	-74.128151
14621.044922	-74.338974
14626.428223	-74.387390
14631.811523	-74.023109
14637.194824	-73.853653
14642.578125	-73.885818
14647.961426	-74.042717
14653.344727	-74.112312
14658.728027	-74.324493
14664.111328	-74.808304
14669.494629	-75.489067
14674.877930	-75.693947
14680.261230	-75.734489
14685.644531	-76.394264
14691.027832	-77.545837
14696.411133	-78.750153
14701.794434	-79.189919
14707.177734	-80.273232
14712.561035	-81.607346
14717.944336	-82.512543
14723.327637	-84.140648
14728.710938	-87.453133
14734.094238	-93.837944
14739.477539	-95.729179
14744.860840	-92.942314
14750.244141	-93.041740
14755.627441	-91.679741
14761.010742	-89.047272
14766.394043	-88.937073
14771.777344	-88.804626
14777.160645	-86.870621
14782.543945	-85.520470
14787.927246	-83.968285
14793.310547	-83.184929
14798.693848	-82.661613
14804.077148	-82.522430
14809.460449	-82.857109
14814.843750	-81.870293
14820.227051	-80.220070
14825.610352	-79.247604
14830.993652	-78.952820
14836.376953	-79.123169
14841.760254	-78.319633
14847.143555	-77.469604
14852.526855	-76.974472
14857.910156	-76.342911
14863.293457	-75.746162
14868.676758	-75.581085
14874.060059	-75.577660
14879.443359	-75.235176
14884.826660	-74.746376
14890.209961	-74.477737
14895.593262	-74.640343
14900.976562	-74.600624
14906.359863	-74.790359
14911.743164	-75.054779
14917.126465	-75.584991
14922.509766	-75.781738
14927.893066	-75.502037
14933.276367	-75.780228
14938.659668	-76.641228
14944.042969	-77.915092
14949.426270	-77.898979
14954.809570	-77.702682
14960.192871	-78.094727
14965.576172	-78.504105
14970.959473	-78.430511
14976.342773	-78.193161
14981.726074	-78.641754
14987.109375	-78.870102
14992.492676	-78.511559
14997.875977	-78.504471
15003.259277	-78.746475
15008.642578	-79.067696
15014.025879	-79.197830
15019.409180	-78.515213
15024.792480	-78.364174
15030.175781	-78.579910
15035.559082	-78.141563
15040.942383	-77.849571
15046.325684	-77.687073
15051.708984	-77.749298
15057.092285	-77.279205
15062.475586	-76.687355
15067.858887	-76.542480
15073.242188	-76.704239
15078.625488	-77.216858
15084.008789	-76.806313
15089.392090	-75.884445
15094.775391	-75.293854
15100.158691	-75.065796
15105.541992	-74.644264
15110.925293	-74.377342
15116.308594	-74.593475
15121.691895	-74.718956
15127.075195	-74.432816
15132.458496	-74.156975
15137.841797	-74.269600
15143.225098	-74.210564
15148.608398	-74.360199
15153.991699	-74.138176
15159.375000	-73.880646
15164.758301	-73.742188
15170.141602	-73.345383
15175.524902	-73.098946
15180.908203	-73.532211
15186.291504	-73.748825
15191.674805	-73.372383
15197.058105	-72.893257
15202.441406	-72.970001
15207.824707	-73.640961
15213.208008	-74.294800
15218.591309	-74.539276
15223.974609	-74.607803
15229.357910	-75.222214
15234.741211	-75.750893
15240.124512	-76.379318
15245.507812	-76.978813
15250.891113	-77.897270
15256.274414	-78.518433
15261.657715	-78.963219
15267.041016	-80.069595
15272.424316	-81.321701
15277.807617	-80.883270
15283.190918	-80.319916
15288.574219	-80.959839
15293.957520	-82.515846
15299.340820	-82.923309
15304.724121	-82.750313
15310.107422	-83.018219
15315.490723	-84.590004
15320.874023	-87.022720
15326.257324	-88.246872
15331.640625	-88.179100
15337.023926	-88.885956
15342.407227	-89.054924
15347.790527	-88.209343
15353.173828	-84.671051
15358.557129	-82.968712
15363.940430	-82.912842
15369.323730	-83.727638
15374.707031	-83.760086
15380.090332	-82.712585
15385.473633	-82.604576
15390.856934	-82.254501
15396.240234	-81.806824
15401.623535	-82.105240
15407.006836	-82.916321
15412.390137	-83.238037
15417.773438	-82.092926
15423.156738	-80.609116
15428.540039	-80.412483
15433.923340	-81.781822
15439.306641	-82.196098
15444.689941	-82.153679
15450.073242	-82.663071
15455.456543	-83.436722
15460.839844	-82.819733
15466.223145	-81.774727
15471.606445	-81.362251
15476.989746	-81.109283
15482.373047	-79.970123
15487.756348	-78.663673
15493.139648	-78.471657
15498.522949	-78.412170
15503.906250	-78.123177
15509.289551	-77.498405
15514.672852	-77.985008
15520.056152	-78.168373
15525.439453	-78.138916
15530.822754	-77.872673
15536.206055	-78.382957
15541.589355	-79.264847
15546.972656	-79.894402
15552.355957	-79.842148
15557.739258	-79.955078
15563.122559	-81.177155
15568.505859	-82.620789
15573.889160	-82.627777
15579.272461	-82.838402
15584.655762	-84.399315
15590.039062	-84.855827
15595.422363	-84.628120
15600.805664	-84.944199
15606.188965	-86.242836
15611.572266	-86.701904
15616.955566	-86.098740
15622.338867	-86.677933
15627.722168	-89.194084
15633.105469	-89.612091
15638.488770	-87.831215
15643.872070	-87.879189
15649.255371	-89.059959
15654.638672	-89.207214
15660.021973	-89.235146
15665.405273	-89.335045
15670.788574	-90.965691
15676.171875	-90.238243
15681.555176	-87.920380
15686.938477	-86.677002
15692.321777	-87.632484
15697.705078	-90.067520
15703.088379	-90.166389
15708.471680	-86.881241
15713.854980	-85.357742
15719.238281	-84.904861
15724.621582	-85.418182
15730.004883	-85.698997
15735.388184	-85.726662
15740.771484	-86.990601
15746.154785	-86.751259
15751.538086	-85.585884
15756.921387	-85.071800
15762.304688	-86.195816
15767.687988	-89.424095
15773.071289	-88.867661
15778.454590	-86.831825
15783.837891	-85.903099
15789.221191	-86.482681
15794.604492	-85.960861
15799.987793	-85.002922
15805.371094	-85.098991
15810.754395	-85.007957
15816.137695	-83.958595
15821.520996	-83.497719
15826.904297	-84.274811
15832.287598	-84.409332
15837.670898	-83.581902
15843.054199	-83.159927
15848.437500	-83.131813
15853.820801	-83.356445
15859.204102	-83.052925
15864.587402	-83.444572
15869.970703	-84.571274
15875.354004	-85.368629
15880.737305	-85.090889
15886.120605	-84.590797
15891.503906	-85.656105
15896.887207	-86.489441
15902.270508	-86.182350
15907.653809	-86.783012
15913.037109	-88.123886
15918.420410	-87.616745
15923.803711	-86.444588
15929.187012	-86.424103
15934.570312	-88.611717
15939.953613	-89.221397
15945.336914	-88.794807
15950.720215	-88.523773
15956.103516	-90.026619
15961.486816	-92.242195
15966.870117	-91.319870
15972.253418	-93.233116
15977.636719	-98.828331
15983.020020	-100.256607
15988.403320	-100.854454
15993.786621	-101.935196
15999.169922	-100.194420
16004.553223	-94.218651
16009.936523	-92.600876
16015.319824	-92.806664
16020.703125	-91.099960
16026.086426	-89.406700
16031.469727	-88.365852
16036.853027	-89.012726
16042.236328	-88.227493
16047.619629	-87.083656
16053.002930	-86.618675
16058.386230	-86.673599
16063.769531	-86.152397
16069.152832	-84.845619
16074.536133	-84.063560
16079.919434	-84.718811
16085.302734	-84.642700
16090.686035	-82.917847
16096.069336	-81.662971
16101.452637	-81.515297
16106.835938	-81.852570
16112.219238	-81.540047
16117.602539	-81.335625
16122.985840	-81.125015
16128.369141	-81.006210
16133.752441	-80.686768
16139.135742	-81.165298
16144.519043	-81.826904
16149.902344	-81.590645
16155.285645	-80.281784
16160.668945	-79.123940
16166.052246	-78.559975
16171.435547	-78.139847
16176.818848	-77.598549
16182.202148	-77.264732
16187.585449	-77.367172
16192.968750	-77.142403
16198.352051	-76.293091
16203.735352	-75.654968
16209.118652	-75.723869
16214.501953	-76.383965
16219.885254	-76.218559
16225.268555	-75.591782
16230.651855	-75.081238
16236.035156	-74.907814
16241.418457	-74.801956
16246.801758	-75.030441
16252.185059	-75.390350
16257.568359	-75.463142
16262.951660	-74.641022
16268.334961	-74.122292
16273.718262	-74.487999
16279.101562	-75.127304
16284.484863	-75.824478
16289.868164	-75.721893
16295.251465	-75.578964
16300.634766	-75.570663
16306.018066	-75.570099
16311.401367	-75.873138
16316.784668	-76.493141
16322.167969	-76.656067
16327.551270	-76.378052
16332.934570	-75.563004
16338.317871	-75.499733
16343.701172	-75.870338
16349.084473	-76.702354
16354.467773	-77.293091
16359.851074	-77.694145
16365.234375	-77.290558
16370.617676	-77.126862
16376.000977	-77.763428
16381.384277	-79.740730
16386.767578	-83.029823
16392.150879	-83.117584
16397.534180	-81.366364
16402.917480	-80.830582
16408.300781	-83.153496
16413.684082	-88.559608
16419.067383	-91.260223
16424.450684	-88.327499
16429.833984	-87.089020
16435.217285	-88.145256
16440.600586	-90.598152
16445.983887	-90.738953
16451.367188	-84.629494
16456.750488	-81.371559
16462.133789	-81.157059
16467.517090	-83.784309
16472.900391	-90.958290
16478.283691	-87.981125
16483.666992	-82.904518
16489.050293	-81.430214
16494.433594	-82.028603
16499.816895	-84.387115
16505.200195	-88.119812
16510.583496	-92.511887
16515.966797	-90.937531
16521.350098	-86.676880
16526.733398	-82.599197
16532.116699	-81.389458
16537.500000	-81.875008
16542.883301	-83.382233
16548.266602	-84.249481
16553.649902	-81.827026
16559.033203	-79.855766
16564.416504	-78.458870
16569.799805	-77.514091
16575.183105	-76.896347
16580.566406	-77.007408
16585.949707	-77.156021
16591.333008	-77.081230
16596.716309	-76.396614
16602.099609	-75.656036
16607.482910	-75.267136
16612.866211	-75.726707
16618.249512	-77.207199
16623.632812	-77.907928
16629.016113	-76.961426
16634.399414	-76.086998
16639.782715	-75.674698
16645.166016	-75.989960
16650.549316	-77.072502
16655.932617	-77.640350
16661.315918	-76.929901
16666.699219	-75.967346
16672.082520	-75.601883
16677.465820	-76.454109
16682.849121	-77.458954
16688.232422	-77.880394
16693.615723	-77.595947
16698.999023	-76.773445
16704.382324	-76.494164
16709.765625	-76.615196
16715.148926	-77.521431
16720.532227	-79.193657
16725.915527	-79.836174
16731.298828	-79.566727
16736.682129	-79.871727
16742.065430	-81.492477
16747.448730	-84.471977
16752.832031	-86.078461
16758.215332	-87.462341
16763.598633	-87.000092
16768.981934	-86.330917
16774.365234	-87.042786
16779.748535	-90.693184
16785.131836	-93.078583
16790.515137	-87.194786
16795.898438	-84.439293
16801.281738	-84.099503
16806.665039	-84.648888
16812.048340	-84.623917
16817.431641	-83.270103
16822.814941	-82.713760
16828.198242	-83.095215
16833.581543	-83.720993
16838.964844	-84.122658
16844.348145	-85.505173
16849.731445	-85.801895
16855.114746	-85.231331
16860.498047	-84.416763
16865.881348	-86.086609
16871.264648	-88.346451
16876.647949	-88.125900
16882.031250	-85.964378
16887.414551	-84.827194
16892.797852	-85.116753
16898.181152	-85.526245
16903.564453	-85.244125
16908.947754	-84.765701
16914.331055	-84.392113
16919.714355	-84.095795
16925.097656	-83.471901
16930.480957	-82.486015
16935.864258	-83.437996
16941.247559	-83.671120
16946.630859	-83.746284
16952.014160	-81.937172
16957.397461	-81.560234
16962.780762	-82.121857
16968.164062	-82.154526
16973.547363	-80.632248
16978.930664	-80.177368
16984.313965	-80.223442
16989.697266	-79.813835
16995.080566	-79.370003
17000.463867	-79.201775
17005.847168	-79.716751
17011.230469	-79.301880
17016.613770	-78.704781
17021.997070	-78.780235
17027.380371	-79.046906
17032.763672	-78.879211
17038.146973	-78.176193
17043.530273	-78.213951
17048.913574	-78.655106
17054.296875	-78.789185
17059.680176	-78.518745
17065.063477	-78.651711
17070.446777	-79.174858
17075.830078	-79.706253
17081.213379	-79.375450
17086.596680	-79.515350
17091.979980	-80.422203
17097.363281	-80.876205
17102.746582	-80.437973
17108.129883	-80.312027
17113.513184	-81.578300
17118.896484	-82.340134
17124.279785	-82.960350
17129.663086	-83.158073
17135.046387	-83.489067
17140.429688	-83.968620
17145.812988	-83.266754
17151.196289	-83.702835
17156.579590	-85.578415
17161.962891	-87.048431
17167.346191	-84.976151
17172.729492	-84.339165
17178.112793	-84.619431
17183.496094	-86.758865
17188.879395	-88.730309
17194.262695	-89.042473
17199.645996	-90.033600
17205.029297	-91.448059
17210.412598	-91.476257
17215.795898	-91.758141
17221.179199	-94.687134
17226.562500	-99.956963
17231.945801	-104.164795
17237.329102	-95.358727
17242.712402	-92.464462
17248.095703	-90.299927
17253.479004	-90.505844
17258.862305	-90.507133
17264.245605	-91.239952
17269.628906	-89.567833
17275.012207	-89.330276
17280.395508	-88.161156
17285.778809	-87.497704
17291.162109	-87.625679
17296.545410	-88.136108
17301.928711	-88.978172
17307.312012	-88.325974
17312.695312	-87.925537
17318.078613	-90.030029
17323.461914	-90.033562
17328.845215	-88.908165
17334.228516	-88.020416
17339.611816	-89.101730
17344.995117	-89.411705
17350.378418	-90.249512
17355.761719	-88.846527
17361.145020	-89.457466
17366.528320	-92.582550
17371.911621	-93.322006
17377.294922	-91.352509
17382.678223	-93.354767
17388.061523	-96.634560
17393.444824	-100.530655
17398.828125	-94.930878
17404.211426	-94.447479
17409.594727	-92.859390
17414.978027	-97.069901
17420.361328	-105.040337
17425.744629	-103.161324
17431.127930	-95.314842
17436.511230	-94.189148
17441.894531	-96.224121
17447.277832	-99.728424
17452.661133	-98.121582
17458.044434	-97.650383
17463.427734	-95.517334
17468.811035	-93.745308
17474.194336	-93.403168
17479.577637	-95.880257
17484.960938	-100.487770
17490.344238	-93.952240
17495.727539	-88.524513
17501.110840	-87.951416
17506.494141	-91.072357
17511.877441	-92.398964
17517.260742	-90.033012
17522.644043	-88.382477
17528.027344	-87.270226
17533.410645	-86.909714
17538.793945	-86.197906
17544.177246	-87.826408
17549.560547	-89.159569
17554.943848	-88.232033
17560.327148	-86.366356
17565.710449	-85.179337
17571.093750	-85.802628
17576.477051	-87.056496
17581.860352	-87.430511
17587.243652	-85.942986
17592.626953	-85.868141
17598.010254	-84.812126
17603.393555	-84.102211
17608.776855	-83.696640
17614.160156	-84.060165
17619.543457	-84.497635
17624.926758	-83.624580
17630.310059	-82.874733
17635.693359	-83.580475
17641.076660	-84.425804
17646.459961	-84.422180
17651.843262	-83.701950
17657.226562	-84.365044
17662.609863	-85.016319
17667.993164	-84.490013
17673.376465	-83.293243
17678.759766	-83.309982
17684.143066	-83.317207
17689.526367	-82.685837
17694.909668	-82.307961
17700.292969	-82.313736
17705.676270	-82.130257
17711.059570	-81.341293
17716.442871	-80.365463
17721.826172	-80.158760
17727.209473	-80.303085
17732.592773	-79.964630
17737.976074	-79.504959
17743.359375	-78.864334
17748.742676	-78.835564
17754.125977	-78.815071
17759.509277	-78.410995
17764.892578	-78.220070
17770.275879	-78.572495
17775.659180	-78.637581
17781.042480	-78.518646
17786.425781	-78.054565
17791.809082	-78.161064
17797.192383	-78.621857
17802.575684	-78.672348
17807.958984	-78.807190
17813.342285	-79.178352
17818.725586	-79.467361
17824.108887	-79.711334
17829.492188	-79.575333
17834.875488	-80.380028
17840.258789	-81.064880
17845.642090	-81.676033
17851.025391	-81.237885
17856.408691	-80.986801
17861.791992	-81.147659
17867.175293	-81.587105
17872.558594	-81.404160
17877.941895	-81.136139
17883.325195	-81.975693
17888.708496	-82.137054
17894.091797	-81.709976
17899.475098	-81.210030
17904.858398	-81.355568
17910.241699	-81.936218
17915.625000	-81.852913
17921.008301	-81.148262
17926.391602	-81.086594
17931.774902	-80.795700
17937.158203	-80.373184
17942.541504	-79.667961
17947.924805	-80.010796
17953.308105	-80.065170
17958.691406	-79.522621
17964.074707	-78.400330
17969.458008	-78.112823
17974.841309	-78.400475
17980.224609	-78.265526
17985.607910	-77.850037
17990.991211	-77.647171
17996.374512	-77.845047
18001.757812	-77.815956
18007.141113	-77.344849
18012.524414	-76.984970
18017.907715	-77.346306
18023.291016	-77.478897
18028.674316	-77.121872
18034.057617	-76.661652
18039.440918	-76.912071
18044.824219	-77.027634
18050.207520	-76.689285
18055.590820	-76.591942
18060.974121	-76.804070
18066.357422	-77.133545
18071.740723	-76.759895
18077.124023	-76.687164
18082.507324	-76.919052
18087.890625	-77.228745
18093.273926	-76.993134
18098.657227	-76.773506
18104.040527	-77.244194
18109.423828	-77.205734
18114.807129	-76.954033
18120.190430	-76.906197
18125.573730	-77.209229
18130.957031	-77.679779
18136.340332	-78.065178
18141.723633	-77.974037
18147.106934	-78.412224
18152.490234	-78.732208
18157.873535	-79.251518
18163.256836	-79.251389
18168.640137	-79.625038
18174.023438	-80.376709
18179.406738	-81.001427
18184.790039	-80.921661
18190.173340	-80.530243
18195.556641	-81.530540
18200.939941	-82.554344
18206.323242	-82.691544
18211.706543	-82.496033
18217.089844	-82.655853
18222.473145	-82.769783
18227.856445	-82.840515
18233.239746	-82.131836
18238.623047	-82.267509
18244.006348	-82.517929
18249.389648	-81.454430
18254.772949	-80.746666
18260.156250	-80.018929
18265.539551	-80.167809
18270.922852	-79.614899
18276.306152	-78.560593
18281.689453	-78.077812
18287.072754	-78.034218
18292.456055	-78.086220
18297.839355	-77.616219
18303.222656	-77.404762
18308.605957	-77.691902
18313.989258	-77.493332
18319.372559	-77.257332
18324.755859	-77.022202
18330.139160	-77.212273
18335.522461	-77.831879
18340.905762	-78.119827
18346.289062	-77.877602
18351.672363	-77.729019
18357.055664	-78.157135
18362.438965	-78.678192
18367.822266	-78.849258
18373.205566	-79.201767
18378.588867	-79.638824
18383.972168	-79.692886
18389.355469	-79.063438
18394.738770	-78.981903
18400.122070	-79.687645
18405.505371	-79.491165
18410.888672	-79.036217
18416.271973	-78.499886
18421.655273	-78.653442
18427.038574	-78.692123
18432.421875	-78.176125
18437.805176	-78.349854
18443.188477	-78.245056
18448.571777	-78.109329
18453.955078	-77.519455
18459.338379	-77.231232
18464.721680	-77.159866
18470.104980	-77.422913
18475.488281	-77.166489
18480.871582	-76.678963
18486.254883	-76.750931
18491.638184	-77.207237
18497.021484	-76.872398
18502.404785	-76.613632
18507.788086	-76.761322
18513.171387	-77.154228
18518.554688	-77.168724
18523.937988	-76.901009
18529.321289	-77.030113
18534.704590	-77.717896
18540.087891	-77.793045
18545.471191	-77.908340
18550.854492	-77.815407
18556.237793	-78.329056
18561.621094	-78.804558
18567.004395	-78.325134
18572.387695	-78.584602
18577.770996	-78.973846
18583.154297	-79.195793
18588.537598	-78.900276
18593.920898	-79.372597
18599.304199	-79.882607
18604.687500	-80.203133
18610.070801	-79.635216
18615.454102	-79.252258
18620.837402	-80.067146
18626.220703	-80.994194
18631.604004	-80.584938
18636.987305	-80.628593
18642.370605	-81.452797
18647.753906	-82.179771
18653.137207	-81.787483
18658.520508	-81.908699
18663.903809	-83.028351
18669.287109	-84.351097
18674.670410	-85.097786
18680.053711	-84.968674
18685.437012	-85.921272
18690.820312	-86.451118
18696.203613	-87.916054
18701.586914	-88.620499
18706.970215	-89.819771
18712.353516	-94.746613
18717.736816	-94.728607
18723.120117	-90.994232
18728.503418	-90.060410
18733.886719	-90.577789
18739.270020	-94.267036
18744.653320	-99.068039
18750.036621	-94.093460
18755.419922	-90.144981
18760.803223	-89.342033
18766.186523	-89.726288
18771.569824	-89.046074
18776.953125	-89.366989
18782.336426	-89.135284
18787.719727	-86.589989
18793.103027	-84.355873
18798.486328	-84.523880
18803.869629	-85.356888
18809.252930	-85.415627
18814.636230	-83.775826
18820.019531	-83.487091
18825.402832	-83.602570
18830.786133	-83.704094
18836.169434	-83.485466
18841.552734	-83.749969
18846.936035	-84.322220
18852.319336	-83.341171
18857.702637	-82.450424
18863.085938	-82.647964
18868.469238	-83.052185
18873.852539	-82.998703
18879.235840	-82.275467
18884.619141	-82.471603
18890.002441	-82.870079
18895.385742	-82.651123
18900.769043	-82.711235
18906.152344	-82.766434
18911.535645	-83.926872
18916.918945	-83.330002
18922.302246	-82.024887
18927.685547	-82.345116
18933.068848	-83.883957
18938.452148	-84.193314
18943.835449	-82.761650
18949.218750	-82.174034
18954.602051	-82.418053
18959.985352	-83.752151
18965.368652	-83.897896
18970.751953	-84.130737
18976.135254	-84.973305
18981.518555	-85.379845
18986.901855	-85.613251
18992.285156	-86.597244
18997.668457	-90.002274
19003.051758	-91.519135
19008.435059	-88.200951
19013.818359	-87.236221
19019.201660	-88.530418
19024.584961	-89.139168
19029.968262	-87.747765
19035.351562	-86.682350
19040.734863	-85.764481
19046.118164	-85.179863
19051.501465	-83.981812
19056.884766	-84.543579
19062.268066	-85.833847
19067.651367	-85.436516
19073.034668	-84.541504
19078.417969	-84.369186
19083.801270	-84.164902
19089.184570	-85.326797
19094.567871	-86.359894
19099.951172	-87.167168
19105.334473	-88.603828
19110.717773	-87.892250
19116.101074	-86.081268
19121.484375	-85.329224
19126.867676	-85.187683
19132.250977	-86.558418
19137.634277	-87.040108
19143.017578	-85.860695
19148.400879	-85.088821
19153.784180	-85.503769
19159.167480	-85.674347
19164.550781	-84.493881
19169.934082	-84.275520
19175.317383	-85.026237
19180.700684	-86.044678
19186.083984	-85.577202
19191.467285	-84.445587
19196.850586	-84.978363
19202.233887	-84.732193
19207.617188	-84.161270
19213.000488	-83.717766
19218.383789	-83.942863
19223.767090	-82.973160
19229.150391	-81.530624
19234.533691	-80.806183
19239.916992	-80.894974
19245.300293	-81.587959
19250.683594	-80.802666
19256.066895	-79.952209
19261.450195	-79.630180
19266.833496	-80.483650
19272.216797	-80.499908
19277.600098	-80.209137
19282.983398	-80.791924
19288.366699	-81.518570
19293.750000	-81.272346
19299.133301	-80.627136
19304.516602	-81.356979
19309.899902	-82.631523
19315.283203	-82.363037
19320.666504	-82.350754
19326.049805	-82.370613
19331.433105	-82.584770
19336.816406	-82.460091
19342.199707	-82.597054
19347.583008	-83.246376
19352.966309	-83.604683
19358.349609	-83.206360
19363.732910	-82.487411
19369.116211	-82.932724
19374.499512	-83.993149
19379.882812	-84.309708
19385.266113	-83.685120
19390.649414	-83.094650
19396.032715	-83.433891
19401.416016	-83.888931
19406.799316	-83.821129
19412.182617	-84.057549
19417.565918	-84.177269
19422.949219	-84.510712
19428.332520	-83.610504
19433.715820	-83.908333
19439.099121	-84.755775
19444.482422	-85.948425
19449.865723	-85.416054
19455.249023	-85.237274
19460.632324	-85.038879
19466.015625	-86.254845
19471.398926	-88.095634
19476.782227	-88.099174
19482.165527	-87.898491
19487.548828	-88.715462
19492.932129	-89.689903
19498.315430	-89.062401
19503.698730	-89.323120
19509.082031	-92.030045
19514.465332	-90.519699
19519.848633	-89.312820
19525.231934	-89.342957
19530.615234	-90.839760
19535.998535	-90.788704
19541.381836	-88.872299
19546.765137	-87.919487
19552.148438	-87.910728
19557.531738	-89.371117
19562.915039	-88.391525
19568.298340	-86.372223
19573.681641	-85.839729
19579.064941	-85.558571
19584.448242	-84.764259
19589.831543	-83.628563
19595.214844	-83.590065
19600.598145	-84.153084
19605.981445	-83.510757
19611.364746	-82.644310
19616.748047	-81.701187
19622.131348	-81.547737
19627.514648	-81.854240
19632.897949	-81.768127
19638.281250	-81.377167
19643.664551	-81.402542
19649.047852	-81.495224
19654.431152	-81.048019
19659.814453	-80.766861
19665.197754	-80.413162
19670.581055	-81.863419
19675.964355	-82.397789
19681.347656	-82.137665
19686.730957	-81.985001
19692.114258	-82.594917
19697.497559	-83.486252
19702.880859	-83.376701
19708.264160	-83.594521
19713.647461	-84.788704
19719.030762	-84.956108
19724.414062	-83.579803
19729.797363	-83.162880
19735.180664	-83.521988
19740.563965	-83.726059
19745.947266	-82.384201
19751.330566	-81.823799
19756.713867	-82.050003
19762.097168	-82.201332
19767.480469	-81.961807
19772.863770	-81.643188
19778.247070	-82.336662
19783.630371	-82.805779
19789.013672	-82.633003
19794.396973	-81.867348
19799.780273	-82.475693
19805.163574	-82.758797
19810.546875	-82.825897
19815.930176	-83.483315
19821.313477	-85.168663
19826.696777	-86.434258
19832.080078	-86.561241
19837.463379	-86.091316
19842.846680	-87.565201
19848.229980	-90.193619
19853.613281	-89.436798
19858.996582	-89.224754
19864.379883	-89.418053
19869.763184	-90.843140
19875.146484	-91.165474
19880.529785	-91.965378
19885.913086	-97.132851
19891.296387	-96.526695
19896.679688	-93.604179
19902.062988	-95.897537
19907.446289	-105.516914
19912.829590	-98.776146
19918.212891	-99.776245
19923.596191	-102.398048
19928.979492	-102.537033
19934.362793	-95.497391
19939.746094	-94.563080
19945.129395	-96.546570
19950.512695	-93.745277
19955.895996	-90.674973
19961.279297	-88.718399
19966.662598	-88.852966
19972.045898	-86.718727
19977.429199	-85.046677
19982.812500	-84.758049
19988.195801	-84.789360
19993.579102	-83.613091
19998.962402	-82.241776
20004.345703	-82.091217
20009.729004	-82.169899
20015.112305	-81.763351
20020.495605	-81.320938
20025.878906	-81.281509
20031.262207	-81.728348
20036.645508	-81.261513
20042.028809	-81.350685
20047.412109	-80.988602
20052.795410	-81.903366
20058.178711	-82.136757
20063.562012	-81.516640
20068.945312	-81.170265
20074.328613	-81.731522
20079.711914	-81.581917
20085.095215	-81.513863
20090.478516	-81.674660
20095.861816	-82.135147
20101.245117	-82.016342
20106.628418	-80.382774
20112.011719	-80.988991
20117.395020	-83.273163
20122.778320	-82.812424
20128.161621	-82.228233
20133.544922	-81.900368
20138.928223	-83.019096
20144.311523	-83.717964
20149.694824	-84.295685
20155.078125	-84.600525
20160.461426	-85.338165
20165.844727	-85.234016
20171.228027	-85.717239
20176.611328	-86.684227
20181.994629	-89.161522
20187.377930	-91.967430
20192.761230	-91.358025
20198.144531	-91.677116
20203.527832	-94.479675
20208.911133	-92.723068
20214.294434	-89.586418
20219.677734	-89.273270
20225.061035	-89.758881
20230.444336	-88.671410
20235.827637	-86.032341
20241.210938	-84.719078
20246.594238	-85.138382
20251.977539	-84.942268
20257.360840	-84.538567
20262.744141	-84.956909
20268.127441	-84.995667
20273.510742	-85.002983
20278.894043	-84.334976
20284.277344	-84.083618
20289.660645	-84.920647
20295.043945	-86.881989
20300.427246	-87.371819
20305.810547	-86.774040
20311.193848	-86.855080
20316.577148	-87.062294
20321.960449	-87.741310
20327.343750	-88.718018
20332.727051	-91.122131
20338.110352	-94.299393
20343.493652	-93.773407
20348.876953	-90.448334
20354.260254	-90.305038
20359.643555	-94.899300
20365.026855	-98.188690
20370.410156	-96.380348
20375.793457	-96.934509
20381.176758	-94.682266
20386.560059	-97.164864
20391.943359	-96.873154
20397.326660	-98.458755
20402.709961	-94.349609
20408.093262	-90.567780
20413.476562	-90.502632
20418.859863	-93.638290
20424.243164	-98.138023
20429.626465	-93.537735
20435.009766	-90.947197
20440.393066	-91.000092
20445.776367	-91.791817
20451.159668	-92.917244
20456.542969	-92.590576
20461.926270	-97.324501
20467.309570	-101.022957
20472.692871	-97.457817
20478.076172	-97.767540
20483.459473	-103.941597
20488.842773	-103.209679
20494.226074	-96.573273
20499.609375	-97.166283
20504.992676	-99.912300
20510.375977	-99.118843
20515.759277	-96.281906
20521.142578	-99.170494
20526.525879	-98.940956
20531.909180	-102.061378
20537.292480	-100.115265
20542.675781	-101.398491
20548.059082	-97.325455
20553.442383	-96.976768
20558.825684	-98.823196
20564.208984	-95.914169
20569.592285	-91.425972
20574.975586	-92.501137
20580.358887	-93.935425
20585.742188	-93.388847
20591.125488	-89.687653
20596.508789	-88.516602
20601.892090	-89.350525
20607.275391	-90.271347
20612.658691	-88.732002
20618.041992	-88.111160
20623.425293	-88.242958
20628.808594	-87.412430
20634.191895	-86.165253
20639.575195	-87.222382
20644.958496	-88.049538
20650.341797	-87.254150
20655.725098	-85.381714
20661.108398	-84.630531
20666.491699	-84.724403
20671.875000	-84.444427
20677.258301	-82.947350
20682.641602	-81.949699
20688.024902	-81.816948
20693.408203	-80.925179
20698.791504	-79.966698
20704.174805	-79.996010
20709.558105	-80.140236
20714.941406	-79.816109
20720.324707	-78.958107
20725.708008	-78.888260
20731.091309	-79.493622
20736.474609	-80.129204
20741.857910	-80.275978
20747.241211	-80.144089
20752.624512	-80.922569
20758.007812	-81.813995
20763.391113	-81.929909
20768.774414	-82.499374
20774.157715	-83.134850
20779.541016	-84.552544
20784.924316	-85.043640
20790.307617	-85.257462
20795.690918	-87.343094
20801.074219	-87.502007
20806.457520	-86.324921
20811.840820	-86.298508
20817.224121	-86.977036
20822.607422	-86.452049
20827.990723	-84.817032
20833.374023	-84.452148
20838.757324	-84.936493
20844.140625	-84.715401
20849.523926	-84.705025
20854.907227	-83.965973
20860.290527	-84.849258
20865.673828	-84.784050
20871.057129	-83.779251
20876.440430	-84.152824
20881.823730	-84.427597
20887.207031	-86.454651
20892.590332	-87.006409
20897.973633	-86.361237
20903.356934	-85.874855
20908.740234	-88.001297
20914.123535	-89.146477
20919.506836	-89.214256
20924.890137	-89.274544
20930.273438	-90.736603
20935.656738	-91.580513
20941.040039	-90.414078
20946.423340	-89.099365
20951.806641	-89.562370
20957.189941	-90.663635
20962.573242	-91.771011
20967.956543	-91.851059
20973.339844	-90.956642
20978.723145	-93.984146
20984.106445	-96.137329
20989.489746	-97.019684
20994.873047	-94.321884
21000.256348	-99.906708
21005.639648	-101.583397
21011.022949	-95.968040
21016.406250	-93.617966
21021.789551	-94.348427
21027.172852	-92.366615
21032.556152	-89.892868
21037.939453	-90.393944
21043.322754	-90.710838
21048.706055	-89.944023
21054.089355	-88.603653
21059.472656	-87.952461
21064.855957	-90.146660
21070.239258	-91.577354
21075.622559	-90.126617
21081.005859	-90.263069
21086.389160	-93.068069
21091.772461	-94.609589
21097.155762	-94.126961
21102.539062	-97.703056
21107.922363	-100.759117
21113.305664	-95.234703
21118.688965	-94.737274
21124.072266	-96.593620
21129.455566	-98.765114
21134.838867	-92.692383
21140.222168	-90.717361
21145.605469	-91.837715
21150.988770	-92.687431
21156.372070	-89.890205
21161.755371	-88.971794
21167.138672	-90.640793
21172.521973	-90.510071
21177.905273	-89.151741
21183.288574	-89.255974
21188.671875	-91.427353
21194.055176	-93.352379
21199.438477	-90.018745
21204.821777	-89.597878
21210.205078	-92.035049
21215.588379	-90.755981
21220.971680	-88.677574
21226.354980	-87.598457
21231.738281	-87.548431
21237.121582	-88.687210
21242.504883	-86.474998
21247.888184	-86.323410
21253.271484	-85.423317
21258.654785	-85.371231
21264.038086	-84.906807
21269.421387	-84.702827
21274.804688	-84.980446
21280.187988	-85.769249
21285.571289	-84.696793
21290.954590	-83.492432
21296.337891	-84.003021
21301.721191	-84.994568
21307.104492	-84.660309
21312.487793	-84.165749
21317.871094	-84.578941
21323.254395	-84.789574
21328.637695	-84.644623
21334.020996	-84.113686
21339.404297	-84.252747
21344.787598	-85.484909
21350.170898	-86.438210
21355.554199	-85.841393
21360.937500	-84.919708
21366.320801	-85.928505
21371.704102	-87.344391
21377.087402	-86.778839
21382.470703	-85.442368
21387.854004	-85.909416
21393.237305	-85.475632
21398.620605	-84.551445
21404.003906	-83.665253
21409.387207	-83.138245
21414.770508	-82.688179
21420.153809	-81.669495
21425.537109	-80.881180
21430.920410	-80.597198
21436.303711	-80.251656
21441.687012	-79.313522
21447.070312	-78.356163
21452.453613	-78.288017
21457.836914	-78.234962
21463.220215	-78.043854
21468.603516	-77.464050
21473.986816	-77.421364
21479.370117	-77.469948
21484.753418	-77.348488
21490.136719	-77.387993
21495.520020	-77.623764
21500.903320	-78.288879
21506.286621	-78.304550
21511.669922	-78.092354
21517.053223	-78.444786
21522.436523	-78.865723
21527.819824	-79.325668
21533.203125	-79.428024
21538.586426	-79.588829
21543.969727	-80.135834
21549.353027	-80.474121
21554.736328	-79.996254
21560.119629	-79.644577
21565.502930	-80.188721
21570.886230	-80.457535
21576.269531	-80.038574
21581.652832	-79.574829
21587.036133	-79.566986
21592.419434	-79.393158
21597.802734	-78.954369
21603.186035	-78.786873
21608.569336	-79.039207
21613.952637	-79.023758
21619.335938	-78.551102
21624.719238	-78.137459
21630.102539	-78.360481
21635.485840	-78.848885
21640.869141	-78.554909
21646.252441	-78.208679
21651.635742	-78.501411
21657.019043	-78.816521
21662.402344	-78.721146
21667.785645	-78.248741
21673.168945	-78.548744
21678.552246	-79.060982
21683.935547	-79.315506
21689.318848	-78.882195
21694.702148	-79.051491
21700.085449	-79.209389
21705.468750	-79.207817
21710.852051	-79.028557
21716.235352	-79.179695
21721.618652	-79.538437
21727.001953	-79.205704
21732.385254	-78.732086
21737.768555	-78.227600
21743.151855	-78.406372
21748.535156	-78.809364
21753.918457	-78.567429
21759.301758	-78.314873
21764.685059	-78.321396
21770.068359	-78.590187
21775.451660	-78.358292
21780.834961	-78.037270
21786.218262	-78.480576
21791.601562	-79.130638
21796.984863	-79.046822
21802.368164	-78.672821
21807.751465	-78.832970
21813.134766	-79.109825
21818.518066	-79.614265
21823.901367	-79.813217
21829.284668	-80.144539
21834.667969	-80.718315
21840.051270	-80.627258
21845.434570	-80.621803
21850.817871	-80.905678
21856.201172	-81.706902
21861.584473	-82.011124
21866.967773	-81.147743
21872.351074	-80.723442
21877.734375	-81.081375
21883.117676	-81.215698
21888.500977	-80.896523
21893.884277	-80.619545
21899.267578	-80.524666
21904.650879	-80.463509
21910.034180	-79.517548
21915.417480	-79.003387
21920.800781	-78.898560
21926.184082	-79.218781
21931.567383	-78.664284
21936.950684	-77.836563
21942.333984	-77.466133
21947.717285	-77.648155
21953.100586	-77.552612
21958.483887	-77.008316
21963.867188	-76.874397
21969.250488	-77.007164
21974.633789	-77.142830
21980.017090	-76.649483
21985.400391	-76.842453
21990.783691	-77.442001
21996.166992	-77.389992
22001.550293	-77.281975
22006.933594	-77.477631
22012.316895	-78.015564
22017.700195	-78.522118
22023.083496	-78.667221
22028.466797	-78.666893
22033.850098	-78.952187
22039.233398	-79.294914
22044.616699	-79.357307
