Frequency (Hz)	Level (dB)
5.383301	-29.385345
10.766602	-28.880993
16.149902	-30.043139
21.533203	-29.460819
26.916504	-28.260141
32.299805	-26.630560
37.683105	-25.466726
43.066406	-26.554153
48.449707	-28.869240
53.833008	-33.021023
59.216309	-39.277275
64.599609	-36.017529
69.982910	-32.428154
75.366211	-32.046444
80.749512	-33.477680
86.132812	-35.934490
91.516113	-37.853359
96.899414	-41.319141
102.282715	-44.733261
107.666016	-39.468849
113.049316	-35.080189
118.432617	-34.275642
123.815918	-35.937508
129.199219	-40.236290
134.582520	-49.371819
139.965820	-46.631229
145.349121	-39.799461
150.732422	-37.280819
156.115723	-36.625381
161.499023	-35.170013
166.882324	-33.508282
172.265625	-33.095554
177.648926	-33.539963
183.032227	-32.976963
188.415527	-32.086208
193.798828	-31.996021
199.182129	-31.745258
204.565430	-29.902033
209.948730	-27.738432
215.332031	-28.051582
220.715332	-33.355347
226.098633	-43.844166
231.481934	-48.872181
236.865234	-51.564354
242.248535	-44.866150
247.631836	-39.669350
253.015137	-35.639366
258.398438	-33.672604
263.781738	-33.919121
269.165039	-36.604603
274.548340	-40.454006
279.931641	-38.217365
285.314941	-38.964653
290.698242	-35.729202
296.081543	-32.983032
301.464844	-31.584591
306.848145	-28.976509
312.231445	-26.419476
317.614746	-27.406916
322.998047	-35.088936
328.381348	-34.304417
333.764648	-33.463928
339.147949	-34.906239
344.531250	-38.030586
349.914551	-41.125767
355.297852	-45.738449
360.681152	-38.209465
366.064453	-32.449028
371.447754	-29.791595
376.831055	-29.514591
382.214355	-30.002653
387.597656	-30.231903
392.980957	-30.720888
398.364258	-31.688951
403.747559	-33.278522
409.130859	-34.468513
414.514160	-34.245735
419.897461	-31.851784
425.280762	-30.185511
430.664062	-33.687332
436.047363	-35.429787
441.430664	-32.276157
446.813965	-34.550880
452.197266	-39.655022
457.580566	-37.950287
462.963867	-32.095131
468.347168	-28.848915
473.730469	-28.515947
479.113770	-32.985912
484.497070	-34.891148
489.880371	-32.291241
495.263672	-31.313389
500.646973	-32.281128
506.030273	-36.753448
511.413574	-33.947784
516.796875	-32.957268
522.180176	-31.882282
527.563477	-25.068735
532.946777	-22.269751
538.330078	-22.922903
543.713379	-22.238173
549.096680	-21.209091
554.479980	-20.965132
559.863281	-18.345737
565.246582	-13.900726
570.629883	-11.364697
576.013184	-11.545588
581.396484	-14.249377
586.779785	-19.602732
592.163086	-28.556206
597.546387	-25.609762
602.929688	-27.122698
608.312988	-33.698341
613.696289	-25.923346
619.079590	-20.443312
624.462891	-19.099724
629.846191	-20.495092
635.229492	-23.870667
640.612793	-26.669540
645.996094	-30.413486
651.379395	-33.152096
656.762695	-25.812119
662.145996	-23.251560
667.529297	-25.054775
672.912598	-29.804739
678.295898	-31.896011
683.679199	-31.457253
689.062500	-30.702980
694.445801	-30.733438
699.829102	-30.377626
705.212402	-28.047041
710.595703	-25.430046
715.979004	-24.641329
721.362305	-25.861847
726.745605	-31.935457
732.128906	-33.585838
737.512207	-31.336611
742.895508	-34.904694
748.278809	-48.303894
753.662109	-37.681271
759.045410	-39.282360
764.428711	-44.324669
769.812012	-35.957867
775.195312	-33.891460
780.578613	-32.011410
785.961914	-32.171505
791.345215	-38.641563
796.728516	-39.199852
802.111816	-37.144184
807.495117	-41.296013
812.878418	-35.405159
818.261719	-33.272148
823.645020	-35.153938
829.028320	-39.757782
834.411621	-45.171558
839.794922	-46.994659
845.178223	-46.074368
850.561523	-42.512531
855.944824	-39.872910
861.328125	-39.255947
866.711426	-40.902214
872.094727	-47.672268
877.478027	-49.415802
882.861328	-45.956547
888.244629	-43.517498
893.627930	-45.245781
899.011230	-45.402412
904.394531	-42.697876
909.777832	-41.869610
915.161133	-42.997482
920.544434	-47.217064
925.927734	-53.444912
931.311035	-55.272621
936.694336	-51.050846
942.077637	-51.252399
947.460938	-47.789928
952.844238	-46.522476
958.227539	-49.404106
963.610840	-44.778816
968.994141	-40.167782
974.377441	-40.561119
979.760742	-45.155216
985.144043	-51.638233
990.527344	-48.331596
995.910645	-41.584671
1001.293945	-38.777275
1006.677246	-39.114132
1012.060547	-38.756287
1017.443848	-38.223686
1022.827148	-39.232517
1028.210449	-40.422619
1033.593750	-42.556389
1038.977051	-44.886784
1044.360352	-46.768955
1049.743652	-45.901138
1055.126953	-41.259430
1060.510254	-36.887615
1065.893555	-34.697102
1071.276855	-34.663212
1076.660156	-36.059814
1082.043457	-37.583572
1087.426758	-37.710918
1092.810059	-36.296474
1098.193359	-35.654949
1103.576660	-36.116974
1108.959961	-34.716034
1114.343262	-35.415764
1119.726562	-39.456577
1125.109863	-45.531818
1130.493164	-46.457512
1135.876465	-46.345436
1141.259766	-49.684853
1146.643066	-43.723545
1152.026367	-37.903271
1157.409668	-35.308239
1162.792969	-34.146770
1168.176270	-34.827545
1173.559570	-37.005623
1178.942871	-38.966827
1184.326172	-40.078453
1189.709473	-42.731354
1195.092773	-46.582314
1200.476074	-46.201950
1205.859375	-43.238510
1211.242676	-42.192986
1216.625977	-44.247120
1222.009277	-48.338413
1227.392578	-52.591892
1232.775879	-51.468639
1238.159180	-46.782269
1243.542480	-43.151920
1248.925781	-41.294395
1254.309082	-41.044647
1259.692383	-43.292133
1265.075684	-48.402969
1270.458984	-52.820667
1275.842285	-48.691113
1281.225586	-43.832954
1286.608887	-43.719120
1291.992188	-49.538887
1297.375488	-48.730076
1302.758789	-43.554665
1308.142090	-41.598213
1313.525391	-39.920109
1318.908691	-40.248856
1324.291992	-41.561871
1329.675293	-42.712952
1335.058594	-42.046150
1340.441895	-41.286617
1345.825195	-41.144230
1351.208496	-40.841366
1356.591797	-40.846378
1361.975098	-44.398178
1367.358398	-39.537704
1372.741699	-38.425388
1378.125000	-40.246807
1383.508301	-41.457039
1388.891602	-42.375027
1394.274902	-41.776390
1399.658203	-39.760006
1405.041504	-38.848778
1410.424805	-38.929329
1415.808105	-38.479443
1421.191406	-39.244934
1426.574707	-42.568645
1431.958008	-48.565758
1437.341309	-46.515854
1442.724609	-42.333794
1448.107910	-43.964291
1453.491211	-41.485073
1458.874512	-37.147285
1464.257812	-36.697865
1469.641113	-38.557438
1475.024414	-40.787697
1480.407715	-45.200272
1485.791016	-48.386509
1491.174316	-44.104507
1496.557617	-42.724251
1501.940918	-43.528927
1507.324219	-44.895863
1512.707520	-45.036648
1518.090820	-43.751553
1523.474121	-41.782639
1528.857422	-41.149940
1534.240723	-41.097237
1539.624023	-42.288647
1545.007324	-47.931717
1550.390625	-49.211903
1555.773926	-42.927231
1561.157227	-42.768955
1566.540527	-46.090599
1571.923828	-46.804241
1577.307129	-47.557106
1582.690430	-42.852226
1588.073730	-37.576077
1593.457031	-35.413704
1598.840332	-35.459545
1604.223633	-37.418419
1609.606934	-37.856068
1614.990234	-34.645905
1620.373535	-32.678257
1625.756836	-33.796749
1631.140137	-37.141392
1636.523438	-39.944263
1641.906738	-38.671783
1647.290039	-36.725880
1652.673340	-35.547497
1658.056641	-34.769020
1663.439941	-34.996090
1668.823242	-37.704742
1674.206543	-43.797047
1679.589844	-45.050133
1684.973145	-38.747379
1690.356445	-35.611374
1695.739746	-35.977955
1701.123047	-35.829048
1706.506348	-35.843880
1711.889648	-35.889370
1717.272949	-35.029423
1722.656250	-34.859314
1728.039551	-36.589691
1733.422852	-39.031040
1738.806152	-36.520580
1744.189453	-34.335968
1749.572754	-34.074715
1754.956055	-35.145458
1760.339355	-36.204582
1765.722656	-36.490124
1771.105957	-36.420757
1776.489258	-35.899376
1781.872559	-34.541763
1787.255859	-33.600609
1792.639160	-33.255245
1798.022461	-33.032028
1803.405762	-33.138943
1808.789062	-34.209637
1814.172363	-36.119099
1819.555664	-38.138741
1824.938965	-39.529007
1830.322266	-41.077682
1835.705566	-44.811825
1841.088867	-54.070244
1846.472168	-43.922413
1851.855469	-37.979839
1857.238770	-36.621330
1862.622070	-38.240520
1868.005371	-42.573956
1873.388672	-47.847607
1878.771973	-51.639416
1884.155273	-49.303947
1889.538574	-44.022583
1894.921875	-40.645161
1900.305176	-39.549965
1905.688477	-41.093143
1911.071777	-45.883698
1916.455078	-51.474926
1921.838379	-46.396446
1927.221680	-45.142521
1932.604980	-44.093235
1937.988281	-41.301067
1943.371582	-39.141132
1948.754883	-38.933052
1954.138184	-41.430752
1959.521484	-48.398571
1964.904785	-51.248127
1970.288086	-45.702442
1975.671387	-43.916695
1981.054688	-46.602470
1986.437988	-52.673458
1991.821289	-43.579437
1997.204590	-40.563248
2002.587891	-40.732758
2007.971191	-43.057896
2013.354492	-48.484875
2018.737793	-56.986916
2024.121094	-50.672764
2029.504395	-49.948040
2034.887695	-54.035233
2040.270996	-51.102867
2045.654297	-48.459782
2051.037598	-52.133038
2056.420898	-52.245773
2061.804199	-43.701363
2067.187500	-43.714108
2072.570801	-51.428802
2077.954102	-52.934601
2083.337402	-51.243313
2088.720703	-52.417854
2094.104004	-53.028061
2099.487305	-48.832283
2104.870605	-48.792198
2110.253906	-52.048016
2115.637207	-52.582630
2121.020508	-53.081474
2126.403809	-54.980995
2131.787109	-57.569485
2137.170410	-60.771381
2142.553711	-52.611618
2147.937012	-47.637508
2153.320312	-45.498650
2158.703613	-46.884003
2164.086914	-54.177227
2169.470215	-60.321861
2174.853516	-51.522484
2180.236816	-50.009712
2185.620117	-53.678898
2191.003418	-48.576916
2196.386719	-40.288979
2201.770020	-37.557281
2207.153320	-37.822819
2212.536621	-40.963165
2217.919922	-44.699680
2223.303223	-47.771976
2228.686523	-50.314404
2234.069824	-43.806484
2239.453125	-40.328308
2244.836426	-38.975323
2250.219727	-39.195724
2255.603027	-40.522873
2260.986328	-41.383930
2266.369629	-40.963039
2271.752930	-39.903122
2277.136230	-39.457775
2282.519531	-39.471817
2287.902832	-39.202579
2293.286133	-39.593842
2298.669434	-40.198795
2304.052734	-40.316776
2309.436035	-39.511990
2314.819336	-38.427738
2320.202637	-38.290287
2325.585938	-40.276134
2330.969238	-43.737495
2336.352539	-45.666634
2341.735840	-45.659538
2347.119141	-45.015602
2352.502441	-43.426704
2357.885742	-41.790424
2363.269043	-40.657806
2368.652344	-40.805992
2374.035645	-42.345467
2379.418945	-44.121098
2384.802246	-44.660500
2390.185547	-43.841991
2395.568848	-42.345322
2400.952148	-40.603519
2406.335449	-39.951145
2411.718750	-40.916328
2417.102051	-43.317024
2422.485352	-47.145779
2427.868652	-47.090759
2433.251953	-43.767372
2438.635254	-43.362141
2444.018555	-47.444447
2449.401855	-54.068752
2454.785156	-48.867439
2460.168457	-50.430332
2465.551758	-59.745693
2470.935059	-56.217476
2476.318359	-51.598396
2481.701660	-50.726448
2487.084961	-49.468216
2492.468262	-48.812668
2497.851562	-49.748451
2503.234863	-51.942524
2508.618164	-52.435165
2514.001465	-49.996647
2519.384766	-48.360168
2524.768066	-45.455437
2530.151367	-42.521797
2535.534668	-41.568233
2540.917969	-42.340401
2546.301270	-43.081852
2551.684570	-43.607998
2557.067871	-44.350479
2562.451172	-44.005253
2567.834473	-43.500240
2573.217773	-44.205944
2578.601074	-43.737999
2583.984375	-41.899719
2589.367676	-41.808067
2594.750977	-44.352154
2600.134277	-46.708210
2605.517578	-49.609566
2610.900879	-53.553707
2616.284180	-53.725357
2621.667480	-54.100899
2627.050781	-53.270447
2632.434082	-51.683559
2637.817383	-52.166157
2643.200684	-53.447792
2648.583984	-53.186779
2653.967285	-52.416477
2659.350586	-52.550869
2664.733887	-53.051392
2670.117188	-52.039486
2675.500488	-50.729637
2680.883789	-52.461105
2686.267090	-58.764240
2691.650391	-57.018211
2697.033691	-51.854870
2702.416992	-50.257374
2707.800293	-48.601261
2713.183594	-48.557076
2718.566895	-49.270287
2723.950195	-48.527088
2729.333496	-46.927650
2734.716797	-44.843712
2740.100098	-43.792427
2745.483398	-43.231567
2750.866699	-43.340424
2756.250000	-44.927204
2761.633301	-47.320213
2767.016602	-46.456551
2772.399902	-44.025173
2777.783203	-43.223076
2783.166504	-43.698341
2788.549805	-45.272766
2793.933105	-46.472805
2799.316406	-47.147491
2804.699707	-46.979496
2810.083008	-43.148766
2815.466309	-40.380585
2820.849609	-40.146904
2826.232910	-42.116089
2831.616211	-46.962349
2836.999512	-56.012508
2842.382812	-62.929100
2847.766113	-58.878815
2853.149414	-59.985722
2858.532715	-50.831326
2863.916016	-46.689579
2869.299316	-44.632870
2874.682617	-43.687584
2880.065918	-43.378010
2885.449219	-44.235085
2890.832520	-46.356647
2896.215820	-48.701782
2901.599121	-50.736965
2906.982422	-54.660664
2912.365723	-63.116600
2917.749023	-58.491165
2923.132324	-54.015041
2928.515625	-52.007317
2933.898926	-51.164337
2939.282227	-50.080429
2944.665527	-47.416927
2950.048828	-44.220493
2955.432129	-42.348186
2960.815430	-42.602402
2966.198730	-45.433994
2971.582031	-48.779339
2976.965332	-50.485130
2982.348633	-54.393955
2987.731934	-50.635311
2993.115234	-50.071873
2998.498535	-54.436867
3003.881836	-51.755825
3009.265137	-51.375515
3014.648438	-48.218964
3020.031738	-46.492989
3025.415039	-47.314640
3030.798340	-50.083157
3036.181641	-53.994629
3041.564941	-55.889153
3046.948242	-55.963333
3052.331543	-55.789417
3057.714844	-56.030380
3063.098145	-54.760490
3068.481445	-51.458431
3073.864746	-48.373444
3079.248047	-46.242119
3084.631348	-45.515591
3090.014648	-46.932293
3095.397949	-51.350563
3100.781250	-58.504009
3106.164551	-62.997955
3111.547852	-56.987625
3116.931152	-59.431259
3122.314453	-67.706352
3127.697754	-65.587204
3133.081055	-56.393139
3138.464355	-49.468021
3143.847656	-46.378090
3149.230957	-45.460678
3154.614258	-45.572155
3159.997559	-46.329399
3165.380859	-47.244049
3170.764160	-48.388363
3176.147461	-50.992191
3181.530762	-58.707054
3186.914062	-52.750145
3192.297363	-48.566986
3197.680664	-49.949783
3203.063965	-55.227352
3208.447266	-54.106621
3213.830566	-55.928104
3219.213867	-59.897739
3224.597168	-50.846172
3229.980469	-47.359035
3235.363770	-46.178535
3240.747070	-45.893024
3246.130371	-46.214878
3251.513672	-47.892792
3256.896973	-51.006020
3262.280273	-54.349861
3267.663574	-52.707062
3273.046875	-50.315266
3278.430176	-49.374893
3283.813477	-48.634945
3289.196777	-48.092571
3294.580078	-48.458141
3299.963379	-49.452549
3305.346680	-49.919373
3310.729980	-48.852108
3316.113281	-47.519131
3321.496582	-47.715294
3326.879883	-48.956066
3332.263184	-49.697781
3337.646484	-49.311737
3343.029785	-48.157543
3348.413086	-46.447681
3353.796387	-45.141300
3359.179688	-45.909050
3364.562988	-50.337242
3369.946289	-56.067871
3375.329590	-48.149426
3380.712891	-45.091965
3386.096191	-46.730194
3391.479492	-52.091625
3396.862793	-49.948284
3402.246094	-47.281330
3407.629395	-47.716465
3413.012695	-50.990559
3418.395996	-48.423893
3423.779297	-45.388920
3429.162598	-44.782852
3434.545898	-43.035164
3439.929199	-39.750401
3445.312500	-38.404049
3450.695801	-39.744099
3456.079102	-43.410702
3461.462402	-48.528404
3466.845703	-53.230267
3472.229004	-53.418865
3477.612305	-51.854183
3482.995605	-51.296551
3488.378906	-51.072945
3493.762207	-51.071026
3499.145508	-51.342083
3504.528809	-54.637798
3509.912109	-61.336552
3515.295410	-54.626873
3520.678711	-51.710201
3526.062012	-50.202423
3531.445312	-47.879822
3536.828613	-44.718857
3542.211914	-42.777462
3547.595215	-42.097050
3552.978516	-42.738205
3558.361816	-45.799347
3563.745117	-53.363262
3569.128418	-50.806007
3574.511719	-43.557068
3579.895020	-41.170319
3585.278320	-42.223454
3590.661621	-46.722679
3596.044922	-51.827721
3601.428223	-52.944290
3606.811523	-58.489307
3612.194824	-53.097668
3617.578125	-50.313591
3622.961426	-47.382557
3628.344727	-44.083214
3633.728027	-42.820034
3639.111328	-44.041283
3644.494629	-45.421852
3649.877930	-46.364220
3655.261230	-48.478249
3660.644531	-51.811676
3666.027832	-51.227180
3671.411133	-48.212704
3676.794434	-44.958046
3682.177734	-43.137894
3687.561035	-43.724136
3692.944336	-47.118618
3698.327637	-54.106007
3703.710938	-53.482410
3709.094238	-46.995419
3714.477539	-44.818935
3719.860840	-44.864227
3725.244141	-45.771744
3730.627441	-46.493027
3736.010742	-47.341602
3741.394043	-50.952076
3746.777344	-53.941086
3752.160645	-56.772419
3757.543945	-57.098549
3762.927246	-49.181427
3768.310547	-46.618446
3773.693848	-47.140171
3779.077148	-50.369659
3784.460449	-54.411045
3789.843750	-53.825649
3795.227051	-48.601276
3800.610352	-46.021614
3805.993652	-46.695873
3811.376953	-49.726357
3816.760254	-53.504166
3822.143555	-55.629185
3827.526855	-58.539425
3832.910156	-58.148418
3838.293457	-56.024632
3843.676758	-55.360531
3849.060059	-52.744305
3854.443359	-49.199940
3859.826660	-47.958649
3865.209961	-47.632233
3870.593262	-48.373962
3875.976562	-54.033348
3881.359863	-55.302521
3886.743164	-49.695644
3892.126465	-48.400887
3897.509766	-48.868465
3902.893066	-50.901428
3908.276367	-52.094242
3913.659668	-54.843987
3919.042969	-58.436436
3924.426270	-58.051357
3929.809570	-49.340057
3935.192871	-44.050152
3940.576172	-43.209621
3945.959473	-44.531494
3951.342773	-47.396259
3956.726074	-52.157677
3962.109375	-58.912361
3967.492676	-51.593243
3972.875977	-45.339130
3978.259277	-43.279449
3983.642578	-43.112530
3989.025879	-44.160831
3994.409180	-46.586258
3999.792480	-50.657513
4005.175781	-58.056030
4010.559082	-56.397217
4015.942383	-50.871490
4021.325684	-50.557400
4026.708984	-53.800762
4032.092285	-52.763016
4037.475586	-51.199238
4042.858887	-51.406864
4048.242188	-52.385647
4053.625488	-52.813354
4059.008789	-52.791996
4064.392090	-52.191811
4069.775391	-50.565735
4075.158691	-49.753738
4080.541992	-49.027931
4085.925293	-51.058804
4091.308594	-56.630959
4096.691895	-61.237839
4102.075195	-57.726120
4107.458496	-57.897762
4112.841797	-63.421215
4118.225098	-67.395927
4123.608398	-56.855175
4128.991699	-52.833664
4134.375000	-50.899155
4139.758301	-51.160412
4145.141602	-51.850922
4150.524902	-50.284164
4155.908203	-48.143673
4161.291504	-47.046932
4166.674805	-46.831844
4172.058105	-46.440140
4177.441406	-44.808346
4182.824707	-43.562702
4188.208008	-43.692711
4193.591309	-44.909088
4198.974609	-45.554844
4204.357910	-45.472927
4209.741211	-46.239738
4215.124512	-50.100887
4220.507812	-54.610779
4225.891113	-47.689644
4231.274414	-43.228123
4236.657715	-41.258381
4242.041016	-40.913433
4247.424316	-41.248634
4252.807617	-42.776234
4258.190918	-45.302284
4263.574219	-45.531078
4268.957520	-46.269947
4274.340820	-50.175186
4279.724121	-54.501835
4285.107422	-51.952427
4290.490723	-46.889400
4295.874023	-45.148563
4301.257324	-45.880581
4306.640625	-47.766087
4312.023926	-50.589569
4317.407227	-56.953529
4322.790527	-58.206333
4328.173828	-51.797543
4333.557129	-50.990246
4338.940430	-52.425159
4344.323730	-49.399830
4349.707031	-48.555180
4355.090332	-52.566280
4360.473633	-58.604801
4365.856934	-52.413635
4371.240234	-49.948021
4376.623535	-49.010635
4382.006836	-51.784561
4387.390137	-54.251495
4392.773438	-48.473919
4398.156738	-44.710197
4403.540039	-43.380466
4408.923340	-43.549923
4414.306641	-42.363640
4419.689941	-42.805897
4425.073242	-44.114738
4430.456543	-43.807941
4435.839844	-43.155807
4441.223145	-42.983204
4446.606445	-44.725197
4451.989746	-49.992146
4457.373047	-45.570675
4462.756348	-42.656185
4468.139648	-44.426418
4473.522949	-50.270309
4478.906250	-58.590172
4484.289551	-50.515411
4489.672852	-43.390812
4495.056152	-41.503727
4500.439453	-44.710052
4505.822754	-53.793644
4511.206055	-47.736340
4516.589355	-45.809364
4521.972656	-47.523067
4527.355957	-48.712143
4532.739258	-51.954914
4538.122559	-60.584881
4543.505859	-55.657753
4548.889160	-54.310963
4554.272461	-60.290451
4559.655762	-53.185555
4565.039062	-49.193699
4570.422363	-48.901726
4575.805664	-50.126331
4581.188965	-50.535748
4586.572266	-50.370171
4591.955566	-49.981415
4597.338867	-49.426006
4602.722168	-51.242905
4608.105469	-57.341949
4613.488770	-59.995510
4618.872070	-60.505810
4624.255371	-59.155422
4629.638672	-51.455387
4635.021973	-47.366447
4640.405273	-45.046623
4645.788574	-45.114307
4651.171875	-50.294250
4656.555176	-53.427948
4661.938477	-46.535049
4667.321777	-44.201096
4672.705078	-43.438038
4678.088379	-43.792915
4683.471680	-46.341835
4688.854980	-48.923771
4694.238281	-47.785622
4699.621582	-45.097797
4705.004883	-42.968754
4710.388184	-42.207993
4715.771484	-42.736431
4721.154785	-43.372635
4726.538086	-44.103592
4731.921387	-46.475513
4737.304688	-46.961334
4742.687988	-45.750443
4748.071289	-47.650063
4753.454590	-52.768944
4758.837891	-48.381927
4764.221191	-44.633003
4769.604492	-49.392422
4774.987793	-50.960163
4780.371094	-44.795151
4785.754395	-44.691086
4791.137695	-45.377647
4796.520996	-45.437572
4801.904297	-45.447147
4807.287598	-46.345058
4812.670898	-49.175438
4818.054199	-49.335712
4823.437500	-47.404762
4828.820801	-47.179752
4834.204102	-44.475262
4839.587402	-40.935570
4844.970703	-37.809444
4850.354004	-37.487671
4855.737305	-40.876724
4861.120605	-49.436371
4866.503906	-54.468460
4871.887207	-49.805698
4877.270508	-46.765011
4882.653809	-46.794914
4888.037109	-50.331009
4893.420410	-57.079239
4898.803711	-47.630959
4904.187012	-42.986217
4909.570312	-41.205448
4914.953613	-41.689438
4920.336914	-44.340031
4925.720215	-48.944397
4931.103516	-46.743778
4936.486816	-43.610863
4941.870117	-41.849178
4947.253418	-40.832691
4952.636719	-41.440022
4958.020020	-44.668495
4963.403320	-48.747440
4968.786621	-49.291229
4974.169922	-48.560745
4979.553223	-49.087166
4984.936523	-51.704037
4990.319824	-58.549404
4995.703125	-55.015575
5001.086426	-48.859043
5006.469727	-46.236626
5011.853027	-45.532475
5017.236328	-47.302002
5022.619629	-50.582600
5028.002930	-45.509861
5033.386230	-42.130898
5038.769531	-41.145672
5044.152832	-41.275784
5049.536133	-41.803978
5054.919434	-45.013817
5060.302734	-48.438396
5065.686035	-43.005630
5071.069336	-41.284920
5076.452637	-41.252838
5081.835938	-42.689007
5087.219238	-44.861492
5092.602539	-45.717529
5097.985840	-43.895000
5103.369141	-44.069550
5108.752441	-47.204052
5114.135742	-53.070984
5119.519043	-56.814743
5124.902344	-51.981064
5130.285645	-50.500458
5135.668945	-50.264484
5141.052246	-45.938568
5146.435547	-42.276676
5151.818848	-40.704380
5157.202148	-38.616440
5162.585449	-37.498062
5167.968750	-37.977413
5173.352051	-39.954556
5178.735352	-43.791927
5184.118652	-46.246559
5189.501953	-44.448826
5194.885254	-44.203712
5200.268555	-43.289421
5205.651855	-41.949078
5211.035156	-43.171616
5216.418457	-49.190636
5221.801758	-56.916210
5227.185059	-53.666428
5232.568359	-49.659901
5237.951660	-47.641006
5243.334961	-48.497402
5248.718262	-55.757984
5254.101562	-47.980358
5259.484863	-42.310940
5264.868164	-40.847164
5270.251465	-41.800701
5275.634766	-44.459030
5281.018066	-49.079124
5286.401367	-57.270412
5291.784668	-53.215668
5297.167969	-49.617878
5302.551270	-47.110435
5307.934570	-45.832005
5313.317871	-46.134598
5318.701172	-46.256535
5324.084473	-46.836754
5329.467773	-48.645000
5334.851074	-51.577736
5340.234375	-54.005424
5345.617676	-52.234455
5351.000977	-49.887161
5356.384277	-48.999855
5361.767578	-49.919559
5367.150879	-51.737232
5372.534180	-54.267017
5377.917480	-56.715248
5383.300781	-51.156635
5388.684082	-45.517269
5394.067383	-42.812855
5399.450684	-42.615498
5404.833984	-44.669670
5410.217285	-49.666840
5415.600586	-48.157215
5420.983887	-43.863640
5426.367188	-43.049507
5431.750488	-43.590927
5437.133789	-45.607952
5442.517090	-50.030098
5447.900391	-50.508949
5453.283691	-52.328098
5458.666992	-56.005047
5464.050293	-48.784370
5469.433594	-44.864365
5474.816895	-43.497787
5480.200195	-43.903549
5485.583496	-45.741028
5490.966797	-46.891243
5496.350098	-49.201248
5501.733398	-57.546661
5507.116699	-55.984627
5512.500000	-53.665138
5517.883301	-56.160625
5523.266602	-59.905613
5528.649902	-54.291294
5534.033203	-54.348732
5539.416504	-56.771435
5544.799805	-55.662018
5550.183105	-49.014069
5555.566406	-44.195923
5560.949707	-42.874851
5566.333008	-45.924301
5571.716309	-55.071362
5577.099609	-60.326183
5582.482910	-51.359135
5587.866211	-44.670242
5593.249512	-42.454533
5598.632812	-42.972244
5604.016113	-45.538712
5609.399414	-51.237068
5614.782715	-58.129929
5620.166016	-54.758797
5625.549316	-55.209087
5630.932617	-53.321125
5636.315918	-50.273010
5641.699219	-48.395168
5647.082520	-45.708843
5652.465820	-42.943390
5657.849121	-42.575138
5663.232422	-46.801308
5668.615723	-49.832272
5673.999023	-42.830147
5679.382324	-41.425323
5684.765625	-42.544319
5690.148926	-44.516727
5695.532227	-46.711685
5700.915527	-45.196583
5706.298828	-44.285995
5711.682129	-46.194386
5717.065430	-52.493732
5722.448730	-50.929184
5727.832031	-44.271709
5733.215332	-41.901367
5738.598633	-42.496666
5743.981934	-44.322437
5749.365234	-46.340775
5754.748535	-50.046227
5760.131836	-55.790760
5765.515137	-54.853558
5770.898438	-54.331451
5776.281738	-58.742172
5781.665039	-53.462246
5787.048340	-49.933689
5792.431641	-49.124474
5797.814941	-48.905334
5803.198242	-50.141991
5808.581543	-54.991261
5813.964844	-62.164436
5819.348145	-55.364132
5824.731445	-51.980190
5830.114746	-50.656101
5835.498047	-48.798214
5840.881348	-47.305653
5846.264648	-46.146229
5851.647949	-44.126041
5857.031250	-42.409710
5862.414551	-42.657265
5867.797852	-45.605675
5873.181152	-53.448360
5878.564453	-50.015503
5883.947754	-45.030624
5889.331055	-44.247585
5894.714355	-45.471825
5900.097656	-47.342968
5905.480957	-49.179199
5910.864258	-51.714684
5916.247559	-54.582752
5921.630859	-60.025585
5927.014160	-56.253880
5932.397461	-51.290138
5937.780762	-50.191212
5943.164062	-52.231251
5948.547363	-58.520428
5953.930664	-56.374084
5959.313965	-58.481911
5964.697266	-64.548721
5970.080566	-59.125870
5975.463867	-55.159344
5980.847168	-53.128674
5986.230469	-51.497372
5991.613770	-49.285934
5996.997070	-46.986881
6002.380371	-45.588032
6007.763672	-45.237705
6013.146973	-45.652576
6018.530273	-46.702797
6023.913574	-48.328537
6029.296875	-53.084694
6034.680176	-54.295517
6040.063477	-46.432076
6045.446777	-42.711948
6050.830078	-41.408920
6056.213379	-41.552765
6061.596680	-42.843918
6066.979980	-45.256557
6072.363281	-48.792850
6077.746582	-54.286755
6083.129883	-48.957474
6088.513184	-43.383087
6093.896484	-40.531235
6099.279785	-39.794769
6104.663086	-41.584614
6110.046387	-46.729282
6115.429688	-47.072983
6120.812988	-45.701328
6126.196289	-49.244938
6131.579590	-56.941353
6136.962891	-52.032566
6142.346191	-47.746269
6147.729492	-46.970158
6153.112793	-49.438866
6158.496094	-55.348644
6163.879395	-56.275940
6169.262695	-49.349957
6174.645996	-46.216221
6180.029297	-45.636314
6185.412598	-45.329899
6190.795898	-44.532639
6196.179199	-45.261490
6201.562500	-46.677135
6206.945801	-47.404659
6212.329102	-48.030296
6217.712402	-48.753426
6223.095703	-48.527897
6228.479004	-47.625610
6233.862305	-45.927444
6239.245605	-44.356827
6244.628906	-44.745590
6250.012207	-48.278866
6255.395508	-55.308201
6260.778809	-47.132034
6266.162109	-43.402950
6271.545410	-43.434032
6276.928711	-44.807899
6282.312012	-47.381115
6287.695312	-54.691830
6293.078613	-50.436512
6298.461914	-45.139603
6303.845215	-43.508961
6309.228516	-44.344101
6314.611816	-47.273846
6319.995117	-49.576580
6325.378418	-47.763298
6330.761719	-46.064293
6336.145020	-46.415680
6341.528320	-48.978657
6346.911621	-51.159435
6352.294922	-50.268787
6357.678223	-49.478630
6363.061523	-50.229053
6368.444824	-52.544579
6373.828125	-55.499062
6379.211426	-55.086437
6384.594727	-53.894150
6389.978027	-54.917492
6395.361328	-57.523705
6400.744629	-59.193287
6406.127930	-60.576488
6411.511230	-58.129467
6416.894531	-55.425716
6422.277832	-54.117233
6427.661133	-53.000305
6433.044434	-52.211300
6438.427734	-51.867920
6443.811035	-53.526752
6449.194336	-59.075317
6454.577637	-60.974686
6459.960938	-54.196793
6465.344238	-51.715096
6470.727539	-52.192242
6476.110840	-54.147129
6481.494141	-55.437706
6486.877441	-54.614323
6492.260742	-53.731987
6497.644043	-53.161785
6503.027344	-51.438698
6508.410645	-50.237881
6513.793945	-50.500122
6519.177246	-53.038876
6524.560547	-60.309994
6529.943848	-58.199455
6535.327148	-53.764786
6540.710449	-53.579269
6546.093750	-53.893856
6551.477051	-53.326492
6556.860352	-53.169937
6562.243652	-53.990116
6567.626953	-55.633923
6573.010254	-52.614548
6578.393555	-48.411701
6583.776855	-47.085266
6589.160156	-48.284920
6594.543457	-51.682079
6599.926758	-57.167500
6605.310059	-58.576141
6610.693359	-58.699963
6616.076660	-57.503201
6621.459961	-53.792168
6626.843262	-52.084129
6632.226562	-52.032612
6637.609863	-51.145981
6642.993164	-49.748932
6648.376465	-49.814732
6653.759766	-51.676929
6659.143066	-55.404270
6664.526367	-61.477489
6669.909668	-67.458206
6675.292969	-61.064026
6680.676270	-55.118519
6686.059570	-52.426281
6691.442871	-51.425808
6696.826172	-51.334629
6702.209473	-52.433060
6707.592773	-54.322800
6712.976074	-55.112732
6718.359375	-54.478416
6723.742676	-54.572971
6729.125977	-55.978260
6734.509277	-53.446735
6739.892578	-51.287125
6745.275879	-52.480694
6750.659180	-56.809933
6756.042480	-63.095146
6761.425781	-61.766792
6766.809082	-56.050434
6772.192383	-54.072342
6777.575684	-53.938805
6782.958984	-55.112293
6788.342285	-55.672974
6793.725586	-54.525021
6799.108887	-55.692867
6804.492188	-61.311543
6809.875488	-61.998257
6815.258789	-56.470757
6820.642090	-54.502075
6826.025391	-55.020092
6831.408691	-58.977001
6836.791992	-68.037392
6842.175293	-66.477844
6847.558594	-63.986588
6852.941895	-66.475700
6858.325195	-65.720001
6863.708496	-61.223904
6869.091797	-60.811619
6874.475098	-65.696320
6879.858398	-64.309692
6885.241699	-56.850887
6890.625000	-54.146358
6896.008301	-54.732285
6901.391602	-57.080090
6906.774902	-59.940960
6912.158203	-60.342339
6917.541504	-62.511299
6922.924805	-61.287018
6928.308105	-54.410809
6933.691406	-51.597832
6939.074707	-51.227051
6944.458008	-52.814384
6949.841309	-56.735966
6955.224609	-61.688740
6960.607910	-60.805099
6965.991211	-59.788956
6971.374512	-62.389675
6976.757812	-66.408539
6982.141113	-60.344154
6987.524414	-57.443695
6992.907715	-57.323368
6998.291016	-59.108349
7003.674316	-61.876389
7009.057617	-64.268913
7014.440918	-63.291748
7019.824219	-59.759804
7025.207520	-56.998253
7030.590820	-55.902958
7035.974121	-56.485462
7041.357422	-59.497612
7046.740723	-66.501015
7052.124023	-64.114723
7057.507324	-60.560684
7062.890625	-59.871315
7068.273926	-60.718449
7073.657227	-61.562786
7079.040527	-60.513023
7084.423828	-59.416901
7089.807129	-59.423447
7095.190430	-61.030231
7100.573730	-66.324753
7105.957031	-68.381775
7111.340332	-62.118187
7116.723633	-59.589115
7122.106934	-57.643681
7127.490234	-57.557976
7132.873535	-60.769627
7138.256836	-65.017258
7143.640137	-61.091763
7149.023438	-61.544823
7154.406738	-62.472328
7159.790039	-55.223564
7165.173340	-51.185009
7170.556641	-49.390896
7175.939941	-49.054077
7181.323242	-50.468464
7186.706543	-54.402981
7192.089844	-62.576744
7197.473145	-59.059338
7202.856445	-53.622952
7208.239746	-51.361504
7213.623047	-51.071030
7219.006348	-52.306217
7224.389648	-55.084530
7229.772949	-59.918697
7235.156250	-64.303596
7240.539551	-59.809769
7245.922852	-56.371994
7251.306152	-54.464485
7256.689453	-53.312824
7262.072754	-53.025364
7267.456055	-53.776310
7272.839355	-55.998116
7278.222656	-57.785168
7283.605957	-53.731441
7288.989258	-50.381985
7294.372559	-49.312115
7299.755859	-49.850853
7305.139160	-51.385693
7310.522461	-52.970173
7315.905762	-54.863201
7321.289062	-58.963821
7326.672363	-62.335777
7332.055664	-57.928364
7337.438965	-55.843693
7342.822266	-55.653866
7348.205566	-55.257431
7353.588867	-53.190399
7358.972168	-51.586922
7364.355469	-51.892696
7369.738770	-54.589024
7375.122070	-60.548824
7380.505371	-60.433678
7385.888672	-56.293903
7391.271973	-55.771324
7396.655273	-59.264050
7402.038574	-64.340668
7407.421875	-60.569382
7412.805176	-60.332718
7418.188477	-64.152046
7423.571777	-60.945332
7428.955078	-55.724373
7434.338379	-53.630760
7439.721680	-53.516045
7445.104980	-54.264004
7450.488281	-54.995861
7455.871582	-55.813660
7461.254883	-57.588718
7466.638184	-60.611347
7472.021484	-62.392689
7477.404785	-61.304756
7482.788086	-60.550114
7488.171387	-61.725033
7493.554688	-66.473938
7498.937988	-65.225227
7504.321289	-62.795639
7509.704590	-65.404388
7515.087891	-72.611862
7520.471191	-73.708267
7525.854492	-74.808739
7531.237793	-73.462601
7536.621094	-65.990898
7542.004395	-62.281261
7547.387695	-61.090637
7552.770996	-61.214478
7558.154297	-62.130108
7563.537598	-62.410103
7568.920898	-61.195164
7574.304199	-60.987484
7579.687500	-63.540089
7585.070801	-68.277733
7590.454102	-64.504189
7595.837402	-60.485481
7601.220703	-59.263672
7606.604004	-59.855541
7611.987305	-61.162766
7617.370605	-61.431526
7622.753906	-60.360275
7628.137207	-59.470619
7633.520508	-59.894787
7638.903809	-62.240364
7644.287109	-67.835098
7649.670410	-73.496239
7655.053711	-69.102814
7660.437012	-66.355530
7665.820312	-64.674011
7671.203613	-63.105247
7676.586914	-61.610691
7681.970215	-61.975685
7687.353516	-65.178261
7692.736816	-72.166756
7698.120117	-66.396332
7703.503418	-60.785477
7708.886719	-58.225761
7714.270020	-57.389118
7719.653320	-57.943748
7725.036621	-60.171093
7730.419922	-64.862724
7735.803223	-72.284203
7741.186523	-70.425827
7746.569824	-66.906105
7751.953125	-63.194618
7757.336426	-59.244011
7762.719727	-56.962185
7768.103027	-56.491306
7773.486328	-57.406292
7778.869629	-58.622921
7784.252930	-58.600708
7789.636230	-57.620518
7795.019531	-57.101685
7800.402832	-57.613281
7805.786133	-58.985821
7811.169434	-60.613625
7816.552734	-61.853352
7821.936035	-62.275169
7827.319336	-61.397778
7832.702637	-59.687366
7838.085938	-58.292461
7843.469238	-57.592216
7848.852539	-57.466637
7854.235840	-57.683475
7859.619141	-58.112160
7865.002441	-58.673416
7870.385742	-58.398411
7875.769043	-56.700100
7881.152344	-55.064064
7886.535645	-54.591755
7891.918945	-55.459152
7897.302246	-57.797836
7902.685547	-62.143433
7908.068848	-69.478653
7913.452148	-77.201302
7918.835449	-75.618286
7924.218750	-69.659195
7929.602051	-63.453224
7934.985352	-59.351913
7940.368652	-57.027416
7945.751953	-56.211094
7951.135254	-56.800632
7956.518555	-58.220798
7961.901855	-57.985413
7967.285156	-55.537884
7972.668457	-53.508919
7978.051758	-52.703430
7983.435059	-53.123699
7988.818359	-54.665611
7994.201660	-57.272003
7999.584961	-61.209007
8004.968262	-67.647575
8010.351562	-68.922012
8015.734863	-62.330166
8021.118164	-58.073231
8026.501465	-55.332573
8031.884766	-53.942139
8037.268066	-54.013741
8042.651367	-55.766190
8048.034668	-59.542736
8053.417969	-64.591576
8058.801270	-64.718597
8064.184570	-62.514839
8069.567871	-61.931923
8074.951172	-62.776279
8080.334473	-64.198891
8085.717773	-63.274502
8091.101074	-60.504372
8096.484375	-58.719425
8101.867676	-58.587261
8107.250977	-60.404381
8112.634277	-64.027359
8118.017578	-63.674572
8123.400879	-59.989449
8128.784180	-58.201500
8134.167480	-58.108349
8139.550781	-58.489113
8144.934082	-58.075935
8150.317383	-57.283939
8155.700684	-56.649490
8161.083984	-56.151642
8166.467285	-56.322849
8171.850586	-58.076611
8177.233887	-63.028431
8182.617188	-65.701530
8188.000488	-58.322021
8193.383789	-54.932701
8198.767090	-54.049019
8204.150391	-55.198475
8209.533691	-58.573509
8214.916992	-65.259491
8220.300293	-67.404724
8225.683594	-62.646252
8231.066895	-61.944645
8236.450195	-64.491402
8241.833496	-71.340561
8247.216797	-70.783691
8252.600098	-66.059349
8257.983398	-65.990005
8263.366699	-70.490875
8268.750000	-72.923859
8274.133301	-65.833740
8279.516602	-63.068062
8284.899902	-63.213840
8290.283203	-66.462761
8295.666504	-73.421883
8301.049805	-68.072716
8306.433105	-63.328537
8311.816406	-61.122116
8317.199707	-60.240242
8322.583008	-60.380871
8327.966309	-61.540627
8333.349609	-63.407055
8338.732910	-64.099983
8344.116211	-62.644119
8349.499512	-60.884651
8354.882812	-59.928043
8360.266113	-59.827614
8365.649414	-60.585442
8371.032715	-62.334053
8376.416016	-64.646561
8381.799316	-65.978760
8387.182617	-66.387695
8392.565918	-67.539398
8397.949219	-71.736626
8403.332520	-79.222702
8408.715820	-71.852402
8414.099121	-68.761375
8419.482422	-68.650970
8424.865723	-68.454826
8430.249023	-67.399399
8435.632324	-67.115295
8441.015625	-66.461174
8446.398926	-63.929016
8451.782227	-61.575729
8457.165527	-60.867329
8462.548828	-61.769199
8467.932129	-63.641132
8473.315430	-65.732391
8478.698730	-68.000931
8484.082031	-68.144119
8489.465332	-64.356606
8494.848633	-61.681519
8500.231934	-61.386730
8505.615234	-63.945770
8510.998535	-70.553833
8516.381836	-66.931671
8521.765137	-62.390255
8527.148438	-61.917473
8532.531738	-64.353188
8537.915039	-66.026436
8543.298340	-62.830795
8548.681641	-60.628731
8554.064941	-60.288490
8559.448242	-60.953209
8564.831543	-61.594761
8570.214844	-61.359314
8575.598145	-60.312950
8580.981445	-59.036129
8586.364746	-58.192936
8591.748047	-58.287350
8597.131348	-59.559532
8602.514648	-62.029263
8607.897949	-65.080284
8613.281250	-66.863007
8618.664551	-64.306313
8624.047852	-60.537220
8629.431152	-58.208080
8634.814453	-57.660259
8640.197754	-59.036583
8645.581055	-62.593769
8650.964355	-68.246544
8656.347656	-70.511749
8661.730957	-70.094116
8667.114258	-72.177452
8672.497559	-76.232704
8677.880859	-78.798103
8683.264160	-82.923752
8688.647461	-75.153687
8694.030762	-68.159134
8699.414062	-64.672890
8704.797363	-63.072819
8710.180664	-62.728058
8715.563965	-63.064835
8720.947266	-63.804699
8726.330566	-64.762146
8731.713867	-65.482407
8737.097168	-65.580528
8742.480469	-65.393967
8747.863770	-65.541573
8753.247070	-66.388832
8758.630371	-69.058075
8764.013672	-75.737480
8769.396973	-75.124863
8774.780273	-68.645828
8780.163574	-67.288078
8785.546875	-69.933540
8790.930176	-72.853676
8796.313477	-65.945549
8801.696777	-62.016060
8807.080078	-60.429249
8812.463379	-60.201355
8817.846680	-60.584023
8823.229980	-61.431145
8828.613281	-63.734673
8833.996582	-69.399208
8839.379883	-70.570435
8844.763184	-63.480869
8850.146484	-60.492775
8855.529785	-59.917114
8860.913086	-61.087128
8866.296387	-63.992050
8871.679688	-68.815384
8877.062988	-72.401352
8882.446289	-70.031120
8887.829590	-68.596924
8893.212891	-70.178787
8898.596191	-72.593460
8903.979492	-68.152267
8909.362793	-65.650581
8914.746094	-66.360489
8920.129395	-67.061104
8925.512695	-61.873135
8930.895996	-57.964699
8936.279297	-56.612564
8941.662598	-57.696487
8947.045898	-61.701218
8952.429199	-67.093445
8957.812500	-61.776035
8963.195801	-58.327122
8968.579102	-57.219807
8973.962402	-57.400635
8979.345703	-58.511448
8984.729004	-61.037994
8990.112305	-65.726372
8995.495605	-67.237946
9000.878906	-63.252377
9006.262207	-61.756847
9011.645508	-62.962364
9017.028809	-66.838478
9022.412109	-71.845505
9027.795410	-71.989120
9033.178711	-72.006104
9038.562012	-69.465218
9043.945312	-64.593063
9049.328613	-61.518974
9054.711914	-59.983902
9060.095215	-59.689388
9065.478516	-60.396152
9070.861816	-61.021248
9076.245117	-60.600788
9081.628418	-60.090633
9087.011719	-60.161774
9092.395020	-60.393143
9097.778320	-59.800350
9103.161621	-58.240070
9108.544922	-56.741959
9113.928223	-56.143440
9119.311523	-56.863262
9124.694824	-59.403118
9130.078125	-64.708702
9135.461426	-66.699203
9140.844727	-61.132706
9146.228027	-58.228859
9151.611328	-57.109196
9156.994629	-57.302132
9162.377930	-58.755096
9167.761230	-61.189362
9173.144531	-62.916771
9178.527832	-62.210484
9183.911133	-61.342087
9189.294434	-61.563553
9194.677734	-62.869854
9200.061035	-65.125549
9205.444336	-68.350868
9210.827637	-72.134315
9216.210938	-70.091187
9221.594238	-65.237793
9226.977539	-62.222103
9232.360840	-60.942097
9237.744141	-61.106571
9243.127441	-62.467873
9248.510742	-65.298538
9253.894043	-69.560005
9259.277344	-68.569305
9264.660645	-64.104668
9270.043945	-61.569118
9275.427246	-61.058632
9280.810547	-62.616600
9286.193848	-66.820831
9291.577148	-70.359970
9296.960449	-65.667862
9302.343750	-62.832287
9307.727051	-62.256477
9313.110352	-63.142822
9318.493652	-64.533531
9323.876953	-65.198158
9329.260254	-65.144890
9334.643555	-64.665672
9340.026855	-63.637657
9345.410156	-62.495319
9350.793457	-61.565876
9356.176758	-61.368248
9361.560059	-62.582390
9366.943359	-65.907562
9372.326660	-69.757858
9377.709961	-65.440125
9383.093262	-61.507195
9388.476562	-59.741444
9393.859863	-59.587154
9399.243164	-61.165604
9404.626465	-64.727737
9410.009766	-69.264130
9415.393066	-68.700142
9420.776367	-67.202721
9426.159668	-67.118111
9431.542969	-65.141617
9436.926270	-62.614250
9442.309570	-61.691566
9447.692871	-63.221481
9453.076172	-68.625046
9458.459473	-73.401161
9463.842773	-66.712212
9469.226074	-64.583611
9474.609375	-65.563759
9479.992676	-67.599792
9485.375977	-66.621193
9490.759277	-64.964073
9496.142578	-65.295067
9501.525879	-67.970772
9506.909180	-72.087868
9512.292480	-72.620049
9517.675781	-70.827187
9523.059082	-69.658409
9528.442383	-69.571411
9533.825684	-71.819786
9539.208984	-75.493988
9544.592285	-68.624062
9549.975586	-63.836803
9555.358887	-61.965538
9560.742188	-62.599312
9566.125488	-66.393044
9571.508789	-72.924011
9576.892090	-66.491211
9582.275391	-62.644459
9587.658691	-61.791580
9593.041992	-62.942402
9598.425293	-65.119247
9603.808594	-66.311203
9609.191895	-66.471672
9614.575195	-67.507111
9619.958496	-69.785675
9625.341797	-73.323151
9630.725098	-76.746468
9636.108398	-69.779541
9641.491699	-64.494133
9646.875000	-61.574585
9652.258301	-60.393341
9657.641602	-60.728741
9663.024902	-62.484802
9668.408203	-65.365334
9673.791504	-68.339790
9679.174805	-70.260277
9684.558105	-71.840630
9689.941406	-74.435974
9695.324707	-79.205788
9700.708008	-84.189156
9706.091309	-75.083519
9711.474609	-70.711716
9716.857910	-68.616035
9722.241211	-67.852524
9727.624512	-67.229027
9733.007812	-64.995369
9738.391113	-62.556904
9743.774414	-61.583805
9749.157715	-62.654305
9754.541016	-66.707451
9759.924316	-72.565636
9765.307617	-65.211319
9770.690918	-60.860600
9776.074219	-59.152977
9781.457520	-59.171074
9786.840820	-60.437553
9792.224121	-61.941475
9797.607422	-62.569054
9802.990723	-63.179863
9808.374023	-65.366119
9813.757324	-69.333084
9819.140625	-68.576431
9824.523926	-65.171562
9829.907227	-64.171295
9835.290527	-65.378220
9840.673828	-68.583191
9846.057129	-73.445610
9851.440430	-76.269867
9856.823730	-71.737679
9862.207031	-67.072388
9867.590332	-64.705612
9872.973633	-64.984482
9878.356934	-69.205330
9883.740234	-71.858574
9889.123535	-63.985706
9894.506836	-60.855488
9899.890137	-60.590923
9905.273438	-62.058609
9910.656738	-62.289890
9916.040039	-59.563156
9921.423340	-57.475189
9926.806641	-57.106930
9932.189941	-58.093357
9937.573242	-59.689781
9942.956543	-61.090973
9948.339844	-61.372982
9953.723145	-59.888866
9959.106445	-58.093292
9964.489746	-57.430901
9969.873047	-58.413784
9975.256348	-61.328289
9980.639648	-62.889641
9986.022949	-59.432487
9991.406250	-57.114841
9996.789551	-57.092411
10002.172852	-59.433994
10007.556152	-65.014351
10012.939453	-70.207184
10018.322754	-64.201889
10023.706055	-61.305870
10029.089355	-60.480103
10034.472656	-60.829132
10039.855957	-62.282249
10045.239258	-65.675911
10050.622559	-70.803902
10056.005859	-67.694221
10061.389160	-63.908779
10066.772461	-62.635426
10072.155762	-62.895027
10077.539062	-63.550705
10082.922363	-63.831490
10088.305664	-64.160599
10093.688965	-64.961670
10099.072266	-64.905106
10104.455566	-63.564972
10109.838867	-62.949390
10115.222168	-64.410492
10120.605469	-67.187874
10125.988770	-65.253433
10131.372070	-61.949715
10136.755371	-60.902580
10142.138672	-62.172031
10147.521973	-65.448746
10152.905273	-66.588112
10158.288574	-64.036835
10163.671875	-63.162724
10169.055176	-64.500931
10174.438477	-66.034462
10179.821777	-64.629776
10185.205078	-63.170303
10190.588379	-63.467724
10195.971680	-64.676338
10201.354980	-64.472183
10206.738281	-63.164032
10212.121582	-62.654774
10217.504883	-62.930023
10222.888184	-63.004566
10228.271484	-62.825199
10233.654785	-63.362572
10239.038086	-65.647499
10244.421387	-69.696205
10249.804688	-68.217491
10255.187988	-64.623077
10260.571289	-63.600208
10265.954590	-64.666420
10271.337891	-65.934769
10276.721191	-64.903687
10282.104492	-63.873058
10287.487793	-65.014542
10292.871094	-69.991913
10298.254395	-71.942490
10303.637695	-64.497101
10309.020996	-61.188320
10314.404297	-60.253212
10319.787598	-61.075962
10325.170898	-63.912891
10330.554199	-70.286407
10335.937500	-70.625526
10341.320801	-63.874210
10346.704102	-60.990726
10352.087402	-60.394543
10357.470703	-61.627522
10362.854004	-65.116280
10368.237305	-72.307220
10373.620605	-72.240288
10379.003906	-66.596535
10384.387207	-64.526871
10389.770508	-64.506668
10395.153809	-65.924332
10400.537109	-67.961723
10405.920410	-69.169289
10411.303711	-69.460449
10416.687012	-70.404709
10422.070312	-72.802620
10427.453613	-74.833168
10432.836914	-72.345955
10438.220215	-69.550262
10443.603516	-67.624504
10448.986816	-66.361908
10454.370117	-65.888412
10459.753418	-65.876297
10465.136719	-66.351738
10470.520020	-67.566826
10475.903320	-68.664833
10481.286621	-67.450371
10486.669922	-65.050972
10492.053223	-63.664753
10497.436523	-63.732872
10502.819824	-65.338928
10508.203125	-68.217628
10513.586426	-70.549530
10518.969727	-70.445587
10524.353027	-68.829216
10529.736328	-66.608185
10535.119629	-64.785843
10540.502930	-64.394753
10545.886230	-65.975349
10551.269531	-69.672424
10556.652832	-71.063873
10562.036133	-66.817993
10567.419434	-63.541138
10572.802734	-61.276321
10578.186035	-59.706161
10583.569336	-59.075970
10588.952637	-59.920826
10594.335938	-63.262215
10599.719238	-71.594414
10605.102539	-67.525391
10610.485840	-61.712627
10615.869141	-59.759186
10621.252441	-60.050732
10626.635742	-62.267982
10632.019043	-65.830093
10637.402344	-67.553734
10642.785645	-66.750710
10648.168945	-66.920006
10653.552246	-69.092087
10658.935547	-73.548164
10664.318848	-75.880165
10669.702148	-72.147598
10675.085449	-69.426270
10680.468750	-67.264755
10685.852051	-65.096161
10691.235352	-63.707176
10696.618652	-63.741280
10702.001953	-65.842125
10707.385254	-71.524948
10712.768555	-74.924377
10718.151855	-68.039871
10723.535156	-65.060631
10728.918457	-64.559616
10734.301758	-66.085846
10739.685059	-69.669579
10745.068359	-73.490646
10750.451660	-71.027206
10755.834961	-67.121346
10761.218262	-64.319237
10766.601562	-62.623188
10771.984863	-61.943615
10777.368164	-62.509712
10782.751465	-64.452141
10788.134766	-67.945923
10793.518066	-71.743797
10798.901367	-70.282600
10804.284668	-67.198059
10809.667969	-65.376198
10815.051270	-64.927834
10820.434570	-65.698830
10825.817871	-67.693245
10831.201172	-70.697243
10836.584473	-73.699692
10841.967773	-73.676628
10847.351074	-69.789658
10852.734375	-66.215546
10858.117676	-64.259773
10863.500977	-64.022057
10868.884277	-65.960426
10874.267578	-71.305702
10879.650879	-77.390785
10885.034180	-70.286308
10890.417480	-67.379517
10895.800781	-67.159538
10901.184082	-68.202019
10906.567383	-68.529221
10911.950684	-66.988571
10917.333984	-65.922272
10922.717285	-66.549377
10928.100586	-69.230453
10933.483887	-72.477585
10938.867188	-69.785713
10944.250488	-67.003105
10949.633789	-66.497864
10955.017090	-68.293884
10960.400391	-73.054512
10965.783691	-80.983414
10971.166992	-76.942062
10976.550293	-73.934227
10981.933594	-74.071022
10987.316895	-76.195808
10992.700195	-76.358353
10998.083496	-70.986496
11003.466797	-66.832260
11008.850098	-64.688492
11014.233398	-64.454086
11019.616699	-66.517647
11025.000000	-72.117012
11030.383301	-76.740303
11035.766602	-69.865570
11041.149902	-67.994492
11046.533203	-69.620094
11051.916504	-75.148193
11057.299805	-76.835495
11062.683105	-71.333870
11068.066406	-68.511459
11073.449707	-66.962608
11078.833008	-66.468323
11084.216309	-67.630226
11089.599609	-71.280083
11094.982910	-73.997231
11100.366211	-69.994537
11105.749512	-67.656937
11111.132812	-67.770233
11116.516113	-69.416100
11121.899414	-70.725716
11127.282715	-70.402237
11132.666016	-70.531891
11138.049316	-73.116859
11143.432617	-78.497360
11148.815918	-74.082840
11154.199219	-69.100014
11159.582520	-66.858986
11164.965820	-66.437210
11170.349121	-67.249001
11175.732422	-69.430618
11181.115723	-73.494133
11186.499023	-77.801109
11191.882324	-73.473045
11197.265625	-69.274986
11202.648926	-67.236801
11208.032227	-66.615013
11213.415527	-67.467033
11218.798828	-70.310097
11224.182129	-76.258629
11229.565430	-83.297043
11234.948730	-75.695168
11240.332031	-72.561295
11245.715332	-72.246765
11251.098633	-74.456146
11256.481934	-79.958748
11261.865234	-85.593254
11267.248535	-78.905205
11272.631836	-76.057762
11278.015137	-75.582458
11283.398438	-76.577034
11288.781738	-76.901543
11294.165039	-74.706741
11299.548340	-71.789726
11304.931641	-69.842781
11310.314941	-69.109253
11315.698242	-69.692352
11321.081543	-72.206856
11326.464844	-76.302422
11331.848145	-71.210663
11337.231445	-66.395805
11342.614746	-64.232201
11347.998047	-64.343033
11353.381348	-67.060287
11358.764648	-73.417023
11364.147949	-70.195946
11369.531250	-65.040741
11374.914551	-62.974739
11380.297852	-62.602581
11385.681152	-63.307949
11391.064453	-64.834167
11396.447754	-67.130959
11401.831055	-67.234718
11407.214355	-63.962223
11412.597656	-61.304970
11417.980957	-60.189770
11423.364258	-60.664852
11428.747559	-63.020882
11434.130859	-68.132584
11439.514160	-77.224869
11444.897461	-73.214348
11450.280762	-69.648293
11455.664062	-68.503838
11461.047363	-68.006683
11466.430664	-67.822067
11471.813965	-67.891289
11477.197266	-68.058899
11482.580566	-68.149773
11487.963867	-68.057228
11493.347168	-68.224876
11498.730469	-69.025208
11504.113770	-71.517525
11509.497070	-78.403381
11514.880371	-72.514023
11520.263672	-65.785744
11525.646973	-62.424568
11531.030273	-61.135647
11536.413574	-61.498913
11541.796875	-63.527142
11547.180176	-67.364883
11552.563477	-73.467552
11557.946777	-77.455978
11563.330078	-71.889725
11568.713379	-69.004997
11574.096680	-68.356720
11579.479980	-69.579651
11584.863281	-72.505875
11590.246582	-74.917435
11595.629883	-74.055901
11601.013184	-73.812820
11606.396484	-76.589897
11611.779785	-78.404182
11617.163086	-73.112679
11622.546387	-70.180878
11627.929688	-69.749176
11633.312988	-71.179558
11638.696289	-71.599892
11644.079590	-68.131233
11649.462891	-64.512009
11654.846191	-62.402596
11660.229492	-61.910946
11665.612793	-63.012257
11670.996094	-66.232941
11676.379395	-72.740639
11681.762695	-73.084816
11687.145996	-67.283257
11692.529297	-64.434578
11697.912598	-63.023590
11703.295898	-62.347702
11708.679199	-62.168633
11714.062500	-62.468746
11719.445801	-63.550709
11724.829102	-65.892776
11730.212402	-70.588150
11735.595703	-77.256271
11740.979004	-68.112328
11746.362305	-62.927425
11751.745605	-60.313168
11757.128906	-59.429131
11762.512207	-60.082191
11767.895508	-62.421486
11773.278809	-67.156982
11778.662109	-71.865166
11784.045410	-68.386475
11789.428711	-66.062820
11794.812012	-66.066116
11800.195312	-67.520920
11805.578613	-69.362602
11810.961914	-69.963417
11816.345215	-69.278625
11821.728516	-68.483772
11827.111816	-68.186707
11832.495117	-68.319405
11837.878418	-68.152260
11843.261719	-67.298004
11848.645020	-65.613838
11854.028320	-63.663727
11859.411621	-62.212086
11864.794922	-61.781067
11870.178223	-62.811501
11875.561523	-65.434158
11880.944824	-67.224365
11886.328125	-64.456810
11891.711426	-61.960968
11897.094727	-61.177193
11902.478027	-61.791519
11907.861328	-63.129108
11913.244629	-64.364380
11918.627930	-65.776543
11924.011230	-68.932274
11929.394531	-72.733345
11934.777832	-68.425804
11940.161133	-64.562630
11945.544434	-62.928040
11950.927734	-62.768127
11956.311035	-63.828514
11961.694336	-66.360687
11967.077637	-70.118530
11972.460938	-67.604691
11977.844238	-63.276184
11983.227539	-61.403885
11988.610840	-61.810200
11993.994141	-64.597557
11999.377441	-68.997292
12004.760742	-67.932281
12010.144043	-66.068230
12015.527344	-67.534882
12020.910645	-71.610977
12026.293945	-67.303078
12031.677246	-62.759861
12037.060547	-60.894939
12042.443848	-60.923584
12047.827148	-62.465302
12053.210449	-65.245544
12058.593750	-69.371216
12063.977051	-72.559937
12069.360352	-68.427757
12074.743652	-64.953499
12080.126953	-63.717968
12085.510254	-64.487831
12090.893555	-66.315979
12096.276855	-65.568962
12101.660156	-63.105312
12107.043457	-61.959114
12112.426758	-62.689354
12117.810059	-65.561386
12123.193359	-70.510178
12128.576660	-70.962158
12133.959961	-67.167900
12139.343262	-64.617653
12144.726562	-62.908234
12150.109863	-62.115925
12155.493164	-62.574860
12160.876465	-64.544014
12166.259766	-67.017502
12171.643066	-66.853096
12177.026367	-65.870026
12182.409668	-66.705933
12187.792969	-68.964355
12193.176270	-67.796341
12198.559570	-64.763214
12203.942871	-63.341320
12209.326172	-63.483921
12214.709473	-64.417877
12220.092773	-65.086929
12225.476074	-65.494682
12230.859375	-66.320602
12236.242676	-66.851761
12241.625977	-66.231834
12247.009277	-65.252197
12252.392578	-65.242355
12257.775879	-67.226181
12263.159180	-70.710091
12268.542480	-68.727325
12273.925781	-65.535660
12279.309082	-64.447701
12284.692383	-65.166702
12290.075684	-67.416222
12295.458984	-70.551582
12300.842285	-72.816261
12306.225586	-72.626678
12311.608887	-70.605782
12316.992188	-68.164505
12322.375488	-66.172043
12327.758789	-64.973694
12333.142090	-64.640839
12338.525391	-65.410591
12343.908691	-67.852448
12349.291992	-73.354019
12354.675293	-74.934898
12360.058594	-67.680618
12365.441895	-63.976967
12370.825195	-62.515930
12376.208496	-62.695564
12381.591797	-64.497391
12386.975098	-67.556725
12392.358398	-69.088905
12397.741699	-67.711952
12403.125000	-67.233727
12408.508301	-69.375366
12413.891602	-75.328102
12419.274902	-72.841362
12424.658203	-67.204475
12430.041504	-64.858231
12435.424805	-64.526199
12440.808105	-65.558556
12446.191406	-67.329430
12451.574707	-69.305786
12456.958008	-71.602615
12462.341309	-75.448792
12467.724609	-81.296745
12473.107910	-77.309647
12478.491211	-72.372429
12483.874512	-69.841667
12489.257812	-68.720695
12494.641113	-68.043793
12500.024414	-67.674408
12505.407715	-67.713577
12510.791016	-67.724892
12516.174316	-67.219208
12521.557617	-66.574219
12526.940918	-66.551590
12532.324219	-67.297997
12537.707520	-68.511955
12543.090820	-69.847534
12548.474121	-71.462379
12553.857422	-73.799156
12559.240723	-73.030495
12564.624023	-69.323578
12570.007324	-66.929878
12575.390625	-66.552834
12580.773926	-68.090614
12586.157227	-71.269989
12591.540527	-72.275726
12596.923828	-69.607018
12602.307129	-67.970062
12607.690430	-68.254448
12613.073730	-70.579468
12618.457031	-74.996155
12623.840332	-76.162445
12629.223633	-70.695915
12634.606934	-66.555199
12639.990234	-64.221619
12645.373535	-63.570107
12650.756836	-64.655090
12656.140137	-68.018929
12661.523438	-74.254036
12666.906738	-72.349030
12672.290039	-68.269142
12677.673340	-66.936317
12683.056641	-66.655884
12688.439941	-65.860168
12693.823242	-64.864113
12699.206543	-64.865425
12704.589844	-66.806602
12709.973145	-71.075516
12715.356445	-70.145607
12720.739746	-65.303947
12726.123047	-62.795895
12731.506348	-62.247074
12736.889648	-63.422024
12742.272949	-66.616493
12747.656250	-73.037857
12753.039551	-77.060768
12758.422852	-71.239044
12763.806152	-68.831123
12769.189453	-68.373795
12774.572754	-68.805008
12779.956055	-69.271156
12785.339355	-70.044411
12790.722656	-71.934288
12796.105957	-76.122955
12801.489258	-82.718864
12806.872559	-75.076477
12812.255859	-70.546852
12817.639160	-68.758904
12823.022461	-68.955788
12828.405762	-71.105682
12833.789062	-75.641197
12839.172363	-82.195511
12844.555664	-78.320923
12849.938965	-73.496155
12855.322266	-69.960365
12860.705566	-67.834732
12866.088867	-67.393471
12871.472168	-68.818817
12876.855469	-73.047134
12882.238770	-82.593765
12887.622070	-77.062698
12893.005371	-72.895645
12898.388672	-72.124901
12903.771973	-71.741043
12909.155273	-70.252182
12914.538574	-69.188034
12919.921875	-69.874687
12925.305176	-73.107002
12930.688477	-76.061295
12936.071777	-71.191826
12941.455078	-67.448929
12946.838379	-65.866425
12952.221680	-65.827415
12957.604980	-66.957008
12962.988281	-69.187447
12968.371582	-72.864716
12973.754883	-77.405167
12979.138184	-73.569527
12984.521484	-69.238029
12989.904785	-67.610352
12995.288086	-68.151283
13000.671387	-70.812157
13006.054688	-72.390999
13011.437988	-70.240036
13016.821289	-69.274513
13022.204590	-71.285103
13027.587891	-75.703392
13032.971191	-71.358170
13038.354492	-66.821251
13043.737793	-65.014114
13049.121094	-65.121613
13054.504395	-66.637131
13059.887695	-68.592140
13065.270996	-69.715965
13070.654297	-70.336189
13076.037598	-71.153770
13081.420898	-71.710503
13086.804199	-70.599716
13092.187500	-68.173462
13097.570801	-65.766975
13102.954102	-64.238739
13108.337402	-64.176308
13113.720703	-65.949776
13119.104004	-70.334740
13124.487305	-72.438667
13129.870605	-67.145508
13135.253906	-64.369820
13140.637207	-63.781559
13146.020508	-64.933022
13151.403809	-67.660362
13156.787109	-71.638191
13162.170410	-77.237404
13167.553711	-75.856804
13172.937012	-69.526787
13178.320312	-66.064865
13183.703613	-65.020821
13189.086914	-66.205124
13194.470215	-70.370209
13199.853516	-78.076218
13205.236816	-71.999771
13210.620117	-68.190910
13216.003418	-67.510521
13221.386719	-69.222443
13226.770020	-74.090324
13232.153320	-81.933319
13237.536621	-73.663361
13242.919922	-70.026253
13248.303223	-69.383644
13253.686523	-70.538994
13259.069824	-71.363144
13264.453125	-70.129913
13269.836426	-69.020782
13275.219727	-69.539673
13280.603027	-72.331902
13285.986328	-77.106483
13291.369629	-81.547340
13296.752930	-84.671761
13302.136230	-76.631020
13307.519531	-69.912849
13312.902832	-66.318260
13318.286133	-64.919991
13323.669434	-65.145767
13329.052734	-67.020370
13334.436035	-70.950272
13339.819336	-77.686729
13345.202637	-79.635025
13350.585938	-74.097198
13355.969238	-71.068153
13361.352539	-69.852310
13366.735840	-70.251839
13372.119141	-72.570572
13377.502441	-77.603653
13382.885742	-87.663208
13388.269043	-88.590981
13393.652344	-83.420006
13399.035645	-77.890701
13404.418945	-73.500969
13409.802246	-71.355621
13415.185547	-71.585953
13420.568848	-74.890915
13425.952148	-82.017815
13431.335449	-74.464638
13436.718750	-69.495865
13442.102051	-67.586098
13447.485352	-67.703064
13452.868652	-68.638199
13458.251953	-68.606369
13463.635254	-67.408211
13469.018555	-66.587700
13474.401855	-67.029510
13479.785156	-69.323830
13485.168457	-73.798645
13490.551758	-76.476936
13495.935059	-73.013016
13501.318359	-70.174362
13506.701660	-68.667732
13512.084961	-68.529060
13517.468262	-70.011581
13522.851562	-73.624741
13528.234863	-78.477669
13533.618164	-75.370613
13539.001465	-72.270355
13544.384766	-72.282372
13549.768066	-75.524422
13555.151367	-78.398094
13560.534668	-73.844124
13565.917969	-70.754616
13571.301270	-69.761238
13576.684570	-70.438393
13582.067871	-73.205528
13587.451172	-79.899399
13592.834473	-78.615746
13598.217773	-71.772774
13603.601074	-69.223091
13608.984375	-69.700371
13614.367676	-72.790627
13619.750977	-73.278458
13625.134277	-68.436188
13630.517578	-65.594841
13635.900879	-64.852287
13641.284180	-66.060875
13646.667480	-69.687134
13652.050781	-77.215988
13657.434082	-78.077400
13662.817383	-72.341492
13668.200684	-69.970985
13673.583984	-68.875237
13678.967285	-68.223251
13684.350586	-67.740479
13689.733887	-67.488403
13695.117188	-67.373871
13700.500488	-67.287003
13705.883789	-67.473839
13711.267090	-68.142342
13716.650391	-69.479546
13722.033691	-70.923111
13727.416992	-69.859390
13732.800293	-67.087326
13738.183594	-65.110611
13743.566895	-64.548088
13748.950195	-65.395401
13754.333496	-67.375481
13759.716797	-69.127670
13765.100098	-68.736832
13770.483398	-68.153656
13775.866699	-69.255569
13781.250000	-72.466835
13786.633301	-74.917557
13792.016602	-71.905632
13797.399902	-69.090988
13802.783203	-67.149193
13808.166504	-65.571114
13813.549805	-64.722107
13818.933105	-65.373619
13824.316406	-68.384224
13829.699707	-75.306740
13835.083008	-75.330826
13840.466309	-69.602676
13845.849609	-67.530174
13851.232910	-67.063332
13856.616211	-67.126419
13861.999512	-67.342781
13867.382812	-68.540070
13872.766113	-72.243629
13878.149414	-79.583427
13883.532715	-73.448326
13888.916016	-68.929596
13894.299316	-67.001144
13899.682617	-66.373398
13905.065918	-66.501862
13910.449219	-67.625038
13915.832520	-70.677734
13921.215820	-76.741570
13926.599121	-73.390755
13931.982422	-68.229179
13937.365723	-66.098320
13942.749023	-65.908592
13948.132324	-67.088364
13953.515625	-69.514153
13958.898926	-73.461845
13964.282227	-79.090714
13969.665527	-74.598480
13975.048828	-69.709106
13980.432129	-67.485657
13985.815430	-67.333748
13991.198730	-68.939034
13996.582031	-71.147942
14001.965332	-71.127533
14007.348633	-70.515091
14012.731934	-71.802605
14018.115234	-76.915924
14023.498535	-80.666718
14028.881836	-73.640594
14034.265137	-70.603439
14039.648438	-69.790718
14045.031738	-70.283310
14050.415039	-72.206596
14055.798340	-76.248055
14061.181641	-80.492622
14066.564941	-76.316620
14071.948242	-73.579849
14077.331543	-73.229256
14082.714844	-72.745750
14088.098145	-70.745171
14093.481445	-69.391350
14098.864746	-69.798103
14104.248047	-72.427635
14109.631348	-73.553230
14115.014648	-69.474625
14120.397949	-66.995018
14125.781250	-66.861351
14131.164551	-68.821365
14136.547852	-72.397018
14141.931152	-71.604668
14147.314453	-67.504196
14152.697754	-64.949051
14158.081055	-63.988018
14163.464355	-64.715370
14168.847656	-67.706909
14174.230957	-74.868347
14179.614258	-75.538124
14184.997559	-69.179405
14190.380859	-67.229622
14195.764160	-67.792374
14201.147461	-70.397766
14206.530762	-75.163048
14211.914062	-82.310883
14217.297363	-84.551651
14222.680664	-81.335945
14228.063965	-81.136139
14233.447266	-84.166092
14238.830566	-80.852844
14244.213867	-73.253929
14249.597168	-69.271851
14254.980469	-67.779388
14260.363770	-68.600685
14265.747070	-72.282593
14271.130371	-79.298813
14276.513672	-74.447693
14281.896973	-70.239677
14287.280273	-69.071144
14292.663574	-70.004204
14298.046875	-72.384598
14303.430176	-73.395271
14308.813477	-71.471703
14314.196777	-70.020905
14319.580078	-69.935310
14324.963379	-71.113472
14330.346680	-72.741905
14335.729980	-73.027199
14341.113281	-72.359314
14346.496582	-72.200249
14351.879883	-72.941566
14357.263184	-73.419456
14362.646484	-72.910469
14368.029785	-72.229927
14373.413086	-72.330101
14378.796387	-73.263374
14384.179688	-73.499207
14389.562988	-71.645256
14394.946289	-69.801872
14400.329590	-69.174179
14405.712891	-70.560776
14411.096191	-75.420845
14416.479492	-79.573555
14421.862793	-71.708618
14427.246094	-68.216866
14432.629395	-67.589828
14438.012695	-68.623894
14443.395996	-69.909309
14448.779297	-69.495972
14454.162598	-68.441124
14459.545898	-68.625748
14464.929199	-70.824532
14470.312500	-75.851318
14475.695801	-80.268921
14481.079102	-73.896164
14486.462402	-70.348289
14491.845703	-68.579315
14497.229004	-67.749794
14502.612305	-67.699104
14507.995605	-68.741890
14513.378906	-71.574371
14518.762207	-77.298302
14524.145508	-81.073235
14529.528809	-75.442047
14534.912109	-73.282280
14540.295410	-73.697929
14545.678711	-76.043549
14551.062012	-79.259949
14556.445312	-81.585304
14561.828613	-80.773392
14567.211914	-78.774109
14572.595215	-76.134277
14577.978516	-73.297104
14583.361816	-70.991226
14588.745117	-70.072250
14594.128418	-70.854553
14599.511719	-73.605858
14604.895020	-79.014465
14610.278320	-78.378281
14615.661621	-73.213577
14621.044922	-70.381546
14626.428223	-69.064407
14631.811523	-68.782852
14637.194824	-69.602875
14642.578125	-72.169334
14647.961426	-78.101959
14653.344727	-80.542778
14658.728027	-73.966644
14664.111328	-71.895935
14669.494629	-72.929298
14674.877930	-74.794952
14680.261230	-72.498726
14685.644531	-69.989479
14691.027832	-69.504044
14696.411133	-71.161934
14701.794434	-74.661621
14707.177734	-77.074837
14712.561035	-75.272583
14717.944336	-74.265694
14723.327637	-74.989609
14728.710938	-76.938820
14734.094238	-78.830223
14739.477539	-79.177345
14744.860840	-79.272827
14750.244141	-79.406059
14755.627441	-80.108849
14761.010742	-81.580727
14766.394043	-78.403633
14771.777344	-73.972801
14777.160645	-71.795067
14782.543945	-72.111794
14787.927246	-75.670944
14793.310547	-83.009766
14798.693848	-78.064430
14804.077148	-74.462616
14809.460449	-74.175446
14814.843750	-76.925537
14820.227051	-84.523491
14825.610352	-78.826973
14830.993652	-73.594261
14836.376953	-71.458015
14841.760254	-71.075378
14847.143555	-71.946892
14852.526855	-74.175438
14857.910156	-78.290718
14863.293457	-86.283028
14868.676758	-81.962975
14874.060059	-76.210304
14879.443359	-73.508408
14884.826660	-72.720436
14890.209961	-73.459160
14895.593262	-75.970558
14900.976562	-81.059601
14906.359863	-81.424500
14911.743164	-75.700989
14917.126465	-72.250305
14922.509766	-70.602104
14927.893066	-70.433098
14933.276367	-71.615570
14938.659668	-73.834953
14944.042969	-76.707565
14949.426270	-79.734406
14954.809570	-81.740662
14960.192871	-82.097313
14965.576172	-80.665726
14970.959473	-78.894920
14976.342773	-77.173706
14981.726074	-76.883286
14987.109375	-78.625404
14992.492676	-82.847557
14997.875977	-80.131119
15003.259277	-74.313782
15008.642578	-71.047287
15014.025879	-69.762093
15019.409180	-70.194550
15024.792480	-72.510811
15030.175781	-77.897705
15035.559082	-85.016838
15040.942383	-77.357025
15046.325684	-72.558792
15051.708984	-69.982086
15057.092285	-69.058601
15062.475586	-69.168068
15067.858887	-69.169556
15073.242188	-68.424179
15078.625488	-68.098709
15084.008789	-69.374512
15089.392090	-73.413971
15094.775391	-81.439804
15100.158691	-73.732605
15105.541992	-69.300949
15110.925293	-67.945328
15116.308594	-68.591522
15121.691895	-70.726295
15127.075195	-73.544167
15132.458496	-75.958191
15137.841797	-78.241890
15143.225098	-82.190323
15148.608398	-90.645012
15153.991699	-86.373062
15159.375000	-81.882736
15164.758301	-79.922974
15170.141602	-79.349686
15175.524902	-77.994591
15180.908203	-75.602127
15186.291504	-73.144188
15191.674805	-71.244904
15197.058105	-70.164619
15202.441406	-70.324425
15207.824707	-72.355553
15213.208008	-77.364029
15218.591309	-78.578392
15223.974609	-72.021912
15229.357910	-68.712814
15234.741211	-67.396919
15240.124512	-67.481789
15245.507812	-68.837250
15250.891113	-71.368706
15256.274414	-74.107742
15261.657715	-73.729439
15267.041016	-70.977905
15272.424316	-69.151802
15277.807617	-68.901833
15283.190918	-70.580925
15288.574219	-74.730873
15293.957520	-79.489967
15299.340820	-75.310928
15304.724121	-73.175896
15310.107422	-74.690781
15315.490723	-81.005455
15320.874023	-79.992096
15326.257324	-74.516647
15331.640625	-73.506317
15337.023926	-75.777428
15342.407227	-81.492065
15347.790527	-81.323174
15353.173828	-78.146065
15358.557129	-76.105515
15363.940430	-72.915314
15369.323730	-70.700600
15374.707031	-70.904732
15380.090332	-73.773987
15385.473633	-75.138474
15390.856934	-70.576340
15396.240234	-67.966866
15401.623535	-67.799301
15407.006836	-70.276901
15412.390137	-76.566841
15417.773438	-80.390213
15423.156738	-73.461967
15428.540039	-71.989960
15433.923340	-73.767738
15439.306641	-75.647919
15444.689941	-73.718079
15450.073242	-72.867714
15455.456543	-74.824730
15460.839844	-78.645142
15466.223145	-76.038406
15471.606445	-72.714546
15476.989746	-71.917404
15482.373047	-72.313972
15487.756348	-73.020439
15493.139648	-75.187897
15498.522949	-81.029762
15503.906250	-77.064713
15509.289551	-70.590935
15514.672852	-67.792557
15520.056152	-67.334930
15525.439453	-69.169525
15530.822754	-73.827797
15536.206055	-80.617485
15541.589355	-78.820908
15546.972656	-77.056213
15552.355957	-78.902397
15557.739258	-82.625458
15563.122559	-78.706123
15568.505859	-74.310349
15573.889160	-72.455246
15579.272461	-72.783607
15584.655762	-75.728828
15590.039062	-81.676109
15595.422363	-80.989975
15600.805664	-76.185059
15606.188965	-73.822975
15611.572266	-73.068169
15616.955566	-73.197136
15622.338867	-73.040787
15627.722168	-71.759949
15633.105469	-70.755806
15638.488770	-71.336731
15643.872070	-73.926941
15649.255371	-78.624428
15654.638672	-82.427109
15660.021973	-82.278679
15665.405273	-81.883560
15670.788574	-78.457130
15676.171875	-74.068039
15681.555176	-71.105629
15686.938477	-69.505783
15692.321777	-68.845146
15697.705078	-69.009865
15703.088379	-70.292877
15708.471680	-73.029037
15713.854980	-77.194534
15719.238281	-78.659042
15724.621582	-75.665115
15730.004883	-73.802574
15735.388184	-74.323265
15740.771484	-76.820831
15746.154785	-80.108444
15751.538086	-78.020798
15756.921387	-75.290184
15762.304688	-74.045410
15767.687988	-73.845322
15773.071289	-75.186172
15778.454590	-78.573982
15783.837891	-84.285805
15789.221191	-80.202469
15794.604492	-75.616570
15799.987793	-74.210457
15805.371094	-75.790154
15810.754395	-80.941925
15816.137695	-82.373039
15821.520996	-78.962486
15826.904297	-79.031830
15832.287598	-78.439240
15837.670898	-73.880989
15843.054199	-70.784744
15848.437500	-69.480064
15853.820801	-69.304382
15859.204102	-68.777245
15864.587402	-67.669731
15869.970703	-67.222488
15875.354004	-68.348923
15880.737305	-72.061668
15886.120605	-75.140274
15891.503906	-70.260994
15896.887207	-67.129417
15902.270508	-66.446175
15907.653809	-67.462006
15913.037109	-69.833611
15918.420410	-72.788475
15923.803711	-74.203957
15929.187012	-74.688293
15934.570312	-75.388489
15939.953613	-75.025925
15945.336914	-73.373566
15950.720215	-72.440361
15956.103516	-72.701660
15961.486816	-74.042847
15966.870117	-75.849022
15972.253418	-77.548126
15977.636719	-79.618523
15983.020020	-82.778351
15988.403320	-86.960121
15993.786621	-84.449142
15999.169922	-78.746254
16004.553223	-74.863914
16009.936523	-72.974892
16015.319824	-72.761864
16020.703125	-73.958488
16026.086426	-77.173378
16031.469727	-83.571342
16036.853027	-86.264984
16042.236328	-81.806923
16047.619629	-81.156868
16053.002930	-84.537186
16058.386230	-87.331627
16063.769531	-79.256187
16069.152832	-75.140182
16074.536133	-73.413673
16079.919434	-73.453217
16085.302734	-74.711838
16090.686035	-76.589973
16096.069336	-78.024178
16101.452637	-77.914871
16106.835938	-76.024834
16112.219238	-74.206116
16117.602539	-73.929024
16122.985840	-76.384499
16128.369141	-82.422974
16133.752441	-76.713333
16139.135742	-71.644020
16144.519043	-69.702988
16149.902344	-70.128166
16155.285645	-72.965050
16160.668945	-78.716164
16166.052246	-78.427338
16171.435547	-74.496246
16176.818848	-73.262398
16182.202148	-74.215881
16187.585449	-76.967690
16192.968750	-81.339645
16198.352051	-82.696671
16203.735352	-76.753510
16209.118652	-72.672867
16214.501953	-70.945877
16219.885254	-71.572372
16225.268555	-74.814430
16230.651855	-79.547119
16236.035156	-76.912697
16241.418457	-73.020653
16246.801758	-71.192024
16252.185059	-70.688194
16257.568359	-70.704941
16262.951660	-71.113106
16268.334961	-72.620888
16273.718262	-76.424881
16279.101562	-80.964951
16284.484863	-77.363182
16289.868164	-74.539467
16295.251465	-73.248215
16300.634766	-72.473427
16306.018066	-72.241562
16311.401367	-72.757561
16316.784668	-74.152351
16322.167969	-77.119431
16327.551270	-82.675468
16332.934570	-82.952164
16338.317871	-78.459953
16343.701172	-77.196289
16349.084473	-78.463043
16354.467773	-81.071098
16359.851074	-83.421265
16365.234375	-83.133713
16370.617676	-80.090775
16376.000977	-77.330406
16381.384277	-76.365349
16386.767578	-77.295341
16392.150879	-79.777214
16397.534180	-83.189857
16402.917480	-86.539322
16408.300781	-82.424500
16413.684082	-76.906921
16419.067383	-73.610626
16424.450684	-72.044342
16429.833984	-71.548607
16435.217285	-72.062622
16440.600586	-72.891708
16445.983887	-72.977997
16451.367188	-72.229301
16456.750488	-71.650909
16462.133789	-71.939796
16467.517090	-72.806953
16472.900391	-73.990364
16478.283691	-74.913422
16483.666992	-75.020088
16489.050293	-74.627365
16494.433594	-74.680122
16499.816895	-75.969681
16505.200195	-77.583725
16510.583496	-78.745865
16515.966797	-79.899605
16521.350098	-81.476967
16526.733398	-79.944069
16532.116699	-75.664299
16537.500000	-72.904129
16542.883301	-71.914886
16548.266602	-72.707573
16553.649902	-75.328972
16559.033203	-80.037476
16564.416504	-85.083046
16569.799805	-85.197868
16575.183105	-83.434998
16580.566406	-80.829239
16585.949707	-77.462372
16591.333008	-75.418930
16596.716309	-74.696495
16602.099609	-74.261719
16607.482910	-73.545197
16612.866211	-73.656410
16618.249512	-75.436905
16623.632812	-79.306541
16629.016113	-85.321350
16634.399414	-82.484726
16639.782715	-77.240875
16645.166016	-74.185181
16650.549316	-72.564987
16655.932617	-72.153168
16661.315918	-73.007675
16666.699219	-74.948151
16672.082520	-77.557838
16677.465820	-80.246964
16682.849121	-83.332680
16688.232422	-86.244713
16693.615723	-87.733566
16698.999023	-85.086067
16704.382324	-80.922829
16709.765625	-77.706810
16715.148926	-75.492279
16720.532227	-74.523529
16725.915527	-74.610115
16731.298828	-75.319824
16736.682129	-75.966446
16742.065430	-76.481049
16747.448730	-77.564415
16752.832031	-80.095406
16758.215332	-85.900497
16763.598633	-80.567039
16768.981934	-74.862968
16774.365234	-72.166283
16779.748535	-71.929672
16785.131836	-74.199722
16790.515137	-80.625343
16795.898438	-78.970619
16801.281738	-72.179680
16806.665039	-69.201164
16812.048340	-68.396378
16817.431641	-69.382393
16822.814941	-71.822670
16828.198242	-75.738449
16833.581543	-78.765305
16838.964844	-75.981186
16844.348145	-73.233978
16849.731445	-72.077316
16855.114746	-72.120880
16860.498047	-72.679573
16865.881348	-73.476891
16871.264648	-74.920952
16876.647949	-77.525078
16882.031250	-81.169907
16887.414551	-83.298981
16892.797852	-81.286598
16898.181152	-79.863792
16903.564453	-78.636795
16908.947754	-77.569847
16914.331055	-76.783066
16919.714355	-76.609985
16925.097656	-76.752388
16930.480957	-77.119904
16935.864258	-76.883476
16941.247559	-75.385559
16946.630859	-73.648155
16952.014160	-72.697533
16957.397461	-73.538017
16962.780762	-76.043297
16968.164062	-77.756493
16973.547363	-75.461830
16978.930664	-73.527069
16984.313965	-72.787582
16989.697266	-73.232445
16995.080566	-74.988991
17000.463867	-77.862938
17005.847168	-81.819695
17011.230469	-83.247734
17016.613770	-80.024452
17021.997070	-76.972321
17027.380371	-75.114662
17032.763672	-74.442146
17038.146973	-74.603661
17043.530273	-75.372498
17048.913574	-75.568718
17054.296875	-74.595711
17059.680176	-73.210556
17065.063477	-72.495590
17070.446777	-73.138435
17075.830078	-75.315964
17081.213379	-79.468094
17086.596680	-85.519287
17091.979980	-90.504372
17097.363281	-89.182243
17102.746582	-85.156609
17108.129883	-80.862457
17113.513184	-77.899544
17118.896484	-76.274834
17124.279785	-75.729599
17129.663086	-76.309425
17135.046387	-77.961121
17140.429688	-80.394623
17145.812988	-80.324821
17151.196289	-78.061180
17156.579590	-77.056503
17161.962891	-78.058411
17167.346191	-81.903008
17172.729492	-81.747238
17178.112793	-75.042862
17183.496094	-71.012833
17188.879395	-69.085289
17194.262695	-68.818008
17199.645996	-70.367615
17205.029297	-74.574562
17210.412598	-82.225929
17215.795898	-76.700073
17221.179199	-72.393211
17226.562500	-70.921486
17231.945801	-70.866081
17237.329102	-71.941467
17242.712402	-73.753853
17248.095703	-75.922775
17253.479004	-79.089424
17258.862305	-84.904984
17264.245605	-86.949455
17269.628906	-79.637802
17275.012207	-76.391411
17280.395508	-75.755470
17285.778809	-76.642654
17291.162109	-77.927940
17296.545410	-78.545959
17301.928711	-78.769531
17307.312012	-80.517677
17312.695312	-85.172485
17318.078613	-89.623772
17323.461914	-88.701080
17328.845215	-89.227776
17334.228516	-89.476791
17339.611816	-87.484291
17344.995117	-86.919586
17350.378418	-87.632767
17355.761719	-88.411072
17361.145020	-82.656189
17366.528320	-76.966873
17371.911621	-73.241661
17377.294922	-71.227295
17382.678223	-70.822952
17388.061523	-72.483055
17393.444824	-76.903679
17398.828125	-79.952057
17404.211426	-75.373901
17409.594727	-73.367889
17414.978027	-74.179359
17420.361328	-77.677589
17425.744629	-81.856010
17431.127930	-80.491180
17436.511230	-80.144203
17441.894531	-83.789154
17447.277832	-83.871979
17452.661133	-77.701355
17458.044434	-74.523354
17463.427734	-73.693039
17468.811035	-74.651726
17474.194336	-76.933296
17479.577637	-79.705482
17484.960938	-81.180138
17490.344238	-78.814873
17495.727539	-75.249550
17501.110840	-72.905037
17506.494141	-71.839249
17511.877441	-72.163872
17517.260742	-73.892670
17522.644043	-77.253609
17528.027344	-81.982162
17533.410645	-85.850571
17538.793945	-86.422424
17544.177246	-82.311928
17549.560547	-76.970856
17554.943848	-73.251625
17560.327148	-71.287643
17565.710449	-70.796608
17571.093750	-71.581520
17576.477051	-73.603355
17581.860352	-76.755661
17587.243652	-81.586449
17592.626953	-83.261307
17598.010254	-76.884277
17603.393555	-72.881393
17608.776855	-71.035446
17614.160156	-70.980293
17619.543457	-72.646324
17624.926758	-76.561226
17630.310059	-83.153008
17635.693359	-82.095322
17641.076660	-77.653664
17646.459961	-74.724373
17651.843262	-72.917412
17657.226562	-72.130150
17662.609863	-72.776207
17667.993164	-75.320259
17673.376465	-80.747055
17678.759766	-88.267136
17684.143066	-80.995964
17689.526367	-77.159340
17694.909668	-74.420387
17700.292969	-72.370102
17705.676270	-71.364822
17711.059570	-71.472054
17716.442871	-72.840256
17721.826172	-76.252106
17727.209473	-82.390732
17732.592773	-80.801765
17737.976074	-75.174416
17743.359375	-72.247917
17748.742676	-70.899437
17754.125977	-70.859436
17759.509277	-72.242630
17764.892578	-75.808067
17770.275879	-82.806679
17775.659180	-81.016922
17781.042480	-77.104614
17786.425781	-77.492455
17791.809082	-80.897179
17797.192383	-76.221542
17802.575684	-70.858459
17807.958984	-68.322151
17813.342285	-67.756104
17818.725586	-69.020782
17824.108887	-72.036247
17829.492188	-75.142563
17834.875488	-74.246307
17840.258789	-72.031425
17845.642090	-70.815773
17851.025391	-70.351044
17856.408691	-70.443695
17861.791992	-71.377632
17867.175293	-73.564934
17872.558594	-77.993530
17877.941895	-85.164169
17883.325195	-82.666672
17888.708496	-80.153336
17894.091797	-79.081635
17899.475098	-77.189255
17904.858398	-75.203659
17910.241699	-74.849602
17915.625000	-77.166916
17921.008301	-84.354530
17926.391602	-81.873718
17931.774902	-75.809418
17937.158203	-74.202316
17942.541504	-75.567047
17947.924805	-80.757263
17953.308105	-87.265121
17958.691406	-79.621582
17964.074707	-76.422112
17969.458008	-74.568764
17974.841309	-72.808746
17980.224609	-71.901451
17985.607910	-72.540375
17990.991211	-75.069664
17996.374512	-78.399734
18001.757812	-75.936882
18007.141113	-73.090118
18012.524414	-71.925636
18017.907715	-72.088120
18023.291016	-73.136871
18028.674316	-74.979439
18034.057617	-78.803146
18039.440918	-85.679245
18044.824219	-82.351662
18050.207520	-78.166023
18055.590820	-76.851303
18060.974121	-77.035965
18066.357422	-76.651047
18071.740723	-76.218658
18077.124023	-77.935677
18082.507324	-83.584602
18087.890625	-79.471176
18093.273926	-73.396667
18098.657227	-71.046684
18104.040527	-71.309196
18109.423828	-74.559013
18114.807129	-82.781937
18120.190430	-79.834969
18125.573730	-74.085991
18130.957031	-72.250542
18136.340332	-72.385658
18141.723633	-73.671127
18147.106934	-74.836777
18152.490234	-74.443565
18157.873535	-73.481529
18163.256836	-73.777771
18168.640137	-75.708786
18174.023438	-79.522156
18179.406738	-79.884003
18184.790039	-75.511703
18190.173340	-72.444702
18195.556641	-71.143723
18200.939941	-71.186775
18206.323242	-72.577904
18211.706543	-76.020714
18217.089844	-82.619682
18222.473145	-79.340752
18227.856445	-74.231552
18233.239746	-72.409096
18238.623047	-72.802643
18244.006348	-75.426811
18249.389648	-80.687210
18254.772949	-84.626099
18260.156250	-83.876793
18265.539551	-86.570656
18270.922852	-82.986282
18276.306152	-77.370293
18281.689453	-74.785271
18287.072754	-74.548187
18292.456055	-75.732788
18297.839355	-77.090240
18303.222656	-77.947472
18308.605957	-79.867134
18313.989258	-83.900932
18319.372559	-80.478729
18324.755859	-75.762756
18330.139160	-73.803490
18335.522461	-73.778152
18340.905762	-74.212082
18346.289062	-72.985168
18351.672363	-71.704117
18357.055664	-72.060608
18362.438965	-74.754631
18367.822266	-80.449425
18373.205566	-78.465019
18378.588867	-73.377563
18383.972168	-70.968185
18389.355469	-69.977173
18394.738770	-69.753807
18400.122070	-70.095139
18405.505371	-71.393654
18410.888672	-73.566971
18416.271973	-74.379692
18421.655273	-72.760857
18427.038574	-71.209129
18432.421875	-70.970764
18437.805176	-71.823555
18443.188477	-73.611916
18448.571777	-75.971359
18453.955078	-78.223785
18459.338379	-79.852211
18464.721680	-80.389153
18470.104980	-80.352989
18475.488281	-81.185081
18480.871582	-84.018799
18486.254883	-90.564285
18491.638184	-93.220947
18497.021484	-85.893059
18502.404785	-82.182365
18507.788086	-80.428520
18513.171387	-80.007713
18518.554688	-78.734543
18523.937988	-75.634598
18529.321289	-72.437904
18534.704590	-70.344414
18540.087891	-69.740730
18545.471191	-70.803802
18550.854492	-73.612083
18556.237793	-75.487801
18561.621094	-72.250679
18567.004395	-69.476700
18572.387695	-68.332253
18577.770996	-68.413231
18583.154297	-69.370186
18588.537598	-71.001404
18593.920898	-73.361145
18599.304199	-75.998856
18604.687500	-75.675499
18610.070801	-72.685112
18615.454102	-70.562065
18620.837402	-69.844368
18626.220703	-70.549522
18631.604004	-72.544983
18636.987305	-75.495728
18642.370605	-78.393913
18647.753906	-77.973755
18653.137207	-75.075485
18658.520508	-72.843636
18663.903809	-72.110680
18669.287109	-73.300529
18674.670410	-77.203491
18680.053711	-85.176018
18685.437012	-80.230965
18690.820312	-75.962585
18696.203613	-74.543846
18701.586914	-74.408752
18706.970215	-74.860558
18712.353516	-76.119080
18717.736816	-78.790527
18723.120117	-80.509148
18728.503418	-78.243790
18733.886719	-76.597694
18739.270020	-77.703270
18744.653320	-81.699684
18750.036621	-79.855011
18755.419922	-75.815079
18760.803223	-74.531586
18766.186523	-75.700073
18771.569824	-79.146492
18776.953125	-79.169548
18782.336426	-74.928200
18787.719727	-72.146553
18793.103027	-71.265503
18798.486328	-72.495491
18803.869629	-76.868057
18809.252930	-82.440002
18814.636230	-73.879745
18820.019531	-69.733505
18825.402832	-68.297462
18830.786133	-68.778862
18836.169434	-70.694420
18841.552734	-72.709770
18846.936035	-72.322975
18852.319336	-71.130775
18857.702637	-70.870728
18863.085938	-71.340446
18868.469238	-71.307053
18873.852539	-70.683578
18879.235840	-70.272667
18884.619141	-70.555832
18890.002441	-71.538887
18895.385742	-73.044159
18900.769043	-75.557396
18906.152344	-78.475945
18911.535645	-79.545967
18916.918945	-78.364639
18922.302246	-77.401787
18927.685547	-77.715202
18933.068848	-79.106880
18938.452148	-80.360016
18943.835449	-78.892532
18949.218750	-77.138115
18954.602051	-76.371094
18959.985352	-76.585739
18965.368652	-75.908470
18970.751953	-75.223000
18976.135254	-75.988243
18981.518555	-78.561447
18986.901855	-78.782234
18992.285156	-74.546730
18997.668457	-71.925560
19003.051758	-70.961723
19008.435059	-70.982315
19013.818359	-71.512932
19019.201660	-72.427994
19024.584961	-74.456856
19029.968262	-78.623146
19035.351562	-84.154671
19040.734863	-78.872780
19046.118164	-75.180305
19051.501465	-74.051735
19056.884766	-74.418503
19062.268066	-75.801445
19067.651367	-78.606606
19073.034668	-84.145416
19078.417969	-85.500008
19083.801270	-78.000572
19089.184570	-74.590790
19094.567871	-74.162430
19099.951172	-76.489670
19105.334473	-82.607765
19110.717773	-80.143883
19116.101074	-74.820282
19121.484375	-72.851944
19126.867676	-73.330490
19132.250977	-76.167061
19137.634277	-81.595108
19143.017578	-79.079239
19148.400879	-73.902313
19153.784180	-70.956749
19159.167480	-69.563614
19164.550781	-69.544716
19169.934082	-70.854858
19175.317383	-73.798943
19180.700684	-76.257477
19186.083984	-73.870476
19191.467285	-71.070999
19196.850586	-69.981636
19202.233887	-70.388130
19207.617188	-72.251373
19213.000488	-75.308121
19218.383789	-78.386993
19223.767090	-79.756126
19229.150391	-81.041924
19234.533691	-82.492737
19239.916992	-80.754005
19245.300293	-77.558495
19250.683594	-76.033867
19256.066895	-75.980095
19261.450195	-77.033936
19266.833496	-78.129066
19272.216797	-78.213242
19277.600098	-78.317589
19282.983398	-78.711800
19288.366699	-79.524857
19293.750000	-80.107582
19299.133301	-79.830383
19304.516602	-79.948700
19309.899902	-81.190125
19315.283203	-82.058670
19320.666504	-81.107780
19326.049805	-79.754456
19331.433105	-78.838715
19336.816406	-78.054237
19342.199707	-77.460258
19347.583008	-77.412056
19352.966309	-79.192726
19358.349609	-83.615402
19363.732910	-82.356010
19369.116211	-77.626091
19374.499512	-75.997139
19379.882812	-76.942795
19385.266113	-79.709152
19390.649414	-83.025368
19396.032715	-83.357231
19401.416016	-82.868294
19406.799316	-80.962166
19412.182617	-77.885109
19417.565918	-75.692703
19422.949219	-74.774124
19428.332520	-75.519615
19433.715820	-78.380898
19439.099121	-83.644592
19444.482422	-81.444939
19449.865723	-76.466431
19455.249023	-74.038918
19460.632324	-72.695549
19466.015625	-72.379128
19471.398926	-73.335289
19476.782227	-75.976479
19482.165527	-81.159531
19487.548828	-83.589256
19492.932129	-78.953812
19498.315430	-76.319450
19503.698730	-75.730011
19509.082031	-76.608208
19514.465332	-78.512268
19519.848633	-79.191818
19525.231934	-78.108612
19530.615234	-77.231934
19535.998535	-77.626228
19541.381836	-79.887032
19546.765137	-84.592888
19552.148438	-90.243721
19557.531738	-85.522934
19562.915039	-82.191910
19568.298340	-79.736633
19573.681641	-77.591141
19579.064941	-75.734741
19584.448242	-74.259209
19589.831543	-73.582108
19595.214844	-74.118690
19600.598145	-76.566048
19605.981445	-81.403168
19611.364746	-86.436966
19616.748047	-82.210907
19622.131348	-78.750458
19627.514648	-76.723701
19632.897949	-75.202003
19638.281250	-73.892616
19643.664551	-72.896347
19649.047852	-72.528679
19654.431152	-73.197746
19659.814453	-75.312439
19665.197754	-78.793846
19670.581055	-79.474625
19675.964355	-77.478188
19681.347656	-76.776375
19686.730957	-78.355499
19692.114258	-82.277573
19697.497559	-85.681206
19702.880859	-82.117470
19708.264160	-79.686752
19713.647461	-79.233315
19719.030762	-80.247154
19724.414062	-80.226036
19729.797363	-78.241898
19735.180664	-75.851433
19740.563965	-74.016342
19745.947266	-73.376091
19751.330566	-74.041321
19756.713867	-76.101700
19762.097168	-78.213326
19767.480469	-77.060005
19772.863770	-74.101509
19778.247070	-71.745110
19783.630371	-70.364319
19789.013672	-70.205826
19794.396973	-71.434357
19799.780273	-74.124107
19805.163574	-77.981491
19810.546875	-78.828987
19815.930176	-75.865097
19821.313477	-73.596519
19826.696777	-72.045135
19832.080078	-71.019005
19837.463379	-70.809204
19842.846680	-71.625114
19848.229980	-73.644241
19853.613281	-75.236420
19858.996582	-74.666664
19864.379883	-73.614006
19869.763184	-73.663315
19875.146484	-74.841728
19880.529785	-77.197792
19885.913086	-82.215393
19891.296387	-85.167511
19896.679688	-77.300117
19902.062988	-73.116913
19907.446289	-71.403854
19912.829590	-70.709290
19918.212891	-69.992653
19923.596191	-69.138809
19928.979492	-69.238297
19934.362793	-71.276344
19939.746094	-76.357407
19945.129395	-77.192215
19950.512695	-71.964058
19955.895996	-69.756271
19961.279297	-69.640953
19966.662598	-70.607277
19972.045898	-71.323982
19977.429199	-72.065323
19982.812500	-74.380119
19988.195801	-77.970047
19993.579102	-76.864487
19998.962402	-74.182472
20004.345703	-73.516266
20009.729004	-75.253410
20015.112305	-79.580719
20020.495605	-82.952843
20025.878906	-78.909416
20031.262207	-75.343544
20036.645508	-73.037415
20042.028809	-72.246437
20047.412109	-73.584702
20052.795410	-77.969063
20058.178711	-83.901917
20063.562012	-78.760147
20068.945312	-75.987587
20074.328613	-76.101013
20079.711914	-77.076958
20085.095215	-76.932549
20090.478516	-77.038231
20095.861816	-79.495583
20101.245117	-86.722649
20106.628418	-83.487518
20112.011719	-78.660492
20117.395020	-77.991653
20122.778320	-79.906380
20128.161621	-82.133232
20133.544922	-80.272217
20138.928223	-80.180878
20144.311523	-84.717339
20149.694824	-88.604385
20155.078125	-83.469551
20160.461426	-82.622147
20165.844727	-87.090218
20171.228027	-89.574730
20176.611328	-82.117645
20181.994629	-80.471664
20187.377930	-82.718498
20192.761230	-86.310898
20198.144531	-80.308617
20203.527832	-76.837120
20208.911133	-76.484055
20214.294434	-78.413811
20219.677734	-81.076828
20225.061035	-80.371933
20230.444336	-79.164268
20235.827637	-80.243446
20241.210938	-84.201820
20246.594238	-91.105377
20251.977539	-85.249054
20257.360840	-81.950905
20262.744141	-81.952766
20268.127441	-83.988655
20273.510742	-86.739990
20278.894043	-86.826363
20284.277344	-84.244667
20289.660645	-82.176758
20295.043945	-80.773254
20300.427246	-78.811539
20305.810547	-77.174286
20311.193848	-76.030777
20316.577148	-75.882187
20321.960449	-76.432495
20327.343750	-76.439590
20332.727051	-74.656372
20338.110352	-72.496750
20343.493652	-71.315529
20348.876953	-71.252647
20354.260254	-72.497856
20359.643555	-75.024612
20365.026855	-78.972481
20370.410156	-81.691544
20375.793457	-76.890266
20381.176758	-72.686562
20386.560059	-70.292572
20391.943359	-69.511147
20397.326660	-70.297432
20402.709961	-72.767555
20408.093262	-77.346542
20413.476562	-83.954918
20418.859863	-89.536446
20424.243164	-87.878601
20429.626465	-82.586006
20435.009766	-78.326805
20440.393066	-76.148376
20445.776367	-75.560265
20451.159668	-76.029991
20456.542969	-77.509979
20461.926270	-79.888985
20467.309570	-82.929451
20472.692871	-85.203430
20478.076172	-84.068970
20483.459473	-82.438622
20488.842773	-81.484016
20494.226074	-81.744690
20499.609375	-83.345566
20504.992676	-83.962975
20510.375977	-82.818062
20515.759277	-81.278824
20521.142578	-80.328674
20526.525879	-80.209816
20531.909180	-80.285538
20537.292480	-80.866058
20542.675781	-81.914917
20548.059082	-83.490768
20553.442383	-84.704002
20558.825684	-85.153687
20564.208984	-85.988243
20569.592285	-89.169891
20574.975586	-96.508858
20580.358887	-89.822266
20585.742188	-84.569923
20591.125488	-81.955406
20596.508789	-80.319069
20601.892090	-78.687355
20607.275391	-77.105164
20612.658691	-76.382324
20618.041992	-76.579422
20623.425293	-77.452225
20628.808594	-78.489868
20634.191895	-77.961639
20639.575195	-76.865303
20644.958496	-76.495560
20650.341797	-78.184921
20655.725098	-82.778992
20661.108398	-86.453392
20666.491699	-79.460030
20671.875000	-76.431236
20677.258301	-76.131058
20682.641602	-78.414490
20688.024902	-83.751602
20693.408203	-90.490387
20698.791504	-88.037506
20704.174805	-89.429695
20709.558105	-95.540642
20714.941406	-90.746300
20720.324707	-89.652809
20725.708008	-92.306549
20731.091309	-85.094795
20736.474609	-80.866318
20741.857910	-80.675194
20747.241211	-84.862633
20752.624512	-84.059662
20758.007812	-77.072044
20763.391113	-74.104881
20768.774414	-73.455437
20774.157715	-74.474472
20779.541016	-76.508705
20784.924316	-78.783035
20790.307617	-82.558807
20795.690918	-84.201050
20801.074219	-77.247589
20806.457520	-73.067009
20811.840820	-71.801300
20817.224121	-72.888863
20822.607422	-76.862503
20827.990723	-84.440727
20833.374023	-78.722069
20838.757324	-75.295853
20844.140625	-74.842995
20849.523926	-76.267441
20854.907227	-78.521736
20860.290527	-81.901550
20865.673828	-85.607254
20871.057129	-81.964561
20876.440430	-78.289627
20881.823730	-77.084511
20887.207031	-78.375534
20892.590332	-82.789307
20897.973633	-88.707367
20903.356934	-84.305954
20908.740234	-80.580055
20914.123535	-77.390305
20919.506836	-74.552338
20924.890137	-72.834114
20930.273438	-72.759247
20935.656738	-74.707359
20941.040039	-79.618576
20946.423340	-82.575653
20951.806641	-77.110481
20957.189941	-74.122719
20962.573242	-73.120117
20967.956543	-73.341942
20973.339844	-74.550865
20978.723145	-76.505180
20984.106445	-79.045830
20989.489746	-81.460320
20994.873047	-80.131683
21000.256348	-77.711838
21005.639648	-76.103027
21011.022949	-75.815666
21016.406250	-76.757118
21021.789551	-78.815369
21027.172852	-81.703819
21032.556152	-83.287766
21037.939453	-82.372574
21043.322754	-79.598930
21048.706055	-76.585892
21054.089355	-74.626389
21059.472656	-73.777161
21064.855957	-74.365700
21070.239258	-76.355415
21075.622559	-80.026962
21081.005859	-82.790344
21086.389160	-80.979431
21091.772461	-78.611473
21097.155762	-76.727165
21102.539062	-75.381271
21107.922363	-74.734573
21113.305664	-75.036148
21118.688965	-76.451653
21124.072266	-78.370201
21129.455566	-80.104813
21134.838867	-84.995758
21140.222168	-86.109589
21145.605469	-77.448624
21150.988770	-73.405022
21156.372070	-72.238098
21161.755371	-73.449097
21167.138672	-77.680283
21172.521973	-83.933235
21177.905273	-78.512474
21183.288574	-75.409805
21188.671875	-75.571716
21194.055176	-78.249023
21199.438477	-83.821594
21204.821777	-83.710144
21210.205078	-79.113541
21215.588379	-76.903877
21220.971680	-76.345596
21226.354980	-77.537247
21231.738281	-80.649017
21237.121582	-83.516609
21242.504883	-81.747780
21247.888184	-80.353783
21253.271484	-81.916466
21258.654785	-86.269669
21264.038086	-81.425812
21269.421387	-76.791718
21274.804688	-75.106720
21280.187988	-75.589783
21285.571289	-77.759125
21290.954590	-81.769608
21296.337891	-87.402161
21301.721191	-86.610962
21307.104492	-82.059189
21312.487793	-79.038857
21317.871094	-78.246277
21323.254395	-79.196526
21328.637695	-81.053383
21334.020996	-82.831970
21339.404297	-82.381866
21344.787598	-80.296181
21350.170898	-77.961517
21355.554199	-76.212982
21360.937500	-75.246658
21366.320801	-75.172852
21371.704102	-75.856407
21377.087402	-76.381500
21382.470703	-76.343323
21387.854004	-75.740799
21393.237305	-75.570236
21398.620605	-76.412231
21404.003906	-78.159393
21409.387207	-80.894402
21414.770508	-84.070503
21420.153809	-85.363647
21425.537109	-82.588333
21430.920410	-80.404198
21436.303711	-79.868774
21441.687012	-80.420792
21447.070312	-80.835114
21452.453613	-80.277687
21457.836914	-80.259308
21463.220215	-81.110039
21468.603516	-83.055229
21473.986816	-85.376862
21479.370117	-85.906532
21484.753418	-84.242302
21490.136719	-79.840546
21495.520020	-76.156410
21500.903320	-73.952667
21506.286621	-73.424278
21511.669922	-74.614502
21517.053223	-77.643021
21522.436523	-82.141785
21527.819824	-81.004303
21533.203125	-76.659683
21538.586426	-73.352463
21543.969727	-71.321037
21549.353027	-70.809250
21554.736328	-71.862053
21560.119629	-75.055199
21565.502930	-81.372925
21570.886230	-82.628387
21576.269531	-77.986473
21581.652832	-75.461014
21587.036133	-73.598953
21592.419434	-71.902687
21597.802734	-71.327026
21603.186035	-72.045059
21608.569336	-74.558769
21613.952637	-79.604172
21619.335938	-84.930588
21624.719238	-80.538750
21630.102539	-77.565186
21635.485840	-76.097244
21640.869141	-75.484024
21646.252441	-75.924866
21651.635742	-78.034142
21657.019043	-81.669601
21662.402344	-83.353302
21667.785645	-81.800560
21673.168945	-81.896042
21678.552246	-82.781647
21683.935547	-80.753685
21689.318848	-78.552177
21694.702148	-78.095078
21700.085449	-79.749817
21705.468750	-84.278008
21710.852051	-92.885445
21716.235352	-87.970329
21721.618652	-83.075722
21727.001953	-79.486923
21732.385254	-77.194740
21737.768555	-76.707230
21743.151855	-78.041435
21748.535156	-81.971825
21753.918457	-87.195503
21759.301758	-82.282387
21764.685059	-79.406120
21770.068359	-79.475525
21775.451660	-82.100258
21780.834961	-86.195053
21786.218262	-85.002419
21791.601562	-82.086220
21796.984863	-81.878372
21802.368164	-84.233406
21807.751465	-89.153633
21813.134766	-87.355515
21818.518066	-82.151314
21823.901367	-79.037773
21829.284668	-77.432167
21834.667969	-77.007812
21840.051270	-78.135300
21845.434570	-80.750038
21850.817871	-83.242836
21856.201172	-81.919373
21861.584473	-79.338745
21866.967773	-78.505142
21872.351074	-79.016701
21877.734375	-80.900421
21883.117676	-83.844925
21888.500977	-86.742325
21893.884277	-87.880104
21899.267578	-87.551064
21904.650879	-86.127808
21910.034180	-83.913841
21915.417480	-82.453339
21920.800781	-81.480713
21926.184082	-81.986969
21931.567383	-83.682388
21936.950684	-84.567047
21942.333984	-82.447655
21947.717285	-80.435715
21953.100586	-80.087006
21958.483887	-82.215477
21963.867188	-87.034912
21969.250488	-84.837128
21974.633789	-79.274254
21980.017090	-76.411591
21985.400391	-75.235184
21990.783691	-75.626457
21996.166992	-77.624191
22001.550293	-82.180069
22006.933594	-86.387146
22012.316895	-79.459793
22017.700195	-75.932182
22023.083496	-74.930679
22028.466797	-76.098213
22033.850098	-80.014679
22039.233398	-86.587311
22044.616699	-85.157288
