Frequency (Hz)	Level (dB)
5.383301	-61.071228
10.766602	-58.233910
16.149902	-58.162304
21.533203	-54.218563
26.916504	-53.612328
32.299805	-55.622074
37.683105	-54.567417
43.066406	-52.856358
48.449707	-46.176891
53.833008	-48.914005
59.216309	-49.014248
64.599609	-49.558029
69.982910	-54.282299
75.366211	-56.033058
80.749512	-58.033745
86.132812	-63.182819
91.516113	-59.070068
96.899414	-53.111984
102.282715	-50.495213
107.666016	-52.656506
113.049316	-53.534008
118.432617	-55.131699
123.815918	-55.834526
129.199219	-54.389412
134.582520	-53.492916
139.965820	-54.066429
145.349121	-52.270817
150.732422	-50.841862
156.115723	-51.484253
161.499023	-51.764854
166.882324	-49.745819
172.265625	-48.075462
177.648926	-46.419712
183.032227	-45.944958
188.415527	-46.206085
193.798828	-47.259018
199.182129	-49.001404
204.565430	-48.671509
209.948730	-45.936283
215.332031	-43.859333
220.715332	-44.017612
226.098633	-44.201866
231.481934	-44.259995
236.865234	-45.406830
242.248535	-46.136265
247.631836	-45.792645
253.015137	-46.044346
258.398438	-45.740429
263.781738	-45.307362
269.165039	-45.108814
274.548340	-47.073769
279.931641	-45.980633
285.314941	-45.057068
290.698242	-43.860119
296.081543	-42.929680
301.464844	-42.312199
306.848145	-43.465023
312.231445	-44.892605
317.614746	-43.842026
322.998047	-44.572124
328.381348	-46.739719
333.764648	-42.916431
339.147949	-41.471996
344.531250	-44.681824
349.914551	-50.767170
355.297852	-43.676613
360.681152	-42.283855
366.064453	-42.040863
371.447754	-42.038956
376.831055	-45.286304
382.214355	-44.717979
387.597656	-43.288303
392.980957	-44.812981
398.364258	-50.904503
403.747559	-56.330971
409.130859	-56.304893
414.514160	-49.957355
419.897461	-44.015049
425.280762	-43.388264
430.664062	-47.275848
436.047363	-52.336979
441.430664	-56.282841
446.813965	-49.421711
452.197266	-43.233143
457.580566	-40.031525
462.963867	-38.525978
468.347168	-38.713821
473.730469	-38.021332
479.113770	-38.610161
484.497070	-42.753204
489.880371	-39.428200
495.263672	-36.060337
500.646973	-33.813015
506.030273	-31.939816
511.413574	-30.255587
516.796875	-28.257675
522.180176	-25.297421
527.563477	-21.898930
532.946777	-20.200220
538.330078	-22.499378
543.713379	-27.578968
549.096680	-31.402458
554.479980	-33.631241
559.863281	-34.688095
565.246582	-34.494850
570.629883	-35.401287
576.013184	-37.746655
581.396484	-44.108212
586.779785	-50.930557
592.163086	-44.200340
597.546387	-36.494598
602.929688	-30.377569
608.312988	-29.025324
613.696289	-30.404663
619.079590	-31.567940
624.462891	-32.768673
629.846191	-31.749193
635.229492	-31.191692
640.612793	-31.962221
645.996094	-32.159649
651.379395	-32.057381
656.762695	-31.546352
662.145996	-31.646526
667.529297	-31.870184
672.912598	-31.240620
678.295898	-31.266489
683.679199	-31.163275
689.062500	-30.178448
694.445801	-29.798994
699.829102	-30.473795
705.212402	-30.868242
710.595703	-30.478420
715.979004	-29.850037
721.362305	-30.412703
726.745605	-31.397915
732.128906	-32.788040
737.512207	-34.481361
742.895508	-35.144115
748.278809	-37.417007
753.662109	-42.676891
759.045410	-51.940563
764.428711	-43.914856
769.812012	-37.536816
775.195312	-34.816830
780.578613	-31.823223
785.961914	-27.853861
791.345215	-27.140793
796.728516	-31.028692
802.111816	-42.418663
807.495117	-39.613483
812.878418	-34.303837
818.261719	-32.772850
823.645020	-31.479118
829.028320	-30.560963
834.411621	-31.630913
839.794922	-34.730362
845.178223	-39.372009
850.561523	-41.402611
855.944824	-43.423618
861.328125	-45.774067
866.711426	-46.980804
872.094727	-49.439625
877.478027	-49.143761
882.861328	-42.637497
888.244629	-36.409115
893.627930	-31.760756
899.011230	-29.798059
904.394531	-31.261217
909.777832	-35.563499
915.161133	-37.524040
920.544434	-37.326466
925.927734	-38.596775
931.311035	-40.060040
936.694336	-40.555405
942.077637	-41.824554
947.460938	-42.825996
952.844238	-47.100819
958.227539	-55.398369
963.610840	-43.769592
968.994141	-35.917057
974.377441	-32.896481
979.760742	-33.513126
985.144043	-39.032288
990.527344	-42.091965
995.910645	-41.155441
1001.293945	-41.880852
1006.677246	-43.104763
1012.060547	-44.468830
1017.443848	-47.107323
1022.827148	-49.957653
1028.210449	-49.396858
1033.593750	-47.305595
1038.977051	-49.215813
1044.360352	-52.575493
1049.743652	-54.118816
1055.126953	-54.588032
1060.510254	-50.390892
1065.893555	-43.816273
1071.276855	-41.297733
1076.660156	-39.977936
1082.043457	-38.080898
1087.426758	-39.656746
1092.810059	-43.653152
1098.193359	-46.710220
1103.576660	-46.265003
1108.959961	-41.639309
1114.343262	-38.799297
1119.726562	-40.147102
1125.109863	-42.666534
1130.493164	-44.954754
1135.876465	-49.361610
1141.259766	-59.874477
1146.643066	-54.443981
1152.026367	-52.507355
1157.409668	-52.018589
1162.792969	-52.688446
1168.176270	-51.666595
1173.559570	-50.521511
1178.942871	-50.155388
1184.326172	-48.337330
1189.709473	-48.620617
1195.092773	-51.563519
1200.476074	-48.541958
1205.859375	-46.152016
1211.242676	-45.652546
1216.625977	-43.194614
1222.009277	-41.072655
1227.392578	-41.695522
1232.775879	-44.974869
1238.159180	-46.263180
1243.542480	-48.100597
1248.925781	-54.203533
1254.309082	-57.913055
1259.692383	-54.936188
1265.075684	-55.195232
1270.458984	-54.236668
1275.842285	-56.378613
1281.225586	-56.171898
1286.608887	-51.147491
1291.992188	-52.831348
1297.375488	-61.777309
1302.758789	-58.495346
1308.142090	-55.799656
1313.525391	-54.662457
1318.908691	-52.911266
1324.291992	-54.330635
1329.675293	-56.262505
1335.058594	-56.638885
1340.441895	-53.982334
1345.825195	-57.075359
1351.208496	-58.100754
1356.591797	-50.047729
1361.975098	-47.923637
1367.358398	-47.127357
1372.741699	-43.974983
1378.125000	-42.055752
1383.508301	-44.352585
1388.891602	-51.323051
1394.274902	-47.760014
1399.658203	-43.964737
1405.041504	-43.778168
1410.424805	-48.592693
1415.808105	-54.976452
1421.191406	-60.284386
1426.574707	-66.308395
1431.958008	-62.291607
1437.341309	-60.846687
1442.724609	-59.610519
1448.107910	-62.214283
1453.491211	-74.116974
1458.874512	-57.887348
1464.257812	-53.447952
1469.641113	-53.621571
1475.024414	-56.115685
1480.407715	-58.010757
1485.791016	-54.259571
1491.174316	-51.379253
1496.557617	-50.037586
1501.940918	-50.508816
1507.324219	-54.205235
1512.707520	-57.705719
1518.090820	-56.974308
1523.474121	-54.977993
1528.857422	-49.112869
1534.240723	-43.445808
1539.624023	-41.425533
1545.007324	-45.357563
1550.390625	-56.267029
1555.773926	-69.795631
1561.157227	-63.726868
1566.540527	-62.588089
1571.923828	-63.158226
1577.307129	-64.430824
1582.690430	-62.105328
1588.073730	-61.098186
1593.457031	-59.921318
1598.840332	-56.435062
1604.223633	-51.508507
1609.606934	-47.524872
1614.990234	-44.211304
1620.373535	-43.362274
1625.756836	-45.674618
1631.140137	-45.708138
1636.523438	-45.204178
1641.906738	-46.566757
1647.290039	-48.327225
1652.673340	-50.810280
1658.056641	-58.638943
1663.439941	-68.606613
1668.823242	-58.421349
1674.206543	-53.222458
1679.589844	-52.613663
1684.973145	-56.104427
1690.356445	-58.293316
1695.739746	-59.000336
1701.123047	-58.788124
1706.506348	-57.726044
1711.889648	-55.716930
1717.272949	-52.311230
1722.656250	-50.741211
1728.039551	-50.180984
1733.422852	-50.743961
1738.806152	-52.204239
1744.189453	-45.606647
1749.572754	-41.999031
1754.956055	-42.619602
1760.339355	-45.952400
1765.722656	-47.979710
1771.105957	-45.245022
1776.489258	-43.055756
1781.872559	-45.479359
1787.255859	-47.339493
1792.639160	-46.206024
1798.022461	-49.937420
1803.405762	-53.897598
1808.789062	-53.591492
1814.172363	-56.235447
1819.555664	-62.478962
1824.938965	-60.727634
1830.322266	-59.883648
1835.705566	-67.367905
1841.088867	-59.178196
1846.472168	-52.559807
1851.855469	-49.445938
1857.238770	-49.840038
1862.622070	-55.359032
1868.005371	-61.085808
1873.388672	-58.185524
1878.771973	-58.847450
1884.155273	-57.401932
1889.538574	-51.631763
1894.921875	-52.050350
1900.305176	-57.380219
1905.688477	-61.404404
1911.071777	-67.167046
1916.455078	-56.563824
1921.838379	-50.374657
1927.221680	-50.176537
1932.604980	-54.282177
1937.988281	-57.312481
1943.371582	-57.273224
1948.754883	-56.928265
1954.138184	-58.769363
1959.521484	-59.249748
1964.904785	-60.075600
1970.288086	-57.429127
1975.671387	-52.786144
1981.054688	-56.041504
1986.437988	-66.191582
1991.821289	-61.332428
1997.204590	-60.491959
2002.587891	-65.613770
2007.971191	-60.841267
2013.354492	-61.046928
2018.737793	-66.012802
2024.121094	-56.348469
2029.504395	-50.548405
2034.887695	-46.532993
2040.270996	-44.052341
2045.654297	-46.204678
2051.037598	-52.875977
2056.420898	-55.118610
2061.804199	-55.303272
2067.187500	-53.441757
2072.570801	-53.031303
2077.954102	-57.032272
2083.337402	-64.605904
2088.720703	-65.904457
2094.104004	-60.480343
2099.487305	-58.500164
2104.870605	-59.442551
2110.253906	-61.131145
2115.637207	-60.298840
2121.020508	-60.651531
2126.403809	-62.442406
2131.787109	-64.539001
2137.170410	-68.777893
2142.553711	-73.284317
2147.937012	-74.355995
2153.320312	-69.615906
2158.703613	-60.144608
2164.086914	-55.809193
2169.470215	-53.184006
2174.853516	-51.894711
2180.236816	-52.619102
2185.620117	-53.321030
2191.003418	-55.576797
2196.386719	-56.883606
2201.770020	-57.966530
2207.153320	-58.921413
2212.536621	-58.221237
2217.919922	-58.997410
2223.303223	-62.170921
2228.686523	-67.808922
2234.069824	-63.576450
2239.453125	-59.458176
2244.836426	-61.402363
2250.219727	-68.923248
2255.603027	-75.022362
2260.986328	-74.960907
2266.369629	-74.261047
2271.752930	-76.418404
2277.136230	-72.140251
2282.519531	-65.731544
2287.902832	-61.634094
2293.286133	-55.988091
2298.669434	-52.354385
2304.052734	-50.651501
2309.436035	-49.804161
2314.819336	-48.636772
2320.202637	-47.932465
2325.585938	-51.092258
2330.969238	-56.824707
2336.352539	-51.342018
2341.735840	-51.675919
2347.119141	-56.835892
2352.502441	-67.732597
2357.885742	-63.439697
2363.269043	-67.784454
2368.652344	-71.489235
2374.035645	-61.417740
2379.418945	-57.030807
2384.802246	-56.684029
2390.185547	-56.639858
2395.568848	-57.380623
2400.952148	-57.650776
2406.335449	-55.966091
2411.718750	-52.801064
2417.102051	-49.473839
2422.485352	-50.662949
2427.868652	-54.286148
2433.251953	-54.747910
2438.635254	-54.047287
2444.018555	-54.060822
2449.401855	-58.213947
2454.785156	-61.678810
2460.168457	-60.561909
2465.551758	-60.374039
2470.935059	-66.169136
2476.318359	-59.406700
2481.701660	-56.002781
2487.084961	-55.042625
2492.468262	-54.932144
2497.851562	-56.295959
2503.234863	-60.027702
2508.618164	-61.007793
2514.001465	-59.739975
2519.384766	-58.985085
2524.768066	-60.263103
2530.151367	-58.515709
2535.534668	-56.562828
2540.917969	-59.548595
2546.301270	-65.337814
2551.684570	-66.732666
2557.067871	-65.327698
2562.451172	-65.639046
2567.834473	-64.954407
2573.217773	-63.401878
2578.601074	-62.097740
2583.984375	-62.109978
2589.367676	-58.654114
2594.750977	-53.881794
2600.134277	-57.195850
2605.517578	-63.088051
2610.900879	-60.460613
2616.284180	-61.221611
2621.667480	-62.041210
2627.050781	-61.135632
2632.434082	-59.137596
2637.817383	-55.881561
2643.200684	-52.567997
2648.583984	-50.908775
2653.967285	-52.910595
2659.350586	-58.777733
2664.733887	-57.344769
2670.117188	-56.400681
2675.500488	-55.053986
2680.883789	-55.313923
2686.267090	-56.036839
2691.650391	-56.041843
2697.033691	-55.994202
2702.416992	-57.560429
2707.800293	-63.033188
2713.183594	-69.559296
2718.566895	-68.842300
2723.950195	-68.553848
2729.333496	-71.046127
2734.716797	-74.108040
2740.100098	-73.841766
2745.483398	-79.084755
2750.866699	-78.557816
2756.250000	-77.033241
2761.633301	-71.305321
2767.016602	-68.450584
2772.399902	-67.807365
2777.783203	-62.987160
2783.166504	-58.336349
2788.549805	-55.386017
2793.933105	-53.736122
2799.316406	-55.228558
2804.699707	-60.229065
2810.083008	-67.192551
2815.466309	-70.973320
2820.849609	-63.575054
2826.232910	-59.008579
2831.616211	-56.540127
2836.999512	-56.835022
2842.382812	-58.286900
2847.766113	-59.367340
2853.149414	-58.650269
2858.532715	-56.119793
2863.916016	-55.561005
2869.299316	-58.427032
2874.682617	-63.794636
2880.065918	-65.809845
2885.449219	-59.960659
2890.832520	-54.903130
2896.215820	-49.660961
2901.599121	-45.521465
2906.982422	-43.227810
2912.365723	-44.277718
2917.749023	-48.664639
2923.132324	-51.384605
2928.515625	-53.579727
2933.898926	-57.422722
2939.282227	-59.578838
2944.665527	-59.888889
2950.048828	-58.940693
2955.432129	-56.215458
2960.815430	-51.698540
2966.198730	-49.893955
2971.582031	-51.289974
2976.965332	-54.479126
2982.348633	-59.052261
2987.731934	-62.326351
2993.115234	-61.606026
2998.498535	-59.409389
3003.881836	-57.234703
3009.265137	-54.049450
3014.648438	-50.956383
3020.031738	-50.762627
3025.415039	-55.191238
3030.798340	-60.595348
3036.181641	-58.841324
3041.564941	-57.385910
3046.948242	-56.678333
3052.331543	-56.668621
3057.714844	-55.556126
3063.098145	-52.413578
3068.481445	-50.798855
3073.864746	-52.674633
3079.248047	-58.487633
3084.631348	-63.028889
3090.014648	-59.957134
3095.397949	-59.553230
3100.781250	-61.950760
3106.164551	-62.036922
3111.547852	-59.413933
3116.931152	-59.622879
3122.314453	-59.905384
3127.697754	-57.786861
3133.081055	-55.079685
3138.464355	-53.734005
3143.847656	-54.754337
3149.230957	-58.146896
3154.614258	-64.429138
3159.997559	-64.752342
3165.380859	-59.124977
3170.764160	-58.148666
3176.147461	-61.521946
3181.530762	-71.565437
3186.914062	-65.652603
3192.297363	-58.064243
3197.680664	-54.376789
3203.063965	-53.506954
3208.447266	-53.416256
3213.830566	-54.081596
3219.213867	-58.494911
3224.597168	-58.311905
3229.980469	-56.194702
3235.363770	-55.436512
3240.747070	-54.553371
3246.130371	-54.379139
3251.513672	-55.096020
3256.896973	-59.509613
3262.280273	-72.578911
3267.663574	-67.232407
3273.046875	-62.171944
3278.430176	-60.890213
3283.813477	-61.830173
3289.196777	-64.320282
3294.580078	-67.876579
3299.963379	-74.537140
3305.346680	-63.987598
3310.729980	-55.873043
3316.113281	-52.947235
3321.496582	-52.964928
3326.879883	-54.451443
3332.263184	-56.818241
3337.646484	-57.573818
3343.029785	-55.679237
3348.413086	-54.367435
3353.796387	-53.720871
3359.179688	-52.870895
3364.562988	-52.759323
3369.946289	-53.416916
3375.329590	-54.141033
3380.712891	-54.649502
3386.096191	-57.083767
3391.479492	-63.332245
3396.862793	-67.150978
3402.246094	-67.366386
3407.629395	-64.663483
3413.012695	-65.190514
3418.395996	-60.208397
3423.779297	-57.592766
3429.162598	-56.567417
3434.545898	-55.871113
3439.929199	-54.999214
3445.312500	-54.435238
3450.695801	-56.491543
3456.079102	-61.407639
3461.462402	-57.777840
3466.845703	-56.289158
3472.229004	-53.598995
3477.612305	-52.298840
3482.995605	-53.831322
3488.378906	-55.183575
3493.762207	-56.139061
3499.145508	-58.497372
3504.528809	-64.522507
3509.912109	-67.472061
3515.295410	-58.657555
3520.678711	-54.294819
3526.062012	-51.966526
3531.445312	-52.178680
3536.828613	-54.642941
3542.211914	-59.166065
3547.595215	-61.584805
3552.978516	-60.245102
3558.361816	-58.774082
3563.745117	-58.909420
3569.128418	-60.385632
3574.511719	-61.243198
3579.895020	-59.226742
3585.278320	-57.591373
3590.661621	-54.722137
3596.044922	-51.054428
3601.428223	-49.176548
3606.811523	-49.837368
3612.194824	-52.037018
3617.578125	-53.627102
3622.961426	-54.653343
3628.344727	-54.536423
3633.728027	-55.269402
3639.111328	-56.666916
3644.494629	-55.482597
3649.877930	-51.458981
3655.261230	-47.818043
3660.644531	-45.290646
3666.027832	-43.678127
3671.411133	-44.014481
3676.794434	-47.646626
3682.177734	-51.552799
3687.561035	-52.592625
3692.944336	-53.617657
3698.327637	-58.162270
3703.710938	-60.265785
3709.094238	-57.178219
3714.477539	-59.572407
3719.860840	-63.417873
3725.244141	-66.434273
3730.627441	-68.310532
3736.010742	-72.552643
3741.394043	-67.995026
3746.777344	-63.092445
3752.160645	-61.160458
3757.543945	-59.274643
3762.927246	-55.285965
3768.310547	-52.040867
3773.693848	-51.369328
3779.077148	-54.773052
3784.460449	-59.645176
3789.843750	-53.295021
3795.227051	-51.869896
3800.610352	-53.119888
3805.993652	-54.903538
3811.376953	-54.533836
3816.760254	-54.657856
3822.143555	-53.655315
3827.526855	-53.019753
3832.910156	-54.517002
3838.293457	-54.620441
3843.676758	-50.942936
3849.060059	-50.850838
3854.443359	-56.074566
3859.826660	-63.801922
3865.209961	-53.558926
3870.593262	-50.495110
3875.976562	-50.819149
3881.359863	-54.254681
3886.743164	-58.464825
3892.126465	-59.074039
3897.509766	-57.852810
3902.893066	-56.069679
3908.276367	-55.924175
3913.659668	-56.986332
3919.042969	-57.334324
3924.426270	-57.632744
3929.809570	-58.237610
3935.192871	-58.836952
3940.576172	-58.580544
3945.959473	-57.915142
3951.342773	-57.943813
3956.726074	-59.289150
3962.109375	-61.332802
3967.492676	-63.678600
3972.875977	-61.461090
3978.259277	-57.513767
3983.642578	-55.695435
3989.025879	-55.214718
3994.409180	-54.713333
3999.792480	-55.622494
4005.175781	-57.868637
4010.559082	-60.399746
4015.942383	-63.508121
4021.325684	-64.463966
4026.708984	-64.730820
4032.092285	-65.871437
4037.475586	-62.546368
4042.858887	-58.767899
4048.242188	-57.866508
4053.625488	-60.389637
4059.008789	-70.680580
4064.392090	-65.707138
4069.775391	-60.058521
4075.158691	-58.774826
4080.541992	-60.322670
4085.925293	-60.195351
4091.308594	-57.880188
4096.691895	-57.377708
4102.075195	-56.171154
4107.458496	-55.489285
4112.841797	-57.372108
4118.225098	-63.802742
4123.608398	-57.744373
4128.991699	-54.091396
4134.375000	-53.172314
4139.758301	-51.599712
4145.141602	-51.396812
4150.524902	-53.704441
4155.908203	-57.354229
4161.291504	-65.433662
4166.674805	-65.848328
4172.058105	-61.779858
4177.441406	-62.450653
4182.824707	-63.598770
4188.208008	-63.732800
4193.591309	-62.276318
4198.974609	-60.627541
4204.357910	-58.167011
4209.741211	-56.159451
4215.124512	-55.529194
4220.507812	-54.817123
4225.891113	-53.658165
4231.274414	-53.933075
4236.657715	-57.881023
4242.041016	-65.759697
4247.424316	-74.222137
4252.807617	-69.821236
4258.190918	-66.685570
4263.574219	-66.057289
4268.957520	-67.121803
4274.340820	-68.201881
4279.724121	-67.041458
4285.107422	-64.425415
4290.490723	-64.179703
4295.874023	-64.967117
4301.257324	-64.626152
4306.640625	-62.281624
4312.023926	-61.823063
4317.407227	-65.201035
4322.790527	-63.564255
4328.173828	-57.977562
4333.557129	-55.795963
4338.940430	-56.161060
4344.323730	-58.106342
4349.707031	-59.946373
4355.090332	-61.438900
4360.473633	-61.538471
4365.856934	-59.838970
4371.240234	-56.862587
4376.623535	-54.863838
4382.006836	-55.826893
4387.390137	-57.235710
4392.773438	-55.718479
4398.156738	-54.972065
4403.540039	-55.779846
4408.923340	-57.622047
4414.306641	-59.033222
4419.689941	-58.562233
4425.073242	-59.036648
4430.456543	-61.840660
4435.839844	-65.344864
4441.223145	-65.421989
4446.606445	-65.041641
4451.989746	-61.789047
4457.373047	-58.781288
4462.756348	-57.692554
4468.139648	-59.440033
4473.522949	-63.431126
4478.906250	-66.693748
4484.289551	-69.498215
4489.672852	-70.682053
4495.056152	-73.166458
4500.439453	-75.525635
4505.822754	-65.227806
4511.206055	-62.253342
4516.589355	-62.875114
4521.972656	-63.858131
4527.355957	-66.948448
4532.739258	-66.800674
4538.122559	-58.224659
4543.505859	-54.079884
4548.889160	-50.817963
4554.272461	-48.060562
4559.655762	-47.824745
4565.039062	-51.130283
4570.422363	-55.735764
4575.805664	-57.201469
4581.188965	-57.839451
4586.572266	-58.999588
4591.955566	-60.927258
4597.338867	-66.265564
4602.722168	-76.045784
4608.105469	-76.788017
4613.488770	-68.462975
4618.872070	-63.564079
4624.255371	-61.044708
4629.638672	-59.564587
4635.021973	-59.423992
4640.405273	-59.719414
4645.788574	-61.117008
4651.171875	-60.251862
4656.555176	-59.555893
4661.938477	-60.465748
4667.321777	-60.850895
4672.705078	-61.498280
4678.088379	-61.932213
4683.471680	-62.008152
4688.854980	-60.395103
4694.238281	-59.474735
4699.621582	-60.336296
4705.004883	-60.036560
4710.388184	-56.510231
4715.771484	-54.626106
4721.154785	-55.419571
4726.538086	-57.508121
4731.921387	-61.375973
4737.304688	-64.765007
4742.687988	-60.560177
4748.071289	-59.847935
4753.454590	-59.168011
4758.837891	-58.691147
4764.221191	-61.080212
4769.604492	-60.073402
4774.987793	-57.847214
4780.371094	-58.160351
4785.754395	-57.023579
4791.137695	-54.366703
4796.520996	-51.826759
4801.904297	-50.388123
4807.287598	-49.846748
4812.670898	-49.356499
4818.054199	-50.477928
4823.437500	-53.354683
4828.820801	-55.529068
4834.204102	-56.187653
4839.587402	-57.281826
4844.970703	-56.319534
4850.354004	-54.837212
4855.737305	-55.332737
4861.120605	-56.543072
4866.503906	-57.615814
4871.887207	-60.195801
4877.270508	-66.176544
4882.653809	-78.250893
4888.037109	-68.922958
4893.420410	-65.682098
4898.803711	-65.266083
4904.187012	-65.943756
4909.570312	-68.331673
4914.953613	-70.667419
4920.336914	-70.012695
4925.720215	-67.369492
4931.103516	-64.390602
4936.486816	-62.812328
4941.870117	-61.614094
4947.253418	-60.629257
4952.636719	-61.452991
4958.020020	-61.843258
4963.403320	-60.105034
4968.786621	-59.148388
4974.169922	-57.538677
4979.553223	-55.364418
4984.936523	-54.421635
4990.319824	-54.955673
4995.703125	-55.941456
5001.086426	-56.996597
5006.469727	-54.483147
5011.853027	-50.686119
5017.236328	-48.663692
5022.619629	-47.749718
5028.002930	-46.308414
5033.386230	-45.284218
5038.769531	-46.415771
5044.152832	-49.748013
5049.536133	-54.496994
5054.919434	-57.365784
5060.302734	-57.139294
5065.686035	-59.251675
5071.069336	-62.634842
5076.452637	-59.821404
5081.835938	-58.069172
5087.219238	-60.073925
5092.602539	-65.244270
5097.985840	-68.047882
5103.369141	-72.000511
5108.752441	-72.017296
5114.135742	-62.836441
5119.519043	-59.106464
5124.902344	-57.250114
5130.285645	-56.647388
5135.668945	-56.564869
5141.052246	-55.067158
5146.435547	-53.962776
5151.818848	-53.514606
5157.202148	-52.705601
5162.585449	-52.103733
5167.968750	-52.919865
5173.352051	-55.093258
5178.735352	-58.054802
5184.118652	-60.309338
5189.501953	-58.909908
5194.885254	-55.640896
5200.268555	-53.457542
5205.651855	-53.648445
5211.035156	-56.343857
5216.418457	-58.615120
5221.801758	-58.429169
5227.185059	-60.309280
5232.568359	-65.093521
5237.951660	-65.953461
5243.334961	-64.143242
5248.718262	-62.425804
5254.101562	-60.923889
5259.484863	-63.955013
5264.868164	-66.533920
5270.251465	-69.755669
5275.634766	-69.781883
5281.018066	-64.193573
5286.401367	-60.973373
5291.784668	-59.473442
5297.167969	-59.778690
5302.551270	-61.132946
5307.934570	-63.804321
5313.317871	-64.849411
5318.701172	-64.192848
5324.084473	-61.838985
5329.467773	-59.644718
5334.851074	-57.677452
5340.234375	-57.186134
5345.617676	-58.961876
5351.000977	-60.441349
5356.384277	-59.100288
5361.767578	-59.169655
5367.150879	-59.143074
5372.534180	-58.558983
5377.917480	-57.821205
5383.300781	-56.535408
5388.684082	-55.807453
5394.067383	-54.903290
5399.450684	-53.867130
5404.833984	-54.121716
5410.217285	-56.771420
5415.600586	-59.396706
5420.983887	-58.179127
5426.367188	-57.153656
5431.750488	-57.789890
5437.133789	-60.537224
5442.517090	-65.934433
5447.900391	-70.493729
5453.283691	-67.144814
5458.666992	-62.574753
5464.050293	-59.671974
5469.433594	-59.296326
5474.816895	-61.189762
5480.200195	-62.834080
5485.583496	-62.318150
5490.966797	-60.822762
5496.350098	-57.574368
5501.733398	-54.023651
5507.116699	-52.373299
5512.500000	-52.109303
5517.883301	-51.901207
5523.266602	-52.437973
5528.649902	-53.859550
5534.033203	-54.149509
5539.416504	-53.938446
5544.799805	-54.320732
5550.183105	-55.193226
5555.566406	-57.017303
5560.949707	-60.059444
5566.333008	-59.071136
5571.716309	-56.446236
5577.099609	-57.124336
5582.482910	-58.494072
5587.866211	-59.292999
5593.249512	-59.452789
5598.632812	-58.871429
5604.016113	-59.377186
5609.399414	-60.897522
5614.782715	-63.217449
5620.166016	-70.891365
5625.549316	-67.267128
5630.932617	-63.461292
5636.315918	-65.154121
5641.699219	-64.471207
5647.082520	-59.960575
5652.465820	-58.250946
5657.849121	-58.958885
5663.232422	-60.958832
5668.615723	-62.124165
5673.999023	-61.852985
5679.382324	-62.313305
5684.765625	-64.732887
5690.148926	-66.053238
5695.532227	-63.978401
5700.915527	-63.481060
5706.298828	-63.302593
5711.682129	-63.652199
5717.065430	-63.773743
5722.448730	-63.234764
5727.832031	-62.715466
5733.215332	-63.539200
5738.598633	-64.692123
5743.981934	-64.525154
5749.365234	-65.192139
5754.748535	-67.167328
5760.131836	-68.580849
5765.515137	-70.306221
5770.898438	-71.281021
5776.281738	-63.681305
5781.665039	-60.527084
5787.048340	-60.194950
5792.431641	-59.936447
5797.814941	-60.048183
5803.198242	-60.295364
5808.581543	-59.670898
5813.964844	-59.212841
5819.348145	-58.542892
5824.731445	-56.724724
5830.114746	-54.794292
5835.498047	-54.429008
5840.881348	-55.123894
5846.264648	-55.136974
5851.647949	-54.887321
5857.031250	-54.865646
5862.414551	-55.340916
5867.797852	-57.216496
5873.181152	-58.828655
5878.564453	-60.087822
5883.947754	-62.291809
5889.331055	-65.782372
5894.714355	-71.225327
5900.097656	-70.960152
5905.480957	-68.630745
5910.864258	-65.383354
5916.247559	-64.301849
5921.630859	-65.529465
5927.014160	-68.570717
5932.397461	-69.872147
5937.780762	-68.777367
5943.164062	-69.957542
5948.547363	-74.469055
5953.930664	-78.870667
5959.313965	-75.053619
5964.697266	-72.541946
5970.080566	-69.489243
5975.463867	-67.439629
5980.847168	-67.296272
5986.230469	-67.382401
5991.613770	-66.399094
5996.997070	-64.993362
6002.380371	-63.606861
6007.763672	-62.600334
6013.146973	-61.217075
6018.530273	-59.407700
6023.913574	-58.226948
6029.296875	-57.361969
6034.680176	-56.249336
6040.063477	-54.993160
6045.446777	-54.283340
6050.830078	-54.821671
6056.213379	-56.574852
6061.596680	-58.250809
6066.979980	-59.132534
6072.363281	-59.647049
6077.746582	-62.043327
6083.129883	-64.853218
6088.513184	-61.859097
6093.896484	-60.138947
6099.279785	-59.320621
6104.663086	-58.007332
6110.046387	-56.735676
6115.429688	-57.017296
6120.812988	-58.900494
6126.196289	-59.547127
6131.579590	-58.946617
6136.962891	-59.239044
6142.346191	-59.601910
6147.729492	-59.799149
6153.112793	-60.391914
6158.496094	-60.273930
6163.879395	-60.197731
6169.262695	-60.119915
6174.645996	-60.321022
6180.029297	-61.795223
6185.412598	-64.215103
6190.795898	-67.112556
6196.179199	-69.055794
6201.562500	-69.428802
6206.945801	-70.383751
6212.329102	-76.384605
6217.712402	-71.018059
6223.095703	-64.073441
6228.479004	-61.316261
6233.862305	-60.619072
6239.245605	-62.526958
6244.628906	-66.965401
6250.012207	-70.101280
6255.395508	-69.919464
6260.778809	-65.777138
6266.162109	-63.508148
6271.545410	-63.879402
6276.928711	-64.200172
6282.312012	-63.545929
6287.695312	-62.515095
6293.078613	-61.699821
6298.461914	-61.599869
6303.845215	-61.554699
6309.228516	-61.411045
6314.611816	-62.126896
6319.995117	-64.210396
6325.378418	-64.630417
6330.761719	-64.688835
6336.145020	-64.722084
6341.528320	-61.798740
6346.911621	-60.348888
6352.294922	-60.030800
6357.678223	-59.748566
6363.061523	-59.300480
6368.444824	-58.993496
6373.828125	-58.985455
6379.211426	-59.121418
6384.594727	-59.109604
6389.978027	-59.112484
6395.361328	-59.267925
6400.744629	-58.973438
6406.127930	-58.667511
6411.511230	-58.099236
6416.894531	-57.541901
6422.277832	-57.326565
6427.661133	-57.472282
6433.044434	-57.795765
6438.427734	-58.615757
6443.811035	-60.107685
6449.194336	-61.639114
6454.577637	-61.625267
6459.960938	-60.589661
6465.344238	-60.257103
6470.727539	-60.320530
6476.110840	-60.359806
6481.494141	-59.817825
6486.877441	-58.639030
6492.260742	-58.116192
6497.644043	-58.618378
6503.027344	-59.408833
6508.410645	-61.700508
6513.793945	-66.860970
6519.177246	-74.682343
6524.560547	-73.624664
6529.943848	-71.636200
6535.327148	-69.234604
6540.710449	-67.751839
6546.093750	-66.929779
6551.477051	-66.264229
6556.860352	-66.111343
6562.243652	-65.952202
6567.626953	-66.966927
6573.010254	-69.176895
6578.393555	-69.817596
6583.776855	-68.991425
6589.160156	-68.990219
6594.543457	-69.842987
6599.926758	-69.619743
6605.310059	-69.115761
6610.693359	-69.973053
6616.076660	-70.868721
6621.459961	-71.189476
6626.843262	-70.695480
6632.226562	-68.346672
6637.609863	-67.042137
6642.993164	-68.016495
6648.376465	-70.667328
6653.759766	-73.236710
6659.143066	-76.112709
6664.526367	-76.776749
6669.909668	-74.834076
6675.292969	-74.153725
6680.676270	-75.020462
6686.059570	-76.932121
6691.442871	-79.915314
6696.826172	-82.426147
6702.209473	-83.507454
6707.592773	-84.188957
6712.976074	-88.984276
6718.359375	-83.149376
6723.742676	-77.003555
6729.125977	-75.313805
6734.509277	-75.101639
6739.892578	-75.650581
6745.275879	-75.375420
6750.659180	-74.372787
6756.042480	-73.565346
6761.425781	-73.662643
6766.809082	-73.440414
6772.192383	-72.967903
6777.575684	-73.145569
6782.958984	-72.962433
6788.342285	-73.646309
6793.725586	-74.903397
6799.108887	-74.655014
6804.492188	-74.470016
6809.875488	-75.524666
6815.258789	-79.633865
6820.642090	-88.968445
6826.025391	-96.186165
6831.408691	-93.749397
6836.791992	-91.556923
6842.175293	-83.571648
6847.558594	-79.483429
6852.941895	-78.268555
6858.325195	-78.854752
6863.708496	-77.579308
6869.091797	-74.691315
6874.475098	-73.476807
6879.858398	-73.358368
6885.241699	-73.457893
6890.625000	-71.251686
6896.008301	-68.706284
6901.391602	-67.541603
6906.774902	-67.175346
6912.158203	-66.795662
6917.541504	-66.795563
6922.924805	-67.248230
6928.308105	-67.723755
6933.691406	-69.122276
6939.074707	-72.316170
6944.458008	-74.789795
6949.841309	-75.072647
6955.224609	-74.184784
6960.607910	-74.199669
6965.991211	-74.407219
6971.374512	-73.339439
6976.757812	-71.859756
6982.141113	-70.533134
6987.524414	-70.344009
6992.907715	-71.284996
6998.291016	-72.295532
7003.674316	-72.499542
7009.057617	-71.869461
7014.440918	-70.802780
7019.824219	-69.840729
7025.207520	-70.177628
7030.590820	-71.743774
7035.974121	-74.722916
7041.357422	-79.570107
7046.740723	-82.373863
7052.124023	-78.532707
7057.507324	-74.415993
7062.890625	-71.376457
7068.273926	-69.258881
7073.657227	-69.257553
7079.040527	-71.740257
7084.423828	-72.326942
7089.807129	-69.582542
7095.190430	-67.717995
7100.573730	-67.343285
7105.957031	-67.971382
7111.340332	-68.703339
7116.723633	-68.374031
7122.106934	-68.428299
7127.490234	-70.456245
7132.873535	-73.620506
7138.256836	-75.286087
7143.640137	-74.899918
7149.023438	-73.878296
7154.406738	-73.914360
7159.790039	-75.822235
7165.173340	-80.151978
7170.556641	-83.710648
7175.939941	-88.875549
7181.323242	-90.434464
7186.706543	-82.445358
7192.089844	-77.121407
7197.473145	-73.112732
7202.856445	-70.035187
7208.239746	-68.316833
7213.623047	-68.646568
7219.006348	-70.661644
7224.389648	-72.821938
7229.772949	-73.986298
7235.156250	-74.054947
7240.539551	-73.827293
7245.922852	-73.369896
7251.306152	-73.331650
7256.689453	-74.034042
7262.072754	-74.249748
7267.456055	-73.842079
7272.839355	-73.599487
7278.222656	-73.149559
7283.605957	-72.512695
7288.989258	-72.181465
7294.372559	-72.547188
7299.755859	-74.133415
7305.139160	-76.626884
7310.522461	-78.370056
7315.905762	-77.906349
7321.289062	-77.793777
7326.672363	-78.283409
7332.055664	-78.338882
7337.438965	-78.829414
7342.822266	-79.678329
7348.205566	-80.930573
7353.588867	-81.517761
7358.972168	-80.993164
7364.355469	-81.040909
7369.738770	-80.275475
7375.122070	-79.084824
7380.505371	-79.355156
7385.888672	-79.781082
7391.271973	-79.184700
7396.655273	-78.149826
7402.038574	-76.333038
7407.421875	-75.050293
7412.805176	-74.280327
7418.188477	-73.630432
7423.571777	-73.340721
7428.955078	-73.050278
7434.338379	-72.708855
7439.721680	-73.110222
7445.104980	-73.774277
7450.488281	-73.774399
7455.871582	-73.033829
7461.254883	-71.930321
7466.638184	-71.792206
7472.021484	-72.840294
7477.404785	-75.326225
7482.788086	-77.636322
7488.171387	-77.873604
7493.554688	-76.833603
7498.937988	-76.844200
7504.321289	-78.807060
7509.704590	-80.331329
7515.087891	-79.906166
7520.471191	-79.311035
7525.854492	-79.373749
7531.237793	-80.172516
7536.621094	-80.596085
7542.004395	-80.893143
7547.387695	-82.942612
7552.770996	-84.379814
7558.154297	-84.027847
7563.537598	-84.877007
7568.920898	-86.967781
7574.304199	-97.455559
7579.687500	-87.932335
7585.070801	-82.123993
7590.454102	-79.605179
7595.837402	-78.264702
7601.220703	-77.055954
7606.604004	-75.981339
7611.987305	-75.385468
7617.370605	-75.222427
7622.753906	-74.646927
7628.137207	-74.063606
7633.520508	-73.287422
7638.903809	-72.734688
7644.287109	-71.894371
7649.670410	-71.156647
7655.053711	-70.339066
7660.437012	-69.104973
7665.820312	-68.273201
7671.203613	-67.612656
7676.586914	-67.916580
7681.970215	-69.911232
7687.353516	-72.445137
7692.736816	-74.354034
7698.120117	-75.491776
7703.503418	-76.184540
7708.886719	-76.253685
7714.270020	-76.606346
7719.653320	-76.989929
7725.036621	-76.576653
7730.419922	-77.394409
7735.803223	-79.482597
7741.186523	-81.978127
7746.569824	-84.259293
7751.953125	-86.501282
7757.336426	-86.608917
7762.719727	-85.661484
7768.103027	-84.086922
7773.486328	-84.760536
7778.869629	-86.383827
7784.252930	-86.922394
7789.636230	-86.203201
7795.019531	-85.161400
7800.402832	-84.990494
7805.786133	-84.638321
7811.169434	-84.297905
7816.552734	-85.034729
7821.936035	-85.353989
7827.319336	-83.042480
7832.702637	-80.086380
7838.085938	-78.048195
7843.469238	-77.520317
7848.852539	-78.185982
7854.235840	-80.270432
7859.619141	-82.696869
7865.002441	-83.848419
7870.385742	-84.587166
7875.769043	-85.909805
7881.152344	-85.615723
7886.535645	-84.212120
7891.918945	-83.198051
7897.302246	-82.900131
7902.685547	-82.558823
7908.068848	-82.729668
7913.452148	-81.749115
7918.835449	-80.753304
7924.218750	-80.873482
7929.602051	-80.791565
7934.985352	-80.277023
7940.368652	-80.129715
7945.751953	-79.688538
7951.135254	-80.191223
7956.518555	-81.197166
7961.901855	-82.328453
7967.285156	-82.173332
7972.668457	-81.388145
7978.051758	-81.074669
7983.435059	-81.308479
7988.818359	-81.930573
7994.201660	-81.545456
7999.584961	-80.816216
8004.968262	-79.973747
8010.351562	-78.889488
8015.734863	-78.234711
8021.118164	-78.015182
8026.501465	-78.065254
8031.884766	-77.935478
8037.268066	-77.456825
8042.651367	-77.728195
8048.034668	-78.106110
8053.417969	-78.511017
8058.801270	-79.272911
8064.184570	-80.797691
8069.567871	-82.895203
8074.951172	-83.180611
8080.334473	-81.844574
8085.717773	-80.495255
8091.101074	-79.355980
8096.484375	-78.425575
8101.867676	-76.873711
8107.250977	-75.608368
8112.634277	-75.036453
8118.017578	-75.438461
8123.400879	-76.456573
8128.784180	-77.978569
8134.167480	-79.363945
8139.550781	-80.874878
8144.934082	-83.937843
8150.317383	-89.026680
8155.700684	-98.343445
8161.083984	-91.702393
8166.467285	-87.711304
8171.850586	-88.860954
8177.233887	-92.435951
8182.617188	-96.743759
8188.000488	-99.099747
8193.383789	-97.121925
8198.767090	-93.725357
8204.150391	-90.849625
8209.533691	-89.342209
8214.916992	-87.584045
8220.300293	-87.388329
8225.683594	-89.174995
8231.066895	-89.679474
8236.450195	-89.855278
8241.833496	-90.346428
8247.216797	-92.879852
8252.600098	-93.933014
8257.983398	-93.506073
8263.366699	-93.927330
8268.750000	-94.696648
8274.133301	-93.279205
8279.516602	-91.692673
8284.899902	-91.068893
8290.283203	-90.624886
8295.666504	-90.581009
8301.049805	-91.071770
8306.433105	-91.790947
8311.816406	-93.063866
8317.199707	-95.914360
8322.583008	-97.407211
8327.966309	-98.030991
8333.349609	-98.082405
8338.732910	-98.363472
8344.116211	-98.746422
8349.499512	-98.643166
8354.882812	-97.313950
8360.266113	-98.017540
8365.649414	-96.032448
8371.032715	-95.268021
8376.416016	-93.951996
8381.799316	-94.408669
8387.182617	-94.025581
8392.565918	-93.217972
8397.949219	-92.148132
8403.332520	-90.805450
8408.715820	-89.217583
8414.099121	-90.729591
8419.482422	-90.697044
8424.865723	-90.767029
8430.249023	-89.935349
8435.632324	-89.328430
8441.015625	-88.795761
8446.398926	-87.298714
8451.782227	-85.662079
8457.165527	-84.681625
8462.548828	-85.037369
8467.932129	-86.602982
8473.315430	-87.848183
8478.698730	-88.167816
8484.082031	-87.692543
8489.465332	-88.371178
8494.848633	-89.052383
8500.231934	-89.003418
8505.615234	-87.820641
8510.998535	-87.608932
8516.381836	-87.527084
8521.765137	-86.734955
8527.148438	-85.766953
8532.531738	-84.915993
8537.915039	-84.810860
8543.298340	-84.288620
8548.681641	-85.050323
8554.064941	-86.044899
8559.448242	-85.871048
8564.831543	-85.349464
8570.214844	-85.006920
8575.598145	-85.586380
8580.981445	-86.138672
8586.364746	-85.841629
8591.748047	-84.447563
8597.131348	-83.519638
8602.514648	-83.496849
8607.897949	-83.871849
8613.281250	-85.542732
8618.664551	-86.281326
8624.047852	-86.812660
8629.431152	-89.860161
8634.814453	-95.053154
8640.197754	-95.739983
8645.581055	-94.802528
8650.964355	-91.528778
8656.347656	-89.491608
8661.730957	-88.410034
8667.114258	-89.032036
8672.497559	-90.411423
8677.880859	-90.958473
8683.264160	-89.524689
8688.647461	-87.808479
8694.030762	-87.332596
8699.414062	-87.528259
8704.797363	-89.597687
8710.180664	-92.456017
8715.563965	-93.986664
8720.947266	-92.534775
8726.330566	-92.616127
8731.713867	-93.528458
8737.097168	-94.228836
8742.480469	-94.368210
8747.863770	-94.718384
8753.247070	-95.106995
8758.630371	-95.358185
8764.013672	-94.279465
8769.396973	-94.543404
8774.780273	-92.953445
8780.163574	-93.034645
8785.546875	-91.730690
8790.930176	-90.714699
8796.313477	-90.756241
8801.696777	-90.817871
8807.080078	-91.236038
8812.463379	-93.351768
8817.846680	-93.742638
8823.229980	-93.403816
8828.613281	-94.950172
8833.996582	-93.699364
8839.379883	-91.731247
8844.763184	-90.089409
8850.146484	-88.604614
8855.529785	-87.530228
8860.913086	-87.115608
8866.296387	-87.459549
8871.679688	-88.302704
8877.062988	-89.873001
8882.446289	-91.791153
8887.829590	-93.900574
8893.212891	-95.552307
8898.596191	-96.612915
8903.979492	-94.919090
8909.362793	-93.007889
8914.746094	-91.257301
8920.129395	-90.234467
8925.512695	-89.609337
8930.895996	-89.540604
8936.279297	-89.125420
8941.662598	-90.511528
8947.045898	-91.731018
8952.429199	-92.901360
8957.812500	-92.020821
8963.195801	-92.378624
8968.579102	-91.365181
8973.962402	-91.641808
8979.345703	-92.805855
8984.729004	-91.788116
8990.112305	-92.025101
8995.495605	-91.967369
9000.878906	-92.116791
9006.262207	-94.247757
9011.645508	-96.462402
9017.028809	-97.396019
9022.412109	-96.267433
9027.795410	-95.063042
9033.178711	-94.441658
9038.562012	-92.056969
9043.945312	-92.721634
9049.328613	-91.860695
9054.711914	-91.910416
9060.095215	-91.918221
9065.478516	-91.897453
9070.861816	-90.874901
9076.245117	-91.397926
9081.628418	-92.991890
9087.011719	-93.308456
9092.395020	-93.285065
9097.778320	-91.454903
9103.161621	-91.848053
9108.544922	-91.815895
9113.928223	-93.260262
9119.311523	-93.440094
9124.694824	-94.107063
9130.078125	-95.435097
9135.461426	-94.856606
9140.844727	-95.878166
9146.228027	-95.415421
9151.611328	-93.952011
9156.994629	-96.251823
9162.377930	-96.577553
9167.761230	-96.485550
9173.144531	-94.750244
9178.527832	-94.641602
9183.911133	-96.365456
9189.294434	-95.001991
9194.677734	-95.062424
9200.061035	-95.900139
9205.444336	-96.559067
9210.827637	-98.004211
9216.210938	-99.437195
9221.594238	-97.925552
9226.977539	-98.686531
9232.360840	-98.274582
9237.744141	-97.668022
9243.127441	-96.717873
9248.510742	-97.736847
9253.894043	-100.078613
9259.277344	-98.964783
9264.660645	-96.649765
9270.043945	-94.073143
9275.427246	-91.322815
9280.810547	-89.645790
9286.193848	-88.473564
9291.577148	-89.321953
9296.960449	-90.110603
9302.343750	-91.460022
9307.727051	-91.701408
9313.110352	-91.048119
9318.493652	-91.867271
9323.876953	-91.969627
9329.260254	-92.576775
9334.643555	-91.335579
9340.026855	-90.121506
9345.410156	-89.083939
9350.793457	-88.256210
9356.176758	-88.467125
9361.560059	-88.283852
9366.943359	-88.473869
9372.326660	-88.983055
9377.709961	-88.754303
9383.093262	-89.049850
9388.476562	-89.013763
9393.859863	-90.280609
9399.243164	-91.443489
9404.626465	-92.260719
9410.009766	-92.993240
9415.393066	-91.877419
9420.776367	-92.575905
9426.159668	-92.450478
9431.542969	-92.101601
9436.926270	-92.119843
9442.309570	-91.264137
9447.692871	-90.499504
9453.076172	-89.360504
9458.459473	-88.529831
9463.842773	-88.652969
9469.226074	-88.130348
9474.609375	-88.049843
9479.992676	-87.705521
9485.375977	-88.101006
9490.759277	-88.192818
9496.142578	-88.660606
9501.525879	-88.940704
9506.909180	-88.540688
9512.292480	-88.687309
9517.675781	-88.240822
9523.059082	-87.613762
9528.442383	-86.739960
9533.825684	-85.729004
9539.208984	-85.005379
9544.592285	-85.052742
9549.975586	-86.004799
9555.358887	-86.781464
9560.742188	-87.271400
9566.125488	-86.607063
9571.508789	-85.554565
9576.892090	-85.231438
9582.275391	-84.644157
9587.658691	-84.414551
9593.041992	-85.123817
9598.425293	-86.778297
9603.808594	-86.929581
9609.191895	-86.073227
9614.575195	-86.073730
9619.958496	-85.649895
9625.341797	-85.200676
9630.725098	-84.603470
9636.108398	-84.478539
9641.491699	-85.230934
9646.875000	-86.016190
9652.258301	-87.349098
9657.641602	-90.076248
9663.024902	-95.751106
9668.408203	-94.859230
9673.791504	-90.648407
9679.174805	-88.391098
9684.558105	-87.635185
9689.941406	-88.388382
9695.324707	-88.950653
9700.708008	-88.915382
9706.091309	-88.438446
9711.474609	-87.814537
9716.857910	-87.664665
9722.241211	-87.727623
9727.624512	-88.193474
9733.007812	-87.817810
9738.391113	-86.849045
9743.774414	-86.436607
9749.157715	-85.934067
9754.541016	-85.745529
9759.924316	-86.326263
9765.307617	-86.954536
9770.690918	-88.206818
9776.074219	-89.957397
9781.457520	-91.684311
9786.840820	-92.988625
9792.224121	-90.875832
9797.607422	-88.554123
9802.990723	-86.964409
9808.374023	-85.860840
9813.757324	-85.840286
9819.140625	-86.010139
9824.523926	-87.045799
9829.907227	-87.312836
9835.290527	-88.334709
9840.673828	-90.441948
9846.057129	-90.418480
9851.440430	-89.547951
9856.823730	-89.516708
9862.207031	-89.932899
9867.590332	-89.545982
9872.973633	-88.499947
9878.356934	-87.220573
9883.740234	-86.357697
9889.123535	-86.077408
9894.506836	-86.856796
9899.890137	-88.155052
9905.273438	-90.926308
9910.656738	-92.944412
9916.040039	-92.620880
9921.423340	-93.084259
9926.806641	-93.724869
9932.189941	-96.062515
9937.573242	-96.210205
9942.956543	-95.824699
9948.339844	-93.480614
9953.723145	-91.955048
9959.106445	-90.621994
9964.489746	-90.163185
9969.873047	-91.027847
9975.256348	-92.318771
9980.639648	-92.648041
9986.022949	-92.774582
9991.406250	-93.674370
9996.789551	-92.575310
10002.172852	-91.308411
10007.556152	-90.102058
10012.939453	-90.393105
10018.322754	-89.521698
10023.706055	-89.234200
10029.089355	-90.146065
10034.472656	-90.379227
10039.855957	-90.579834
10045.239258	-90.162842
10050.622559	-89.568230
10056.005859	-88.894592
10061.389160	-88.371933
10066.772461	-88.671387
10072.155762	-88.442917
10077.539062	-89.198677
10082.922363	-90.010796
10088.305664	-90.496437
10093.688965	-91.840111
10099.072266	-93.098297
10104.455566	-93.328575
10109.838867	-93.067551
10115.222168	-93.152321
10120.605469	-94.707817
10125.988770	-94.303192
10131.372070	-95.884026
10136.755371	-96.385979
10142.138672	-98.009171
10147.521973	-98.284470
10152.905273	-97.490891
10158.288574	-98.378273
10163.671875	-96.521156
10169.055176	-96.864265
10174.438477	-96.294991
10179.821777	-95.981049
10185.205078	-95.431450
10190.588379	-94.709023
10195.971680	-95.513176
10201.354980	-94.800209
10206.738281	-95.818687
10212.121582	-96.185799
10217.504883	-97.753952
10222.888184	-98.858734
10228.271484	-97.453125
10233.654785	-97.311508
10239.038086	-95.873192
10244.421387	-96.451584
10249.804688	-97.429413
10255.187988	-97.321770
10260.571289	-97.697502
10265.954590	-98.815491
10271.337891	-97.618675
10276.721191	-96.956779
10282.104492	-97.263039
10287.487793	-96.283775
10292.871094	-94.712914
10298.254395	-93.439056
10303.637695	-93.076546
10309.020996	-92.393806
10314.404297	-91.657021
10319.787598	-91.528610
10325.170898	-91.546371
10330.554199	-91.842033
10335.937500	-92.300186
10341.320801	-93.679619
10346.704102	-94.208305
10352.087402	-94.041000
10357.470703	-92.979240
10362.854004	-93.181198
10368.237305	-93.523186
10373.620605	-93.093956
10379.003906	-92.304794
10384.387207	-91.871887
10389.770508	-91.390129
10395.153809	-92.474022
10400.537109	-93.477852
10405.920410	-93.690903
10411.303711	-92.892517
10416.687012	-92.695007
10422.070312	-93.666763
10427.453613	-92.986519
10432.836914	-93.972282
10438.220215	-95.537186
10443.603516	-98.147652
10448.986816	-100.098900
10454.370117	-98.228729
10459.753418	-100.361229
10465.136719	-99.048264
10470.520020	-98.299034
10475.903320	-98.938599
10481.286621	-98.757591
10486.669922	-98.157257
10492.053223	-97.378212
10497.436523	-98.030121
10502.819824	-98.789078
10508.203125	-98.408417
10513.586426	-99.896301
10518.969727	-98.397232
10524.353027	-97.888718
10529.736328	-98.759605
10535.119629	-98.655540
10540.502930	-98.762062
10545.886230	-96.796127
10551.269531	-99.160133
10556.652832	-98.650764
10562.036133	-96.884354
10567.419434	-97.765930
10572.802734	-95.511238
10578.186035	-97.626480
10583.569336	-96.999352
10588.952637	-97.351555
10594.335938	-98.528358
10599.719238	-98.292389
10605.102539	-98.763260
10610.485840	-98.256462
10615.869141	-96.403404
10621.252441	-97.508064
10626.635742	-96.569008
10632.019043	-96.192123
10637.402344	-97.013741
10642.785645	-95.243706
10648.168945	-94.243858
10653.552246	-93.466988
10658.935547	-91.731766
10664.318848	-92.542679
10669.702148	-91.789108
10675.085449	-92.706558
10680.468750	-92.148705
10685.852051	-93.524330
10691.235352	-93.566574
10696.618652	-94.194420
10702.001953	-95.084198
10707.385254	-94.413918
10712.768555	-95.142998
10718.151855	-95.142639
10723.535156	-94.370789
10728.918457	-94.067856
10734.301758	-93.798538
10739.685059	-93.943474
10745.068359	-93.176422
10750.451660	-93.556831
10755.834961	-93.023911
10761.218262	-93.646698
10766.601562	-94.429565
10771.984863	-95.544838
10777.368164	-95.916183
10782.751465	-96.530968
10788.134766	-97.639923
10793.518066	-96.646477
10798.901367	-96.499413
10804.284668	-96.436714
10809.667969	-95.388298
10815.051270	-95.552361
10820.434570	-96.119919
10825.817871	-96.351067
10831.201172	-96.256752
10836.584473	-95.200340
10841.967773	-94.487320
10847.351074	-94.078148
10852.734375	-93.730812
10858.117676	-94.404297
10863.500977	-95.600616
10868.884277	-96.394279
10874.267578	-98.793274
10879.650879	-98.886414
10885.034180	-99.107880
10890.417480	-100.904137
10895.800781	-100.604576
10901.184082	-99.057877
10906.567383	-99.357811
10911.950684	-100.280899
10917.333984	-98.006378
10922.717285	-99.086662
10928.100586	-98.927444
10933.483887	-100.293388
10938.867188	-98.558311
10944.250488	-101.387192
10949.633789	-100.295418
10955.017090	-99.386757
10960.400391	-100.614914
10965.783691	-98.991707
10971.166992	-100.188599
10976.550293	-99.949867
10981.933594	-99.612267
10987.316895	-100.487724
10992.700195	-100.565109
10998.083496	-99.276268
11003.466797	-99.793015
11008.850098	-100.789177
11014.233398	-98.661064
11019.616699	-97.743355
11025.000000	-97.170425
11030.383301	-98.510010
11035.766602	-97.844559
11041.149902	-96.956726
11046.533203	-95.550507
11051.916504	-96.844627
11057.299805	-96.368828
11062.683105	-96.469986
11068.066406	-96.829369
11073.449707	-97.780235
11078.833008	-97.406631
11084.216309	-98.113228
11089.599609	-98.517555
11094.982910	-98.363495
11100.366211	-100.890953
11105.749512	-99.835510
11111.132812	-98.305756
11116.516113	-98.768921
11121.899414	-99.733894
11127.282715	-97.505394
11132.666016	-99.862061
11138.049316	-99.645737
11143.432617	-98.971954
11148.815918	-101.717606
11154.199219	-99.889908
11159.582520	-99.867348
11164.965820	-100.018097
11170.349121	-98.400993
11175.732422	-98.739609
11181.115723	-97.224861
11186.499023	-96.775734
11191.882324	-97.242554
11197.265625	-98.795486
11202.648926	-99.477745
11208.032227	-100.531281
11213.415527	-100.596611
11218.798828	-100.696800
11224.182129	-97.440681
11229.565430	-99.626732
11234.948730	-97.884071
11240.332031	-99.453766
11245.715332	-97.871918
11251.098633	-99.071625
11256.481934	-98.688431
11261.865234	-98.044815
11267.248535	-99.365814
11272.631836	-98.431030
11278.015137	-100.243134
11283.398438	-98.236320
11288.781738	-100.521652
11294.165039	-97.762962
11299.548340	-98.394669
11304.931641	-98.800369
11310.314941	-98.776535
11315.698242	-98.122673
11321.081543	-100.919991
11326.464844	-99.118149
11331.848145	-99.948769
11337.231445	-98.843117
11342.614746	-100.178696
11347.998047	-100.061127
11353.381348	-99.892288
11358.764648	-98.821678
11364.147949	-100.986084
11369.531250	-99.584938
11374.914551	-97.971794
11380.297852	-97.168030
11385.681152	-96.155449
11391.064453	-96.143867
11396.447754	-95.878632
11401.831055	-96.075790
11407.214355	-95.113449
11412.597656	-94.883286
11417.980957	-94.295120
11423.364258	-93.884163
11428.747559	-94.131302
11434.130859	-93.279205
11439.514160	-93.859375
11444.897461	-93.886650
11450.280762	-95.267220
11455.664062	-95.377228
11461.047363	-97.007301
11466.430664	-96.158165
11471.813965	-97.677322
11477.197266	-100.199295
11482.580566	-99.313118
11487.963867	-96.219765
11493.347168	-96.163879
11498.730469	-96.000259
11504.113770	-93.365082
11509.497070	-93.800911
11514.880371	-93.293648
11520.263672	-93.228706
11525.646973	-94.530785
11531.030273	-94.963364
11536.413574	-96.301651
11541.796875	-96.039505
11547.180176	-95.801155
11552.563477	-97.388130
11557.946777	-97.747345
11563.330078	-99.121979
11568.713379	-96.251442
11574.096680	-96.981224
11579.479980	-97.556839
11584.863281	-97.309624
11590.246582	-97.217468
11595.629883	-97.725273
11601.013184	-98.095459
11606.396484	-99.493050
11611.779785	-98.901436
11617.163086	-97.648056
11622.546387	-97.774124
11627.929688	-97.032578
11633.312988	-96.503029
11638.696289	-95.795845
11644.079590	-96.333504
11649.462891	-95.287163
11654.846191	-96.363892
11660.229492	-96.432228
11665.612793	-96.338524
11670.996094	-95.798988
11676.379395	-95.385269
11681.762695	-95.652199
11687.145996	-94.788277
11692.529297	-94.404587
11697.912598	-94.273689
11703.295898	-95.077293
11708.679199	-95.507568
11714.062500	-95.134285
11719.445801	-95.885353
11724.829102	-96.308586
11730.212402	-96.910957
11735.595703	-96.986443
11740.979004	-96.687347
11746.362305	-97.190689
11751.745605	-96.415230
11757.128906	-95.424767
11762.512207	-94.994667
11767.895508	-95.980293
11773.278809	-96.591957
11778.662109	-96.442917
11784.045410	-97.327812
11789.428711	-96.418541
11794.812012	-98.091949
11800.195312	-97.894127
11805.578613	-97.907356
11810.961914	-97.637321
11816.345215	-97.305565
11821.728516	-99.033287
11827.111816	-97.688194
11832.495117	-95.698349
11837.878418	-95.709633
11843.261719	-95.596054
11848.645020	-95.126427
11854.028320	-96.132889
11859.411621	-95.927994
11864.794922	-96.583328
11870.178223	-95.143684
11875.561523	-95.797180
11880.944824	-96.272858
11886.328125	-95.962807
11891.711426	-96.602028
11897.094727	-96.015114
11902.478027	-97.565514
11907.861328	-97.720634
11913.244629	-98.493500
11918.627930	-97.858681
11924.011230	-100.101227
11929.394531	-100.093155
11934.777832	-100.176376
11940.161133	-99.934433
11945.544434	-100.380417
11950.927734	-100.427559
11956.311035	-101.791222
11961.694336	-99.448349
11967.077637	-101.667740
11972.460938	-99.769501
11977.844238	-99.971184
11983.227539	-100.020950
11988.610840	-99.698097
11993.994141	-100.757942
11999.377441	-99.435745
12004.760742	-99.638641
12010.144043	-99.719788
12015.527344	-98.411400
12020.910645	-97.426071
12026.293945	-97.703064
12031.677246	-96.005409
12037.060547	-94.952507
12042.443848	-94.060287
12047.827148	-93.431137
12053.210449	-92.718666
12058.593750	-92.611176
12063.977051	-93.286148
12069.360352	-93.720703
12074.743652	-95.092339
12080.126953	-94.548409
12085.510254	-96.038757
12090.893555	-97.926460
12096.276855	-98.080391
12101.660156	-101.817619
12107.043457	-100.045471
12112.426758	-101.635277
12117.810059	-98.908623
12123.193359	-99.584946
12128.576660	-101.289886
12133.959961	-99.072189
12139.343262	-100.693626
12144.726562	-101.290588
12150.109863	-98.350708
12155.493164	-103.010345
12160.876465	-100.250931
12166.259766	-100.392311
12171.643066	-100.104881
12177.026367	-100.752701
12182.409668	-98.578209
12187.792969	-101.057961
12193.176270	-98.627441
12198.559570	-98.352982
12203.942871	-98.263390
12209.326172	-97.952057
12214.709473	-98.339645
12220.092773	-97.435616
12225.476074	-97.285957
12230.859375	-96.959404
12236.242676	-96.837845
12241.625977	-98.195183
12247.009277	-97.002914
12252.392578	-95.051147
12257.775879	-94.901749
12263.159180	-97.038757
12268.542480	-97.166405
12273.925781	-95.430328
12279.309082	-95.088768
12284.692383	-94.245789
12290.075684	-94.120506
12295.458984	-94.925865
12300.842285	-94.561394
12306.225586	-94.003761
12311.608887	-94.067909
12316.992188	-92.369789
12322.375488	-91.410812
12327.758789	-89.737823
12333.142090	-89.165024
12338.525391	-89.032043
12343.908691	-88.495506
12349.291992	-88.917595
12354.675293	-89.025963
12360.058594	-88.945152
12365.441895	-89.315758
12370.825195	-90.122131
12376.208496	-90.150383
12381.591797	-89.401253
12386.975098	-89.684326
12392.358398	-90.185181
12397.741699	-90.037811
12403.125000	-90.241684
12408.508301	-90.361015
12413.891602	-91.290924
12419.274902	-91.829041
12424.658203	-91.993355
12430.041504	-92.083389
12435.424805	-90.779999
12440.808105	-91.004532
12446.191406	-90.858589
12451.574707	-91.550392
12456.958008	-91.949348
12462.341309	-91.687851
12467.724609	-92.332436
12473.107910	-93.294090
12478.491211	-94.319542
12483.874512	-95.359077
12489.257812	-96.088440
12494.641113	-97.949928
12500.024414	-96.253983
12505.407715	-94.790222
12510.791016	-95.990234
12516.174316	-95.875984
12521.557617	-96.086899
12526.940918	-95.528282
12532.324219	-95.866257
12537.707520	-95.562622
12543.090820	-95.415253
12548.474121	-96.182938
12553.857422	-96.732796
12559.240723	-96.204544
12564.624023	-94.876869
12570.007324	-96.493156
12575.390625	-96.376038
12580.773926	-97.066200
12586.157227	-98.479515
12591.540527	-99.591316
12596.923828	-101.129662
12602.307129	-99.754395
12607.690430	-100.624825
12613.073730	-101.583061
12618.457031	-99.977051
12623.840332	-99.982346
12629.223633	-100.691742
12634.606934	-101.399788
12639.990234	-98.574043
12645.373535	-98.721596
12650.756836	-99.439575
12656.140137	-102.448601
12661.523438	-99.944794
12666.906738	-100.878563
12672.290039	-100.588242
12677.673340	-101.136543
12683.056641	-102.101997
12688.439941	-101.542328
12693.823242	-99.945641
12699.206543	-101.361649
12704.589844	-99.534454
12709.973145	-97.397995
12715.356445	-97.638016
12720.739746	-98.130394
12726.123047	-96.724686
12731.506348	-96.858757
12736.889648	-96.155914
12742.272949	-97.005707
12747.656250	-96.324852
12753.039551	-95.985664
12758.422852	-95.146217
12763.806152	-93.762421
12769.189453	-94.101906
12774.572754	-93.494576
12779.956055	-94.083267
12785.339355	-93.969139
12790.722656	-95.080528
12796.105957	-95.467812
12801.489258	-96.832680
12806.872559	-97.275536
12812.255859	-97.673241
12817.639160	-97.761909
12823.022461	-96.857697
12828.405762	-96.773224
12833.789062	-97.467178
12839.172363	-98.344337
12844.555664	-98.303848
12849.938965	-99.364388
12855.322266	-100.643463
12860.705566	-99.672104
12866.088867	-101.101341
12871.472168	-102.512199
12876.855469	-100.407219
12882.238770	-99.998337
12887.622070	-102.131622
12893.005371	-98.840942
12898.388672	-100.535812
12903.771973	-100.686699
12909.155273	-98.147087
12914.538574	-98.223289
12919.921875	-96.796196
12925.305176	-95.986450
12930.688477	-95.629372
12936.071777	-95.682686
12941.455078	-94.904839
12946.838379	-94.230530
12952.221680	-93.679520
12957.604980	-93.376060
12962.988281	-92.845871
12968.371582	-93.693924
12973.754883	-93.572701
12979.138184	-93.476158
12984.521484	-94.903214
12989.904785	-96.133278
12995.288086	-96.206856
13000.671387	-95.738777
13006.054688	-96.488045
13011.437988	-97.098656
13016.821289	-96.663567
13022.204590	-96.030251
13027.587891	-96.577469
13032.971191	-94.884552
13038.354492	-94.928802
13043.737793	-94.908211
13049.121094	-96.422592
13054.504395	-95.787560
13059.887695	-97.337288
13065.270996	-98.445114
13070.654297	-99.671181
13076.037598	-101.182655
13081.420898	-100.276436
13086.804199	-98.925308
13092.187500	-99.357208
13097.570801	-100.387650
13102.954102	-99.193832
13108.337402	-99.505241
13113.720703	-100.098885
13119.104004	-99.651680
13124.487305	-99.530075
13129.870605	-98.815903
13135.253906	-97.322952
13140.637207	-96.258705
13146.020508	-94.334122
13151.403809	-94.050056
13156.787109	-94.484215
13162.170410	-95.066605
13167.553711	-94.112457
13172.937012	-95.548798
13178.320312	-95.866287
13183.703613	-95.491058
13189.086914	-94.351974
13194.470215	-95.303528
13199.853516	-95.402931
13205.236816	-95.038498
13210.620117	-94.379494
13216.003418	-93.689560
13221.386719	-94.904785
13226.770020	-93.965225
13232.153320	-93.841850
13237.536621	-94.689339
13242.919922	-95.327438
13248.303223	-96.629532
13253.686523	-96.960213
13259.069824	-98.157646
13264.453125	-97.153748
13269.836426	-98.597580
13275.219727	-97.771019
13280.603027	-97.134605
13285.986328	-96.318909
13291.369629	-96.601685
13296.752930	-95.921577
13302.136230	-96.081924
13307.519531	-96.727493
13312.902832	-96.550018
13318.286133	-96.367416
13323.669434	-97.153915
13329.052734	-97.839951
13334.436035	-96.248589
13339.819336	-96.425819
13345.202637	-96.573677
13350.585938	-96.481300
13355.969238	-95.642647
13361.352539	-95.196747
13366.735840	-96.290421
13372.119141	-96.102058
13377.502441	-95.511375
13382.885742	-95.949402
13388.269043	-95.900002
13393.652344	-96.149277
13399.035645	-96.992172
13404.418945	-97.588333
13409.802246	-96.582748
13415.185547	-96.563797
13420.568848	-97.324646
13425.952148	-97.252556
13431.335449	-97.200569
13436.718750	-95.805138
13442.102051	-96.996147
13447.485352	-95.828209
13452.868652	-96.763824
13458.251953	-96.575653
13463.635254	-96.545540
13469.018555	-96.345505
13474.401855	-96.855698
13479.785156	-96.967445
13485.168457	-98.589973
13490.551758	-98.613464
13495.935059	-98.872726
13501.318359	-101.052376
13506.701660	-100.536682
13512.084961	-100.089439
13517.468262	-100.662781
13522.851562	-101.248703
13528.234863	-101.702042
13533.618164	-100.617828
13539.001465	-100.728935
13544.384766	-101.861839
13549.768066	-101.875977
13555.151367	-100.165474
13560.534668	-101.729538
13565.917969	-100.693214
13571.301270	-101.771988
13576.684570	-100.151161
13582.067871	-100.654343
13587.451172	-100.110222
13592.834473	-99.082458
13598.217773	-99.058105
13603.601074	-98.371597
13608.984375	-99.797623
13614.367676	-99.238037
13619.750977	-98.325134
13625.134277	-98.548676
13630.517578	-97.386703
13635.900879	-98.187698
13641.284180	-96.205894
13646.667480	-96.302864
13652.050781	-95.476639
13657.434082	-94.632385
13662.817383	-95.163582
13668.200684	-94.977287
13673.583984	-96.520309
13678.967285	-96.685440
13684.350586	-97.503227
13689.733887	-98.011490
13695.117188	-97.077736
13700.500488	-98.543007
13705.883789	-96.217850
13711.267090	-96.554832
13716.650391	-96.729942
13722.033691	-96.221031
13727.416992	-97.082161
13732.800293	-96.441742
13738.183594	-96.440575
13743.566895	-97.381828
13748.950195	-98.259689
13754.333496	-98.371147
13759.716797	-97.707344
13765.100098	-97.889160
13770.483398	-98.992302
13775.866699	-96.158173
13781.250000	-95.955284
13786.633301	-95.350929
13792.016602	-94.700340
13797.399902	-94.921677
13802.783203	-95.715675
13808.166504	-94.217285
13813.549805	-93.001831
13818.933105	-93.440025
13824.316406	-94.343513
13829.699707	-94.172096
13835.083008	-94.363861
13840.466309	-94.814194
13845.849609	-95.418007
13851.232910	-94.775795
13856.616211	-96.137947
13861.999512	-95.993774
13867.382812	-95.854431
13872.766113	-95.666878
13878.149414	-95.397736
13883.532715	-94.913177
13888.916016	-94.775352
13894.299316	-95.480324
13899.682617	-94.478035
13905.065918	-94.825958
13910.449219	-94.957634
13915.832520	-94.462723
13921.215820	-94.060387
13926.599121	-93.991768
13931.982422	-93.327782
13937.365723	-94.829903
13942.749023	-94.839043
13948.132324	-95.419899
13953.515625	-95.983528
13958.898926	-95.588470
13964.282227	-96.571373
13969.665527	-97.311363
13975.048828	-97.106987
13980.432129	-96.681404
13985.815430	-97.026978
13991.198730	-97.397423
13996.582031	-98.039551
14001.965332	-98.434067
14007.348633	-100.738503
14012.731934	-98.704338
14018.115234	-101.114586
14023.498535	-99.671394
14028.881836	-98.505402
14034.265137	-98.828209
14039.648438	-97.340752
14045.031738	-95.954651
14050.415039	-95.473915
14055.798340	-93.516426
14061.181641	-92.525543
14066.564941	-93.448410
14071.948242	-94.159386
14077.331543	-94.978195
14082.714844	-94.277618
14088.098145	-96.051582
14093.481445	-94.771965
14098.864746	-93.223923
14104.248047	-93.283806
14109.631348	-92.878799
14115.014648	-93.126686
14120.397949	-92.673714
14125.781250	-92.809647
14131.164551	-95.036972
14136.547852	-94.431908
14141.931152	-94.777687
14147.314453	-94.240051
14152.697754	-94.177040
14158.081055	-93.532532
14163.464355	-92.468346
14168.847656	-92.996117
14174.230957	-94.022026
14179.614258	-93.081978
14184.997559	-94.145287
14190.380859	-95.011635
14195.764160	-95.606796
14201.147461	-96.163979
14206.530762	-97.212585
14211.914062	-97.073761
14217.297363	-95.752861
14222.680664	-94.528175
14228.063965	-94.158661
14233.447266	-93.492744
14238.830566	-93.180267
14244.213867	-92.232513
14249.597168	-91.403183
14254.980469	-90.456070
14260.363770	-89.308784
14265.747070	-88.759209
14271.130371	-88.515175
14276.513672	-88.409950
14281.896973	-88.473236
14287.280273	-88.767227
14292.663574	-88.663147
14298.046875	-88.537628
14303.430176	-89.009506
14308.813477	-89.330666
14314.196777	-89.836395
14319.580078	-90.753998
14324.963379	-91.392723
14330.346680	-92.187775
14335.729980	-91.996422
14341.113281	-92.696259
14346.496582	-94.218361
14351.879883	-93.408722
14357.263184	-94.217484
14362.646484	-94.905106
14368.029785	-95.260963
14373.413086	-94.169388
14378.796387	-93.675705
14384.179688	-94.706314
14389.562988	-94.575134
14394.946289	-94.629227
14400.329590	-94.006485
14405.712891	-94.235855
14411.096191	-93.643929
14416.479492	-92.290535
14421.862793	-92.303513
14427.246094	-92.197914
14432.629395	-91.165619
14438.012695	-91.184929
14443.395996	-91.101303
14448.779297	-91.381363
14454.162598	-92.253975
14459.545898	-92.791306
14464.929199	-94.466240
14470.312500	-96.903770
14475.695801	-99.109673
14481.079102	-97.996941
14486.462402	-98.184700
14491.845703	-96.153824
14497.229004	-95.289986
14502.612305	-95.479332
14507.995605	-94.843300
14513.378906	-94.782532
14518.762207	-94.673172
14524.145508	-94.318649
14529.528809	-95.230209
14534.912109	-94.704430
14540.295410	-94.122047
14545.678711	-94.581512
14551.062012	-94.807610
14556.445312	-96.038147
14561.828613	-96.941360
14567.211914	-96.892830
14572.595215	-97.385574
14577.978516	-99.502068
14583.361816	-99.249680
14588.745117	-102.121552
14594.128418	-99.965652
14599.511719	-101.208527
14604.895020	-100.916107
14610.278320	-101.519234
14615.661621	-99.468689
14621.044922	-100.068008
14626.428223	-99.860641
14631.811523	-99.304428
14637.194824	-100.140938
14642.578125	-99.075943
14647.961426	-99.430740
14653.344727	-101.206642
14658.728027	-98.324974
14664.111328	-99.765106
14669.494629	-99.231804
14674.877930	-99.653465
14680.261230	-98.424820
14685.644531	-97.862206
14691.027832	-97.620247
14696.411133	-96.744545
14701.794434	-95.494553
14707.177734	-95.476311
14712.561035	-95.465256
14717.944336	-95.520592
14723.327637	-96.221451
14728.710938	-96.873352
14734.094238	-98.016464
14739.477539	-97.136246
14744.860840	-98.019508
14750.244141	-98.788933
14755.627441	-97.714813
14761.010742	-95.697784
14766.394043	-94.297173
14771.777344	-94.066490
14777.160645	-92.983704
14782.543945	-92.819099
14787.927246	-93.526817
14793.310547	-94.389740
14798.693848	-95.101006
14804.077148	-95.613464
14809.460449	-95.721703
14814.843750	-94.893486
14820.227051	-94.217461
14825.610352	-94.422630
14830.993652	-94.233932
14836.376953	-95.617775
14841.760254	-96.087029
14847.143555	-96.853683
14852.526855	-96.471085
14857.910156	-97.049713
14863.293457	-95.455315
14868.676758	-95.911217
14874.060059	-96.212578
14879.443359	-96.502792
14884.826660	-95.699974
14890.209961	-97.403305
14895.593262	-97.240547
14900.976562	-97.849648
14906.359863	-98.306107
14911.743164	-99.320778
14917.126465	-100.544662
14922.509766	-99.343628
14927.893066	-101.659584
14933.276367	-100.257515
14938.659668	-101.982506
14944.042969	-101.014359
14949.426270	-102.726219
14954.809570	-101.127342
14960.192871	-101.804886
14965.576172	-98.939919
14970.959473	-98.005051
14976.342773	-96.518311
14981.726074	-95.536003
14987.109375	-95.857986
14992.492676	-95.459450
14997.875977	-96.161545
15003.259277	-96.033600
15008.642578	-97.486206
15014.025879	-98.255920
15019.409180	-97.178383
15024.792480	-98.377342
15030.175781	-98.203064
15035.559082	-97.877464
15040.942383	-99.951660
15046.325684	-98.088440
15051.708984	-100.439796
15057.092285	-98.624695
15062.475586	-100.843292
15067.858887	-99.940331
15073.242188	-100.606285
15078.625488	-99.400085
15084.008789	-99.771507
15089.392090	-98.801796
15094.775391	-97.723831
15100.158691	-98.761192
15105.541992	-96.457886
15110.925293	-96.210693
15116.308594	-96.178070
15121.691895	-95.692108
15127.075195	-95.132652
15132.458496	-94.878471
15137.841797	-95.999573
15143.225098	-96.008621
15148.608398	-96.196205
15153.991699	-95.112564
15159.375000	-93.748856
15164.758301	-93.346687
15170.141602	-93.873131
15175.524902	-94.283142
15180.908203	-95.682533
15186.291504	-96.398262
15191.674805	-96.413498
15197.058105	-96.990234
15202.441406	-97.620125
15207.824707	-96.835884
15213.208008	-97.181923
15218.591309	-96.575996
15223.974609	-96.192856
15229.357910	-95.546700
15234.741211	-97.442429
15240.124512	-96.233261
15245.507812	-96.219780
15250.891113	-96.743896
15256.274414	-97.238632
15261.657715	-96.083588
15267.041016	-95.917557
15272.424316	-95.758873
15277.807617	-95.260307
15283.190918	-95.802132
15288.574219	-94.841377
15293.957520	-94.321495
15299.340820	-93.594025
15304.724121	-93.109886
15310.107422	-92.642494
15315.490723	-93.167458
15320.874023	-93.355209
15326.257324	-92.921761
15331.640625	-93.456200
15337.023926	-93.292404
15342.407227	-93.921371
15347.790527	-93.314926
15353.173828	-94.358231
15358.557129	-95.505363
15363.940430	-96.455040
15369.323730	-98.523010
15374.707031	-97.963005
15380.090332	-99.592346
15385.473633	-99.473236
15390.856934	-100.261322
15396.240234	-98.472221
15401.623535	-99.907494
15407.006836	-101.487679
15412.390137	-100.698875
15417.773438	-103.777420
15423.156738	-100.502937
15428.540039	-100.402054
15433.923340	-100.123039
15439.306641	-97.805176
15444.689941	-97.873062
15450.073242	-96.223793
15455.456543	-98.845779
15460.839844	-97.644203
15466.223145	-97.712265
15471.606445	-96.177361
15476.989746	-95.907722
15482.373047	-96.198586
15487.756348	-94.869881
15493.139648	-97.334801
15498.522949	-97.355316
15503.906250	-96.661095
15509.289551	-99.002480
15514.672852	-98.254517
15520.056152	-95.927139
15525.439453	-96.482216
15530.822754	-96.708191
15536.206055	-95.204590
15541.589355	-94.023186
15546.972656	-94.614265
15552.355957	-95.533226
15557.739258	-94.765442
15563.122559	-93.941475
15568.505859	-94.031914
15573.889160	-94.985870
15579.272461	-94.087051
15584.655762	-93.392250
15590.039062	-94.045547
15595.422363	-93.744553
15600.805664	-94.440155
15606.188965	-94.668320
15611.572266	-95.265396
15616.955566	-96.002342
15622.338867	-96.723846
15627.722168	-97.527260
15633.105469	-97.921295
15638.488770	-98.248817
15643.872070	-96.926056
15649.255371	-98.556107
15654.638672	-98.950272
15660.021973	-101.166557
15665.405273	-98.749641
15670.788574	-99.442444
15676.171875	-98.679016
15681.555176	-99.664680
15686.938477	-99.305214
15692.321777	-98.679482
15697.705078	-97.786514
15703.088379	-97.619926
15708.471680	-98.739662
15713.854980	-97.945709
15719.238281	-99.248116
15724.621582	-99.154434
15730.004883	-97.772942
15735.388184	-97.155586
15740.771484	-96.977501
15746.154785	-96.767067
15751.538086	-97.344360
15756.921387	-95.607300
15762.304688	-95.144264
15767.687988	-95.887367
15773.071289	-94.367081
15778.454590	-93.695869
15783.837891	-93.721947
15789.221191	-93.696289
15794.604492	-94.278450
15799.987793	-93.521980
15805.371094	-94.050659
15810.754395	-93.964966
15816.137695	-94.873619
15821.520996	-95.302452
15826.904297	-95.525612
15832.287598	-95.469406
15837.670898	-94.822449
15843.054199	-96.437477
15848.437500	-97.598297
15853.820801	-98.551620
15859.204102	-98.251869
15864.587402	-98.519791
15869.970703	-100.426590
15875.354004	-102.813126
15880.737305	-102.450745
15886.120605	-100.811348
15891.503906	-99.651848
15896.887207	-97.882645
15902.270508	-99.253815
15907.653809	-99.305435
15913.037109	-99.733337
15918.420410	-101.422142
15923.803711	-99.868896
15929.187012	-98.188675
15934.570312	-96.524315
15939.953613	-96.306717
15945.336914	-95.733986
15950.720215	-94.772812
15956.103516	-94.050591
15961.486816	-94.899696
15966.870117	-95.459038
15972.253418	-96.300850
15977.636719	-100.072868
15983.020020	-99.077881
15988.403320	-99.340195
15993.786621	-98.875519
15999.169922	-101.707359
16004.553223	-99.436417
16009.936523	-102.227066
16015.319824	-98.379570
16020.703125	-98.414673
16026.086426	-98.056961
16031.469727	-95.797440
16036.853027	-95.408630
16042.236328	-95.448776
16047.619629	-95.688210
16053.002930	-95.799782
16058.386230	-94.940193
16063.769531	-95.734207
16069.152832	-95.896530
16074.536133	-97.105545
16079.919434	-98.229172
16085.302734	-96.338684
16090.686035	-97.790428
16096.069336	-97.064278
16101.452637	-97.494766
16106.835938	-96.658516
16112.219238	-98.439171
16117.602539	-98.652664
16122.985840	-98.604988
16128.369141	-99.215126
16133.752441	-97.819275
16139.135742	-97.805946
16144.519043	-96.690292
16149.902344	-95.996933
16155.285645	-94.783249
16160.668945	-93.900925
16166.052246	-93.054741
16171.435547	-92.724106
16176.818848	-91.917526
16182.202148	-90.970116
16187.585449	-90.955994
16192.968750	-90.671120
16198.352051	-91.022156
16203.735352	-91.283615
16209.118652	-91.216644
16214.501953	-91.570168
16219.885254	-92.247681
16225.268555	-93.223526
16230.651855	-94.016472
16236.035156	-95.710114
16241.418457	-97.171799
16246.801758	-98.447540
16252.185059	-98.740318
16257.568359	-96.748291
16262.951660	-95.059326
16268.334961	-94.231529
16273.718262	-94.626961
16279.101562	-95.461823
16284.484863	-96.688560
16289.868164	-97.639587
16295.251465	-100.466331
16300.634766	-100.620941
16306.018066	-102.449478
16311.401367	-101.881866
16316.784668	-100.700958
16322.167969	-100.777084
16327.551270	-101.606186
16332.934570	-102.159515
16338.317871	-99.981857
16343.701172	-98.798378
16349.084473	-98.489250
16354.467773	-96.527954
16359.851074	-96.197975
16365.234375	-97.381424
16370.617676	-96.626091
16376.000977	-98.895714
16381.384277	-99.909279
16386.767578	-99.934090
16392.150879	-101.420143
16397.534180	-100.888298
16402.917480	-103.451965
16408.300781	-101.669037
16413.684082	-99.230309
16419.067383	-101.450745
16424.450684	-99.891418
16429.833984	-99.040543
16435.217285	-98.375656
16440.600586	-98.285110
16445.983887	-99.815361
16451.367188	-98.332596
16456.750488	-97.060089
16462.133789	-95.455971
16467.517090	-95.811722
16472.900391	-95.063438
16478.283691	-95.266731
16483.666992	-95.210876
16489.050293	-96.308784
16494.433594	-96.848145
16499.816895	-96.348442
16505.200195	-95.488518
16510.583496	-95.316109
16515.966797	-95.470680
16521.350098	-96.116165
16526.733398	-96.098549
16532.116699	-94.932335
16537.500000	-94.090446
16542.883301	-93.727448
16548.266602	-92.506744
16553.649902	-91.853355
16559.033203	-92.041481
16564.416504	-91.623444
16569.799805	-92.248840
16575.183105	-91.631683
16580.566406	-91.361511
16585.949707	-91.549355
16591.333008	-90.601570
16596.716309	-90.210075
16602.099609	-89.968193
16607.482910	-89.786804
16612.866211	-89.844193
16618.249512	-89.249237
16623.632812	-89.733147
16629.016113	-89.418365
16634.399414	-89.189880
16639.782715	-89.477264
16645.166016	-89.096619
16650.549316	-89.053162
16655.932617	-89.277252
16661.315918	-90.233253
16666.699219	-90.956688
16672.082520	-91.735802
16677.465820	-92.044754
16682.849121	-91.680481
16688.232422	-91.841179
16693.615723	-92.108032
16698.999023	-92.162285
16704.382324	-91.754417
16709.765625	-92.231697
16715.148926	-93.308426
16720.532227	-94.470245
16725.915527	-96.092216
16731.298828	-96.016991
16736.682129	-95.913826
16742.065430	-97.105743
16747.448730	-96.539818
16752.832031	-97.061882
16758.215332	-99.358620
16763.598633	-97.480957
16768.981934	-97.332306
16774.365234	-97.950195
16779.748535	-99.063889
16785.131836	-97.495934
16790.515137	-96.319626
16795.898438	-97.063011
16801.281738	-95.461998
16806.665039	-95.574623
16812.048340	-95.882454
16817.431641	-96.949661
16822.814941	-96.322830
16828.198242	-97.819435
16833.581543	-97.529106
16838.964844	-97.989494
16844.348145	-97.697426
16849.731445	-96.382149
16855.114746	-96.581184
16860.498047	-97.696205
16865.881348	-97.248688
16871.264648	-97.014313
16876.647949	-98.080917
16882.031250	-98.105171
16887.414551	-98.125015
16892.797852	-99.174881
16898.181152	-99.978935
16903.564453	-100.376663
16908.947754	-103.111565
16914.331055	-101.828941
16919.714355	-102.658554
16925.097656	-100.369705
16930.480957	-102.927139
16935.864258	-101.787903
16941.247559	-102.583946
16946.630859	-102.172737
16952.014160	-101.227348
16957.397461	-100.680695
16962.780762	-100.345619
16968.164062	-99.568520
16973.547363	-102.189796
16978.930664	-100.266716
16984.313965	-100.727966
16989.697266	-99.682762
16995.080566	-99.829880
17000.463867	-100.386162
17005.847168	-99.686447
17011.230469	-99.338799
17016.613770	-99.456131
17021.997070	-102.951660
17027.380371	-100.668076
17032.763672	-101.550865
17038.146973	-101.094933
17043.530273	-99.488907
17048.913574	-98.871780
17054.296875	-96.363487
17059.680176	-96.726227
17065.063477	-96.875031
17070.446777	-96.474167
17075.830078	-98.477737
17081.213379	-97.609009
17086.596680	-100.004341
17091.979980	-98.013672
17097.363281	-98.103958
17102.746582	-98.958969
17108.129883	-99.164078
17113.513184	-98.068283
17118.896484	-100.441139
17124.279785	-99.303383
17129.663086	-99.884087
17135.046387	-101.472809
17140.429688	-101.190186
17145.812988	-103.082115
17151.196289	-102.099533
17156.579590	-100.699951
17161.962891	-103.710609
17167.346191	-101.679253
17172.729492	-100.184334
17178.112793	-99.079262
17183.496094	-98.954147
17188.879395	-96.731834
17194.262695	-98.631927
17199.645996	-97.337715
17205.029297	-96.360580
17210.412598	-96.677727
17215.795898	-96.371384
17221.179199	-96.794121
17226.562500	-96.839401
17231.945801	-96.441933
17237.329102	-96.902718
17242.712402	-97.010147
17248.095703	-97.742233
17253.479004	-98.499809
17258.862305	-101.253242
17264.245605	-100.105392
17269.628906	-101.472046
17275.012207	-103.385803
17280.395508	-102.282829
17285.778809	-102.717735
17291.162109	-102.527931
17296.545410	-101.044075
17301.928711	-101.288483
17307.312012	-101.939400
17312.695312	-101.361801
17318.078613	-103.589699
17323.461914	-101.802170
17328.845215	-100.555740
17334.228516	-103.773315
17339.611816	-100.601135
17344.995117	-102.558685
17350.378418	-101.774437
17355.761719	-101.085999
17361.145020	-100.249741
17366.528320	-100.380928
17371.911621	-100.545555
17377.294922	-100.070709
17382.678223	-99.661560
17388.061523	-100.731255
17393.444824	-99.940254
17398.828125	-100.080147
17404.211426	-98.954651
17409.594727	-99.086807
17414.978027	-98.875244
17420.361328	-98.592468
17425.744629	-100.360229
17431.127930	-99.162743
17436.511230	-99.223656
17441.894531	-98.301208
17447.277832	-97.520523
17452.661133	-96.371239
17458.044434	-95.936119
17463.427734	-95.953949
17468.811035	-96.013901
17474.194336	-96.137390
17479.577637	-97.537544
17484.960938	-97.138603
17490.344238	-98.627808
17495.727539	-97.575470
17501.110840	-98.073547
17506.494141	-98.129227
17511.877441	-97.414375
17517.260742	-98.338539
17522.644043	-98.472267
17528.027344	-99.119659
17533.410645	-98.274384
17538.793945	-98.798378
17544.177246	-100.146980
17549.560547	-98.828690
17554.943848	-101.108971
17560.327148	-98.777069
17565.710449	-100.593712
17571.093750	-101.047073
17576.477051	-99.522705
17581.860352	-99.914810
17587.243652	-101.071442
17592.626953	-99.962761
17598.010254	-99.672646
17603.393555	-99.677162
17608.776855	-100.832756
17614.160156	-98.984413
17619.543457	-102.474159
17624.926758	-99.788643
17630.310059	-102.997131
17635.693359	-101.523613
17641.076660	-100.611153
17646.459961	-100.381081
17651.843262	-98.714386
17657.226562	-99.854507
17662.609863	-97.767540
17667.993164	-98.604057
17673.376465	-97.802544
17678.759766	-98.179764
17684.143066	-97.970520
17689.526367	-97.293747
17694.909668	-100.392639
17700.292969	-97.945412
17705.676270	-98.606026
17711.059570	-98.849228
17716.442871	-99.120018
17721.826172	-97.516914
17727.209473	-97.647873
17732.592773	-98.087563
17737.976074	-98.277672
17743.359375	-99.000633
17748.742676	-99.621185
17754.125977	-100.330315
17759.509277	-101.929352
17764.892578	-102.086281
17770.275879	-101.953514
17775.659180	-100.870926
17781.042480	-102.172432
17786.425781	-102.893959
17791.809082	-102.007133
17797.192383	-102.697708
17802.575684	-102.770187
17807.958984	-102.071945
17813.342285	-103.380280
17818.725586	-101.355453
17824.108887	-100.492882
17829.492188	-100.727364
17834.875488	-101.653313
17840.258789	-100.623543
17845.642090	-101.408081
17851.025391	-100.535149
17856.408691	-101.473618
17861.791992	-100.395638
17867.175293	-102.410728
17872.558594	-101.397682
17877.941895	-101.238922
17883.325195	-101.853218
17888.708496	-102.745644
17894.091797	-100.304497
17899.475098	-103.622414
17904.858398	-102.852470
17910.241699	-100.637459
17915.625000	-101.811043
17921.008301	-100.885300
17926.391602	-102.624077
17931.774902	-101.167618
17937.158203	-104.089470
17942.541504	-101.647903
17947.924805	-100.704552
17953.308105	-104.560356
17958.691406	-102.121414
17964.074707	-103.084679
17969.458008	-101.810127
17974.841309	-102.983612
17980.224609	-101.583115
17985.607910	-101.668549
17990.991211	-101.441124
17996.374512	-101.686356
18001.757812	-101.494751
18007.141113	-101.945297
18012.524414	-101.442581
18017.907715	-102.900040
18023.291016	-101.984642
18028.674316	-103.762886
18034.057617	-100.964806
18039.440918	-103.241562
18044.824219	-101.987320
18050.207520	-102.044403
18055.590820	-102.212219
18060.974121	-102.940208
18066.357422	-100.937965
18071.740723	-100.849724
18077.124023	-100.839287
18082.507324	-99.978386
18087.890625	-101.469643
18093.273926	-99.915146
18098.657227	-100.581841
18104.040527	-100.856956
18109.423828	-99.790619
18114.807129	-99.094460
18120.190430	-99.079384
18125.573730	-98.720520
18130.957031	-97.823631
18136.340332	-98.784012
18141.723633	-97.892868
18147.106934	-97.565361
18152.490234	-98.443710
18157.873535	-98.239746
18163.256836	-100.280045
18168.640137	-100.256927
18174.023438	-100.421143
18179.406738	-101.433609
18184.790039	-99.927116
18190.173340	-101.532516
18195.556641	-101.965477
18200.939941	-99.807152
18206.323242	-103.378052
18211.706543	-100.612900
18217.089844	-104.128517
18222.473145	-101.391129
18227.856445	-102.252983
18233.239746	-101.992378
18238.623047	-101.719589
18244.006348	-100.827782
18249.389648	-102.174797
18254.772949	-101.272614
18260.156250	-103.300217
18265.539551	-103.816277
18270.922852	-102.449432
18276.306152	-101.938538
18281.689453	-102.398865
18287.072754	-103.454163
18292.456055	-100.788559
18297.839355	-101.996986
18303.222656	-102.120369
18308.605957	-102.209908
18313.989258	-102.955688
18319.372559	-103.485870
18324.755859	-101.743095
18330.139160	-102.195290
18335.522461	-101.396744
18340.905762	-99.811829
18346.289062	-100.167641
18351.672363	-101.384384
18357.055664	-101.130440
18362.438965	-102.216354
18367.822266	-101.537857
18373.205566	-100.786255
18378.588867	-100.493011
18383.972168	-100.828682
18389.355469	-100.797447
18394.738770	-100.863792
18400.122070	-102.373688
18405.505371	-100.914787
18410.888672	-101.698647
18416.271973	-102.323517
18421.655273	-102.457153
18427.038574	-103.688354
18432.421875	-100.948036
18437.805176	-102.932236
18443.188477	-99.815201
18448.571777	-99.653458
18453.955078	-99.238625
18459.338379	-100.055275
18464.721680	-99.541130
18470.104980	-99.185760
18475.488281	-98.510826
18480.871582	-98.600624
18486.254883	-99.069893
18491.638184	-98.843895
18497.021484	-99.548637
18502.404785	-97.716194
18507.788086	-98.777466
18513.171387	-98.940361
18518.554688	-98.470299
18523.937988	-99.294296
18529.321289	-99.066109
18534.704590	-100.294113
18540.087891	-98.305061
18545.471191	-98.786690
18550.854492	-99.349884
18556.237793	-98.042831
18561.621094	-98.164925
18567.004395	-98.006378
18572.387695	-98.004723
18577.770996	-98.927406
18583.154297	-97.925919
18588.537598	-97.255974
18593.920898	-98.789360
18599.304199	-98.184097
18604.687500	-100.013573
18610.070801	-96.614090
18615.454102	-96.880417
18620.837402	-96.534126
18626.220703	-97.803886
18631.604004	-99.010643
18636.987305	-98.806763
18642.370605	-98.308090
18647.753906	-96.712944
18653.137207	-96.232620
18658.520508	-96.575188
18663.903809	-94.986420
18669.287109	-95.330170
18674.670410	-95.798309
18680.053711	-96.421219
18685.437012	-96.058754
18690.820312	-95.884506
18696.203613	-95.774521
18701.586914	-95.923225
18706.970215	-95.758926
18712.353516	-95.017052
18717.736816	-94.391296
18723.120117	-95.031693
18728.503418	-94.037094
18733.886719	-94.222076
18739.270020	-93.405502
18744.653320	-94.006218
18750.036621	-93.960426
18755.419922	-92.848511
18760.803223	-92.376968
18766.186523	-92.459908
18771.569824	-91.468140
18776.953125	-91.759148
18782.336426	-91.433723
18787.719727	-91.532532
18793.103027	-92.449867
18798.486328	-92.192551
18803.869629	-91.870934
18809.252930	-91.954826
18814.636230	-92.450874
18820.019531	-92.515343
18825.402832	-92.461052
18830.786133	-93.369186
18836.169434	-93.024055
18841.552734	-93.528244
18846.936035	-93.975510
18852.319336	-94.515717
18857.702637	-96.387512
18863.085938	-96.765167
18868.469238	-97.954742
18873.852539	-99.327209
18879.235840	-99.233803
18884.619141	-102.316383
18890.002441	-100.734627
18895.385742	-103.268959
18900.769043	-101.826569
18906.152344	-100.453255
18911.535645	-101.995178
18916.918945	-100.871384
18922.302246	-100.260986
18927.685547	-100.506210
18933.068848	-101.045952
18938.452148	-98.675568
18943.835449	-98.634193
18949.218750	-97.271088
18954.602051	-99.770996
18959.985352	-98.467545
18965.368652	-98.763130
18970.751953	-98.022659
18976.135254	-98.002174
18981.518555	-96.458229
18986.901855	-94.735466
18992.285156	-94.035538
18997.668457	-93.320686
19003.051758	-93.458710
19008.435059	-93.021980
19013.818359	-92.043114
19019.201660	-93.234261
19024.584961	-93.165184
19029.968262	-92.981422
19035.351562	-92.817513
19040.734863	-93.348717
19046.118164	-94.543556
19051.501465	-95.666878
19056.884766	-97.411392
19062.268066	-98.364784
19067.651367	-100.684181
19073.034668	-101.956947
19078.417969	-103.295433
19083.801270	-103.538277
19089.184570	-103.767357
19094.567871	-99.482155
19099.951172	-101.431435
19105.334473	-99.770584
19110.717773	-100.733849
19116.101074	-99.951607
19121.484375	-98.647835
19126.867676	-99.736526
19132.250977	-99.551239
19137.634277	-96.735359
19143.017578	-96.989960
19148.400879	-96.799683
19153.784180	-96.004051
19159.167480	-96.084000
19164.550781	-95.253235
19169.934082	-96.164337
19175.317383	-96.223320
19180.700684	-97.430557
19186.083984	-95.987885
19191.467285	-97.546295
19196.850586	-97.369972
19202.233887	-96.737183
19207.617188	-98.455597
19213.000488	-97.992035
19218.383789	-98.796638
19223.767090	-98.668953
19229.150391	-100.561546
19234.533691	-100.667732
19239.916992	-102.354752
19245.300293	-103.058990
19250.683594	-102.626900
19256.066895	-100.570602
19261.450195	-103.551445
19266.833496	-101.102066
19272.216797	-100.574730
19277.600098	-103.293617
19282.983398	-100.874359
19288.366699	-99.942520
19293.750000	-100.327309
19299.133301	-97.816010
19304.516602	-98.821228
19309.899902	-98.108711
19315.283203	-98.357582
19320.666504	-100.905548
19326.049805	-100.629562
19331.433105	-100.759003
19336.816406	-98.446083
19342.199707	-98.725273
19347.583008	-97.543518
19352.966309	-96.929214
19358.349609	-98.320389
19363.732910	-98.677292
19369.116211	-100.110756
19374.499512	-99.094109
19379.882812	-100.016113
19385.266113	-100.353256
19390.649414	-99.773018
19396.032715	-99.061028
19401.416016	-100.830513
19406.799316	-98.853828
19412.182617	-99.544151
19417.565918	-99.086403
19422.949219	-100.728455
19428.332520	-99.660179
19433.715820	-100.003235
19439.099121	-102.386383
19444.482422	-101.762894
19449.865723	-101.742348
19455.249023	-100.407692
19460.632324	-100.032669
19466.015625	-99.997932
19471.398926	-99.695312
19476.782227	-100.455215
19482.165527	-100.087959
19487.548828	-99.359001
19492.932129	-101.227348
19498.315430	-100.788292
19503.698730	-102.894333
19509.082031	-98.583832
19514.465332	-102.267357
19519.848633	-101.269951
19525.231934	-100.865768
19530.615234	-100.097977
19535.998535	-99.478630
19541.381836	-100.671486
19546.765137	-99.136436
19552.148438	-98.563309
19557.531738	-101.181732
19562.915039	-100.344437
19568.298340	-100.060097
19573.681641	-100.316200
19579.064941	-100.421135
19584.448242	-99.578674
19589.831543	-99.642426
19595.214844	-98.904510
19600.598145	-98.502434
19605.981445	-99.054695
19611.364746	-100.573143
19616.748047	-98.492340
19622.131348	-99.506493
19627.514648	-98.144196
19632.897949	-98.780556
19638.281250	-98.116753
19643.664551	-97.879677
19649.047852	-96.828720
19654.431152	-97.651031
19659.814453	-96.469231
19665.197754	-96.341873
19670.581055	-96.341255
19675.964355	-96.799995
19681.347656	-96.706520
19686.730957	-96.828712
19692.114258	-95.460762
19697.497559	-94.482544
19702.880859	-94.214897
19708.264160	-94.352165
19713.647461	-94.396835
19719.030762	-94.238907
19724.414062	-95.042480
19729.797363	-95.054962
19735.180664	-94.610023
19740.563965	-95.228142
19745.947266	-95.810448
19751.330566	-95.962105
19756.713867	-95.640915
19762.097168	-96.759392
19767.480469	-98.522797
19772.863770	-98.524292
19778.247070	-99.844872
19783.630371	-102.675301
19789.013672	-101.428452
19794.396973	-101.581947
19799.780273	-102.012993
19805.163574	-102.972145
19810.546875	-101.076767
19815.930176	-101.787613
19821.313477	-102.406876
19826.696777	-103.332596
19832.080078	-101.601753
19837.463379	-100.160271
19842.846680	-102.410721
19848.229980	-101.717079
19853.613281	-100.205856
19858.996582	-100.189430
19864.379883	-98.657051
19869.763184	-99.372482
19875.146484	-98.776413
19880.529785	-99.063164
19885.913086	-100.554504
19891.296387	-98.710144
19896.679688	-97.756432
19902.062988	-97.594116
19907.446289	-96.440643
19912.829590	-95.918526
19918.212891	-94.505135
19923.596191	-94.068428
19928.979492	-94.913979
19934.362793	-95.278175
19939.746094	-95.190804
19945.129395	-96.431740
19950.512695	-96.048752
19955.895996	-95.130600
19961.279297	-94.672714
19966.662598	-95.174171
19972.045898	-94.560150
19977.429199	-94.772102
19982.812500	-95.285164
19988.195801	-96.885391
19993.579102	-96.027679
19998.962402	-95.783981
20004.345703	-98.410172
20009.729004	-101.054482
20015.112305	-99.732323
20020.495605	-101.321777
20025.878906	-102.727562
20031.262207	-101.587067
20036.645508	-101.657379
20042.028809	-104.318420
20047.412109	-100.860550
20052.795410	-102.288857
20058.178711	-98.939865
20063.562012	-97.893120
20068.945312	-98.628609
20074.328613	-97.663864
20079.711914	-97.908493
20085.095215	-97.300446
20090.478516	-95.661163
20095.861816	-97.021416
20101.245117	-94.399391
20106.628418	-94.238823
20112.011719	-95.773048
20117.395020	-93.764786
20122.778320	-94.710861
20128.161621	-94.769753
20133.544922	-97.258202
20138.928223	-97.802086
20144.311523	-97.663559
20149.694824	-98.003654
20155.078125	-97.755135
20160.461426	-98.399857
20165.844727	-97.911346
20171.228027	-100.013588
20176.611328	-97.779060
20181.994629	-97.845688
20187.377930	-98.045486
20192.761230	-98.418053
20198.144531	-97.718559
20203.527832	-97.933327
20208.911133	-97.270012
20214.294434	-96.588112
20219.677734	-97.575119
20225.061035	-97.033562
20230.444336	-96.775673
20235.827637	-97.591316
20241.210938	-97.453514
20246.594238	-97.238060
20251.977539	-96.961342
20257.360840	-96.781281
20262.744141	-98.357323
20268.127441	-97.461075
20273.510742	-95.779327
20278.894043	-96.829468
20284.277344	-96.024460
20289.660645	-96.015320
20295.043945	-96.821030
20300.427246	-96.746719
20305.810547	-98.154922
20311.193848	-100.365395
20316.577148	-99.904282
20321.960449	-99.982147
20327.343750	-100.970352
20332.727051	-101.482727
20338.110352	-100.969154
20343.493652	-101.555107
20348.876953	-102.800369
20354.260254	-100.159019
20359.643555	-103.544464
20365.026855	-103.652260
20370.410156	-101.362175
20375.793457	-101.931816
20381.176758	-103.526787
20386.560059	-102.180252
20391.943359	-100.059799
20397.326660	-102.487267
20402.709961	-102.936470
20408.093262	-102.068001
20413.476562	-104.074440
20418.859863	-101.491585
20424.243164	-101.814240
20429.626465	-101.115822
20435.009766	-98.302841
20440.393066	-100.749542
20445.776367	-99.711731
20451.159668	-99.253105
20456.542969	-102.503624
20461.926270	-99.877357
20467.309570	-103.201088
20472.692871	-103.811501
20478.076172	-100.590027
20483.459473	-103.635323
20488.842773	-102.327095
20494.226074	-101.946251
20499.609375	-102.457069
20504.992676	-103.244766
20510.375977	-102.739876
20515.759277	-103.701416
20521.142578	-101.895882
20526.525879	-101.673775
20531.909180	-100.746895
20537.292480	-100.514145
20542.675781	-101.213623
20548.059082	-99.064407
20553.442383	-98.190239
20558.825684	-98.828079
20564.208984	-100.193176
20569.592285	-98.726021
20574.975586	-98.566132
20580.358887	-98.450378
20585.742188	-98.666672
20591.125488	-99.478752
20596.508789	-98.868477
20601.892090	-97.430420
20607.275391	-96.672340
20612.658691	-96.338654
20618.041992	-96.186333
20623.425293	-95.862022
20628.808594	-95.911140
20634.191895	-94.389725
20639.575195	-94.426239
20644.958496	-93.622688
20650.341797	-92.904846
20655.725098	-92.688622
20661.108398	-91.942017
20666.491699	-91.895958
20671.875000	-91.268021
20677.258301	-91.885841
20682.641602	-92.478561
20688.024902	-92.980423
20693.408203	-93.312187
20698.791504	-93.415977
20704.174805	-93.084755
20709.558105	-93.247673
20714.941406	-92.650208
20720.324707	-92.953384
20725.708008	-93.501869
20731.091309	-94.071251
20736.474609	-93.831902
20741.857910	-93.440323
20747.241211	-93.442413
20752.624512	-93.226433
20758.007812	-93.155968
20763.391113	-93.833931
20768.774414	-93.606255
20774.157715	-93.672905
20779.541016	-93.100182
20784.924316	-93.606064
20790.307617	-92.824234
20795.690918	-93.363319
20801.074219	-93.731819
20806.457520	-94.404228
20811.840820	-94.218254
20817.224121	-93.354790
20822.607422	-93.527634
20827.990723	-93.500671
20833.374023	-93.451363
20838.757324	-94.256447
20844.140625	-93.628952
20849.523926	-94.262260
20854.907227	-93.492142
20860.290527	-93.914223
20865.673828	-94.310471
20871.057129	-93.428398
20876.440430	-93.453796
20881.823730	-93.526031
20887.207031	-93.494171
20892.590332	-93.913689
20897.973633	-94.581795
20903.356934	-93.420067
20908.740234	-92.642563
20914.123535	-92.798042
20919.506836	-93.097618
20924.890137	-92.601921
20930.273438	-93.536980
20935.656738	-93.675476
20941.040039	-93.580452
20946.423340	-94.183334
20951.806641	-94.526695
20957.189941	-94.937622
20962.573242	-94.389122
20967.956543	-93.507439
20973.339844	-93.969612
20978.723145	-94.056175
20984.106445	-94.230484
20989.489746	-94.412842
20994.873047	-94.699326
21000.256348	-95.489075
21005.639648	-94.928780
21011.022949	-94.632507
21016.406250	-94.157768
21021.789551	-94.457367
21027.172852	-93.193176
21032.556152	-93.687111
21037.939453	-94.221466
21043.322754	-93.533607
21048.706055	-92.857109
21054.089355	-93.322815
21059.472656	-92.849869
21064.855957	-92.171196
21070.239258	-91.796333
21075.622559	-92.521454
21081.005859	-92.978645
21086.389160	-92.280807
21091.772461	-91.994614
21097.155762	-91.599709
21102.539062	-92.138519
21107.922363	-92.308258
21113.305664	-92.129684
21118.688965	-91.761513
21124.072266	-91.112106
21129.455566	-90.777359
21134.838867	-91.317604
21140.222168	-91.461700
21145.605469	-91.329536
21150.988770	-91.851830
21156.372070	-91.817535
21161.755371	-91.386803
21167.138672	-91.154839
21172.521973	-91.645638
21177.905273	-91.248169
21183.288574	-91.534821
21188.671875	-91.865211
21194.055176	-91.615532
21199.438477	-92.023277
21204.821777	-91.818138
21210.205078	-92.327095
21215.588379	-93.094810
21220.971680	-93.133125
21226.354980	-93.180336
21231.738281	-93.324921
21237.121582	-92.645065
21242.504883	-92.765732
21247.888184	-93.570877
21253.271484	-93.827110
21258.654785	-94.390312
21264.038086	-95.426857
21269.421387	-96.428413
21274.804688	-95.884674
21280.187988	-96.775551
21285.571289	-95.281998
21290.954590	-94.678078
21296.337891	-94.431549
21301.721191	-94.203842
21307.104492	-94.192444
21312.487793	-94.362419
21317.871094	-93.738197
21323.254395	-94.751801
21328.637695	-94.072815
21334.020996	-94.779556
21339.404297	-94.508003
21344.787598	-94.628052
21350.170898	-95.809868
21355.554199	-95.404030
21360.937500	-94.217445
21366.320801	-94.058968
21371.704102	-94.355652
21377.087402	-94.194847
21382.470703	-93.731369
21387.854004	-94.165253
21393.237305	-94.576721
21398.620605	-93.776352
21404.003906	-93.454910
21409.387207	-93.342628
21414.770508	-94.231491
21420.153809	-94.724403
21425.537109	-94.349739
21430.920410	-93.576408
21436.303711	-93.069260
21441.687012	-93.629929
21447.070312	-93.219772
21452.453613	-94.067192
21457.836914	-94.079575
21463.220215	-93.679649
21468.603516	-93.653107
21473.986816	-94.798225
21479.370117	-95.361626
21484.753418	-95.928604
21490.136719	-96.041603
21495.520020	-96.116844
21500.903320	-95.947144
21506.286621	-96.676651
21511.669922	-96.829163
21517.053223	-96.510422
21522.436523	-97.518845
21527.819824	-98.025215
21533.203125	-96.865295
21538.586426	-95.859711
21543.969727	-96.123039
21549.353027	-95.434090
21554.736328	-95.358337
21560.119629	-95.552841
21565.502930	-96.338585
21570.886230	-96.665665
21576.269531	-97.612038
21581.652832	-96.589523
21587.036133	-96.866096
21592.419434	-99.262001
21597.802734	-100.343262
21603.186035	-99.692841
21608.569336	-100.498093
21613.952637	-99.778229
21619.335938	-99.875679
21624.719238	-99.796654
21630.102539	-101.036926
21635.485840	-101.342422
21640.869141	-103.601608
21646.252441	-104.230667
21651.635742	-102.640732
21657.019043	-100.366356
21662.402344	-101.737000
21667.785645	-99.634598
21673.168945	-98.816872
21678.552246	-99.996895
21683.935547	-100.041473
21689.318848	-99.610725
21694.702148	-97.716202
21700.085449	-97.865097
21705.468750	-99.133598
21710.852051	-97.671349
21716.235352	-97.724434
21721.618652	-97.782211
21727.001953	-96.888046
21732.385254	-98.863052
21737.768555	-99.694641
21743.151855	-100.590385
21748.535156	-100.406754
21753.918457	-99.783829
21759.301758	-98.192154
21764.685059	-99.163551
21770.068359	-98.106285
21775.451660	-98.153015
21780.834961	-100.040871
21786.218262	-99.087799
21791.601562	-100.059128
21796.984863	-100.105896
21802.368164	-98.352890
21807.751465	-99.328438
21813.134766	-96.875267
21818.518066	-96.982277
21823.901367	-96.715981
21829.284668	-96.216637
21834.667969	-97.032166
21840.051270	-96.676285
21845.434570	-96.443359
21850.817871	-97.090317
21856.201172	-97.451981
21861.584473	-98.522926
21866.967773	-98.811592
21872.351074	-98.485611
21877.734375	-97.973228
21883.117676	-98.724686
21888.500977	-99.592194
21893.884277	-98.651863
21899.267578	-99.865982
21904.650879	-100.393021
21910.034180	-100.411682
21915.417480	-101.475044
21920.800781	-101.782562
21926.184082	-102.688210
21931.567383	-100.973770
21936.950684	-101.791138
21942.333984	-100.900963
21947.717285	-100.885857
21953.100586	-100.288132
21958.483887	-100.971741
21963.867188	-101.091011
21969.250488	-101.582497
21974.633789	-100.958473
21980.017090	-101.635750
21985.400391	-101.811279
21990.783691	-99.973495
21996.166992	-100.988808
22001.550293	-99.680992
22006.933594	-101.202339
22012.316895	-102.003357
22017.700195	-100.003609
22023.083496	-102.190712
22028.466797	-100.780525
22033.850098	-100.829712
22039.233398	-100.069992
22044.616699	-100.816788
