Frequency (Hz)	Level (dB)
5.383301	-52.390499
10.766602	-49.481976
16.149902	-48.839294
21.533203	-37.267014
26.916504	-33.651226
32.299805	-41.937225
37.683105	-46.805653
43.066406	-46.346554
48.449707	-41.609783
53.833008	-35.832680
59.216309	-35.276241
64.599609	-37.281460
69.982910	-38.497597
75.366211	-41.181335
80.749512	-45.781212
86.132812	-49.610828
91.516113	-44.489510
96.899414	-41.900372
102.282715	-42.597191
107.666016	-45.932087
113.049316	-44.342323
118.432617	-44.118427
123.815918	-47.703335
129.199219	-47.465248
134.582520	-51.584072
139.965820	-59.381916
145.349121	-49.596272
150.732422	-43.087303
156.115723	-39.017635
161.499023	-36.920929
166.882324	-36.105114
172.265625	-36.528492
177.648926	-39.337669
183.032227	-43.061817
188.415527	-45.478561
193.798828	-43.031136
199.182129	-43.846241
204.565430	-42.378868
209.948730	-41.429195
215.332031	-38.600327
220.715332	-35.726250
226.098633	-33.346462
231.481934	-33.138584
236.865234	-34.066959
242.248535	-35.199097
247.631836	-38.633442
253.015137	-40.680847
258.398438	-39.872936
263.781738	-36.999252
269.165039	-33.851753
274.548340	-31.081354
279.931641	-31.771982
285.314941	-35.435863
290.698242	-36.783478
296.081543	-38.378719
301.464844	-38.593872
306.848145	-39.362152
312.231445	-39.173344
317.614746	-38.971378
322.998047	-39.612457
328.381348	-41.319004
333.764648	-41.536991
339.147949	-37.875759
344.531250	-36.288837
349.914551	-38.218418
355.297852	-35.350155
360.681152	-31.279404
366.064453	-31.428978
371.447754	-37.454453
376.831055	-52.531399
382.214355	-46.460400
387.597656	-41.426804
392.980957	-37.507309
398.364258	-34.968361
403.747559	-35.642841
409.130859	-38.093479
414.514160	-39.803905
419.897461	-42.027943
425.280762	-46.431305
430.664062	-42.861652
436.047363	-36.632454
441.430664	-32.975060
446.813965	-32.144653
452.197266	-35.096397
457.580566	-37.755241
462.963867	-35.458553
468.347168	-31.540550
473.730469	-29.662382
479.113770	-31.864361
484.497070	-37.952229
489.880371	-41.968842
495.263672	-36.239899
500.646973	-31.941490
506.030273	-29.653934
511.413574	-27.709875
516.796875	-26.585148
522.180176	-25.429132
527.563477	-23.699099
532.946777	-23.222130
538.330078	-27.331387
543.713379	-35.740574
549.096680	-42.641850
554.479980	-43.227528
559.863281	-41.413158
565.246582	-35.625443
570.629883	-33.526878
576.013184	-33.140141
581.396484	-35.006027
586.779785	-38.759472
592.163086	-43.058846
597.546387	-41.423183
602.929688	-38.115299
608.312988	-35.186131
613.696289	-33.891491
619.079590	-32.362373
624.462891	-33.366196
629.846191	-32.023769
635.229492	-30.465048
640.612793	-30.818476
645.996094	-31.784212
651.379395	-34.055180
656.762695	-35.428074
662.145996	-33.492180
667.529297	-31.117994
672.912598	-29.655056
678.295898	-30.201176
683.679199	-30.757158
689.062500	-31.149139
694.445801	-31.271072
699.829102	-31.749382
705.212402	-32.490173
710.595703	-31.575722
715.979004	-30.264372
721.362305	-30.311853
726.745605	-30.370630
732.128906	-30.289186
737.512207	-31.125418
742.895508	-32.418098
748.278809	-36.796539
753.662109	-45.197124
759.045410	-42.749401
764.428711	-39.215988
769.812012	-41.396709
775.195312	-44.902817
780.578613	-36.808445
785.961914	-32.445293
791.345215	-32.779247
796.728516	-36.731190
802.111816	-39.948200
807.495117	-42.597221
812.878418	-40.085903
818.261719	-32.883636
823.645020	-30.327259
829.028320	-30.435583
834.411621	-32.997513
839.794922	-35.850948
845.178223	-36.079914
850.561523	-37.763805
855.944824	-42.893337
861.328125	-47.946022
866.711426	-46.089066
872.094727	-40.456848
877.478027	-36.604977
882.861328	-35.049824
888.244629	-34.651291
893.627930	-34.147758
899.011230	-35.399914
904.394531	-37.015862
909.777832	-39.025738
915.161133	-40.377640
920.544434	-38.757175
925.927734	-36.837215
931.311035	-35.530792
936.694336	-33.791821
942.077637	-34.042591
947.460938	-36.260098
952.844238	-39.240700
958.227539	-44.055382
963.610840	-49.546734
968.994141	-48.930210
974.377441	-47.864902
979.760742	-40.620899
985.144043	-38.116306
990.527344	-39.723652
995.910645	-44.468765
1001.293945	-47.383678
1006.677246	-48.000877
1012.060547	-46.662098
1017.443848	-44.664066
1022.827148	-44.702168
1028.210449	-45.037285
1033.593750	-44.552757
1038.977051	-45.755821
1044.360352	-46.278767
1049.743652	-48.138088
1055.126953	-52.347298
1060.510254	-57.256023
1065.893555	-53.316875
1071.276855	-55.821316
1076.660156	-53.782429
1082.043457	-52.848415
1087.426758	-52.700249
1092.810059	-47.886215
1098.193359	-44.464966
1103.576660	-44.747608
1108.959961	-48.245274
1114.343262	-52.474831
1119.726562	-48.929241
1125.109863	-50.684834
1130.493164	-55.537682
1135.876465	-51.891579
1141.259766	-47.613514
1146.643066	-45.592754
1152.026367	-46.693848
1157.409668	-47.921753
1162.792969	-49.233826
1168.176270	-47.788128
1173.559570	-49.717293
1178.942871	-55.480362
1184.326172	-60.395550
1189.709473	-62.603951
1195.092773	-59.140060
1200.476074	-53.089771
1205.859375	-48.496498
1211.242676	-47.168278
1216.625977	-45.753513
1222.009277	-43.682018
1227.392578	-42.617069
1232.775879	-43.457043
1238.159180	-44.528893
1243.542480	-44.755497
1248.925781	-44.933495
1254.309082	-46.645645
1259.692383	-52.925648
1265.075684	-54.259731
1270.458984	-49.146725
1275.842285	-49.599274
1281.225586	-50.781448
1286.608887	-53.577564
1291.992188	-60.217529
1297.375488	-63.755573
1302.758789	-62.541050
1308.142090	-56.243504
1313.525391	-53.480053
1318.908691	-53.959175
1324.291992	-53.420750
1329.675293	-52.735878
1335.058594	-49.330566
1340.441895	-50.531532
1345.825195	-52.689548
1351.208496	-47.992451
1356.591797	-49.818222
1361.975098	-54.578716
1367.358398	-54.650135
1372.741699	-52.597000
1378.125000	-52.154667
1383.508301	-49.301147
1388.891602	-47.870216
1394.274902	-46.886715
1399.658203	-46.660423
1405.041504	-50.223686
1410.424805	-50.466831
1415.808105	-50.532928
1421.191406	-52.674046
1426.574707	-57.066750
1431.958008	-57.297104
1437.341309	-56.663364
1442.724609	-56.614113
1448.107910	-56.065174
1453.491211	-55.015583
1458.874512	-52.657501
1464.257812	-48.922821
1469.641113	-51.703747
1475.024414	-60.089550
1480.407715	-58.786953
1485.791016	-51.969505
1491.174316	-47.612175
1496.557617	-46.477295
1501.940918	-47.992439
1507.324219	-51.822201
1512.707520	-50.262150
1518.090820	-47.028023
1523.474121	-45.451546
1528.857422	-45.137299
1534.240723	-45.439407
1539.624023	-47.242134
1545.007324	-52.970028
1550.390625	-55.896343
1555.773926	-53.287365
1561.157227	-50.371231
1566.540527	-48.049309
1571.923828	-46.702858
1577.307129	-49.740925
1582.690430	-58.060619
1588.073730	-54.527550
1593.457031	-54.360153
1598.840332	-52.154343
1604.223633	-51.544342
1609.606934	-52.910458
1614.990234	-55.514030
1620.373535	-57.567177
1625.756836	-51.167030
1631.140137	-48.234901
1636.523438	-48.445972
1641.906738	-49.880310
1647.290039	-54.007992
1652.673340	-57.731640
1658.056641	-52.517342
1663.439941	-53.748287
1668.823242	-55.598118
1674.206543	-51.747650
1679.589844	-47.400249
1684.973145	-49.604736
1690.356445	-53.625080
1695.739746	-53.499569
1701.123047	-57.968445
1706.506348	-59.412327
1711.889648	-55.525478
1717.272949	-55.078014
1722.656250	-52.739273
1728.039551	-55.719990
1733.422852	-58.359001
1738.806152	-57.876667
1744.189453	-58.126598
1749.572754	-62.723289
1754.956055	-63.459549
1760.339355	-56.509308
1765.722656	-53.102417
1771.105957	-49.076569
1776.489258	-47.649204
1781.872559	-50.241226
1787.255859	-57.766151
1792.639160	-51.094181
1798.022461	-49.586823
1803.405762	-51.869728
1808.789062	-57.851109
1814.172363	-57.294273
1819.555664	-56.838242
1824.938965	-60.128532
1830.322266	-60.384872
1835.705566	-58.210968
1841.088867	-59.700718
1846.472168	-62.277508
1851.855469	-59.836746
1857.238770	-55.761837
1862.622070	-58.082520
1868.005371	-62.256496
1873.388672	-60.744076
1878.771973	-58.041729
1884.155273	-56.614399
1889.538574	-56.115055
1894.921875	-57.718849
1900.305176	-59.941578
1905.688477	-53.719261
1911.071777	-51.834171
1916.455078	-54.044403
1921.838379	-59.005821
1927.221680	-65.547783
1932.604980	-65.879395
1937.988281	-61.844402
1943.371582	-60.809616
1948.754883	-60.309467
1954.138184	-56.502274
1959.521484	-53.771656
1964.904785	-52.920319
1970.288086	-52.815636
1975.671387	-48.888309
1981.054688	-50.038456
1986.437988	-55.719093
1991.821289	-59.965271
1997.204590	-57.176441
2002.587891	-53.399303
2007.971191	-52.435913
2013.354492	-52.985016
2018.737793	-54.550701
2024.121094	-56.185421
2029.504395	-58.956417
2034.887695	-58.611786
2040.270996	-52.771008
2045.654297	-48.368004
2051.037598	-48.256039
2056.420898	-50.069881
2061.804199	-54.016056
2067.187500	-57.243908
2072.570801	-55.407616
2077.954102	-53.846737
2083.337402	-55.786400
2088.720703	-60.426208
2094.104004	-64.553658
2099.487305	-58.947952
2104.870605	-58.173706
2110.253906	-59.382542
2115.637207	-58.844212
2121.020508	-57.544529
2126.403809	-56.476879
2131.787109	-57.257904
2137.170410	-56.003166
2142.553711	-55.724194
2147.937012	-56.452091
2153.320312	-56.373043
2158.703613	-59.248482
2164.086914	-61.529251
2169.470215	-59.543961
2174.853516	-56.008335
2180.236816	-51.833389
2185.620117	-50.199261
2191.003418	-50.725277
2196.386719	-52.850136
2201.770020	-55.879082
2207.153320	-56.494480
2212.536621	-50.109310
2217.919922	-47.411842
2223.303223	-48.956261
2228.686523	-51.632645
2234.069824	-52.536823
2239.453125	-52.150860
2244.836426	-51.168945
2250.219727	-48.998146
2255.603027	-48.593555
2260.986328	-50.528984
2266.369629	-55.651169
2271.752930	-57.690529
2277.136230	-52.927174
2282.519531	-50.025211
2287.902832	-49.689960
2293.286133	-51.110771
2298.669434	-49.360561
2304.052734	-47.659782
2309.436035	-45.892086
2314.819336	-43.760979
2320.202637	-41.575623
2325.585938	-40.618355
2330.969238	-42.302826
2336.352539	-45.751034
2341.735840	-50.124832
2347.119141	-51.449821
2352.502441	-50.853107
2357.885742	-48.576828
2363.269043	-46.221371
2368.652344	-43.947193
2374.035645	-42.349361
2379.418945	-42.804844
2384.802246	-46.176819
2390.185547	-50.376461
2395.568848	-49.879250
2400.952148	-51.338673
2406.335449	-53.146481
2411.718750	-52.515915
2417.102051	-53.436321
2422.485352	-57.633472
2427.868652	-56.094929
2433.251953	-55.842854
2438.635254	-59.493919
2444.018555	-61.462826
2449.401855	-54.732811
2454.785156	-53.756618
2460.168457	-55.817284
2465.551758	-57.867165
2470.935059	-55.118156
2476.318359	-51.681915
2481.701660	-49.743851
2487.084961	-48.752323
2492.468262	-50.808800
2497.851562	-56.260185
2503.234863	-55.055016
2508.618164	-54.805202
2514.001465	-52.276394
2519.384766	-49.593094
2524.768066	-50.300652
2530.151367	-56.151703
2535.534668	-54.686539
2540.917969	-50.554607
2546.301270	-52.185753
2551.684570	-53.557678
2557.067871	-54.577847
2562.451172	-54.958927
2567.834473	-53.499863
2573.217773	-54.510796
2578.601074	-60.025520
2583.984375	-66.160362
2589.367676	-65.260254
2594.750977	-60.830013
2600.134277	-58.751656
2605.517578	-59.302414
2610.900879	-60.686844
2616.284180	-58.652039
2621.667480	-56.814796
2627.050781	-57.333893
2632.434082	-59.534370
2637.817383	-57.872253
2643.200684	-53.056564
2648.583984	-48.633396
2653.967285	-45.904945
2659.350586	-49.104748
2664.733887	-54.822578
2670.117188	-50.832806
2675.500488	-50.519859
2680.883789	-51.854778
2686.267090	-54.681488
2691.650391	-59.222794
2697.033691	-64.663132
2702.416992	-63.662151
2707.800293	-59.226780
2713.183594	-57.119770
2718.566895	-55.690769
2723.950195	-53.609715
2729.333496	-51.361137
2734.716797	-51.476185
2740.100098	-52.646175
2745.483398	-55.356129
2750.866699	-61.497959
2756.250000	-63.268131
2761.633301	-57.855145
2767.016602	-53.426899
2772.399902	-51.412460
2777.783203	-51.295853
2783.166504	-50.457809
2788.549805	-48.422462
2793.933105	-47.617073
2799.316406	-49.825180
2804.699707	-53.994244
2810.083008	-55.496208
2815.466309	-55.608082
2820.849609	-54.710293
2826.232910	-53.176445
2831.616211	-53.581455
2836.999512	-53.642693
2842.382812	-53.704159
2847.766113	-55.091976
2853.149414	-56.125549
2858.532715	-55.986462
2863.916016	-56.115696
2869.299316	-59.210152
2874.682617	-60.731037
2880.065918	-59.022045
2885.449219	-56.826042
2890.832520	-55.670300
2896.215820	-54.824234
2901.599121	-56.007927
2906.982422	-63.171268
2912.365723	-57.154579
2917.749023	-55.388260
2923.132324	-56.225025
2928.515625	-56.698669
2933.898926	-60.575306
2939.282227	-64.278893
2944.665527	-59.683510
2950.048828	-55.345787
2955.432129	-52.127426
2960.815430	-51.669598
2966.198730	-54.659241
2971.582031	-59.481907
2976.965332	-52.954350
2982.348633	-49.414471
2987.731934	-52.265911
2993.115234	-60.579887
2998.498535	-54.400604
3003.881836	-49.714680
3009.265137	-47.943394
3014.648438	-46.340904
3020.031738	-46.448360
3025.415039	-51.176338
3030.798340	-58.669373
3036.181641	-55.611244
3041.564941	-53.570415
3046.948242	-54.294006
3052.331543	-57.810448
3057.714844	-59.067886
3063.098145	-50.658215
3068.481445	-47.173389
3073.864746	-49.178886
3079.248047	-54.488266
3084.631348	-51.483387
3090.014648	-53.004814
3095.397949	-54.399773
3100.781250	-54.363232
3106.164551	-53.202812
3111.547852	-53.798428
3116.931152	-55.470718
3122.314453	-52.335464
3127.697754	-49.979900
3133.081055	-50.273933
3138.464355	-52.369728
3143.847656	-55.247780
3149.230957	-55.891460
3154.614258	-56.740635
3159.997559	-58.484142
3165.380859	-58.996796
3170.764160	-58.074551
3176.147461	-58.409374
3181.530762	-54.716011
3186.914062	-51.423481
3192.297363	-50.839947
3197.680664	-50.016697
3203.063965	-50.564034
3208.447266	-50.779114
3213.830566	-51.342953
3219.213867	-55.501637
3224.597168	-59.346123
3229.980469	-54.941635
3235.363770	-54.620758
3240.747070	-58.546856
3246.130371	-57.414406
3251.513672	-51.776299
3256.896973	-48.493114
3262.280273	-48.864384
3267.663574	-50.394962
3273.046875	-51.896957
3278.430176	-55.041557
3283.813477	-56.441250
3289.196777	-57.097633
3294.580078	-55.145828
3299.963379	-52.273891
3305.346680	-50.893879
3310.729980	-53.110329
3316.113281	-57.491264
3321.496582	-53.653366
3326.879883	-52.770393
3332.263184	-53.761433
3337.646484	-54.068691
3343.029785	-53.635590
3348.413086	-53.454689
3353.796387	-54.016624
3359.179688	-54.479774
3364.562988	-52.964451
3369.946289	-50.210403
3375.329590	-50.092506
3380.712891	-50.798767
3386.096191	-52.243408
3391.479492	-52.039253
3396.862793	-51.740086
3402.246094	-58.094940
3407.629395	-55.344997
3413.012695	-54.216591
3418.395996	-54.154530
3423.779297	-53.119335
3429.162598	-53.181141
3434.545898	-52.088993
3439.929199	-50.356255
3445.312500	-48.988644
3450.695801	-48.385315
3456.079102	-48.787384
3461.462402	-49.470551
3466.845703	-51.934063
3472.229004	-53.412022
3477.612305	-47.641991
3482.995605	-44.252499
3488.378906	-44.252831
3493.762207	-46.009789
3499.145508	-49.977493
3504.528809	-54.580307
3509.912109	-56.602089
3515.295410	-60.761398
3520.678711	-66.954498
3526.062012	-65.943214
3531.445312	-63.711227
3536.828613	-56.873817
3542.211914	-52.540878
3547.595215	-50.468243
3552.978516	-49.646355
3558.361816	-49.818134
3563.745117	-50.562805
3569.128418	-51.806828
3574.511719	-54.175911
3579.895020	-56.512943
3585.278320	-56.283604
3590.661621	-51.031384
3596.044922	-46.682808
3601.428223	-43.618443
3606.811523	-42.819073
3612.194824	-45.838207
3617.578125	-50.889393
3622.961426	-52.437088
3628.344727	-51.606464
3633.728027	-49.608215
3639.111328	-46.627552
3644.494629	-45.462032
3649.877930	-46.078842
3655.261230	-46.195404
3660.644531	-46.623154
3666.027832	-48.146255
3671.411133	-48.742332
3676.794434	-49.420982
3682.177734	-50.672970
3687.561035	-53.957912
3692.944336	-56.856377
3698.327637	-54.761681
3703.710938	-51.627625
3709.094238	-54.155430
3714.477539	-58.254700
3719.860840	-61.771690
3725.244141	-63.351551
3730.627441	-62.652233
3736.010742	-61.484013
3741.394043	-65.218483
3746.777344	-68.034721
3752.160645	-62.237579
3757.543945	-57.904228
3762.927246	-54.495857
3768.310547	-53.039230
3773.693848	-52.476246
3779.077148	-54.589752
3784.460449	-58.222130
3789.843750	-51.483044
3795.227051	-49.314186
3800.610352	-50.464642
3805.993652	-53.438995
3811.376953	-53.573910
3816.760254	-51.246647
3822.143555	-49.307995
3827.526855	-48.140831
3832.910156	-48.197948
3838.293457	-48.139244
3843.676758	-49.441765
3849.060059	-53.078587
3854.443359	-55.850021
3859.826660	-56.390255
3865.209961	-59.940445
3870.593262	-57.647800
3875.976562	-51.499119
3881.359863	-48.639336
3886.743164	-47.285679
3892.126465	-47.287251
3897.509766	-47.415089
3902.893066	-47.596939
3908.276367	-49.286377
3913.659668	-51.008011
3919.042969	-53.569939
3924.426270	-58.221973
3929.809570	-61.287853
3935.192871	-61.509010
3940.576172	-60.274967
3945.959473	-62.264198
3951.342773	-67.084343
3956.726074	-67.445244
3962.109375	-62.084019
3967.492676	-58.016632
3972.875977	-56.409851
3978.259277	-54.392101
3983.642578	-53.488979
3989.025879	-53.556282
3994.409180	-54.335453
3999.792480	-57.733063
4005.175781	-60.065422
4010.559082	-56.222218
4015.942383	-55.921524
4021.325684	-55.914070
4026.708984	-56.922062
4032.092285	-59.080990
4037.475586	-60.233154
4042.858887	-58.222515
4048.242188	-55.870857
4053.625488	-54.254147
4059.008789	-53.463955
4064.392090	-53.563580
4069.775391	-52.989254
4075.158691	-52.992855
4080.541992	-54.300617
4085.925293	-55.213947
4091.308594	-56.820118
4096.691895	-55.774826
4102.075195	-53.517487
4107.458496	-51.447395
4112.841797	-47.649883
4118.225098	-44.359226
4123.608398	-44.033207
4128.991699	-45.300133
4134.375000	-46.914299
4139.758301	-50.458340
4145.141602	-58.939480
4150.524902	-65.750725
4155.908203	-65.617928
4161.291504	-69.915627
4166.674805	-67.255615
4172.058105	-62.189407
4177.441406	-58.389992
4182.824707	-56.549770
4188.208008	-56.379433
4193.591309	-56.779682
4198.974609	-55.009422
4204.357910	-52.738808
4209.741211	-52.066067
4215.124512	-53.089008
4220.507812	-54.252468
4225.891113	-54.731995
4231.274414	-56.589745
4236.657715	-62.824310
4242.041016	-68.276405
4247.424316	-65.114319
4252.807617	-60.207718
4258.190918	-54.954197
4263.574219	-52.306522
4268.957520	-50.574867
4274.340820	-49.677101
4279.724121	-48.434834
4285.107422	-46.699066
4290.490723	-44.990761
4295.874023	-42.736610
4301.257324	-42.234680
4306.640625	-44.245182
4312.023926	-48.768311
4317.407227	-57.760601
4322.790527	-62.357727
4328.173828	-61.169216
4333.557129	-62.062061
4338.940430	-62.794350
4344.323730	-63.684128
4349.707031	-60.367031
4355.090332	-57.814865
4360.473633	-56.447193
4365.856934	-54.324238
4371.240234	-51.423996
4376.623535	-51.593693
4382.006836	-58.469440
4387.390137	-55.034832
4392.773438	-53.256023
4398.156738	-54.177147
4403.540039	-54.864395
4408.923340	-57.675716
4414.306641	-60.368595
4419.689941	-56.536812
4425.073242	-53.804798
4430.456543	-53.538002
4435.839844	-55.999348
4441.223145	-59.107529
4446.606445	-57.913582
4451.989746	-53.425106
4457.373047	-51.574955
4462.756348	-53.484833
4468.139648	-55.591419
4473.522949	-56.021950
4478.906250	-56.099545
4484.289551	-55.895203
4489.672852	-57.290012
4495.056152	-59.464111
4500.439453	-55.687431
4505.822754	-53.375118
4511.206055	-54.823910
4516.589355	-54.967659
4521.972656	-52.815922
4527.355957	-51.646114
4532.739258	-51.095417
4538.122559	-50.862404
4543.505859	-52.687466
4548.889160	-56.478268
4554.272461	-57.209179
4559.655762	-56.915085
4565.039062	-53.524178
4570.422363	-52.043839
4575.805664	-53.934574
4581.188965	-55.937340
4586.572266	-54.396103
4591.955566	-52.454288
4597.338867	-52.218796
4602.722168	-54.368816
4608.105469	-58.924679
4613.488770	-62.155994
4618.872070	-58.919827
4624.255371	-54.753773
4629.638672	-51.348671
4635.021973	-49.320190
4640.405273	-51.124622
4645.788574	-54.847706
4651.171875	-59.250633
4656.555176	-66.343201
4661.938477	-67.308174
4667.321777	-64.693497
4672.705078	-63.426922
4678.088379	-64.710762
4683.471680	-66.048996
4688.854980	-68.073158
4694.238281	-65.631805
4699.621582	-59.546120
4705.004883	-54.644852
4710.388184	-52.152588
4715.771484	-52.598732
4721.154785	-57.789692
4726.538086	-57.114059
4731.921387	-52.935509
4737.304688	-51.345085
4742.687988	-50.402416
4748.071289	-49.848961
4753.454590	-50.322823
4758.837891	-50.172825
4764.221191	-49.765339
4769.604492	-50.271320
4774.987793	-51.086609
4780.371094	-51.535370
4785.754395	-53.513405
4791.137695	-57.252335
4796.520996	-58.189293
4801.904297	-53.621815
4807.287598	-51.171448
4812.670898	-50.602268
4818.054199	-52.753735
4823.437500	-58.378208
4828.820801	-60.977257
4834.204102	-58.888794
4839.587402	-56.353413
4844.970703	-54.772667
4850.354004	-57.182003
4855.737305	-57.062252
4861.120605	-54.052765
4866.503906	-54.021664
4871.887207	-55.509651
4877.270508	-56.302544
4882.653809	-57.905109
4888.037109	-59.786381
4893.420410	-61.252590
4898.803711	-64.214577
4904.187012	-64.312416
4909.570312	-63.010815
4914.953613	-63.176033
4920.336914	-63.540920
4925.720215	-60.785900
4931.103516	-57.938023
4936.486816	-58.619331
4941.870117	-65.389557
4947.253418	-73.857094
4952.636719	-72.654907
4958.020020	-65.017128
4963.403320	-61.453308
4968.786621	-63.201099
4974.169922	-64.737862
4979.553223	-57.825089
4984.936523	-54.233311
4990.319824	-53.591671
4995.703125	-55.540028
5001.086426	-58.991264
5006.469727	-59.612873
5011.853027	-56.811783
5017.236328	-53.826981
5022.619629	-53.753326
5028.002930	-55.783222
5033.386230	-57.354267
5038.769531	-56.398220
5044.152832	-56.317547
5049.536133	-59.464584
5054.919434	-61.937809
5060.302734	-63.118595
5065.686035	-65.601273
5071.069336	-65.390099
5076.452637	-65.438789
5081.835938	-66.867889
5087.219238	-65.792709
5092.602539	-65.087906
5097.985840	-67.378174
5103.369141	-68.746460
5108.752441	-65.028160
5114.135742	-61.798512
5119.519043	-58.926636
5124.902344	-57.022011
5130.285645	-56.468292
5135.668945	-56.853317
5141.052246	-59.152775
5146.435547	-59.634541
5151.818848	-58.812405
5157.202148	-58.299438
5162.585449	-57.377514
5167.968750	-57.936497
5173.352051	-57.035778
5178.735352	-55.080978
5184.118652	-56.219997
5189.501953	-59.103249
5194.885254	-58.479481
5200.268555	-55.141819
5205.651855	-53.486061
5211.035156	-53.255421
5216.418457	-54.320858
5221.801758	-55.677681
5227.185059	-58.037376
5232.568359	-64.068398
5237.951660	-67.781219
5243.334961	-64.371758
5248.718262	-61.748600
5254.101562	-58.454853
5259.484863	-57.052151
5264.868164	-57.366886
5270.251465	-58.731655
5275.634766	-59.907490
5281.018066	-60.671719
5286.401367	-63.445137
5291.784668	-68.341423
5297.167969	-63.454540
5302.551270	-59.304420
5307.934570	-58.710545
5313.317871	-58.182076
5318.701172	-57.429668
5324.084473	-58.658024
5329.467773	-58.802784
5334.851074	-57.672585
5340.234375	-55.972477
5345.617676	-55.778091
5351.000977	-57.440540
5356.384277	-58.788673
5361.767578	-59.963573
5367.150879	-59.335133
5372.534180	-59.509907
5377.917480	-59.693272
5383.300781	-62.972687
5388.684082	-68.894058
5394.067383	-68.109825
5399.450684	-64.380135
5404.833984	-59.045704
5410.217285	-58.860390
5415.600586	-63.719772
5420.983887	-68.787468
5426.367188	-64.719490
5431.750488	-61.556637
5437.133789	-56.220318
5442.517090	-51.583397
5447.900391	-48.879436
5453.283691	-47.646240
5458.666992	-47.086750
5464.050293	-48.132496
5469.433594	-51.907925
5474.816895	-59.571404
5480.200195	-69.959999
5485.583496	-65.699684
5490.966797	-61.266579
5496.350098	-59.309551
5501.733398	-58.584240
5507.116699	-58.455803
5512.500000	-58.456860
5517.883301	-58.902256
5523.266602	-60.225620
5528.649902	-61.410004
5534.033203	-59.440948
5539.416504	-57.256470
5544.799805	-55.739388
5550.183105	-54.386646
5555.566406	-52.890526
5560.949707	-53.319988
5566.333008	-56.557880
5571.716309	-61.564056
5577.099609	-59.512024
5582.482910	-56.889732
5587.866211	-58.105114
5593.249512	-62.054867
5598.632812	-58.342728
5604.016113	-54.074337
5609.399414	-52.632397
5614.782715	-53.409630
5620.166016	-55.129414
5625.549316	-57.177013
5630.932617	-59.404495
5636.315918	-62.100983
5641.699219	-65.268555
5647.082520	-65.701118
5652.465820	-61.610050
5657.849121	-58.206818
5663.232422	-57.835815
5668.615723	-60.308479
5673.999023	-64.716530
5679.382324	-63.303173
5684.765625	-58.384159
5690.148926	-54.078449
5695.532227	-52.425610
5700.915527	-53.182442
5706.298828	-55.151333
5711.682129	-55.775349
5717.065430	-56.392082
5722.448730	-58.509209
5727.832031	-59.630066
5733.215332	-57.785374
5738.598633	-56.298576
5743.981934	-56.326351
5749.365234	-56.706219
5754.748535	-55.677921
5760.131836	-54.243565
5765.515137	-53.177582
5770.898438	-54.527996
5776.281738	-59.316147
5781.665039	-68.403984
5787.048340	-64.837044
5792.431641	-59.383545
5797.814941	-56.562794
5803.198242	-56.213516
5808.581543	-57.185772
5813.964844	-59.447445
5819.348145	-61.955612
5824.731445	-61.580650
5830.114746	-60.851021
5835.498047	-62.980141
5840.881348	-64.145401
5846.264648	-59.880726
5851.647949	-57.631355
5857.031250	-56.694855
5862.414551	-56.779980
5867.797852	-56.613350
5873.181152	-57.327198
5878.564453	-59.405228
5883.947754	-62.315899
5889.331055	-67.310417
5894.714355	-70.598671
5900.097656	-69.276688
5905.480957	-67.614006
5910.864258	-67.345055
5916.247559	-69.479027
5921.630859	-67.513718
5927.014160	-63.569695
5932.397461	-61.973236
5937.780762	-61.596706
5943.164062	-61.860245
5948.547363	-62.562317
5953.930664	-63.323334
5959.313965	-63.171875
5964.697266	-62.673378
5970.080566	-63.287212
5975.463867	-64.839729
5980.847168	-67.327492
5986.230469	-70.895439
5991.613770	-72.455009
5996.997070	-70.752251
6002.380371	-71.313576
6007.763672	-64.924179
6013.146973	-58.923531
6018.530273	-55.677330
6023.913574	-53.918251
6029.296875	-53.442001
6034.680176	-54.056767
6040.063477	-55.580536
6045.446777	-58.873455
6050.830078	-61.765396
6056.213379	-62.971195
6061.596680	-64.697723
6066.979980	-62.070015
6072.363281	-60.861488
6077.746582	-61.030182
6083.129883	-63.305046
6088.513184	-69.152390
6093.896484	-67.699600
6099.279785	-62.223080
6104.663086	-60.160999
6110.046387	-59.789082
6115.429688	-60.487999
6120.812988	-61.965672
6126.196289	-63.577446
6131.579590	-64.167320
6136.962891	-63.634800
6142.346191	-64.043823
6147.729492	-64.322922
6153.112793	-62.406548
6158.496094	-62.028721
6163.879395	-62.560287
6169.262695	-63.157486
6174.645996	-64.493980
6180.029297	-62.324181
6185.412598	-57.109612
6190.795898	-54.265781
6196.179199	-53.177227
6201.562500	-53.270943
6206.945801	-54.466965
6212.329102	-57.373589
6217.712402	-61.874573
6223.095703	-65.597481
6228.479004	-67.130280
6233.862305	-69.887238
6239.245605	-68.011948
6244.628906	-65.464218
6250.012207	-63.484833
6255.395508	-60.375549
6260.778809	-59.130306
6266.162109	-59.903629
6271.545410	-61.994267
6276.928711	-65.208443
6282.312012	-69.328598
6287.695312	-68.392685
6293.078613	-65.671196
6298.461914	-64.989250
6303.845215	-63.991673
6309.228516	-61.352592
6314.611816	-60.722401
6319.995117	-62.470291
6325.378418	-64.942268
6330.761719	-66.502289
6336.145020	-72.729523
6341.528320	-73.576157
6346.911621	-70.776527
6352.294922	-68.189720
6357.678223	-63.315220
6363.061523	-60.656292
6368.444824	-60.222233
6373.828125	-61.484303
6379.211426	-63.506020
6384.594727	-65.721367
6389.978027	-66.432228
6395.361328	-67.182899
6400.744629	-67.284325
6406.127930	-65.308006
6411.511230	-64.107765
6416.894531	-63.055599
6422.277832	-62.663307
6427.661133	-62.919739
6433.044434	-63.868568
6438.427734	-66.845825
6443.811035	-71.153778
6449.194336	-72.782082
6454.577637	-74.796425
6459.960938	-69.170830
6465.344238	-66.567841
6470.727539	-66.779488
6476.110840	-66.512596
6481.494141	-67.692192
6486.877441	-68.141052
6492.260742	-66.908501
6497.644043	-67.253311
6503.027344	-67.330421
6508.410645	-65.995415
6513.793945	-65.078476
6519.177246	-65.680168
6524.560547	-69.710358
6529.943848	-75.674576
6535.327148	-71.717911
6540.710449	-67.545807
6546.093750	-65.660583
6551.477051	-64.909767
6556.860352	-65.442871
6562.243652	-65.892845
6567.626953	-65.312721
6573.010254	-65.194748
6578.393555	-65.707840
6583.776855	-66.996117
6589.160156	-67.927193
6594.543457	-67.652313
6599.926758	-65.669868
6605.310059	-65.107628
6610.693359	-65.305061
6616.076660	-65.528046
6621.459961	-66.797546
6626.843262	-67.833206
6632.226562	-65.039284
6637.609863	-63.358219
6642.993164	-62.636364
6648.376465	-63.146168
6653.759766	-65.153152
6659.143066	-67.259850
6664.526367	-66.878288
6669.909668	-67.350533
6675.292969	-68.235008
6680.676270	-69.274857
6686.059570	-69.907761
6691.442871	-69.951553
6696.826172	-67.957939
6702.209473	-66.265564
6707.592773	-65.309708
6712.976074	-65.088692
6718.359375	-64.993462
6723.742676	-65.238525
6729.125977	-66.540970
6734.509277	-67.627892
6739.892578	-67.305428
6745.275879	-66.993164
6750.659180	-67.422722
6756.042480	-69.204071
6761.425781	-71.701035
6766.809082	-72.221375
6772.192383	-70.994652
6777.575684	-69.539322
6782.958984	-67.629921
6788.342285	-66.899719
6793.725586	-67.650337
6799.108887	-68.497101
6804.492188	-71.357620
6809.875488	-77.943436
6815.258789	-80.047211
6820.642090	-80.225761
6826.025391	-81.839134
6831.408691	-76.861359
6836.791992	-74.245186
6842.175293	-74.394775
6847.558594	-78.636971
6852.941895	-84.110718
6858.325195	-77.684746
6863.708496	-77.030144
6869.091797	-79.771149
6874.475098	-77.725876
6879.858398	-73.935829
6885.241699	-72.123055
6890.625000	-71.427612
6896.008301	-69.576302
6901.391602	-68.276161
6906.774902	-68.001167
6912.158203	-66.892899
6917.541504	-66.399033
6922.924805	-66.392143
6928.308105	-67.400383
6933.691406	-69.251839
6939.074707	-70.857513
6944.458008	-69.646507
6949.841309	-67.608276
6955.224609	-66.306854
6960.607910	-66.386284
6965.991211	-68.965088
6971.374512	-70.831802
6976.757812	-70.852982
6982.141113	-70.956673
6987.524414	-71.921898
6992.907715	-75.396439
6998.291016	-77.576004
7003.674316	-74.057228
7009.057617	-70.789581
7014.440918	-68.833870
7019.824219	-67.618591
7025.207520	-66.351784
7030.590820	-65.430367
7035.974121	-67.867943
7041.357422	-72.109276
7046.740723	-70.189400
7052.124023	-69.146927
7057.507324	-69.065826
7062.890625	-69.039360
7068.273926	-69.204506
7073.657227	-67.871613
7079.040527	-66.158524
7084.423828	-64.802666
7089.807129	-63.456280
7095.190430	-65.417679
7100.573730	-70.796196
7105.957031	-72.226959
7111.340332	-70.688873
7116.723633	-71.520714
7122.106934	-75.168892
7127.490234	-82.480118
7132.873535	-85.843269
7138.256836	-81.488594
7143.640137	-81.454575
7149.023438	-83.559692
7154.406738	-80.378746
7159.790039	-76.346977
7165.173340	-73.902763
7170.556641	-74.136238
7175.939941	-78.675735
7181.323242	-77.555016
7186.706543	-73.488129
7192.089844	-71.584557
7197.473145	-71.149567
7202.856445	-71.899628
7208.239746	-75.433479
7213.623047	-79.711632
7219.006348	-74.596863
7224.389648	-74.411758
7229.772949	-77.180809
7235.156250	-80.778610
7240.539551	-80.483948
7245.922852	-77.120880
7251.306152	-75.291046
7256.689453	-74.346825
7262.072754	-75.201378
7267.456055	-73.195839
7272.839355	-69.659355
7278.222656	-67.914619
7283.605957	-68.926292
7288.989258	-70.134567
7294.372559	-69.106094
7299.755859	-67.486183
7305.139160	-67.940102
7310.522461	-69.914185
7315.905762	-70.635323
7321.289062	-71.392990
7326.672363	-72.248558
7332.055664	-73.491058
7337.438965	-76.281769
7342.822266	-81.846321
7348.205566	-82.402061
7353.588867	-78.979408
7358.972168	-78.687218
7364.355469	-79.920898
7369.738770	-83.349380
7375.122070	-86.277084
7380.505371	-82.317337
7385.888672	-79.370438
7391.271973	-78.607346
7396.655273	-79.925598
7402.038574	-77.522652
7407.421875	-75.010696
7412.805176	-74.299500
7418.188477	-74.368629
7423.571777	-75.554161
7428.955078	-78.270920
7434.338379	-78.185822
7439.721680	-74.072502
7445.104980	-72.134010
7450.488281	-71.183853
7455.871582	-70.891739
7461.254883	-70.863243
7466.638184	-70.383514
7472.021484	-70.494972
7477.404785	-71.797318
7482.788086	-73.738258
7488.171387	-74.267151
7493.554688	-73.918236
7498.937988	-74.123322
7504.321289	-74.424751
7509.704590	-75.288361
7515.087891	-77.151955
7520.471191	-78.677612
7525.854492	-79.046928
7531.237793	-79.951126
7536.621094	-81.175858
7542.004395	-80.434807
7547.387695	-79.886505
7552.770996	-81.336365
7558.154297	-78.823334
7563.537598	-76.385689
7568.920898	-75.028076
7574.304199	-73.949699
7579.687500	-73.901665
7585.070801	-74.582863
7590.454102	-75.245598
7595.837402	-75.832489
7601.220703	-77.321548
7606.604004	-77.852875
7611.987305	-75.903625
7617.370605	-74.098618
7622.753906	-73.199852
7628.137207	-72.819832
7633.520508	-73.196953
7638.903809	-73.614304
7644.287109	-74.272888
7649.670410	-75.408638
7655.053711	-75.719978
7660.437012	-75.291542
7665.820312	-74.184128
7671.203613	-72.627029
7676.586914	-71.821991
7681.970215	-71.794975
7687.353516	-72.955902
7692.736816	-76.757645
7698.120117	-84.093994
7703.503418	-84.687317
7708.886719	-85.240547
7714.270020	-85.734665
7719.653320	-84.795609
7725.036621	-88.392258
7730.419922	-95.483299
7735.803223	-99.303696
7741.186523	-92.374649
7746.569824	-85.942513
7751.953125	-82.601128
7757.336426	-80.158585
7762.719727	-79.647850
7768.103027	-81.160118
7773.486328	-84.486397
7778.869629	-86.044777
7784.252930	-82.660561
7789.636230	-79.926514
7795.019531	-78.350311
7800.402832	-77.778000
7805.786133	-77.967018
7811.169434	-78.598495
7816.552734	-80.074753
7821.936035	-82.526176
7827.319336	-79.872948
7832.702637	-76.849037
7838.085938	-75.418175
7843.469238	-76.280586
7848.852539	-80.114784
7854.235840	-80.478729
7859.619141	-76.453789
7865.002441	-74.086632
7870.385742	-73.514618
7875.769043	-74.309814
7881.152344	-75.251686
7886.535645	-74.625824
7891.918945	-73.388824
7897.302246	-73.420456
7902.685547	-74.905495
7908.068848	-79.153671
7913.452148	-86.077278
7918.835449	-84.977516
7924.218750	-82.781082
7929.602051	-80.898048
7934.985352	-79.106712
7940.368652	-78.414726
7945.751953	-78.976990
7951.135254	-80.086449
7956.518555	-78.646080
7961.901855	-77.104218
7967.285156	-77.579201
7972.668457	-79.376945
7978.051758	-81.454147
7983.435059	-80.915123
7988.818359	-77.580200
7994.201660	-74.521088
7999.584961	-72.363518
8004.968262	-71.365608
8010.351562	-71.789230
8015.734863	-73.087875
8021.118164	-74.690842
8026.501465	-76.582130
8031.884766	-76.571365
8037.268066	-75.430931
8042.651367	-75.057007
8048.034668	-75.731956
8053.417969	-77.094559
8058.801270	-75.977249
8064.184570	-72.361977
8069.567871	-70.295792
8074.951172	-69.154785
8080.334473	-69.256241
8085.717773	-70.461113
8091.101074	-72.445580
8096.484375	-75.663254
8101.867676	-77.566124
8107.250977	-75.407959
8112.634277	-73.359108
8118.017578	-72.597176
8123.400879	-73.285263
8128.784180	-74.449623
8134.167480	-74.027588
8139.550781	-72.571968
8144.934082	-71.831505
8150.317383	-72.228172
8155.700684	-73.721176
8161.083984	-75.582863
8166.467285	-78.232880
8171.850586	-80.186562
8177.233887	-78.406525
8182.617188	-77.807060
8188.000488	-78.972244
8193.383789	-79.466248
8198.767090	-80.108528
8204.150391	-82.424950
8209.533691	-85.883347
8214.916992	-89.569916
8220.300293	-91.074692
8225.683594	-92.839729
8231.066895	-93.367577
8236.450195	-88.745491
8241.833496	-84.661606
8247.216797	-83.763062
8252.600098	-84.647362
8257.983398	-82.665909
8263.366699	-79.171135
8268.750000	-76.490616
8274.133301	-75.563835
8279.516602	-75.792107
8284.899902	-76.071175
8290.283203	-76.187584
8295.666504	-76.600052
8301.049805	-76.696281
8306.433105	-76.276443
8311.816406	-76.154266
8317.199707	-76.991302
8322.583008	-76.661354
8327.966309	-74.574097
8333.349609	-72.896667
8338.732910	-72.246658
8344.116211	-72.428841
8349.499512	-73.361794
8354.882812	-75.065552
8360.266113	-76.906357
8365.649414	-78.446045
8371.032715	-78.926903
8376.416016	-78.285721
8381.799316	-78.061646
8387.182617	-77.389046
8392.565918	-76.587601
8397.949219	-76.130989
8403.332520	-76.059509
8408.715820	-76.135254
8414.099121	-77.517120
8419.482422	-80.610573
8424.865723	-86.721588
8430.249023	-83.782173
8435.632324	-79.508614
8441.015625	-77.640656
8446.398926	-77.796478
8451.782227	-78.473778
8457.165527	-79.851677
8462.548828	-81.232040
8467.932129	-83.332222
8473.315430	-86.174927
8478.698730	-84.488289
8484.082031	-80.448166
8489.465332	-78.080254
8494.848633	-77.498062
8500.231934	-77.575638
8505.615234	-77.078568
8510.998535	-76.896637
8516.381836	-77.357048
8521.765137	-78.109673
8527.148438	-78.523392
8532.531738	-78.563042
8537.915039	-79.577484
8543.298340	-82.069321
8548.681641	-84.235146
8554.064941	-81.913399
8559.448242	-78.959663
8564.831543	-77.737320
8570.214844	-77.957176
8575.598145	-78.976173
8580.981445	-80.556000
8586.364746	-82.574532
8591.748047	-84.166290
8597.131348	-85.681084
8602.514648	-85.987518
8607.897949	-83.453270
8613.281250	-82.499504
8618.664551	-81.054413
8624.047852	-78.948814
8629.431152	-78.316566
8634.814453	-78.362206
8640.197754	-78.532639
8645.581055	-78.627617
8650.964355	-78.422409
8656.347656	-77.160965
8661.730957	-75.780243
8667.114258	-75.320534
8672.497559	-75.721893
8677.880859	-75.661064
8683.264160	-75.298561
8688.647461	-75.347687
8694.030762	-75.433174
8699.414062	-75.324249
8704.797363	-75.351791
8710.180664	-75.587563
8715.563965	-75.862923
8720.947266	-76.349548
8726.330566	-77.139633
8731.713867	-77.514053
8737.097168	-77.747070
8742.480469	-77.886559
8747.863770	-78.115204
8753.247070	-78.015709
8758.630371	-78.309616
8764.013672	-79.805359
8769.396973	-83.019272
8774.780273	-83.488365
8780.163574	-81.421722
8785.546875	-80.891457
8790.930176	-81.693810
8796.313477	-81.370621
8801.696777	-78.717659
8807.080078	-76.677818
8812.463379	-75.743835
8817.846680	-75.854248
8823.229980	-76.539825
8828.613281	-77.067879
8833.996582	-76.317604
8839.379883	-74.772408
8844.763184	-73.677368
8850.146484	-73.171669
8855.529785	-73.142410
8860.913086	-73.000755
8866.296387	-72.666946
8871.679688	-72.991615
8877.062988	-73.755333
8882.446289	-74.036682
8887.829590	-74.744141
8893.212891	-75.649681
8898.596191	-75.741699
8903.979492	-74.998413
8909.362793	-74.597420
8914.746094	-74.970215
8920.129395	-76.087425
8925.512695	-76.553833
8930.895996	-76.348511
8936.279297	-76.729080
8941.662598	-77.484436
8947.045898	-78.509422
8952.429199	-78.216949
8957.812500	-76.883568
8963.195801	-75.839516
8968.579102	-75.616676
8973.962402	-76.088646
8979.345703	-76.628075
8984.729004	-75.822128
8990.112305	-74.461021
8995.495605	-73.514389
9000.878906	-73.280846
9006.262207	-73.702446
9011.645508	-74.545204
9017.028809	-75.548325
9022.412109	-76.058647
9027.795410	-75.382156
9033.178711	-74.720619
9038.562012	-74.199722
9043.945312	-73.577675
9049.328613	-73.256264
9054.711914	-73.015198
9060.095215	-73.141991
9065.478516	-73.855934
9070.861816	-75.282654
9076.245117	-76.779228
9081.628418	-78.043709
9087.011719	-79.316856
9092.395020	-78.961777
9097.778320	-77.718834
9103.161621	-76.952583
9108.544922	-76.832642
9113.928223	-77.746277
9119.311523	-79.047432
9124.694824	-80.334930
9130.078125	-81.523499
9135.461426	-84.101906
9140.844727	-89.819260
9146.228027	-94.546661
9151.611328	-88.633240
9156.994629	-85.887215
9162.377930	-85.920525
9167.761230	-87.461090
9173.144531	-90.557404
9178.527832	-93.984993
9183.911133	-90.417412
9189.294434	-85.801880
9194.677734	-82.056244
9200.061035	-80.218910
9205.444336	-79.613167
9210.827637	-79.562210
9216.210938	-79.793259
9221.594238	-80.033257
9226.977539	-80.296333
9232.360840	-81.009209
9237.744141	-82.549316
9243.127441	-83.284386
9248.510742	-80.692780
9253.894043	-78.893326
9259.277344	-78.175056
9264.660645	-78.105194
9270.043945	-78.941551
9275.427246	-79.840584
9280.810547	-80.536804
9286.193848	-80.972450
9291.577148	-81.682640
9296.960449	-82.640762
9302.343750	-81.093544
9307.727051	-79.211853
9313.110352	-78.025322
9318.493652	-77.512390
9323.876953	-77.655609
9329.260254	-77.920113
9334.643555	-77.669159
9340.026855	-76.846954
9345.410156	-75.792107
9350.793457	-74.913452
9356.176758	-74.564453
9361.560059	-74.609825
9366.943359	-74.434593
9372.326660	-74.119194
9377.709961	-74.030571
9383.093262	-74.094261
9388.476562	-73.901062
9393.859863	-73.799500
9399.243164	-73.956207
9404.626465	-73.810547
9410.009766	-73.482201
9415.393066	-74.156120
9420.776367	-75.814438
9426.159668	-77.505943
9431.542969	-77.859764
9436.926270	-76.988495
9442.309570	-76.340088
9447.692871	-76.553093
9453.076172	-77.434952
9458.459473	-77.953812
9463.842773	-77.626137
9469.226074	-77.142960
9474.609375	-77.420868
9479.992676	-77.874496
9485.375977	-78.219467
9490.759277	-78.532936
9496.142578	-79.002213
9501.525879	-78.731171
9506.909180	-78.102837
9512.292480	-77.169571
9517.675781	-76.791824
9523.059082	-77.065361
9528.442383	-77.808281
9533.825684	-77.865746
9539.208984	-77.329315
9544.592285	-77.067314
9549.975586	-77.326202
9555.358887	-77.150360
9560.742188	-76.407333
9566.125488	-75.338036
9571.508789	-74.362251
9576.892090	-73.707718
9582.275391	-73.908623
9587.658691	-75.243019
9593.041992	-76.819809
9598.425293	-77.500214
9603.808594	-76.791260
9609.191895	-76.081070
9614.575195	-76.608047
9619.958496	-78.160782
9625.341797	-79.633713
9630.725098	-79.708710
9636.108398	-78.956322
9641.491699	-78.557915
9646.875000	-78.617722
9652.258301	-79.514809
9657.641602	-81.119797
9663.024902	-83.178909
9668.408203	-86.185745
9673.791504	-92.161736
9679.174805	-95.485580
9684.558105	-91.198380
9689.941406	-90.282425
9695.324707	-89.676552
9700.708008	-88.242554
9706.091309	-86.990334
9711.474609	-86.287605
9716.857910	-87.764122
9722.241211	-93.931099
9727.624512	-95.246231
9733.007812	-90.210327
9738.391113	-86.780258
9743.774414	-84.414162
9749.157715	-83.548805
9754.541016	-83.688057
9759.924316	-85.045959
9765.307617	-87.935417
9770.690918	-91.299332
9776.074219	-90.537651
9781.457520	-89.555717
9786.840820	-90.656479
9792.224121	-89.531464
9797.607422	-87.360977
9802.990723	-86.232895
9808.374023	-85.203270
9813.757324	-84.728638
9819.140625	-86.021553
9824.523926	-86.675247
9829.907227	-85.252731
9835.290527	-83.268074
9840.673828	-80.875847
9846.057129	-79.108788
9851.440430	-77.673027
9856.823730	-77.014473
9862.207031	-77.215881
9867.590332	-77.712547
9872.973633	-78.151863
9878.356934	-78.171463
9883.740234	-78.271255
9889.123535	-78.636932
9894.506836	-78.378578
9899.890137	-77.863731
9905.273438	-77.257523
9910.656738	-76.608719
9916.040039	-76.320465
9921.423340	-76.097557
9926.806641	-76.169968
9932.189941	-76.488983
9937.573242	-77.323280
9942.956543	-78.306320
9948.339844	-79.187225
9953.723145	-79.859497
9959.106445	-80.400665
9964.489746	-80.469673
9969.873047	-80.311554
9975.256348	-79.804428
9980.639648	-79.158524
9986.022949	-79.024071
9991.406250	-79.894577
9996.789551	-81.648422
10002.172852	-83.693398
10007.556152	-85.836060
10012.939453	-86.528709
10018.322754	-86.012665
10023.706055	-83.650749
10029.089355	-82.029236
10034.472656	-81.495926
10039.855957	-81.496887
10045.239258	-81.523476
10050.622559	-81.128578
10056.005859	-81.360039
10061.389160	-81.464737
10066.772461	-81.649185
10072.155762	-80.967911
10077.539062	-79.891182
10082.922363	-78.537148
10088.305664	-77.731743
10093.688965	-77.426193
10099.072266	-77.156303
10104.455566	-77.340050
10109.838867	-77.770256
10115.222168	-78.475533
10120.605469	-78.671875
10125.988770	-79.214127
10131.372070	-79.983482
10136.755371	-80.707970
10142.138672	-80.346313
10147.521973	-79.422318
10152.905273	-78.851173
10158.288574	-78.973969
10163.671875	-80.084351
10169.055176	-81.730217
10174.438477	-83.500183
10179.821777	-85.333961
10185.205078	-87.499214
10190.588379	-87.301422
10195.971680	-85.798515
10201.354980	-84.709839
10206.738281	-85.157776
10212.121582	-86.780029
10217.504883	-86.692802
10222.888184	-85.199081
10228.271484	-84.602852
10233.654785	-84.357689
10239.038086	-84.734077
10244.421387	-85.050369
10249.804688	-85.001770
10255.187988	-85.005241
10260.571289	-84.634468
10265.954590	-84.364571
10271.337891	-83.696686
10276.721191	-83.210564
10282.104492	-83.641365
10287.487793	-84.175453
10292.871094	-84.377426
10298.254395	-85.370956
10303.637695	-87.389214
10309.020996	-89.678268
10314.404297	-89.753716
10319.787598	-87.421341
10325.170898	-85.702736
10330.554199	-84.898811
10335.937500	-84.946594
10341.320801	-86.379456
10346.704102	-88.880440
10352.087402	-93.015556
10357.470703	-101.213867
10362.854004	-98.335632
10368.237305	-93.289314
10373.620605	-90.816811
10379.003906	-88.297546
10384.387207	-87.080940
10389.770508	-85.600334
10395.153809	-85.129654
10400.537109	-85.814423
10405.920410	-86.303932
10411.303711	-85.816864
10416.687012	-84.789055
10422.070312	-83.663872
10427.453613	-82.387146
10432.836914	-80.939697
10438.220215	-79.793594
10443.603516	-79.439201
10448.986816	-79.192818
10454.370117	-79.664795
10459.753418	-80.439285
10465.136719	-80.559982
10470.520020	-81.216499
10475.903320	-82.325623
10481.286621	-84.051071
10486.669922	-85.015526
10492.053223	-83.834656
10497.436523	-83.000977
10502.819824	-82.874535
10508.203125	-83.051064
10513.586426	-83.856758
10518.969727	-85.258316
10524.353027	-88.001915
10529.736328	-91.306244
10535.119629	-94.406952
10540.502930	-95.263069
10545.886230	-94.943260
10551.269531	-92.147888
10556.652832	-89.572678
10562.036133	-88.166458
10567.419434	-89.672234
10572.802734	-92.592690
10578.186035	-90.530350
10583.569336	-86.436852
10588.952637	-84.157417
10594.335938	-83.562782
10599.719238	-83.228592
10605.102539	-82.477478
10610.485840	-82.036736
10615.869141	-82.168076
10621.252441	-82.459503
10626.635742	-82.480789
10632.019043	-82.480827
10637.402344	-83.139923
10642.785645	-84.235939
10648.168945	-86.234039
10653.552246	-87.461731
10658.935547	-87.196892
10664.318848	-85.563400
10669.702148	-85.291306
10675.085449	-86.467819
10680.468750	-87.004189
10685.852051	-87.207405
10691.235352	-88.318100
10696.618652	-90.493149
10702.001953	-92.308281
10707.385254	-92.969666
10712.768555	-93.437553
10718.151855	-95.335587
10723.535156	-91.463142
10728.918457	-87.855850
10734.301758	-87.040901
10739.685059	-87.323700
10745.068359	-88.947983
10750.451660	-89.731995
10755.834961	-89.279480
10761.218262	-87.653397
10766.601562	-86.636024
10771.984863	-85.631302
10777.368164	-84.511101
10782.751465	-83.486153
10788.134766	-82.817421
10793.518066	-82.977425
10798.901367	-83.480713
10804.284668	-83.781372
10809.667969	-84.620232
10815.051270	-86.564644
10820.434570	-89.229515
10825.817871	-89.088524
10831.201172	-87.512115
10836.584473	-86.530533
10841.967773	-87.176437
10847.351074	-88.460907
10852.734375	-89.111893
10858.117676	-89.951385
10863.500977	-90.623154
10868.884277	-90.931595
10874.267578	-91.021790
10879.650879	-90.914421
10885.034180	-90.174713
10890.417480	-88.236633
10895.800781	-86.491173
10901.184082	-85.642387
10906.567383	-86.611603
10911.950684	-87.286888
10917.333984	-85.767715
10922.717285	-83.800194
10928.100586	-82.729843
10933.483887	-82.389420
10938.867188	-81.983376
10944.250488	-81.722755
10949.633789	-81.323380
10955.017090	-81.086319
10960.400391	-81.010292
10965.783691	-80.938667
10971.166992	-80.811134
10976.550293	-81.011368
10981.933594	-81.995659
10987.316895	-83.085915
10992.700195	-83.835724
10998.083496	-83.583549
11003.466797	-83.696892
11008.850098	-83.667358
11014.233398	-84.075302
11019.616699	-84.524864
11025.000000	-85.115448
11030.383301	-85.858025
11035.766602	-87.297615
11041.149902	-88.493881
11046.533203	-89.219048
11051.916504	-88.910240
11057.299805	-87.790192
11062.683105	-85.783890
11068.066406	-84.218857
11073.449707	-83.610565
11078.833008	-83.543541
11084.216309	-84.063080
11089.599609	-83.358505
11094.982910	-82.637718
11100.366211	-82.523232
11105.749512	-82.559280
11111.132812	-81.787491
11116.516113	-80.696304
11121.899414	-79.944603
11127.282715	-79.795166
11132.666016	-80.037964
11138.049316	-79.987511
11143.432617	-79.542007
11148.815918	-79.371460
11154.199219	-79.882210
11159.582520	-80.663124
11164.965820	-81.062073
11170.349121	-81.013527
11175.732422	-81.020470
11181.115723	-81.428703
11186.499023	-81.820084
11191.882324	-81.967834
11197.265625	-81.929947
11202.648926	-82.509529
11208.032227	-83.369148
11213.415527	-84.201439
11218.798828	-84.410820
11224.182129	-84.802544
11229.565430	-86.408440
11234.948730	-87.551674
11240.332031	-86.128731
11245.715332	-84.425392
11251.098633	-84.096512
11256.481934	-84.352547
11261.865234	-84.223389
11267.248535	-83.495651
11272.631836	-83.039307
11278.015137	-82.970284
11283.398438	-82.593147
11288.781738	-82.056763
11294.165039	-81.696861
11299.548340	-80.996429
11304.931641	-80.399117
11310.314941	-79.992287
11315.698242	-79.424377
11321.081543	-79.573624
11326.464844	-80.168213
11331.848145	-80.935951
11337.231445	-80.884491
11342.614746	-80.682739
11347.998047	-80.772095
11353.381348	-81.254669
11358.764648	-82.075035
11364.147949	-82.861427
11369.531250	-83.333061
11374.914551	-83.940109
11380.297852	-84.806679
11385.681152	-85.818642
11391.064453	-86.281166
11396.447754	-87.001419
11401.831055	-89.203117
11407.214355	-94.100220
11412.597656	-97.820938
11417.980957	-97.991531
11423.364258	-98.378242
11428.747559	-96.702370
11434.130859	-93.546463
11439.514160	-91.509972
11444.897461	-91.183815
11450.280762	-92.595566
11455.664062	-90.689163
11461.047363	-88.757401
11466.430664	-87.156776
11471.813965	-86.047195
11477.197266	-84.592316
11482.580566	-84.058037
11487.963867	-84.058868
11493.347168	-85.012138
11498.730469	-86.588310
11504.113770	-87.456627
11509.497070	-86.635170
11514.880371	-85.814880
11520.263672	-86.053253
11525.646973	-87.018875
11531.030273	-86.729378
11536.413574	-86.345497
11541.796875	-86.571899
11547.180176	-87.181732
11552.563477	-87.942001
11557.946777	-88.893532
11563.330078	-91.078133
11568.713379	-94.564514
11574.096680	-99.947144
11579.479980	-95.569176
11584.863281	-93.007973
11590.246582	-93.580879
11595.629883	-93.930733
11601.013184	-92.225685
11606.396484	-89.303864
11611.779785	-88.739983
11617.163086	-88.065186
11622.546387	-87.237839
11627.929688	-85.045197
11633.312988	-83.171532
11638.696289	-82.746284
11644.079590	-82.727104
11649.462891	-82.388237
11654.846191	-82.058708
11660.229492	-82.419472
11665.612793	-82.691170
11670.996094	-82.811516
11676.379395	-83.139824
11681.762695	-82.921440
11687.145996	-82.702766
11692.529297	-83.075089
11697.912598	-83.412842
11703.295898	-83.248505
11708.679199	-83.207283
11714.062500	-83.929314
11719.445801	-84.893524
11724.829102	-86.890297
11730.212402	-88.482330
11735.595703	-88.231285
11740.979004	-87.538788
11746.362305	-87.253654
11751.745605	-88.343269
11757.128906	-89.222534
11762.512207	-89.096703
11767.895508	-89.026909
11773.278809	-88.176476
11778.662109	-88.018112
11784.045410	-88.092239
11789.428711	-88.390221
11794.812012	-87.613266
11800.195312	-85.927666
11805.578613	-84.894882
11810.961914	-84.512787
11816.345215	-85.085419
11821.728516	-85.433685
11827.111816	-85.322708
11832.495117	-84.624092
11837.878418	-83.517708
11843.261719	-82.851486
11848.645020	-83.030151
11854.028320	-83.049850
11859.411621	-82.710144
11864.794922	-82.155052
11870.178223	-81.972137
11875.561523	-82.398720
11880.944824	-82.907440
11886.328125	-83.825714
11891.711426	-84.289337
11897.094727	-83.463242
11902.478027	-83.298172
11907.861328	-84.083221
11913.244629	-85.685410
11918.627930	-87.190308
11924.011230	-87.065079
11929.394531	-87.359772
11934.777832	-88.363037
11940.161133	-89.016220
11945.544434	-89.387009
11950.927734	-89.298912
11956.311035	-90.836426
11961.694336	-90.622345
11967.077637	-87.058243
11972.460938	-84.076195
11977.844238	-83.037216
11983.227539	-84.473137
11988.610840	-86.439468
11993.994141	-85.504196
11999.377441	-83.515968
12004.760742	-83.645020
12010.144043	-83.641060
12015.527344	-83.207214
12020.910645	-82.912682
12026.293945	-82.652321
12031.677246	-82.550911
12037.060547	-82.841614
12042.443848	-83.115593
12047.827148	-82.883484
12053.210449	-83.012726
12058.593750	-83.605919
12063.977051	-84.303932
12069.360352	-84.575333
12074.743652	-83.951683
12080.126953	-84.254852
12085.510254	-85.569397
12090.893555	-86.420212
12096.276855	-86.416885
12101.660156	-86.868805
12107.043457	-89.120758
12112.426758	-91.947227
12117.810059	-94.389381
12123.193359	-93.191673
12128.576660	-91.161995
12133.959961	-89.327667
12139.343262	-88.348557
12144.726562	-88.115013
12150.109863	-87.424736
12155.493164	-87.377159
12160.876465	-86.314163
12166.259766	-85.267693
12171.643066	-84.759644
12177.026367	-84.325027
12182.409668	-83.378075
12187.792969	-82.429558
12193.176270	-81.582176
12198.559570	-81.589417
12203.942871	-81.981163
12209.326172	-82.717842
12214.709473	-82.898315
12220.092773	-82.492218
12225.476074	-82.403374
12230.859375	-82.162018
12236.242676	-81.765717
12241.625977	-81.727783
12247.009277	-82.003983
12252.392578	-82.639252
12257.775879	-83.766571
12263.159180	-85.009598
12268.542480	-85.745087
12273.925781	-86.122513
12279.309082	-87.316765
12284.692383	-87.688469
12290.075684	-87.658966
12295.458984	-88.528168
12300.842285	-90.010933
12306.225586	-94.311768
12311.608887	-94.855865
12316.992188	-91.141212
12322.375488	-89.261002
12327.758789	-90.041328
12333.142090	-91.123886
12338.525391	-89.790764
12343.908691	-89.304169
12349.291992	-88.625145
12354.675293	-88.384506
12360.058594	-87.359924
12365.441895	-86.110565
12370.825195	-85.672562
12376.208496	-85.891838
12381.591797	-86.215500
12386.975098	-85.856232
12392.358398	-86.199867
12397.741699	-86.660088
12403.125000	-87.941727
12408.508301	-87.819550
12413.891602	-86.909142
12419.274902	-86.379631
12424.658203	-87.099190
12430.041504	-87.078148
12435.424805	-87.298386
12440.808105	-87.246368
12446.191406	-88.250648
12451.574707	-90.885231
12456.958008	-91.612679
12462.341309	-89.496521
12467.724609	-88.289368
12473.107910	-87.818069
12478.491211	-87.812660
12483.874512	-86.807167
12489.257812	-86.438530
12494.641113	-87.139290
12500.024414	-88.197098
12505.407715	-86.984650
12510.791016	-85.830307
12516.174316	-84.887627
12521.557617	-84.650291
12526.940918	-84.043694
12532.324219	-83.253883
12537.707520	-82.947670
12543.090820	-82.709824
12548.474121	-83.151016
12553.857422	-83.110954
12559.240723	-82.837006
12564.624023	-83.094292
12570.007324	-83.293831
12575.390625	-83.350143
12580.773926	-83.115387
12586.157227	-82.596283
12591.540527	-82.390327
12596.923828	-82.822655
12602.307129	-83.715530
12607.690430	-84.034157
12613.073730	-84.314453
12618.457031	-84.840080
12623.840332	-86.477966
12629.223633	-87.420120
12634.606934	-88.021446
12639.990234	-88.552383
12645.373535	-89.297211
12650.756836	-90.495056
12656.140137	-91.008514
12661.523438	-91.737068
12666.906738	-93.165665
12672.290039	-95.191261
12677.673340	-96.069969
12683.056641	-93.323204
12688.439941	-91.744614
12693.823242	-91.409348
12699.206543	-90.428452
12704.589844	-88.894272
12709.973145	-87.983902
12715.356445	-87.755798
12720.739746	-88.842445
12726.123047	-88.709877
12731.506348	-87.410095
12736.889648	-86.532784
12742.272949	-86.949501
12747.656250	-86.847893
12753.039551	-86.418709
12758.422852	-85.759285
12763.806152	-86.124146
12769.189453	-86.775352
12774.572754	-87.611534
12779.956055	-87.441956
12785.339355	-87.293129
12790.722656	-88.409683
12796.105957	-90.072472
12801.489258	-90.432350
12806.872559	-90.743713
12812.255859	-93.113106
12817.639160	-96.370094
12823.022461	-97.854416
12828.405762	-96.463188
12833.789062	-95.434288
12839.172363	-96.709679
12844.555664	-98.172714
12849.938965	-98.471581
12855.322266	-95.934265
12860.705566	-95.112999
12866.088867	-95.119278
12871.472168	-92.880165
12876.855469	-91.535706
12882.238770	-91.331772
12887.622070	-91.010544
12893.005371	-89.495293
12898.388672	-87.477943
12903.771973	-87.187035
12909.155273	-88.502403
12914.538574	-89.465752
12919.921875	-88.685844
12925.305176	-87.995087
12930.688477	-88.689583
12936.071777	-89.648628
12941.455078	-90.014702
12946.838379	-90.614952
12952.221680	-90.971817
12957.604980	-91.767700
12962.988281	-93.128944
12968.371582	-94.437233
12973.754883	-94.429970
12979.138184	-95.006393
12984.521484	-97.463013
12989.904785	-96.789040
12995.288086	-92.904770
13000.671387	-91.555542
13006.054688	-91.878067
13011.437988	-90.956902
13016.821289	-89.545288
13022.204590	-88.858063
13027.587891	-88.391045
13032.971191	-89.082642
13038.354492	-87.683174
13043.737793	-85.697487
13049.121094	-84.288780
13054.504395	-83.992355
13059.887695	-83.722382
13065.270996	-83.810486
13070.654297	-83.257874
13076.037598	-82.854439
13081.420898	-83.180290
13086.804199	-83.419220
13092.187500	-83.274185
13097.570801	-83.229660
13102.954102	-83.583527
13108.337402	-83.884308
13113.720703	-83.557755
13119.104004	-83.204216
13124.487305	-83.533966
13129.870605	-84.102135
13135.253906	-85.259789
13140.637207	-86.337265
13146.020508	-86.745842
13151.403809	-86.894005
13156.787109	-87.370056
13162.170410	-88.122604
13167.553711	-87.537659
13172.937012	-86.660431
13178.320312	-87.108398
13183.703613	-88.551582
13189.086914	-89.846893
13194.470215	-91.460442
13199.853516	-92.571373
13205.236816	-93.318504
13210.620117	-92.165070
13216.003418	-91.395866
13221.386719	-90.390244
13226.770020	-91.449379
13232.153320	-92.854080
13237.536621	-91.680016
13242.919922	-88.513863
13248.303223	-87.420326
13253.686523	-87.289139
13259.069824	-87.300827
13264.453125	-87.312920
13269.836426	-87.198227
13275.219727	-88.220901
13280.603027	-90.218391
13285.986328	-91.937973
13291.369629	-91.449501
13296.752930	-90.123543
13302.136230	-89.234406
13307.519531	-89.833763
13312.902832	-91.790825
13318.286133	-92.472328
13323.669434	-91.326797
13329.052734	-92.372490
13334.436035	-93.673424
13339.819336	-95.684929
13345.202637	-97.063721
13350.585938	-97.830574
13355.969238	-99.297600
13361.352539	-101.754929
13366.735840	-105.166313
13372.119141	-101.787033
13377.502441	-98.455414
13382.885742	-94.782761
13388.269043	-93.421684
13393.652344	-93.547287
13399.035645	-92.913857
13404.418945	-91.464302
13409.802246	-90.102036
13415.185547	-90.327324
13420.568848	-90.931412
13425.952148	-91.980637
13431.335449	-93.780884
13436.718750	-93.572769
13442.102051	-93.322708
13447.485352	-96.769760
13452.868652	-94.527565
13458.251953	-92.428726
13463.635254	-93.518707
13469.018555	-93.485352
13474.401855	-94.787247
13479.785156	-97.667313
13485.168457	-100.505875
13490.551758	-97.246185
13495.935059	-97.543938
13501.318359	-96.097801
13506.701660	-94.236023
13512.084961	-93.750679
13517.468262	-93.983299
13522.851562	-92.047134
13528.234863	-89.877266
13533.618164	-89.766754
13539.001465	-90.010895
13544.384766	-89.866676
13549.768066	-88.699333
13555.151367	-87.519600
13560.534668	-86.557755
13565.917969	-86.171852
13571.301270	-86.004982
13576.684570	-86.054619
13582.067871	-85.901215
13587.451172	-86.034912
13592.834473	-86.751328
13598.217773	-87.139130
13603.601074	-86.357300
13608.984375	-86.096817
13614.367676	-85.960503
13619.750977	-86.701019
13625.134277	-86.881279
13630.517578	-86.581200
13635.900879	-86.254883
13641.284180	-87.106735
13646.667480	-88.336594
13652.050781	-88.471039
13657.434082	-88.551422
13662.817383	-89.467590
13668.200684	-90.510162
13673.583984	-90.328239
13678.967285	-89.401649
13684.350586	-89.455849
13689.733887	-91.708641
13695.117188	-96.928093
13700.500488	-96.786308
13705.883789	-91.328201
13711.267090	-88.824768
13716.650391	-87.623802
13722.033691	-89.219055
13727.416992	-89.903351
13732.800293	-89.836166
13738.183594	-88.990723
13743.566895	-89.181381
13748.950195	-90.005547
13754.333496	-90.210571
13759.716797	-90.525536
13765.100098	-90.821777
13770.483398	-90.099373
13775.866699	-88.460068
13781.250000	-86.952705
13786.633301	-86.449921
13792.016602	-86.944450
13797.399902	-88.758873
13802.783203	-89.727493
13808.166504	-89.307388
13813.549805	-89.344528
13818.933105	-88.997871
13824.316406	-89.553993
13829.699707	-91.262840
13835.083008	-91.532669
13840.466309	-92.368729
13845.849609	-93.853455
13851.232910	-94.800888
13856.616211	-95.402069
13861.999512	-96.850792
13867.382812	-99.082268
13872.766113	-99.163200
13878.149414	-99.492554
13883.532715	-99.370636
13888.916016	-96.250610
13894.299316	-93.600662
13899.682617	-92.766861
13905.065918	-92.698555
13910.449219	-92.539345
13915.832520	-90.525726
13921.215820	-89.054352
13926.599121	-88.539841
13931.982422	-88.309929
13937.365723	-88.025414
13942.749023	-87.456947
13948.132324	-87.258110
13953.515625	-88.261520
13958.898926	-90.557388
13964.282227	-91.353134
13969.665527	-90.158218
13975.048828	-90.033211
13980.432129	-90.356964
13985.815430	-90.948303
13991.198730	-91.634590
13996.582031	-91.776772
14001.965332	-90.963783
14007.348633	-91.153976
14012.731934	-92.133026
14018.115234	-93.451065
14023.498535	-96.710159
14028.881836	-101.412872
14034.265137	-103.579536
14039.648438	-98.853600
14045.031738	-99.747383
14050.415039	-102.598251
14055.798340	-102.967430
14061.181641	-97.329033
14066.564941	-94.132935
14071.948242	-92.294373
14077.331543	-91.566635
14082.714844	-90.171463
14088.098145	-89.156364
14093.481445	-88.540215
14098.864746	-88.650223
14104.248047	-88.846764
14109.631348	-89.885544
14115.014648	-89.704849
14120.397949	-88.928246
14125.781250	-87.812614
14131.164551	-87.426170
14136.547852	-87.043022
14141.931152	-87.338226
14147.314453	-87.875114
14152.697754	-88.851860
14158.081055	-89.773109
14163.464355	-90.089523
14168.847656	-89.565788
14174.230957	-89.703957
14179.614258	-89.752113
14184.997559	-90.904129
14190.380859	-92.480232
14195.764160	-95.718178
14201.147461	-96.789764
14206.530762	-93.196365
14211.914062	-91.072861
14217.297363	-90.709610
14222.680664	-93.295334
14228.063965	-95.367958
14233.447266	-93.077446
14238.830566	-90.981735
14244.213867	-90.930084
14249.597168	-91.487526
14254.980469	-90.328346
14260.363770	-88.025093
14265.747070	-86.602074
14271.130371	-86.436874
14276.513672	-86.764313
14281.896973	-87.957481
14287.280273	-88.434166
14292.663574	-88.487984
14298.046875	-88.897865
14303.430176	-88.908195
14308.813477	-88.297066
14314.196777	-87.683800
14319.580078	-88.413895
14324.963379	-89.399292
14330.346680	-90.378296
14335.729980	-90.345390
14341.113281	-91.265808
14346.496582	-93.391945
14351.879883	-97.477219
14357.263184	-100.918556
14362.646484	-96.997292
14368.029785	-95.160942
14373.413086	-96.324127
14378.796387	-99.833511
14384.179688	-100.206390
14389.562988	-99.596275
14394.946289	-97.786911
14400.329590	-96.997490
14405.712891	-94.689156
14411.096191	-93.143837
14416.479492	-92.331818
14421.862793	-91.197868
14427.246094	-90.654533
14432.629395	-89.014511
14438.012695	-88.385475
14443.395996	-88.121574
14448.779297	-87.989281
14454.162598	-86.306755
14459.545898	-85.751099
14464.929199	-85.108795
14470.312500	-85.774826
14475.695801	-86.219986
14481.079102	-85.722565
14486.462402	-85.717918
14491.845703	-86.918732
14497.229004	-87.695778
14502.612305	-88.075027
14507.995605	-87.455910
14513.378906	-87.586037
14518.762207	-88.660400
14524.145508	-89.404495
14529.528809	-89.224388
14534.912109	-89.333389
14540.295410	-90.830574
14545.678711	-93.020760
14551.062012	-96.349266
14556.445312	-94.534317
14561.828613	-95.009155
14567.211914	-97.638474
14572.595215	-100.120758
14577.978516	-97.485619
14583.361816	-94.087280
14588.745117	-95.533638
14594.128418	-96.457062
14599.511719	-94.800407
14604.895020	-94.034012
14610.278320	-92.844986
14615.661621	-91.876488
14621.044922	-90.045990
14626.428223	-89.096245
14631.811523	-89.656204
14637.194824	-89.892609
14642.578125	-89.969002
14647.961426	-89.207458
14653.344727	-88.583702
14658.728027	-88.528969
14664.111328	-89.677086
14669.494629	-90.017616
14674.877930	-89.921211
14680.261230	-89.964867
14685.644531	-92.000992
14691.027832	-94.032066
14696.411133	-94.327728
14701.794434	-93.596725
14707.177734	-91.985832
14712.561035	-93.397064
14717.944336	-94.571960
14723.327637	-94.959396
14728.710938	-94.331406
14734.094238	-95.515648
14739.477539	-96.124771
14744.860840	-93.643822
14750.244141	-91.221786
14755.627441	-89.906265
14761.010742	-88.728607
14766.394043	-88.560928
14771.777344	-88.489037
14777.160645	-88.615402
14782.543945	-88.825836
14787.927246	-88.938675
14793.310547	-86.816978
14798.693848	-85.183823
14804.077148	-84.608528
14809.460449	-85.228516
14814.843750	-86.626518
14820.227051	-86.430069
14825.610352	-85.733719
14830.993652	-86.511604
14836.376953	-87.767288
14841.760254	-87.297707
14847.143555	-86.243675
14852.526855	-85.960083
14857.910156	-86.942558
14863.293457	-88.685219
14868.676758	-88.769180
14874.060059	-88.084633
14879.443359	-88.535660
14884.826660	-89.984253
14890.209961	-91.319794
14895.593262	-91.735283
14900.976562	-92.523476
14906.359863	-93.181374
14911.743164	-95.970886
14917.126465	-94.753441
14922.509766	-91.918175
14927.893066	-90.919212
14933.276367	-92.356987
14938.659668	-94.747177
14944.042969	-94.248177
14949.426270	-91.370636
14954.809570	-89.371979
14960.192871	-88.997528
14965.576172	-88.925117
14970.959473	-90.001541
14976.342773	-90.928276
14981.726074	-89.062469
14987.109375	-87.029495
14992.492676	-86.827675
14997.875977	-86.486755
15003.259277	-86.181854
15008.642578	-85.532761
15014.025879	-85.437897
15019.409180	-86.122879
15024.792480	-86.938873
15030.175781	-87.569588
15035.559082	-87.372513
15040.942383	-87.158409
15046.325684	-87.033875
15051.708984	-88.255806
15057.092285	-89.551918
15062.475586	-89.365089
15067.858887	-89.854858
15073.242188	-89.784340
15078.625488	-90.770241
15084.008789	-93.130836
15089.392090	-93.870003
15094.775391	-92.974495
15100.158691	-91.119141
15105.541992	-90.953102
15110.925293	-92.095497
15116.308594	-92.206650
15121.691895	-91.491295
15127.075195	-93.776329
15132.458496	-99.221298
15137.841797	-103.029869
15143.225098	-99.926102
15148.608398	-96.937164
15153.991699	-95.066505
15159.375000	-92.239197
15164.758301	-91.583572
15170.141602	-91.667900
15175.524902	-93.400398
15180.908203	-96.829781
15186.291504	-97.920898
15191.674805	-93.163139
15197.058105	-89.408546
15202.441406	-87.317802
15207.824707	-86.850182
15213.208008	-87.498077
15218.591309	-89.680771
15223.974609	-92.599106
15229.357910	-93.007637
15234.741211	-91.967430
15240.124512	-90.982254
15245.507812	-92.751236
15250.891113	-95.256828
15256.274414	-99.931969
15261.657715	-95.967255
15267.041016	-94.717491
15272.424316	-95.395737
15277.807617	-95.667770
15283.190918	-92.761650
15288.574219	-89.935814
15293.957520	-88.892090
15299.340820	-89.573502
15304.724121	-90.843376
15310.107422	-90.965454
15315.490723	-89.860458
15320.874023	-87.874466
15326.257324	-86.293930
15331.640625	-86.215897
15337.023926	-87.658470
15342.407227	-88.185715
15347.790527	-86.422752
15353.173828	-84.329262
15358.557129	-82.645027
15363.940430	-82.631271
15369.323730	-84.222122
15374.707031	-86.076042
15380.090332	-86.241188
15385.473633	-85.473778
15390.856934	-85.403389
15396.240234	-85.921600
15401.623535	-86.406265
15407.006836	-85.889511
15412.390137	-85.286423
15417.773438	-85.671341
15423.156738	-86.723656
15428.540039	-87.193977
15433.923340	-87.290993
15439.306641	-88.198380
15444.689941	-90.294891
15450.073242	-90.581932
15455.456543	-89.818169
15460.839844	-89.059761
15466.223145	-89.335579
15471.606445	-90.050095
15476.989746	-90.677246
15482.373047	-90.226692
15487.756348	-90.502937
15493.139648	-90.382591
15498.522949	-90.609917
15503.906250	-89.040535
15509.289551	-87.038849
15514.672852	-86.579643
15520.056152	-86.912262
15525.439453	-87.411446
15530.822754	-86.676399
15536.206055	-86.061333
15541.589355	-85.853401
15546.972656	-85.674004
15552.355957	-85.755844
15557.739258	-85.489372
15563.122559	-85.516258
15568.505859	-86.111435
15573.889160	-86.568054
15579.272461	-86.644348
15584.655762	-86.303696
15590.039062	-86.581047
15595.422363	-87.141769
15600.805664	-87.495583
15606.188965	-87.827148
15611.572266	-88.886826
15616.955566	-89.377975
15622.338867	-90.311035
15627.722168	-92.000008
15633.105469	-93.009575
15638.488770	-94.369156
15643.872070	-95.740662
15649.255371	-96.380730
15654.638672	-95.319420
15660.021973	-94.581390
15665.405273	-97.434265
15670.788574	-96.810997
15676.171875	-95.661507
15681.555176	-92.505104
15686.938477	-92.041473
15692.321777	-91.758064
15697.705078	-90.882950
15703.088379	-89.666443
15708.471680	-89.756104
15713.854980	-90.076881
15719.238281	-89.250526
15724.621582	-89.392784
15730.004883	-89.500107
15735.388184	-90.750412
15740.771484	-91.575134
15746.154785	-91.944328
15751.538086	-91.185608
15756.921387	-90.252403
15762.304688	-90.047905
15767.687988	-90.266754
15773.071289	-90.715630
15778.454590	-91.274185
15783.837891	-93.781151
15789.221191	-97.425247
15794.604492	-101.556015
15799.987793	-99.946991
15805.371094	-99.702400
15810.754395	-102.163757
15816.137695	-103.496910
15821.520996	-99.426338
15826.904297	-98.345665
15832.287598	-101.442337
15837.670898	-102.643005
15843.054199	-95.994759
15848.437500	-91.441498
15853.820801	-89.327560
15859.204102	-89.271812
15864.587402	-88.958534
15869.970703	-89.073433
15875.354004	-88.126884
15880.737305	-88.587547
15886.120605	-88.329475
15891.503906	-87.548653
15896.887207	-87.367355
15902.270508	-87.738022
15907.653809	-88.367798
15913.037109	-87.659042
15918.420410	-86.443871
15923.803711	-85.389267
15929.187012	-85.593330
15934.570312	-86.810356
15939.953613	-88.390869
15945.336914	-89.176697
15950.720215	-88.866364
15956.103516	-88.947708
15961.486816	-90.225220
15966.870117	-92.085335
15972.253418	-92.916794
15977.636719	-94.241173
15983.020020	-94.939407
15988.403320	-95.978348
15993.786621	-99.201027
15999.169922	-100.316696
16004.553223	-99.463760
16009.936523	-99.279541
16015.319824	-99.010452
16020.703125	-98.070099
16026.086426	-95.323685
16031.469727	-91.744148
16036.853027	-90.555038
16042.236328	-90.269234
16047.619629	-91.144218
16053.002930	-92.952835
16058.386230	-91.890671
16063.769531	-89.470497
16069.152832	-88.322937
16074.536133	-89.567963
16079.919434	-89.758102
16085.302734	-89.526192
16090.686035	-88.788490
16096.069336	-87.787697
16101.452637	-87.841515
16106.835938	-88.938728
16112.219238	-90.501099
16117.602539	-91.207237
16122.985840	-91.164536
16128.369141	-91.960304
16133.752441	-93.989105
16139.135742	-93.881676
16144.519043	-93.754585
16149.902344	-95.604561
16155.285645	-97.841805
16160.668945	-102.667267
16166.052246	-103.601883
16171.435547	-103.756004
16176.818848	-102.859383
16182.202148	-97.172684
16187.585449	-93.536537
16192.968750	-91.535370
16198.352051	-90.412735
16203.735352	-89.657005
16209.118652	-89.749687
16214.501953	-89.499374
16219.885254	-89.020988
16225.268555	-88.318436
16230.651855	-87.109314
16236.035156	-86.915695
16241.418457	-86.717262
16246.801758	-87.536430
16252.185059	-88.739174
16257.568359	-88.299820
16262.951660	-87.658821
16268.334961	-87.620300
16273.718262	-88.371124
16279.101562	-89.251060
16284.484863	-89.307617
16289.868164	-88.461716
16295.251465	-88.366188
16300.634766	-88.548088
16306.018066	-88.891449
16311.401367	-89.440704
16316.784668	-91.065178
16322.167969	-93.935509
16327.551270	-94.500610
16332.934570	-93.106163
16338.317871	-93.853943
16343.701172	-96.580566
16349.084473	-100.742935
16354.467773	-103.480637
16359.851074	-98.498871
16365.234375	-96.550529
16370.617676	-95.689201
16376.000977	-97.191154
16381.384277	-98.691803
16386.767578	-95.502708
16392.150879	-93.304474
16397.534180	-92.362991
16402.917480	-92.745224
16408.300781	-92.098389
16413.684082	-91.260368
16419.067383	-91.253288
16424.450684	-91.791176
16429.833984	-90.721840
16435.217285	-90.945488
16440.600586	-92.668633
16445.983887	-93.415329
16451.367188	-92.844322
16456.750488	-91.643044
16462.133789	-91.062103
16467.517090	-91.205132
16472.900391	-91.767899
16478.283691	-93.760841
16483.666992	-95.157509
16489.050293	-95.575439
16494.433594	-96.149040
16499.816895	-98.267807
16505.200195	-100.357162
16510.583496	-100.627975
16515.966797	-98.847191
16521.350098	-95.888840
16526.733398	-94.439232
16532.116699	-94.129387
16537.500000	-97.140099
16542.883301	-104.284683
16548.266602	-95.679733
16553.649902	-92.568153
16559.033203	-90.981071
16564.416504	-90.225296
16569.799805	-89.635956
16575.183105	-89.311340
16580.566406	-89.910515
16585.949707	-92.235504
16591.333008	-95.600327
16596.716309	-92.848953
16602.099609	-90.851585
16607.482910	-89.410088
16612.866211	-88.615746
16618.249512	-87.989548
16623.632812	-86.944672
16629.016113	-87.112267
16634.399414	-89.035210
16639.782715	-92.068863
16645.166016	-95.825714
16650.549316	-97.144600
16655.932617	-94.864113
16661.315918	-93.522499
16666.699219	-93.145065
16672.082520	-92.061882
16677.465820	-91.092896
16682.849121	-91.884933
16688.232422	-95.431183
16693.615723	-101.334991
16698.999023	-97.206200
16704.382324	-92.660469
16709.765625	-90.457359
16715.148926	-90.382584
16720.532227	-90.539154
16725.915527	-90.384926
16731.298828	-91.546867
16736.682129	-91.805832
16742.065430	-91.964294
16747.448730	-92.023956
16752.832031	-92.664116
16758.215332	-92.784386
16763.598633	-90.005035
16768.981934	-87.659874
16774.365234	-86.313362
16779.748535	-86.739883
16785.131836	-89.594238
16790.515137	-91.880974
16795.898438	-91.491264
16801.281738	-89.927719
16806.665039	-90.233047
16812.048340	-91.508133
16817.431641	-94.163475
16822.814941	-92.540367
16828.198242	-89.257782
16833.581543	-87.327385
16838.964844	-86.809387
16844.348145	-87.015869
16849.731445	-88.698494
16855.114746	-91.869324
16860.498047	-96.642960
16865.881348	-95.261841
16871.264648	-92.126709
16876.647949	-91.661057
16882.031250	-93.293785
16887.414551	-94.350433
16892.797852	-92.042969
16898.181152	-90.934784
16903.564453	-91.411400
16908.947754	-95.102585
16914.331055	-98.472633
16919.714355	-94.926712
16925.097656	-91.145439
16930.480957	-89.435616
16935.864258	-88.298721
16941.247559	-88.287712
16946.630859	-89.361275
16952.014160	-90.669571
16957.397461	-92.294914
16962.780762	-92.550087
16968.164062	-92.057228
16973.547363	-91.849243
16978.930664	-92.876015
16984.313965	-93.547714
16989.697266	-94.336235
16995.080566	-92.719666
17000.463867	-93.282585
17005.847168	-94.099411
17011.230469	-97.155052
17016.613770	-98.731514
17021.997070	-98.508743
17027.380371	-98.137764
17032.763672	-98.842445
17038.146973	-101.027969
17043.530273	-104.581680
17048.913574	-104.556694
17054.296875	-102.951530
17059.680176	-98.928230
17065.063477	-98.593651
17070.446777	-97.770424
17075.830078	-96.351738
17081.213379	-96.276077
17086.596680	-94.522408
17091.979980	-93.424767
17097.363281	-94.248611
17102.746582	-94.900391
17108.129883	-93.842072
17113.513184	-92.176628
17118.896484	-91.643181
17124.279785	-92.043419
17129.663086	-92.732460
17135.046387	-92.050247
17140.429688	-91.410965
17145.812988	-91.957428
17151.196289	-93.025177
17156.579590	-95.188255
17161.962891	-97.193077
17167.346191	-97.806679
17172.729492	-96.184486
17178.112793	-94.247810
17183.496094	-93.113365
17188.879395	-93.610069
17194.262695	-97.003036
17199.645996	-105.346756
17205.029297	-99.611931
17210.412598	-95.626541
17215.795898	-94.543663
17221.179199	-92.933754
17226.562500	-90.989021
17231.945801	-89.728172
17237.329102	-90.138351
17242.712402	-90.644485
17248.095703	-91.079247
17253.479004	-90.162392
17258.862305	-88.021065
17264.245605	-87.267029
17269.628906	-88.261208
17275.012207	-88.301155
17280.395508	-87.312126
17285.778809	-86.300072
17291.162109	-86.226036
17296.545410	-86.953964
17301.928711	-87.167488
17307.312012	-86.303719
17312.695312	-86.177727
17318.078613	-85.865677
17323.461914	-86.433411
17328.845215	-87.266869
17334.228516	-88.698502
17339.611816	-89.467499
17344.995117	-89.461723
17350.378418	-87.856224
17355.761719	-86.720551
17361.145020	-87.495399
17366.528320	-90.381561
17371.911621	-91.989952
17377.294922	-90.907242
17382.678223	-89.997292
17388.061523	-91.241608
17393.444824	-94.761948
17398.828125	-95.405281
17404.211426	-91.015160
17409.594727	-88.875267
17414.978027	-88.351814
17420.361328	-87.596832
17425.744629	-87.609489
17431.127930	-88.942688
17436.511230	-89.849709
17441.894531	-90.501373
17447.277832	-89.620193
17452.661133	-88.651184
17458.044434	-87.398628
17463.427734	-87.203545
17468.811035	-86.697128
17474.194336	-85.553612
17479.577637	-85.415070
17484.960938	-86.044678
17490.344238	-87.945778
17495.727539	-91.684708
17501.110840	-92.781898
17506.494141	-90.470833
17511.877441	-89.108757
17517.260742	-88.885551
17522.644043	-90.172882
17528.027344	-90.796295
17533.410645	-91.674721
17538.793945	-92.340683
17544.177246	-94.006889
17549.560547	-96.255501
17554.943848	-99.295433
17560.327148	-98.926826
17565.710449	-102.382362
17571.093750	-104.359581
17576.477051	-102.785660
17581.860352	-102.026741
17587.243652	-100.495476
17592.626953	-98.074188
17598.010254	-97.135910
17603.393555	-97.052467
17608.776855	-97.407631
17614.160156	-95.939629
17619.543457	-95.542549
17624.926758	-94.321518
17630.310059	-94.502106
17635.693359	-94.255859
17641.076660	-93.334091
17646.459961	-91.882423
17651.843262	-92.642563
17657.226562	-93.751389
17662.609863	-96.371376
17667.993164	-96.233261
17673.376465	-94.175056
17678.759766	-94.650818
17684.143066	-95.371094
17689.526367	-96.486328
17694.909668	-94.839050
17700.292969	-94.487488
17705.676270	-95.369713
17711.059570	-97.761963
17716.442871	-97.023193
17721.826172	-95.078102
17727.209473	-93.357613
17732.592773	-92.734680
17737.976074	-91.967781
17743.359375	-90.411362
17748.742676	-90.364937
17754.125977	-90.064445
17759.509277	-90.336098
17764.892578	-88.631470
17770.275879	-87.322083
17775.659180	-87.087891
17781.042480	-86.999939
17786.425781	-86.982224
17791.809082	-86.287453
17797.192383	-85.701492
17802.575684	-85.565765
17807.958984	-85.618050
17813.342285	-85.749046
17818.725586	-85.299034
17824.108887	-84.811531
17829.492188	-84.938362
17834.875488	-85.642029
17840.258789	-85.998047
17845.642090	-86.125313
17851.025391	-86.599304
17856.408691	-86.819115
17861.791992	-86.900017
17867.175293	-86.997620
17872.558594	-87.334244
17877.941895	-87.681778
17883.325195	-88.632820
17888.708496	-90.304245
17894.091797	-90.521080
17899.475098	-91.357162
17904.858398	-93.359863
17910.241699	-95.350014
17915.625000	-94.172737
17921.008301	-92.946564
17926.391602	-94.685402
17931.774902	-94.833305
17937.158203	-94.168495
17942.541504	-91.939919
17947.924805	-91.408981
17953.308105	-91.878334
17958.691406	-91.448257
17964.074707	-90.492889
17969.458008	-89.413177
17974.841309	-88.832245
17980.224609	-88.301079
17985.607910	-87.893692
17990.991211	-87.447273
17996.374512	-87.555992
18001.757812	-87.788925
18007.141113	-87.845314
18012.524414	-87.000877
18017.907715	-86.592056
18023.291016	-87.227005
18028.674316	-88.201416
18034.057617	-88.879089
18039.440918	-88.884453
18044.824219	-88.665619
18050.207520	-88.699142
18055.590820	-89.903610
18060.974121	-91.646614
18066.357422	-91.727074
18071.740723	-91.533646
18077.124023	-92.268044
18082.507324	-93.493713
18087.890625	-94.730515
18093.273926	-97.062180
18098.657227	-101.463608
18104.040527	-106.146606
18109.423828	-103.915184
18114.807129	-103.972466
18120.190430	-101.434067
18125.573730	-102.572517
18130.957031	-97.611313
18136.340332	-95.372444
18141.723633	-96.300209
18147.106934	-94.288712
18152.490234	-93.300690
18157.873535	-91.998428
18163.256836	-90.457306
18168.640137	-90.838181
18174.023438	-91.375259
18179.406738	-91.536064
18184.790039	-92.058136
18190.173340	-91.650085
18195.556641	-92.316559
18200.939941	-92.412491
18206.323242	-91.310898
18211.706543	-90.902641
18217.089844	-91.384682
18222.473145	-91.868912
18227.856445	-93.293678
18233.239746	-94.093666
18238.623047	-95.713287
18244.006348	-99.227798
18249.389648	-97.882172
18254.772949	-96.407455
18260.156250	-94.687805
18265.539551	-94.962921
18270.922852	-96.693787
18276.306152	-95.088463
18281.689453	-93.291283
18287.072754	-91.981598
18292.456055	-92.382950
18297.839355	-91.381996
18303.222656	-89.597580
18308.605957	-88.082970
18313.989258	-88.514053
18319.372559	-88.279427
18324.755859	-88.180389
18330.139160	-87.864594
18335.522461	-87.476669
18340.905762	-87.544052
18346.289062	-87.268326
18351.672363	-86.611214
18357.055664	-85.868217
18362.438965	-85.830147
18367.822266	-86.575523
18373.205566	-86.705322
18378.588867	-86.679298
18383.972168	-86.559799
18389.355469	-87.479507
18394.738770	-87.905807
18400.122070	-88.465309
18405.505371	-88.548927
18410.888672	-88.968933
18416.271973	-89.740318
18421.655273	-90.781776
18427.038574	-92.207024
18432.421875	-93.208221
18437.805176	-93.089516
18443.188477	-96.172081
18448.571777	-98.458809
18453.955078	-99.135948
18459.338379	-97.863007
18464.721680	-98.836578
18470.104980	-97.999146
18475.488281	-96.590981
18480.871582	-95.594925
18486.254883	-95.760117
18491.638184	-94.054199
18497.021484	-91.136078
18502.404785	-89.587555
18507.788086	-89.159561
18513.171387	-89.918694
18518.554688	-90.521149
18523.937988	-89.580193
18529.321289	-88.323891
18534.704590	-88.479507
18540.087891	-89.026070
18545.471191	-89.531967
18550.854492	-88.496567
18556.237793	-87.560997
18561.621094	-88.104744
18567.004395	-87.908615
18572.387695	-89.025635
18577.770996	-90.939987
18583.154297	-93.727905
18588.537598	-95.583572
18593.920898	-94.859947
18599.304199	-92.886971
18604.687500	-92.440392
18610.070801	-92.352562
18615.454102	-94.055519
18620.837402	-96.028496
18626.220703	-96.100647
18631.604004	-95.960335
18636.987305	-97.790817
18642.370605	-101.210793
18647.753906	-99.978989
18653.137207	-96.900055
18658.520508	-94.700012
18663.903809	-95.749153
18669.287109	-99.411789
18674.670410	-99.581421
18680.053711	-97.695976
18685.437012	-96.860291
18690.820312	-96.222778
18696.203613	-95.014343
18701.586914	-93.773178
18706.970215	-92.722794
18712.353516	-91.654564
18717.736816	-90.999168
18723.120117	-91.264488
18728.503418	-91.526176
18733.886719	-94.083565
18739.270020	-98.458138
18744.653320	-97.098549
18750.036621	-94.429283
18755.419922	-94.067894
18760.803223	-95.550781
18766.186523	-97.560356
18771.569824	-99.937157
18776.953125	-99.244446
18782.336426	-100.415382
18787.719727	-101.078766
18793.103027	-102.437553
18798.486328	-101.204292
18803.869629	-100.760506
18809.252930	-96.781219
18814.636230	-94.437881
18820.019531	-94.603676
18825.402832	-94.635918
18830.786133	-95.905014
18836.169434	-93.923645
18841.552734	-91.971275
18846.936035	-91.226631
18852.319336	-91.835487
18857.702637	-91.793098
18863.085938	-89.965210
18868.469238	-88.731316
18873.852539	-88.744225
18879.235840	-88.385933
18884.619141	-88.794418
18890.002441	-89.068779
18895.385742	-88.933533
18900.769043	-89.204063
18906.152344	-89.322281
18911.535645	-89.193855
18916.918945	-88.752930
18922.302246	-88.504868
18927.685547	-90.346924
18933.068848	-91.643753
18938.452148	-90.802528
18943.835449	-90.050064
18949.218750	-91.004868
18954.602051	-93.466522
18959.985352	-96.272774
18965.368652	-98.835205
18970.751953	-99.135216
18976.135254	-101.932281
18981.518555	-104.994240
18986.901855	-105.469322
18992.285156	-100.863770
18997.668457	-101.999298
19003.051758	-99.402115
19008.435059	-94.804070
19013.818359	-92.839355
19019.201660	-91.793022
19024.584961	-91.374252
19029.968262	-89.607773
19035.351562	-88.524284
19040.734863	-87.673279
19046.118164	-87.617004
19051.501465	-89.052299
19056.884766	-92.282013
19062.268066	-94.116402
19067.651367	-91.519775
19073.034668	-88.529198
19078.417969	-87.552444
19083.801270	-87.577782
19089.184570	-88.555389
19094.567871	-89.462334
19099.951172	-91.859520
19105.334473	-92.676964
19110.717773	-92.088585
19116.101074	-92.011047
19121.484375	-94.226448
19126.867676	-95.553650
19132.250977	-92.924118
19137.634277	-90.506500
19143.017578	-90.139816
19148.400879	-91.680412
19153.784180	-93.813240
19159.167480	-96.211693
19164.550781	-96.702759
19169.934082	-97.108589
19175.317383	-94.629578
19180.700684	-92.349289
19186.083984	-91.066292
19191.467285	-90.243675
19196.850586	-90.222946
19202.233887	-90.659866
19207.617188	-90.204697
19213.000488	-90.821800
19218.383789	-93.550415
19223.767090	-95.976372
19229.150391	-92.160988
19234.533691	-88.760025
19239.916992	-87.519875
19245.300293	-87.080307
19250.683594	-87.913910
19256.066895	-88.826668
19261.450195	-89.236298
19266.833496	-89.487122
19272.216797	-90.848244
19277.600098	-91.605820
19282.983398	-92.398254
19288.366699	-92.852570
19293.750000	-93.833519
19299.133301	-93.856186
19304.516602	-92.309868
19309.899902	-91.850471
19315.283203	-93.228172
19320.666504	-94.671829
19326.049805	-99.175163
19331.433105	-103.303551
19336.816406	-102.586281
19342.199707	-103.077652
19347.583008	-104.775871
19352.966309	-100.980499
19358.349609	-101.113609
19363.732910	-99.496933
19369.116211	-99.204453
19374.499512	-97.975220
19379.882812	-95.741241
19385.266113	-95.484550
19390.649414	-95.048317
19396.032715	-97.017281
19401.416016	-94.121284
19406.799316	-92.171097
19412.182617	-91.694183
19417.565918	-91.008553
19422.949219	-90.535858
19428.332520	-90.195969
19433.715820	-91.096848
19439.099121	-92.385391
19444.482422	-93.382011
19449.865723	-94.000214
19455.249023	-93.678200
19460.632324	-94.576576
19466.015625	-96.148300
19471.398926	-95.998611
19476.782227	-93.405426
19482.165527	-92.452629
19487.548828	-93.574425
19492.932129	-95.427124
19498.315430	-98.110924
19503.698730	-103.353760
19509.082031	-103.982887
19514.465332	-108.028748
19519.848633	-103.986374
19525.231934	-99.116455
19530.615234	-97.744408
19535.998535	-97.729347
19541.381836	-97.027252
19546.765137	-96.823006
19552.148438	-98.079956
19557.531738	-98.281311
19562.915039	-98.045425
19568.298340	-95.867615
19573.681641	-93.220360
19579.064941	-92.848038
19584.448242	-93.747734
19589.831543	-94.507294
19595.214844	-94.317474
19600.598145	-94.126198
19605.981445	-93.882469
19611.364746	-95.178612
19616.748047	-98.381561
19622.131348	-98.555344
19627.514648	-97.488297
19632.897949	-97.241814
19638.281250	-96.224129
19643.664551	-96.387032
19649.047852	-96.601326
19654.431152	-97.006325
19659.814453	-100.960350
19665.197754	-107.347115
19670.581055	-101.749802
19675.964355	-100.848152
19681.347656	-104.030388
19686.730957	-105.521179
19692.114258	-98.846107
19697.497559	-96.561798
19702.880859	-97.622337
19708.264160	-100.001579
19713.647461	-99.856232
19719.030762	-96.190056
19724.414062	-93.903900
19729.797363	-92.826210
19735.180664	-91.769592
19740.563965	-90.737328
19745.947266	-90.991730
19751.330566	-91.354706
19756.713867	-92.102913
19762.097168	-91.275543
19767.480469	-89.936287
19772.863770	-89.466156
19778.247070	-90.358986
19783.630371	-91.177536
19789.013672	-91.295036
19794.396973	-90.763290
19799.780273	-90.383171
19805.163574	-91.255318
19810.546875	-93.125336
19815.930176	-94.840454
19821.313477	-94.888809
19826.696777	-96.084976
19832.080078	-96.014458
19837.463379	-98.256950
19842.846680	-97.669334
19848.229980	-98.189209
19853.613281	-99.958664
19858.996582	-100.201027
19864.379883	-99.924118
19869.763184	-100.565887
19875.146484	-99.860939
19880.529785	-99.219833
19885.913086	-96.384071
19891.296387	-94.372086
19896.679688	-94.175774
19902.062988	-94.150169
19907.446289	-94.242340
19912.829590	-94.368324
19918.212891	-95.425301
19923.596191	-97.593384
19928.979492	-97.140556
19934.362793	-95.379883
19939.746094	-94.607254
19945.129395	-93.738129
19950.512695	-93.364525
19955.895996	-93.493736
19961.279297	-92.811119
19966.662598	-93.151642
19972.045898	-93.997070
19977.429199	-95.006462
19982.812500	-94.657463
19988.195801	-93.474640
19993.579102	-93.919899
19998.962402	-96.589256
20004.345703	-95.992447
20009.729004	-96.081421
20015.112305	-96.432861
20020.495605	-97.900864
20025.878906	-98.752106
20031.262207	-96.216232
20036.645508	-94.231812
20042.028809	-93.777069
20047.412109	-96.821785
20052.795410	-98.172844
20058.178711	-96.317009
20063.562012	-94.185097
20068.945312	-94.211662
20074.328613	-94.063362
20079.711914	-92.054207
20085.095215	-90.377914
20090.478516	-89.833054
20095.861816	-91.185936
20101.245117	-90.936646
20106.628418	-89.210342
20112.011719	-88.446312
20117.395020	-90.236397
20122.778320	-90.516388
20128.161621	-91.835220
20133.544922	-91.965149
20138.928223	-90.541069
20144.311523	-90.001381
20149.694824	-90.235901
20155.078125	-90.584137
20160.461426	-91.890938
20165.844727	-94.198547
20171.228027	-97.658783
20176.611328	-96.839203
20181.994629	-95.242783
20187.377930	-94.605194
20192.761230	-97.292183
20198.144531	-98.268318
20203.527832	-97.846420
20208.911133	-95.877953
20214.294434	-95.583870
20219.677734	-100.153152
20225.061035	-104.149124
20230.444336	-98.087929
20235.827637	-95.468040
20241.210938	-93.548904
20246.594238	-93.427666
20251.977539	-94.170601
20257.360840	-94.265244
20262.744141	-94.767967
20268.127441	-93.833321
20273.510742	-93.201790
20278.894043	-92.987228
20284.277344	-94.967995
20289.660645	-96.360596
20295.043945	-93.980408
20300.427246	-92.700508
20305.810547	-90.685928
20311.193848	-90.230576
20316.577148	-92.548668
20321.960449	-96.408401
20327.343750	-101.038033
20332.727051	-99.787498
20338.110352	-99.795761
20343.493652	-100.387421
20348.876953	-98.432770
20354.260254	-96.271751
20359.643555	-95.159782
20365.026855	-95.754677
20370.410156	-96.251991
20375.793457	-96.518761
20381.176758	-96.879669
20386.560059	-93.946396
20391.943359	-91.531113
20397.326660	-89.806412
20402.709961	-89.580025
20408.093262	-91.235413
20413.476562	-93.869118
20418.859863	-93.883003
20424.243164	-91.578362
20429.626465	-90.405792
20435.009766	-90.859512
20440.393066	-91.557098
20445.776367	-90.936348
20451.159668	-90.203392
20456.542969	-90.425179
20461.926270	-92.901001
20467.309570	-95.155075
20472.692871	-92.888107
20478.076172	-90.313087
20483.459473	-89.389648
20488.842773	-89.854004
20494.226074	-91.303101
20499.609375	-92.484474
20504.992676	-93.026978
20510.375977	-93.052498
20515.759277	-93.148621
20521.142578	-94.207703
20526.525879	-94.234077
20531.909180	-94.590225
20537.292480	-94.203911
20542.675781	-94.468132
20548.059082	-94.984512
20553.442383	-97.350250
20558.825684	-100.449791
20564.208984	-102.378281
20569.592285	-98.499649
20574.975586	-96.242531
20580.358887	-95.933121
20585.742188	-98.104263
20591.125488	-101.038933
20596.508789	-98.777672
20601.892090	-97.064232
20607.275391	-96.487915
20612.658691	-99.697693
20618.041992	-100.635689
20623.425293	-96.568199
20628.808594	-94.658356
20634.191895	-93.854729
20639.575195	-92.812553
20644.958496	-93.717682
20650.341797	-95.793976
20655.725098	-98.865471
20661.108398	-101.136642
20666.491699	-96.706207
20671.875000	-94.594986
20677.258301	-94.890984
20682.641602	-96.671295
20688.024902	-98.895538
20693.408203	-98.650436
20698.791504	-99.483665
20704.174805	-101.339027
20709.558105	-102.650208
20714.941406	-105.391983
20720.324707	-102.344002
20725.708008	-104.110985
20731.091309	-103.808807
20736.474609	-100.672142
20741.857910	-97.259979
20747.241211	-97.604233
20752.624512	-97.826439
20758.007812	-96.717949
20763.391113	-94.690430
20768.774414	-93.304291
20774.157715	-91.721947
20779.541016	-91.500664
20784.924316	-91.107330
20790.307617	-91.084183
20795.690918	-91.277275
20801.074219	-93.103561
20806.457520	-93.385315
20811.840820	-91.284172
20817.224121	-90.491821
20822.607422	-91.564957
20827.990723	-92.818840
20833.374023	-91.617882
20838.757324	-90.605034
20844.140625	-90.052986
20849.523926	-90.188293
20854.907227	-91.173241
20860.290527	-92.157120
20865.673828	-92.046135
20871.057129	-92.433945
20876.440430	-92.344093
20881.823730	-92.695000
20887.207031	-92.518456
20892.590332	-92.545853
20897.973633	-94.654503
20903.356934	-95.735085
20908.740234	-93.987808
20914.123535	-93.124680
20919.506836	-92.541061
20924.890137	-92.612144
20930.273438	-91.880707
20935.656738	-90.739578
20941.040039	-89.886879
20946.423340	-90.017799
20951.806641	-89.354607
20957.189941	-88.516235
20962.573242	-87.659653
20967.956543	-87.450523
20973.339844	-88.566505
20978.723145	-89.333572
20984.106445	-88.384361
20989.489746	-87.781708
20994.873047	-88.050934
21000.256348	-87.905289
21005.639648	-88.035774
21011.022949	-87.891037
21016.406250	-87.910133
21021.789551	-88.814003
21027.172852	-89.392860
21032.556152	-90.221024
21037.939453	-90.693718
21043.322754	-90.870102
21048.706055	-92.222946
21054.089355	-94.626900
21059.472656	-94.598663
21064.855957	-94.591362
21070.239258	-96.555077
21075.622559	-97.782700
21081.005859	-97.131813
21086.389160	-96.084061
21091.772461	-98.015755
21097.155762	-99.697426
21102.539062	-99.408638
21107.922363	-95.575897
21113.305664	-95.080048
21118.688965	-94.269508
21124.072266	-93.865265
21129.455566	-92.405502
21134.838867	-90.899849
21140.222168	-91.266006
21145.605469	-91.900078
21150.988770	-92.799408
21156.372070	-92.199585
21161.755371	-91.466560
21167.138672	-91.352257
21172.521973	-91.773582
21177.905273	-91.624550
21183.288574	-90.832436
21188.671875	-90.987198
21194.055176	-92.163841
21199.438477	-93.031204
21204.821777	-93.110268
21210.205078	-92.010475
21215.588379	-92.988319
21220.971680	-96.219566
21226.354980	-98.978203
21231.738281	-100.108101
21237.121582	-99.664818
21242.504883	-103.371284
21247.888184	-105.399803
21253.271484	-103.488045
21258.654785	-103.289650
21264.038086	-101.344604
21269.421387	-101.379578
21274.804688	-98.403908
21280.187988	-97.501663
21285.571289	-94.840897
21290.954590	-93.740524
21296.337891	-92.688080
21301.721191	-91.898857
21307.104492	-92.643776
21312.487793	-93.665718
21317.871094	-93.174362
21323.254395	-91.562248
21328.637695	-90.359581
21334.020996	-89.881516
21339.404297	-91.384590
21344.787598	-91.676147
21350.170898	-90.447609
21355.554199	-90.154663
21360.937500	-90.562492
21366.320801	-91.532997
21371.704102	-92.417931
21377.087402	-92.806465
21382.470703	-92.778748
21387.854004	-93.764633
21393.237305	-95.473808
21398.620605	-94.411789
21404.003906	-94.989792
21409.387207	-96.376541
21414.770508	-97.246864
21420.153809	-97.294716
21425.537109	-96.323059
21430.920410	-95.302895
21436.303711	-96.774307
21441.687012	-95.868340
21447.070312	-94.139946
21452.453613	-92.836891
21457.836914	-92.092369
21463.220215	-91.926361
21468.603516	-90.765961
21473.986816	-89.392281
21479.370117	-89.458771
21484.753418	-89.328850
21490.136719	-89.006050
21495.520020	-87.894226
21500.903320	-87.389679
21506.286621	-87.657089
21511.669922	-88.246643
21517.053223	-88.491203
21522.436523	-88.130661
21527.819824	-88.186073
21533.203125	-88.001152
21538.586426	-88.728020
21543.969727	-88.707146
21549.353027	-88.244797
21554.736328	-88.767189
21560.119629	-90.193314
21565.502930	-90.304390
21570.886230	-91.168472
21576.269531	-91.594826
21581.652832	-93.403183
21587.036133	-94.556366
21592.419434	-96.814949
21597.802734	-96.108841
21603.186035	-97.002525
21608.569336	-98.801277
21613.952637	-99.021851
21619.335938	-98.198013
21624.719238	-96.403297
21630.102539	-98.243889
21635.485840	-101.688705
21640.869141	-102.557411
21646.252441	-95.868370
21651.635742	-94.029099
21657.019043	-94.108261
21662.402344	-93.752312
21667.785645	-92.906120
21673.168945	-93.114380
21678.552246	-92.732941
21683.935547	-92.761772
21689.318848	-93.728523
21694.702148	-93.957611
21700.085449	-93.362289
21705.468750	-93.790543
21710.852051	-93.278053
21716.235352	-91.771332
21721.618652	-91.026009
21727.001953	-91.685593
21732.385254	-93.861832
21737.768555	-95.627823
21743.151855	-96.486549
21748.535156	-96.478271
21753.918457	-95.769234
21759.301758	-98.185989
21764.685059	-102.839272
21770.068359	-102.650673
21775.451660	-100.755264
21780.834961	-101.056564
21786.218262	-99.303642
21791.601562	-96.854340
21796.984863	-97.058472
21802.368164	-96.035332
21807.751465	-94.499893
21813.134766	-94.649170
21818.518066	-96.545853
21823.901367	-96.455399
21829.284668	-95.278793
21834.667969	-93.284576
21840.051270	-93.189964
21845.434570	-93.413666
21850.817871	-93.857697
21856.201172	-92.694435
21861.584473	-91.566513
21866.967773	-91.023781
21872.351074	-91.639664
21877.734375	-92.957687
21883.117676	-92.309052
21888.500977	-92.440582
21893.884277	-92.849380
21899.267578	-93.719551
21904.650879	-94.699219
21910.034180	-94.809593
21915.417480	-94.549614
21920.800781	-96.113785
21926.184082	-97.314125
21931.567383	-96.373276
21936.950684	-96.616570
21942.333984	-96.176239
21947.717285	-97.968285
21953.100586	-97.154587
21958.483887	-94.570793
21963.867188	-94.389389
21969.250488	-94.645836
21974.633789	-92.721207
21980.017090	-91.022766
21985.400391	-89.847771
21990.783691	-89.865822
21996.166992	-89.234917
22001.550293	-89.019363
22006.933594	-88.033630
22012.316895	-87.730942
22017.700195	-87.847244
22023.083496	-87.928795
22028.466797	-87.052147
22033.850098	-86.510170
22039.233398	-86.104553
22044.616699	-86.455620
