Frequency (Hz)	Level (dB)
5.383301	-34.661331
10.766602	-31.814543
16.149902	-30.090693
21.533203	-30.517544
26.916504	-32.541790
32.299805	-30.954407
37.683105	-29.862148
43.066406	-32.123245
48.449707	-32.256874
53.833008	-31.025240
59.216309	-34.245193
64.599609	-36.878216
69.982910	-32.317211
75.366211	-33.375443
80.749512	-38.598648
86.132812	-38.575684
91.516113	-38.644283
96.899414	-43.797173
102.282715	-41.027683
107.666016	-42.075718
113.049316	-44.606960
118.432617	-37.857281
123.815918	-37.664951
129.199219	-41.986435
134.582520	-37.121506
139.965820	-35.786961
145.349121	-39.221478
150.732422	-38.628681
156.115723	-36.679516
161.499023	-39.607407
166.882324	-43.096130
172.265625	-39.303825
177.648926	-40.665375
183.032227	-43.056824
188.415527	-41.144688
193.798828	-40.872372
199.182129	-41.843952
204.565430	-45.902718
209.948730	-41.139076
215.332031	-43.620373
220.715332	-50.337944
226.098633	-46.406227
231.481934	-46.614162
236.865234	-49.151371
242.248535	-42.495510
247.631836	-44.350685
253.015137	-44.287067
258.398438	-41.526119
263.781738	-40.288601
269.165039	-43.698772
274.548340	-46.200863
279.931641	-42.217007
285.314941	-44.073574
290.698242	-40.928143
296.081543	-39.453911
301.464844	-35.905025
306.848145	-35.954277
312.231445	-37.190296
317.614746	-36.255371
322.998047	-36.442638
328.381348	-38.166973
333.764648	-32.778458
339.147949	-31.557619
344.531250	-34.247536
349.914551	-33.149494
355.297852	-29.372305
360.681152	-23.062082
366.064453	-17.405447
371.447754	-11.680677
376.831055	-12.270067
382.214355	-20.238558
387.597656	-23.707127
392.980957	-25.999374
398.364258	-28.585098
403.747559	-30.017908
409.130859	-30.448378
414.514160	-30.735123
419.897461	-30.037243
425.280762	-25.848379
430.664062	-25.868650
436.047363	-29.723524
441.430664	-27.488115
446.813965	-26.275415
452.197266	-26.891453
457.580566	-25.925304
462.963867	-25.326937
468.347168	-25.521318
473.730469	-28.795906
479.113770	-26.173306
484.497070	-28.485373
489.880371	-28.020803
495.263672	-28.052076
500.646973	-26.290699
506.030273	-26.828512
511.413574	-27.074936
516.796875	-27.318247
522.180176	-27.126179
527.563477	-24.019955
532.946777	-20.925800
538.330078	-16.839624
543.713379	-14.378487
549.096680	-18.742771
554.479980	-27.800175
559.863281	-33.047466
565.246582	-31.144026
570.629883	-29.533165
576.013184	-29.319809
581.396484	-33.812660
586.779785	-32.689045
592.163086	-32.470619
597.546387	-35.014584
602.929688	-28.266258
608.312988	-26.745560
613.696289	-33.404518
619.079590	-35.389336
624.462891	-36.495239
629.846191	-34.105804
635.229492	-33.471375
640.612793	-34.883759
645.996094	-34.591122
651.379395	-36.384674
656.762695	-35.462952
662.145996	-32.766773
667.529297	-33.007233
672.912598	-34.418423
678.295898	-33.711903
683.679199	-30.726540
689.062500	-31.185738
694.445801	-32.980003
699.829102	-31.045250
705.212402	-30.499855
710.595703	-38.951546
715.979004	-28.190313
721.362305	-26.012112
726.745605	-32.189823
732.128906	-26.125036
737.512207	-23.237892
742.895508	-24.497572
748.278809	-22.282574
753.662109	-18.721060
759.045410	-16.948460
764.428711	-17.595507
769.812012	-20.163288
775.195312	-25.616592
780.578613	-23.198557
785.961914	-21.481941
791.345215	-20.329515
796.728516	-21.012186
802.111816	-21.890661
807.495117	-21.221016
812.878418	-23.580175
818.261719	-26.587227
823.645020	-31.285582
829.028320	-30.120087
834.411621	-28.990084
839.794922	-28.390619
845.178223	-26.390186
850.561523	-22.576839
855.944824	-22.548546
861.328125	-23.883139
866.711426	-23.595934
872.094727	-21.411186
877.478027	-17.757021
882.861328	-17.784151
888.244629	-17.618750
893.627930	-19.357927
899.011230	-21.959549
904.394531	-19.427855
909.777832	-20.278534
915.161133	-24.495392
920.544434	-27.480047
925.927734	-29.419628
931.311035	-30.307257
936.694336	-31.609016
942.077637	-26.608553
947.460938	-25.404173
952.844238	-25.587975
958.227539	-24.533300
963.610840	-26.485245
968.994141	-26.340012
974.377441	-27.562527
979.760742	-32.339252
985.144043	-31.690279
990.527344	-32.903797
995.910645	-33.624180
1001.293945	-33.164608
1006.677246	-34.591980
1012.060547	-34.157955
1017.443848	-34.751465
1022.827148	-34.590553
1028.210449	-33.918930
1033.593750	-31.675947
1038.977051	-32.224358
1044.360352	-30.416431
1049.743652	-29.686045
1055.126953	-32.465847
1060.510254	-31.625935
1065.893555	-31.566479
1071.276855	-30.538744
1076.660156	-32.228882
1082.043457	-34.485680
1087.426758	-39.649605
1092.810059	-41.223900
1098.193359	-46.216587
1103.576660	-42.776085
1108.959961	-42.120079
1114.343262	-42.453415
1119.726562	-39.188164
1125.109863	-36.622776
1130.493164	-41.759228
1135.876465	-41.409565
1141.259766	-42.066757
1146.643066	-40.873795
1152.026367	-45.275475
1157.409668	-40.605846
1162.792969	-39.821873
1168.176270	-41.180424
1173.559570	-40.498852
1178.942871	-39.681637
1184.326172	-40.784573
1189.709473	-42.558022
1195.092773	-41.055168
1200.476074	-39.396122
1205.859375	-35.282948
1211.242676	-29.408548
1216.625977	-27.492855
1222.009277	-31.006880
1227.392578	-34.494854
1232.775879	-35.101357
1238.159180	-34.382931
1243.542480	-33.290619
1248.925781	-33.541252
1254.309082	-36.440529
1259.692383	-33.182598
1265.075684	-31.076973
1270.458984	-30.370779
1275.842285	-31.944040
1281.225586	-34.454735
1286.608887	-35.188152
1291.992188	-36.417377
1297.375488	-37.458435
1302.758789	-35.002110
1308.142090	-33.523960
1313.525391	-34.498749
1318.908691	-38.595345
1324.291992	-38.249283
1329.675293	-36.357460
1335.058594	-38.974102
1340.441895	-47.409245
1345.825195	-41.320896
1351.208496	-38.761631
1356.591797	-38.268497
1361.975098	-37.527893
1367.358398	-40.418560
1372.741699	-42.967892
1378.125000	-42.799107
1383.508301	-40.529873
1388.891602	-42.294247
1394.274902	-44.037872
1399.658203	-42.112724
1405.041504	-42.117783
1410.424805	-42.698090
1415.808105	-43.649956
1421.191406	-43.408207
1426.574707	-43.974903
1431.958008	-44.044518
1437.341309	-43.232178
1442.724609	-42.728626
1448.107910	-42.901134
1453.491211	-39.766762
1458.874512	-41.627651
1464.257812	-41.673008
1469.641113	-43.801830
1475.024414	-44.471951
1480.407715	-43.979317
1485.791016	-44.589745
1491.174316	-42.947598
1496.557617	-43.348309
1501.940918	-43.309338
1507.324219	-44.100452
1512.707520	-42.177128
1518.090820	-40.365273
1523.474121	-39.664299
1528.857422	-42.461529
1534.240723	-44.698147
1539.624023	-42.087311
1545.007324	-42.095539
1550.390625	-41.519928
1555.773926	-41.745262
1561.157227	-41.951424
1566.540527	-40.635620
1571.923828	-36.934891
1577.307129	-33.191505
1582.690430	-31.214153
1588.073730	-31.137459
1593.457031	-32.015606
1598.840332	-33.354713
1604.223633	-33.921471
1609.606934	-33.870937
1614.990234	-37.124592
1620.373535	-39.439034
1625.756836	-40.559624
1631.140137	-37.153378
1636.523438	-37.802338
1641.906738	-40.437107
1647.290039	-44.879154
1652.673340	-47.345741
1658.056641	-47.945137
1663.439941	-44.302200
1668.823242	-44.815639
1674.206543	-42.817497
1679.589844	-40.391537
1684.973145	-42.448097
1690.356445	-45.547771
1695.739746	-49.355965
1701.123047	-47.637047
1706.506348	-49.431004
1711.889648	-56.500652
1717.272949	-48.586109
1722.656250	-48.013641
1728.039551	-52.465954
1733.422852	-50.190201
1738.806152	-47.329044
1744.189453	-47.293617
1749.572754	-47.631844
1754.956055	-45.249290
1760.339355	-43.523804
1765.722656	-44.575909
1771.105957	-46.368908
1776.489258	-47.087082
1781.872559	-44.513580
1787.255859	-45.578018
1792.639160	-49.335453
1798.022461	-48.643410
1803.405762	-48.506065
1808.789062	-50.150700
1814.172363	-47.504444
1819.555664	-47.595364
1824.938965	-45.653599
1830.322266	-42.571465
1835.705566	-41.970573
1841.088867	-42.930496
1846.472168	-42.512615
1851.855469	-42.951122
1857.238770	-47.418930
1862.622070	-52.153793
1868.005371	-46.740520
1873.388672	-48.885494
1878.771973	-46.618938
1884.155273	-41.115601
1889.538574	-44.180256
1894.921875	-51.786377
1900.305176	-45.540497
1905.688477	-46.172260
1911.071777	-46.794437
1916.455078	-43.369141
1921.838379	-45.806427
1927.221680	-50.023407
1932.604980	-45.709213
1937.988281	-43.203876
1943.371582	-46.918953
1948.754883	-48.345142
1954.138184	-41.825214
1959.521484	-43.967110
1964.904785	-50.658165
1970.288086	-45.197990
1975.671387	-45.213322
1981.054688	-49.043564
1986.437988	-46.296654
1991.821289	-46.885014
1997.204590	-49.839695
2002.587891	-45.582058
2007.971191	-45.545677
2013.354492	-50.806137
2018.737793	-48.947369
2024.121094	-44.600079
2029.504395	-43.462326
2034.887695	-44.406704
2040.270996	-50.804382
2045.654297	-48.379292
2051.037598	-46.247993
2056.420898	-51.856400
2061.804199	-52.239449
2067.187500	-45.161758
2072.570801	-45.526958
2077.954102	-49.757202
2083.337402	-43.375679
2088.720703	-41.872601
2094.104004	-45.499012
2099.487305	-46.356647
2104.870605	-42.759636
2110.253906	-44.167778
2115.637207	-48.486473
2121.020508	-45.694580
2126.403809	-43.794117
2131.787109	-46.076984
2137.170410	-50.469994
2142.553711	-47.254562
2147.937012	-48.058472
2153.320312	-45.962044
2158.703613	-42.705448
2164.086914	-41.206997
2169.470215	-40.978401
2174.853516	-46.483448
2180.236816	-48.685547
2185.620117	-45.187428
2191.003418	-45.982765
2196.386719	-42.986065
2201.770020	-39.503868
2207.153320	-37.972710
2212.536621	-39.833328
2217.919922	-39.833374
2223.303223	-38.023758
2228.686523	-40.426823
2234.069824	-44.337734
2239.453125	-43.145061
2244.836426	-45.690609
2250.219727	-46.529121
2255.603027	-43.747173
2260.986328	-43.720444
2266.369629	-46.295902
2271.752930	-47.586815
2277.136230	-48.866539
2282.519531	-46.715206
2287.902832	-46.053028
2293.286133	-47.183128
2298.669434	-44.923561
2304.052734	-45.725792
2309.436035	-49.963921
2314.819336	-46.855843
2320.202637	-45.781136
2325.585938	-50.457699
2330.969238	-48.038086
2336.352539	-45.008282
2341.735840	-48.369831
2347.119141	-45.008461
2352.502441	-43.790771
2357.885742	-50.099400
2363.269043	-44.785027
2368.652344	-41.110661
2374.035645	-44.215347
2379.418945	-41.428806
2384.802246	-39.892124
2390.185547	-41.970760
2395.568848	-42.892334
2400.952148	-39.795803
2406.335449	-38.596840
2411.718750	-38.770840
2417.102051	-40.820431
2422.485352	-38.003788
2427.868652	-37.121624
2433.251953	-35.768429
2438.635254	-34.271164
2444.018555	-33.627182
2449.401855	-31.040201
2454.785156	-32.505749
2460.168457	-37.373993
2465.551758	-43.281986
2470.935059	-46.525261
2476.318359	-48.244503
2481.701660	-49.506378
2487.084961	-42.700718
2492.468262	-45.497238
2497.851562	-47.831554
2503.234863	-42.213161
2508.618164	-38.990528
2514.001465	-37.351658
2519.384766	-39.509747
2524.768066	-44.068047
2530.151367	-40.197472
2535.534668	-38.054420
2540.917969	-38.706184
2546.301270	-38.012886
2551.684570	-35.448544
2557.067871	-32.809261
2562.451172	-30.375763
2567.834473	-27.963684
2573.217773	-26.299435
2578.601074	-25.054932
2583.984375	-24.834202
2589.367676	-26.320654
2594.750977	-29.429041
2600.134277	-31.811016
2605.517578	-32.501350
2610.900879	-32.776196
2616.284180	-35.408806
2621.667480	-35.371231
2627.050781	-35.754593
2632.434082	-38.267868
2637.817383	-38.676712
2643.200684	-36.726936
2648.583984	-35.485413
2653.967285	-36.201866
2659.350586	-37.508507
2664.733887	-37.926147
2670.117188	-40.774101
2675.500488	-44.426186
2680.883789	-42.582001
2686.267090	-43.664028
2691.650391	-47.700249
2697.033691	-43.360073
2702.416992	-45.168507
2707.800293	-47.887001
2713.183594	-45.357067
2718.566895	-46.435085
2723.950195	-45.572773
2729.333496	-42.508945
2734.716797	-43.315884
2740.100098	-45.823544
2745.483398	-42.481319
2750.866699	-43.669838
2756.250000	-49.666874
2761.633301	-43.608490
2767.016602	-44.432835
2772.399902	-44.461956
2777.783203	-41.276520
2783.166504	-42.705929
2788.549805	-44.351624
2793.933105	-38.465302
2799.316406	-35.411560
2804.699707	-36.014294
2810.083008	-36.547199
2815.466309	-38.239628
2820.849609	-40.505920
2826.232910	-39.267002
2831.616211	-40.173206
2836.999512	-43.284374
2842.382812	-40.403088
2847.766113	-37.162815
2853.149414	-39.646351
2858.532715	-42.786068
2863.916016	-40.242390
2869.299316	-41.312714
2874.682617	-47.423729
2880.065918	-46.610966
2885.449219	-41.361568
2890.832520	-41.142197
2896.215820	-46.357006
2901.599121	-47.359077
2906.982422	-44.723942
2912.365723	-44.163410
2917.749023	-43.323410
2923.132324	-42.751633
2928.515625	-42.778618
2933.898926	-40.429852
2939.282227	-39.772720
2944.665527	-42.020432
2950.048828	-42.666725
2955.432129	-42.909039
2960.815430	-42.291470
2966.198730	-42.530811
2971.582031	-42.336987
2976.965332	-43.825558
2982.348633	-47.158558
2987.731934	-45.721249
2993.115234	-47.228378
2998.498535	-50.228649
3003.881836	-46.898048
3009.265137	-46.384830
3014.648438	-48.058594
3020.031738	-45.540882
3025.415039	-46.769424
3030.798340	-48.272411
3036.181641	-47.687981
3041.564941	-47.224171
3046.948242	-49.384617
3052.331543	-48.900166
3057.714844	-46.634743
3063.098145	-47.974689
3068.481445	-45.812229
3073.864746	-45.700191
3079.248047	-47.850449
3084.631348	-52.016911
3090.014648	-52.023617
3095.397949	-53.350422
3100.781250	-56.636879
3106.164551	-54.572563
3111.547852	-54.738171
3116.931152	-51.373920
3122.314453	-50.246151
3127.697754	-50.987068
3133.081055	-47.908291
3138.464355	-46.328064
3143.847656	-43.786144
3149.230957	-41.930588
3154.614258	-42.838669
3159.997559	-39.935989
3165.380859	-40.265385
3170.764160	-44.256039
3176.147461	-43.992393
3181.530762	-42.190399
3186.914062	-43.989803
3192.297363	-40.400028
3197.680664	-41.401356
3203.063965	-46.733845
3208.447266	-43.652256
3213.830566	-44.557758
3219.213867	-51.320927
3224.597168	-48.383358
3229.980469	-48.867184
3235.363770	-48.556576
3240.747070	-47.897152
3246.130371	-43.448357
3251.513672	-41.839527
3256.896973	-45.489540
3262.280273	-42.371655
3267.663574	-43.369701
3273.046875	-53.069889
3278.430176	-52.442867
3283.813477	-50.171379
3289.196777	-56.262177
3294.580078	-50.064129
3299.963379	-46.830444
3305.346680	-49.716167
3310.729980	-53.572960
3316.113281	-54.561352
3321.496582	-53.324841
3326.879883	-50.781876
3332.263184	-48.775505
3337.646484	-49.660763
3343.029785	-52.818661
3348.413086	-51.357937
3353.796387	-47.374310
3359.179688	-46.655304
3364.562988	-51.267250
3369.946289	-47.776474
3375.329590	-46.080452
3380.712891	-51.820507
3386.096191	-48.445435
3391.479492	-46.532131
3396.862793	-50.965500
3402.246094	-50.946392
3407.629395	-47.564568
3413.012695	-47.400482
3418.395996	-51.254105
3423.779297	-46.013802
3429.162598	-41.310921
3434.545898	-40.406063
3439.929199	-44.380890
3445.312500	-46.191650
3450.695801	-40.006893
3456.079102	-38.772076
3461.462402	-40.035316
3466.845703	-42.705353
3472.229004	-41.956009
3477.612305	-44.317490
3482.995605	-39.178181
3488.378906	-35.779236
3493.762207	-36.958496
3499.145508	-40.773464
3504.528809	-46.298489
3509.912109	-48.469826
3515.295410	-46.374985
3520.678711	-45.154785
3526.062012	-45.132809
3531.445312	-43.748615
3536.828613	-43.688534
3542.211914	-41.741123
3547.595215	-42.167377
3552.978516	-42.849087
3558.361816	-42.220802
3563.745117	-43.812672
3569.128418	-46.336590
3574.511719	-49.383297
3579.895020	-49.317142
3585.278320	-47.795795
3590.661621	-45.757347
3596.044922	-45.495083
3601.428223	-46.326874
3606.811523	-45.043064
3612.194824	-45.691349
3617.578125	-44.864491
3622.961426	-42.915836
3628.344727	-42.273994
3633.728027	-44.546577
3639.111328	-48.487263
3644.494629	-47.127743
3649.877930	-48.089458
3655.261230	-48.729046
3660.644531	-45.584373
3666.027832	-44.834797
3671.411133	-49.239853
3676.794434	-48.061638
3682.177734	-45.270996
3687.561035	-46.700783
3692.944336	-53.456055
3698.327637	-51.393429
3703.710938	-50.651112
3709.094238	-49.410095
3714.477539	-51.961876
3719.860840	-54.412102
3725.244141	-47.773392
3730.627441	-46.678291
3736.010742	-49.938419
3741.394043	-46.368286
3746.777344	-43.463657
3752.160645	-45.097500
3757.543945	-50.254936
3762.927246	-49.799000
3768.310547	-47.417286
3773.693848	-45.209381
3779.077148	-45.216286
3784.460449	-45.447399
3789.843750	-46.942421
3795.227051	-46.489403
3800.610352	-44.944225
3805.993652	-43.198341
3811.376953	-42.099251
3816.760254	-45.003647
3822.143555	-44.875500
3827.526855	-45.934704
3832.910156	-48.511627
3838.293457	-47.202618
3843.676758	-48.910137
3849.060059	-43.409241
3854.443359	-42.739799
3859.826660	-42.761971
3865.209961	-39.117229
3870.593262	-39.628918
3875.976562	-39.798893
3881.359863	-38.817986
3886.743164	-39.772324
3892.126465	-41.116695
3897.509766	-43.425495
3902.893066	-42.515854
3908.276367	-44.016747
3913.659668	-42.865128
3919.042969	-41.346859
3924.426270	-41.748920
3929.809570	-40.799438
3935.192871	-39.918476
3940.576172	-40.644318
3945.959473	-41.070568
3951.342773	-42.044651
3956.726074	-42.689526
3962.109375	-43.999271
3967.492676	-42.840218
3972.875977	-40.267902
3978.259277	-39.083763
3983.642578	-38.507084
3989.025879	-39.278690
3994.409180	-44.491409
3999.792480	-49.145329
4005.175781	-49.316845
4010.559082	-49.161743
4015.942383	-49.364876
4021.325684	-48.696888
4026.708984	-46.852596
4032.092285	-48.192638
4037.475586	-45.314484
4042.858887	-41.210514
4048.242188	-40.851135
4053.625488	-42.110275
4059.008789	-40.471474
4064.392090	-39.255116
4069.775391	-39.075089
4075.158691	-39.857479
4080.541992	-39.507751
4085.925293	-40.708549
4091.308594	-43.609337
4096.691895	-40.538582
4102.075195	-38.873524
4107.458496	-43.037136
4112.841797	-52.162594
4118.225098	-54.140312
4123.608398	-52.017467
4128.991699	-49.007149
4134.375000	-48.502430
4139.758301	-49.767845
4145.141602	-52.069630
4150.524902	-47.567776
4155.908203	-47.547787
4161.291504	-53.614708
4166.674805	-45.418530
4172.058105	-44.259331
4177.441406	-48.671791
4182.824707	-46.196606
4188.208008	-41.500992
4193.591309	-43.137035
4198.974609	-49.350674
4204.357910	-46.182732
4209.741211	-45.886806
4215.124512	-45.746449
4220.507812	-46.399586
4225.891113	-47.298477
4231.274414	-48.941772
4236.657715	-53.123928
4242.041016	-51.786877
4247.424316	-46.930904
4252.807617	-47.035130
4258.190918	-50.583168
4263.574219	-48.133228
4268.957520	-45.353088
4274.340820	-45.592812
4279.724121	-45.474598
4285.107422	-45.430077
4290.490723	-46.016670
4295.874023	-47.064926
4301.257324	-49.483406
4306.640625	-48.711479
4312.023926	-48.981800
4317.407227	-49.852543
4322.790527	-49.670242
4328.173828	-47.834858
4333.557129	-46.541607
4338.940430	-46.143555
4344.323730	-45.084156
4349.707031	-42.195900
4355.090332	-42.084042
4360.473633	-43.734947
4365.856934	-44.270176
4371.240234	-47.211758
4376.623535	-49.879459
4382.006836	-49.761879
4387.390137	-50.463440
4392.773438	-50.882488
4398.156738	-52.119911
4403.540039	-52.472942
4408.923340	-52.024582
4414.306641	-48.359074
4419.689941	-46.990074
4425.073242	-50.561092
4430.456543	-53.187622
4435.839844	-48.104015
4441.223145	-46.907215
4446.606445	-48.721912
4451.989746	-45.880135
4457.373047	-42.267101
4462.756348	-41.433350
4468.139648	-43.755653
4473.522949	-47.406364
4478.906250	-42.614784
4484.289551	-40.987072
4489.672852	-44.082375
4495.056152	-48.276638
4500.439453	-49.603176
4505.822754	-51.693577
4511.206055	-49.041801
4516.589355	-47.360607
4521.972656	-49.374695
4527.355957	-55.585903
4532.739258	-49.804268
4538.122559	-49.179249
4543.505859	-55.512604
4548.889160	-51.731792
4554.272461	-46.998154
4559.655762	-45.947525
4565.039062	-47.112667
4570.422363	-45.197159
4575.805664	-43.329823
4581.188965	-45.619473
4586.572266	-48.585712
4591.955566	-49.525253
4597.338867	-49.079727
4602.722168	-46.208305
4608.105469	-47.070938
4613.488770	-48.768532
4618.872070	-47.851860
4624.255371	-46.540283
4629.638672	-45.494411
4635.021973	-45.181534
4640.405273	-45.942410
4645.788574	-44.384689
4651.171875	-41.014103
4656.555176	-42.235847
4661.938477	-43.093872
4667.321777	-42.726982
4672.705078	-43.038834
4678.088379	-42.888004
4683.471680	-42.791855
4688.854980	-40.951687
4694.238281	-41.526516
4699.621582	-42.372337
4705.004883	-41.241669
4710.388184	-41.664288
4715.771484	-45.333908
4721.154785	-47.124035
4726.538086	-47.567711
4731.921387	-47.339252
4737.304688	-46.427837
4742.687988	-46.839054
4748.071289	-47.378597
4753.454590	-48.926388
4758.837891	-49.222164
4764.221191	-47.022289
4769.604492	-45.796936
4774.987793	-46.193474
4780.371094	-48.391102
4785.754395	-51.180481
4791.137695	-47.164753
4796.520996	-47.125893
4801.904297	-49.005699
4807.287598	-46.702297
4812.670898	-47.133545
4818.054199	-46.838692
4823.437500	-46.289436
4828.820801	-48.615227
4834.204102	-52.758873
4839.587402	-52.728031
4844.970703	-53.044685
4850.354004	-52.244598
4855.737305	-49.828384
4861.120605	-49.898022
4866.503906	-50.561020
4871.887207	-49.862091
4877.270508	-46.554207
4882.653809	-46.516853
4888.037109	-46.826355
4893.420410	-47.621140
4898.803711	-44.095631
4904.187012	-42.121166
4909.570312	-45.935719
4914.953613	-50.163586
4920.336914	-48.155647
4925.720215	-46.735493
4931.103516	-47.100529
4936.486816	-49.845337
4941.870117	-48.245518
4947.253418	-43.855579
4952.636719	-42.714165
4958.020020	-45.634968
4963.403320	-49.510971
4968.786621	-47.250435
4974.169922	-46.890251
4979.553223	-44.829052
4984.936523	-44.547504
4990.319824	-46.235920
4995.703125	-46.207615
5001.086426	-46.815006
5006.469727	-48.832207
5011.853027	-46.732121
5017.236328	-44.166199
5022.619629	-43.699707
5028.002930	-41.226089
5033.386230	-38.501362
5038.769531	-36.342915
5044.152832	-34.928848
5049.536133	-34.515438
5054.919434	-35.376160
5060.302734	-39.597469
5065.686035	-42.566090
5071.069336	-42.915550
5076.452637	-43.470703
5081.835938	-41.163670
5087.219238	-40.708958
5092.602539	-41.236843
5097.985840	-41.532116
5103.369141	-42.820488
5108.752441	-40.559578
5114.135742	-38.557793
5119.519043	-37.696518
5124.902344	-37.455166
5130.285645	-37.280251
5135.668945	-39.170841
5141.052246	-44.959606
5146.435547	-37.945278
5151.818848	-35.596298
5157.202148	-35.760876
5162.585449	-34.396778
5167.968750	-34.411072
5173.352051	-35.741776
5178.735352	-38.177238
5184.118652	-39.542461
5189.501953	-40.430199
5194.885254	-41.411362
5200.268555	-42.667423
5205.651855	-43.188820
5211.035156	-44.394608
5216.418457	-48.374378
5221.801758	-47.610798
5227.185059	-47.056480
5232.568359	-46.254227
5237.951660	-46.265892
5243.334961	-45.246868
5248.718262	-46.633125
5254.101562	-48.611416
5259.484863	-48.520638
5264.868164	-45.459236
5270.251465	-44.826103
5275.634766	-44.610760
5281.018066	-43.984005
5286.401367	-46.162197
5291.784668	-48.861137
5297.167969	-48.013321
5302.551270	-46.943607
5307.934570	-46.173786
5313.317871	-44.942917
5318.701172	-45.235928
5324.084473	-43.782551
5329.467773	-42.675610
5334.851074	-44.590759
5340.234375	-44.380505
5345.617676	-44.012432
5351.000977	-41.926338
5356.384277	-40.754063
5361.767578	-41.682297
5367.150879	-41.300941
5372.534180	-39.710178
5377.917480	-40.111721
5383.300781	-40.361454
5388.684082	-40.795639
5394.067383	-41.658958
5399.450684	-43.149799
5404.833984	-42.759338
5410.217285	-44.539555
5415.600586	-46.939892
5420.983887	-46.763294
5426.367188	-45.706440
5431.750488	-43.022297
5437.133789	-41.425381
5442.517090	-43.424713
5447.900391	-42.449871
5453.283691	-43.319805
5458.666992	-44.523220
5464.050293	-44.866039
5469.433594	-46.880657
5474.816895	-47.384087
5480.200195	-49.153038
5485.583496	-50.566521
5490.966797	-47.486130
5496.350098	-45.298904
5501.733398	-45.643879
5507.116699	-45.518772
5512.500000	-44.919147
5517.883301	-48.202972
5523.266602	-47.232334
5528.649902	-46.562695
5534.033203	-44.293056
5539.416504	-43.250061
5544.799805	-42.690125
5550.183105	-41.795128
5555.566406	-40.034462
5560.949707	-38.671619
5566.333008	-38.272160
5571.716309	-38.545460
5577.099609	-39.145222
5582.482910	-37.441864
5587.866211	-38.122189
5593.249512	-39.681408
5598.632812	-39.563282
5604.016113	-37.805183
5609.399414	-37.099251
5614.782715	-39.288700
5620.166016	-39.785870
5625.549316	-38.524788
5630.932617	-39.440800
5636.315918	-39.844395
5641.699219	-37.670452
5647.082520	-37.074524
5652.465820	-39.854012
5657.849121	-40.842224
5663.232422	-39.809280
5668.615723	-43.240181
5673.999023	-47.178864
5679.382324	-44.509735
5684.765625	-44.395180
5690.148926	-49.013401
5695.532227	-49.883949
5700.915527	-48.461555
5706.298828	-49.756989
5711.682129	-56.512264
5717.065430	-49.893215
5722.448730	-45.732197
5727.832031	-43.757187
5733.215332	-42.631882
5738.598633	-43.665943
5743.981934	-45.602272
5749.365234	-43.586414
5754.748535	-44.955345
5760.131836	-48.170879
5765.515137	-45.893250
5770.898438	-47.830086
5776.281738	-53.468056
5781.665039	-49.314884
5787.048340	-48.810726
5792.431641	-50.523899
5797.814941	-51.335186
5803.198242	-49.226265
5808.581543	-45.899555
5813.964844	-45.151291
5819.348145	-46.951477
5824.731445	-50.487820
5830.114746	-53.870132
5835.498047	-49.208595
5840.881348	-48.411636
5846.264648	-52.934303
5851.647949	-54.222832
5857.031250	-50.803665
5862.414551	-52.895294
5867.797852	-59.758450
5873.181152	-52.969589
5878.564453	-51.073177
5883.947754	-46.344482
5889.331055	-42.860023
5894.714355	-41.901932
5900.097656	-43.116280
5905.480957	-44.129025
5910.864258	-45.039127
5916.247559	-44.449089
5921.630859	-44.967278
5927.014160	-46.561081
5932.397461	-46.673244
5937.780762	-46.357567
5943.164062	-48.649529
5948.547363	-54.614227
5953.930664	-51.427475
5959.313965	-50.049046
5964.697266	-52.814342
5970.080566	-50.453217
5975.463867	-48.315628
5980.847168	-48.754570
5986.230469	-47.338398
5991.613770	-45.977188
5996.997070	-46.571636
6002.380371	-48.479794
6007.763672	-50.362000
6013.146973	-51.713997
6018.530273	-49.224056
6023.913574	-50.060295
6029.296875	-48.626019
6034.680176	-43.794693
6040.063477	-43.446735
6045.446777	-46.031921
6050.830078	-46.708675
6056.213379	-44.536461
6061.596680	-47.235264
6066.979980	-44.364178
6072.363281	-41.416878
6077.746582	-44.092411
6083.129883	-52.225277
6088.513184	-50.731365
6093.896484	-52.086800
6099.279785	-57.194073
6104.663086	-53.742649
6110.046387	-50.551956
6115.429688	-50.251038
6120.812988	-52.044197
6126.196289	-49.378479
6131.579590	-47.367088
6136.962891	-48.801022
6142.346191	-50.122814
6147.729492	-46.930210
6153.112793	-46.181557
6158.496094	-48.967674
6163.879395	-50.913692
6169.262695	-51.990570
6174.645996	-51.263897
6180.029297	-50.384186
6185.412598	-49.759312
6190.795898	-49.525112
6196.179199	-51.935192
6201.562500	-50.186562
6206.945801	-48.816750
6212.329102	-50.560524
6217.712402	-53.222733
6223.095703	-56.552563
6228.479004	-55.520996
6233.862305	-56.798019
6239.245605	-56.232956
6244.628906	-54.526245
6250.012207	-52.777775
6255.395508	-51.783100
6260.778809	-52.548317
6266.162109	-52.719154
6271.545410	-50.942623
6276.928711	-51.436272
6282.312012	-54.111744
6287.695312	-52.802479
6293.078613	-50.821976
6298.461914	-53.000988
6303.845215	-58.789597
6309.228516	-56.691742
6314.611816	-55.407314
6319.995117	-56.849388
6325.378418	-52.810619
6330.761719	-52.023628
6336.145020	-55.935856
6341.528320	-56.900009
6346.911621	-57.959755
6352.294922	-55.721710
6357.678223	-52.280396
6363.061523	-51.462875
6368.444824	-50.767925
6373.828125	-51.220657
6379.211426	-52.517376
6384.594727	-53.251999
6389.978027	-57.037045
6395.361328	-65.725494
6400.744629	-60.181370
6406.127930	-60.419128
6411.511230	-57.634270
6416.894531	-59.081314
6422.277832	-62.114693
6427.661133	-58.648849
6433.044434	-59.390041
6438.427734	-58.123127
6443.811035	-58.134022
6449.194336	-59.005051
6454.577637	-58.423050
6459.960938	-57.532799
6465.344238	-58.724979
6470.727539	-56.859764
6476.110840	-54.407764
6481.494141	-54.814098
6486.877441	-53.362656
6492.260742	-51.629471
6497.644043	-53.319611
6503.027344	-54.458790
6508.410645	-52.179115
6513.793945	-54.421337
6519.177246	-56.070431
6524.560547	-52.824108
6529.943848	-54.225189
6535.327148	-61.212280
6540.710449	-57.288368
6546.093750	-55.828903
6551.477051	-59.765011
6556.860352	-58.943981
6562.243652	-54.745796
6567.626953	-55.699615
6573.010254	-61.080971
6578.393555	-56.390232
6583.776855	-54.920151
6589.160156	-58.860691
6594.543457	-57.613583
6599.926758	-53.779438
6605.310059	-54.483864
6610.693359	-60.973095
6616.076660	-63.055798
6621.459961	-59.465347
6626.843262	-65.929298
6632.226562	-60.763168
6637.609863	-58.099274
6642.993164	-62.500671
6648.376465	-63.186184
6653.759766	-57.604984
6659.143066	-58.853180
6664.526367	-57.742088
6669.909668	-58.251900
6675.292969	-58.350452
6680.676270	-54.295914
6686.059570	-55.229904
6691.442871	-60.328758
6696.826172	-57.422295
6702.209473	-59.130241
6707.592773	-64.403191
6712.976074	-58.692833
6718.359375	-58.241482
6723.742676	-61.229633
6729.125977	-58.057331
6734.509277	-57.712334
6739.892578	-61.322273
6745.275879	-61.832493
6750.659180	-58.886047
6756.042480	-59.382523
6761.425781	-62.920525
6766.809082	-62.284019
6772.192383	-57.531818
6777.575684	-56.534573
6782.958984	-58.973274
6788.342285	-60.641830
6793.725586	-58.023544
6799.108887	-56.969662
6804.492188	-59.173550
6809.875488	-61.127686
6815.258789	-56.766388
6820.642090	-57.182331
6826.025391	-59.985413
6831.408691	-56.058151
6836.791992	-55.143047
6842.175293	-54.902107
6847.558594	-51.384892
6852.941895	-53.341259
6858.325195	-64.099983
6863.708496	-55.214008
6869.091797	-53.703884
6874.475098	-58.505424
6879.858398	-64.746445
6885.241699	-57.461918
6890.625000	-58.255367
6896.008301	-64.832268
6901.391602	-66.355881
6906.774902	-62.184746
6912.158203	-63.141514
6917.541504	-68.410477
6922.924805	-68.600807
6928.308105	-64.396858
6933.691406	-62.963203
6939.074707	-64.695465
6944.458008	-64.873589
6949.841309	-61.559284
6955.224609	-62.849178
6960.607910	-65.210037
6965.991211	-59.441486
6971.374512	-57.718533
6976.757812	-62.361343
6982.141113	-61.440228
6987.524414	-56.226555
6992.907715	-57.201546
6998.291016	-61.616234
7003.674316	-57.253876
7009.057617	-55.233719
7014.440918	-58.305592
7019.824219	-65.006393
7025.207520	-62.719368
7030.590820	-66.012070
7035.974121	-61.318878
7041.357422	-57.689575
7046.740723	-60.782242
7052.124023	-65.721039
7057.507324	-57.266182
7062.890625	-57.697826
7068.273926	-61.455444
7073.657227	-55.876518
7079.040527	-57.388020
7084.423828	-62.366413
7089.807129	-58.645699
7095.190430	-59.368065
7100.573730	-64.104988
7105.957031	-58.011688
7111.340332	-57.072224
7116.723633	-58.340698
7122.106934	-55.520924
7127.490234	-54.894012
7132.873535	-56.394054
7138.256836	-59.682419
7143.640137	-58.553471
7149.023438	-59.285595
7154.406738	-60.588707
7159.790039	-57.937168
7165.173340	-57.282337
7170.556641	-58.800484
7175.939941	-58.251259
7181.323242	-57.535606
7186.706543	-59.796066
7192.089844	-59.938675
7197.473145	-57.712696
7202.856445	-57.995781
7208.239746	-59.001865
7213.623047	-57.697346
7219.006348	-56.912266
7224.389648	-59.089409
7229.772949	-64.364090
7235.156250	-64.666618
7240.539551	-64.885895
7245.922852	-61.708912
7251.306152	-58.907063
7256.689453	-58.982933
7262.072754	-62.968906
7267.456055	-66.175262
7272.839355	-62.494781
7278.222656	-63.559994
7283.605957	-65.827026
7288.989258	-62.890766
7294.372559	-61.566635
7299.755859	-63.501251
7305.139160	-63.234417
7310.522461	-59.788193
7315.905762	-60.519844
7321.289062	-63.325539
7326.672363	-61.319141
7332.055664	-60.299557
7337.438965	-59.779991
7342.822266	-58.632153
7348.205566	-56.863335
7353.588867	-57.060268
7358.972168	-59.938072
7364.355469	-59.717804
7369.738770	-59.529186
7375.122070	-61.709206
7380.505371	-60.031677
7385.888672	-58.833511
7391.271973	-60.773617
7396.655273	-63.968258
7402.038574	-63.250393
7407.421875	-63.619198
7412.805176	-65.201210
7418.188477	-62.030193
7423.571777	-62.258213
7428.955078	-64.295959
7434.338379	-64.191833
7439.721680	-67.325478
7445.104980	-69.096977
7450.488281	-69.229179
7455.871582	-67.827431
7461.254883	-68.200470
7466.638184	-66.404793
7472.021484	-65.141945
7477.404785	-65.065765
7482.788086	-68.397690
7488.171387	-65.963516
7493.554688	-66.037727
7498.937988	-65.794525
7504.321289	-68.765465
7509.704590	-66.915627
7515.087891	-67.510872
7520.471191	-67.415504
7525.854492	-68.297798
7531.237793	-67.319702
7536.621094	-63.578743
7542.004395	-62.214260
7547.387695	-61.635452
7552.770996	-57.342609
7558.154297	-57.209713
7563.537598	-61.518822
7568.920898	-60.190369
7574.304199	-59.127266
7579.687500	-66.029617
7585.070801	-64.257065
7590.454102	-59.619419
7595.837402	-62.851398
7601.220703	-72.299889
7606.604004	-64.748627
7611.987305	-65.123749
7617.370605	-62.436436
7622.753906	-60.585197
7628.137207	-67.715515
7633.520508	-62.461105
7638.903809	-58.376259
7644.287109	-63.149471
7649.670410	-65.159851
7655.053711	-58.551918
7660.437012	-60.733128
7665.820312	-65.264839
7671.203613	-58.207672
7676.586914	-59.415264
7681.970215	-67.952148
7687.353516	-59.685799
7692.736816	-58.613571
7698.120117	-63.534172
7703.503418	-60.770458
7708.886719	-57.811657
7714.270020	-60.817108
7719.653320	-63.028057
7725.036621	-58.320427
7730.419922	-58.292492
7735.803223	-61.631840
7741.186523	-61.951775
7746.569824	-59.383755
7751.953125	-59.648911
7757.336426	-63.783955
7762.719727	-66.479553
7768.103027	-62.617661
7773.486328	-64.048386
7778.869629	-69.242081
7784.252930	-64.131760
7789.636230	-61.985664
7795.019531	-63.556675
7800.402832	-64.493309
7805.786133	-61.227066
7811.169434	-61.968838
7816.552734	-68.301445
7821.936035	-65.382195
7827.319336	-65.553101
7832.702637	-66.516479
7838.085938	-62.998688
7843.469238	-62.146023
7848.852539	-67.227882
7854.235840	-64.731377
7859.619141	-63.544399
7865.002441	-65.810638
7870.385742	-62.107498
7875.769043	-62.415241
7881.152344	-62.815907
7886.535645	-61.788853
7891.918945	-60.466904
7897.302246	-59.058689
7902.685547	-58.451511
7908.068848	-57.442123
7913.452148	-57.669430
7918.835449	-58.259480
7924.218750	-59.656185
7929.602051	-63.003597
7934.985352	-63.392742
7940.368652	-64.615898
7945.751953	-67.562775
7951.135254	-67.918938
7956.518555	-69.102097
7961.901855	-73.479446
7967.285156	-66.574539
7972.668457	-64.895569
7978.051758	-66.925781
7983.435059	-62.320663
7988.818359	-61.678741
7994.201660	-67.490242
7999.584961	-63.061745
8004.968262	-59.746300
8010.351562	-62.768040
8015.734863	-64.229279
8021.118164	-59.250973
8026.501465	-61.105984
8031.884766	-67.825722
8037.268066	-61.814201
8042.651367	-61.957874
8048.034668	-70.750359
8053.417969	-64.464989
8058.801270	-61.507862
8064.184570	-66.864792
8069.567871	-67.536118
8074.951172	-62.245647
8080.334473	-64.204330
8085.717773	-71.561630
8091.101074	-67.087051
8096.484375	-64.651573
8101.867676	-65.751053
8107.250977	-69.388107
8112.634277	-74.838791
8118.017578	-67.868500
8123.400879	-65.066048
8128.784180	-66.815254
8134.167480	-72.698166
8139.550781	-68.527931
8144.934082	-64.532936
8150.317383	-66.084557
8155.700684	-68.447365
8161.083984	-60.858498
8166.467285	-58.710823
8171.850586	-59.974102
8177.233887	-61.433319
8182.617188	-59.004757
8188.000488	-57.592941
8193.383789	-60.458206
8198.767090	-62.846024
8204.150391	-58.335773
8209.533691	-58.383404
8214.916992	-62.261265
8220.300293	-59.050919
8225.683594	-57.301739
8231.066895	-63.295753
8236.450195	-62.556599
8241.833496	-59.145069
8247.216797	-63.557598
8252.600098	-61.655571
8257.983398	-58.158901
8263.366699	-59.042294
8268.750000	-63.822338
8274.133301	-64.025223
8279.516602	-62.600925
8284.899902	-69.458649
8290.283203	-69.684921
8295.666504	-65.556190
8301.049805	-71.108078
8306.433105	-69.825157
8311.816406	-65.762085
8317.199707	-67.847145
8322.583008	-70.221268
8327.966309	-63.933193
8333.349609	-64.409187
8338.732910	-74.110886
8344.116211	-70.110146
8349.499512	-69.038429
8354.882812	-78.283737
8360.266113	-67.296700
8365.649414	-65.160927
8371.032715	-68.474045
8376.416016	-66.068886
8381.799316	-63.303131
8387.182617	-64.153099
8392.565918	-65.976334
8397.949219	-64.921280
8403.332520	-63.398563
8408.715820	-64.290421
8414.099121	-67.358261
8419.482422	-66.971649
8424.865723	-66.588814
8430.249023	-70.169838
8435.632324	-68.681602
8441.015625	-67.364136
8446.398926	-66.349388
8451.782227	-64.471786
8457.165527	-64.994041
8462.548828	-65.118790
8467.932129	-63.459312
8473.315430	-63.256187
8478.698730	-64.963852
8484.082031	-64.378860
8489.465332	-62.430458
8494.848633	-63.576229
8500.231934	-65.982697
8505.615234	-63.026974
8510.998535	-61.570339
8516.381836	-62.885059
8521.765137	-63.359848
8527.148438	-61.300732
8532.531738	-60.408905
8537.915039	-61.922745
8543.298340	-64.902100
8548.681641	-65.036278
8554.064941	-64.757622
8559.448242	-64.672394
8564.831543	-63.716015
8570.214844	-61.693283
8575.598145	-61.424198
8580.981445	-63.239529
8586.364746	-61.598007
8591.748047	-60.496914
8597.131348	-61.026295
8602.514648	-59.828957
8607.897949	-58.196922
8613.281250	-58.336987
8618.664551	-60.208614
8624.047852	-60.384296
8629.431152	-59.919907
8634.814453	-62.448139
8640.197754	-64.420746
8645.581055	-62.406612
8650.964355	-62.449860
8656.347656	-65.477722
8661.730957	-64.610565
8667.114258	-62.860004
8672.497559	-65.431816
8677.880859	-68.403137
8683.264160	-66.317368
8688.647461	-66.881973
8694.030762	-70.893173
8699.414062	-75.252533
8704.797363	-72.315857
8710.180664	-74.210663
8715.563965	-71.282585
8720.947266	-70.531601
8726.330566	-69.662750
8731.713867	-64.031204
8737.097168	-61.966011
8742.480469	-63.023506
8747.863770	-63.077595
8753.247070	-60.985622
8758.630371	-61.761158
8764.013672	-64.894043
8769.396973	-63.179344
8774.780273	-63.467049
8780.163574	-66.285751
8785.546875	-63.677029
8790.930176	-61.704868
8796.313477	-62.743992
8801.696777	-62.565632
8807.080078	-60.702049
8812.463379	-61.815720
8817.846680	-63.955688
8823.229980	-63.176357
8828.613281	-64.042580
8833.996582	-67.622276
8839.379883	-67.969826
8844.763184	-67.253983
8850.146484	-70.799866
8855.529785	-72.431885
8860.913086	-73.494026
8866.296387	-68.914459
8871.679688	-63.665203
8877.062988	-63.543949
8882.446289	-67.028442
8887.829590	-66.253853
8893.212891	-65.346596
8898.596191	-72.023331
8903.979492	-70.319557
8909.362793	-66.943893
8914.746094	-73.588699
8920.129395	-66.734100
8925.512695	-63.448479
8930.895996	-67.167953
8936.279297	-69.819458
8941.662598	-63.777435
8947.045898	-64.771225
8952.429199	-70.964676
8957.812500	-64.166466
8963.195801	-62.266277
8968.579102	-66.411751
8973.962402	-68.636024
8979.345703	-63.808315
8984.729004	-64.626579
8990.112305	-71.190346
8995.495605	-65.453781
9000.878906	-63.268600
9006.262207	-67.428711
9011.645508	-65.971062
9017.028809	-62.590824
9022.412109	-64.296822
9027.795410	-66.529785
9033.178711	-64.186966
9038.562012	-64.505852
9043.945312	-68.361855
9049.328613	-66.042831
9054.711914	-64.383133
9060.095215	-66.185616
9065.478516	-65.552338
9070.861816	-64.064262
9076.245117	-64.032181
9081.628418	-64.098526
9087.011719	-62.380768
9092.395020	-60.642834
9097.778320	-60.911877
9103.161621	-62.126263
9108.544922	-62.691460
9113.928223	-63.321533
9119.311523	-66.242859
9124.694824	-69.265320
9130.078125	-67.155823
9135.461426	-68.723091
9140.844727	-73.033577
9146.228027	-72.695084
9151.611328	-71.949036
9156.994629	-70.671257
9162.377930	-69.829361
9167.761230	-71.926170
9173.144531	-71.699242
9178.527832	-69.734108
9183.911133	-72.720581
9189.294434	-75.873932
9194.677734	-77.671631
9200.061035	-78.906128
9205.444336	-74.858612
9210.827637	-73.029213
9216.210938	-72.337685
9221.594238	-72.347916
9226.977539	-73.807953
9232.360840	-74.874870
9237.744141	-73.218140
9243.127441	-70.422318
9248.510742	-65.939537
9253.894043	-64.470978
9259.277344	-64.597542
9264.660645	-63.300247
9270.043945	-62.143101
9275.427246	-63.462536
9280.810547	-67.251633
9286.193848	-65.005020
9291.577148	-64.170364
9296.960449	-68.858253
9302.343750	-67.430855
9307.727051	-64.958595
9313.110352	-70.232681
9318.493652	-69.802338
9323.876953	-64.395874
9329.260254	-66.057945
9334.643555	-70.056320
9340.026855	-62.993961
9345.410156	-61.409969
9350.793457	-65.410538
9356.176758	-66.439194
9361.560059	-62.213760
9366.943359	-63.085361
9372.326660	-69.420586
9377.709961	-70.112816
9383.093262	-66.448929
9388.476562	-69.169556
9393.859863	-78.100197
9399.243164	-71.253525
9404.626465	-72.552925
9410.009766	-74.480453
9415.393066	-69.405754
9420.776367	-69.977417
9426.159668	-74.105080
9431.542969	-67.988846
9436.926270	-65.571709
9442.309570	-67.663742
9447.692871	-70.270775
9453.076172	-67.790771
9458.459473	-68.297447
9463.842773	-71.786064
9469.226074	-72.718117
9474.609375	-74.837036
9479.992676	-77.431984
9485.375977	-75.166718
9490.759277	-77.402939
9496.142578	-81.730408
9501.525879	-76.678978
9506.909180	-81.600533
9512.292480	-73.780182
9517.675781	-69.004326
9523.059082	-70.263153
9528.442383	-70.416573
9533.825684	-65.906303
9539.208984	-65.067955
9544.592285	-68.305786
9549.975586	-69.023407
9555.358887	-66.290756
9560.742188	-69.770691
9566.125488	-74.867279
9571.508789	-67.237213
9576.892090	-68.400330
9582.275391	-77.150963
9587.658691	-69.797401
9593.041992	-68.049080
9598.425293	-73.657806
9603.808594	-74.107338
9609.191895	-69.741913
9614.575195	-71.883301
9619.958496	-76.653259
9625.341797	-79.345871
9630.725098	-76.423180
9636.108398	-70.843079
9641.491699	-69.213615
9646.875000	-72.417793
9652.258301	-73.828041
9657.641602	-70.883575
9663.024902	-73.122246
9668.408203	-78.832039
9673.791504	-76.199226
9679.174805	-73.704315
9684.558105	-70.572556
9689.941406	-68.969391
9695.324707	-68.566521
9700.708008	-67.415619
9706.091309	-66.108871
9711.474609	-66.289871
9716.857910	-68.520592
9722.241211	-70.681656
9727.624512	-68.518730
9733.007812	-67.963318
9738.391113	-68.025368
9743.774414	-64.953995
9749.157715	-64.293808
9754.541016	-65.657578
9759.924316	-64.103264
9765.307617	-62.716949
9770.690918	-63.329189
9776.074219	-63.023708
9781.457520	-61.644299
9786.840820	-62.236816
9792.224121	-64.431870
9797.607422	-65.161713
9802.990723	-66.048157
9808.374023	-68.970520
9813.757324	-68.647720
9819.140625	-66.896660
9824.523926	-67.537941
9829.907227	-68.818909
9835.290527	-69.045746
9840.673828	-69.667053
9846.057129	-71.366974
9851.440430	-73.451607
9856.823730	-73.043190
9862.207031	-71.035187
9867.590332	-69.975128
9872.973633	-68.733711
9878.356934	-67.503845
9883.740234	-66.549271
9889.123535	-65.787262
9894.506836	-65.865318
9899.890137	-66.559181
9905.273438	-66.937088
9910.656738	-67.147057
9916.040039	-67.843613
9921.423340	-69.646423
9926.806641	-69.596466
9932.189941	-68.600548
9937.573242	-70.308960
9942.956543	-71.813683
9948.339844	-69.785217
9953.723145	-69.338005
9959.106445	-71.642982
9964.489746	-70.287285
9969.873047	-66.652626
9975.256348	-66.517342
9980.639648	-68.742569
9986.022949	-66.784698
9991.406250	-65.757690
9996.789551	-68.712395
10002.172852	-68.339371
10007.556152	-64.903572
10012.939453	-65.430382
10018.322754	-68.025352
10023.706055	-66.243935
10029.089355	-65.869179
10034.472656	-70.586662
10039.855957	-78.567772
10045.239258	-73.626060
10050.622559	-75.181618
10056.005859	-79.101906
10061.389160	-81.030174
10066.772461	-75.713554
10072.155762	-72.221100
10077.539062	-72.103073
10082.922363	-68.704842
10088.305664	-66.392021
10093.688965	-67.244781
10099.072266	-67.339790
10104.455566	-66.045525
10109.838867	-65.909119
10115.222168	-65.552742
10120.605469	-64.000130
10125.988770	-63.594395
10131.372070	-63.852272
10136.755371	-62.881119
10142.138672	-63.294861
10147.521973	-66.402931
10152.905273	-67.040672
10158.288574	-66.394463
10163.671875	-70.074814
10169.055176	-70.723236
10174.438477	-67.038643
10179.821777	-67.832664
10185.205078	-71.995651
10190.588379	-69.815697
10195.971680	-68.247490
10201.354980	-70.151863
10206.738281	-74.553291
10212.121582	-76.815918
10217.504883	-74.341675
10222.888184	-73.436951
10228.271484	-79.865639
10233.654785	-73.551025
10239.038086	-67.269516
10244.421387	-67.005608
10249.804688	-68.885330
10255.187988	-66.297943
10260.571289	-65.176003
10265.954590	-67.475281
10271.337891	-66.964630
10276.721191	-64.031708
10282.104492	-63.454746
10287.487793	-63.741844
10292.871094	-62.738667
10298.254395	-62.597828
10303.637695	-63.764294
10309.020996	-63.709610
10314.404297	-63.130661
10319.787598	-62.859844
10325.170898	-63.493961
10330.554199	-65.031708
10335.937500	-66.054626
10341.320801	-68.117912
10346.704102	-72.719543
10352.087402	-71.477203
10357.470703	-69.294533
10362.854004	-71.859840
10368.237305	-73.249680
10373.620605	-72.382156
10379.003906	-80.513000
10384.387207	-71.443504
10389.770508	-68.009689
10395.153809	-69.515465
10400.537109	-67.310074
10405.920410	-64.976677
10411.303711	-67.801651
10416.687012	-70.406830
10422.070312	-65.002937
10427.453613	-65.306168
10432.836914	-68.113342
10438.220215	-65.503288
10443.603516	-65.123611
10448.986816	-69.112221
10454.370117	-71.339790
10459.753418	-68.934082
10465.136719	-70.737839
10470.520020	-72.872887
10475.903320	-68.608444
10481.286621	-66.773163
10486.669922	-67.344826
10492.053223	-69.185806
10497.436523	-69.171104
10502.819824	-67.299057
10508.203125	-67.242485
10513.586426	-70.368530
10518.969727	-69.390739
10524.353027	-66.145927
10529.736328	-66.717712
10535.119629	-68.834984
10540.502930	-66.377525
10545.886230	-66.636452
10551.269531	-73.596596
10556.652832	-69.555077
10562.036133	-67.136818
10567.419434	-71.492943
10572.802734	-67.569572
10578.186035	-64.857773
10583.569336	-68.528374
10588.952637	-67.645882
10594.335938	-63.412868
10599.719238	-65.302582
10605.102539	-68.778824
10610.485840	-64.707809
10615.869141	-66.076859
10621.252441	-71.639641
10626.635742	-66.799362
10632.019043	-67.897308
10637.402344	-72.002693
10642.785645	-66.280869
10648.168945	-66.930511
10653.552246	-72.745605
10658.935547	-66.962669
10664.318848	-66.158661
10669.702148	-67.452324
10675.085449	-64.454697
10680.468750	-63.988205
10685.852051	-66.909531
10691.235352	-67.487785
10696.618652	-67.221512
10702.001953	-68.233154
10707.385254	-64.801643
10712.768555	-63.360947
10718.151855	-64.682045
10723.535156	-65.224472
10728.918457	-66.008949
10734.301758	-70.907410
10739.685059	-68.757553
10745.068359	-66.266144
10750.451660	-66.844131
10755.834961	-64.592537
10761.218262	-63.577625
10766.601562	-66.926857
10771.984863	-70.584694
10777.368164	-68.794426
10782.751465	-72.581238
10788.134766	-72.155846
10793.518066	-67.720474
10798.901367	-69.026146
10804.284668	-75.214920
10809.667969	-74.504738
10815.051270	-73.747757
10820.434570	-75.027596
10825.817871	-72.672462
10831.201172	-72.311272
10836.584473	-75.588005
10841.967773	-76.020988
10847.351074	-70.739799
10852.734375	-70.285927
10858.117676	-75.795044
10863.500977	-77.196770
10868.884277	-72.873466
10874.267578	-77.084496
10879.650879	-75.618889
10885.034180	-71.626587
10890.417480	-75.338844
10895.800781	-80.368576
10901.184082	-72.316422
10906.567383	-72.304535
10911.950684	-70.727821
10917.333984	-67.491936
10922.717285	-67.616302
10928.100586	-69.854523
10933.483887	-71.246391
10938.867188	-73.657265
10944.250488	-76.589485
10949.633789	-73.373474
10955.017090	-71.862297
10960.400391	-72.792358
10965.783691	-72.490929
10971.166992	-71.204346
10976.550293	-69.025131
10981.933594	-66.910919
10987.316895	-65.559883
10992.700195	-65.124954
10998.083496	-66.214500
11003.466797	-68.153999
11008.850098	-68.125412
11014.233398	-68.221405
11019.616699	-67.007637
11025.000000	-65.262604
11030.383301	-64.885986
11035.766602	-66.275650
11041.149902	-67.051819
11046.533203	-67.442261
11051.916504	-69.701675
11057.299805	-69.373367
11062.683105	-67.465492
11068.066406	-68.420448
11073.449707	-71.048424
11078.833008	-72.348167
11084.216309	-75.354645
11089.599609	-77.565102
11094.982910	-72.802437
11100.366211	-71.797241
11105.749512	-70.257568
11111.132812	-68.494553
11116.516113	-68.252472
11121.899414	-69.540627
11127.282715	-70.072762
11132.666016	-69.085526
11138.049316	-68.922287
11143.432617	-69.197937
11148.815918	-67.778992
11154.199219	-67.360764
11159.582520	-69.476830
11164.965820	-70.331047
11170.349121	-67.924049
11175.732422	-68.055077
11181.115723	-68.299850
11186.499023	-65.434761
11191.882324	-64.905777
11197.265625	-66.902054
11202.648926	-67.611313
11208.032227	-67.208366
11213.415527	-69.217079
11218.798828	-71.834702
11224.182129	-68.974815
11229.565430	-69.134186
11234.948730	-74.430870
11240.332031	-76.407433
11245.715332	-76.009872
11251.098633	-85.324265
11256.481934	-77.903130
11261.865234	-72.644806
11267.248535	-72.451172
11272.631836	-75.919838
11278.015137	-75.470451
11283.398438	-71.421654
11288.781738	-69.354057
11294.165039	-69.680115
11299.548340	-73.092110
11304.931641	-71.991844
11310.314941	-68.615768
11315.698242	-70.659035
11321.081543	-71.951958
11326.464844	-67.589523
11331.848145	-67.963379
11337.231445	-73.246834
11342.614746	-73.517052
11347.998047	-71.497498
11353.381348	-78.242943
11358.764648	-71.748283
11364.147949	-66.793526
11369.531250	-67.411232
11374.914551	-69.891045
11380.297852	-68.493996
11385.681152	-67.504097
11391.064453	-70.342384
11396.447754	-80.396591
11401.831055	-74.760643
11407.214355	-71.079422
11412.597656	-73.055504
11417.980957	-80.196518
11423.364258	-73.510429
11428.747559	-69.490753
11434.130859	-70.236259
11439.514160	-75.903831
11444.897461	-80.751617
11450.280762	-74.962738
11455.664062	-70.230629
11461.047363	-69.519577
11466.430664	-73.684563
11471.813965	-75.439583
11477.197266	-70.988594
11482.580566	-72.570541
11487.963867	-77.735985
11493.347168	-71.351418
11498.730469	-71.043182
11504.113770	-76.790939
11509.497070	-76.105499
11514.880371	-77.619827
11520.263672	-74.285042
11525.646973	-68.812836
11531.030273	-67.119370
11536.413574	-66.023651
11541.796875	-65.112457
11547.180176	-65.702644
11552.563477	-67.161514
11557.946777	-65.989342
11563.330078	-66.226097
11568.713379	-67.902267
11574.096680	-65.289749
11579.479980	-64.828697
11584.863281	-68.468506
11590.246582	-69.164223
11595.629883	-67.124046
11601.013184	-71.578583
11606.396484	-71.458916
11611.779785	-65.585800
11617.163086	-66.627640
11622.546387	-73.169464
11627.929688	-68.563034
11633.312988	-66.861465
11638.696289	-71.062714
11644.079590	-81.054543
11649.462891	-76.059891
11654.846191	-74.225311
11660.229492	-71.678230
11665.612793	-72.249146
11670.996094	-77.945084
11676.379395	-72.294624
11681.762695	-69.623375
11687.145996	-73.017296
11692.529297	-81.524292
11697.912598	-70.310867
11703.295898	-68.715340
11708.679199	-72.237701
11714.062500	-76.389572
11719.445801	-78.420303
11724.829102	-77.229172
11730.212402	-70.420845
11735.595703	-69.243996
11740.979004	-74.406502
11746.362305	-73.961060
11751.745605	-68.059776
11757.128906	-68.685623
11762.512207	-73.795280
11767.895508	-70.125626
11773.278809	-67.786865
11778.662109	-70.123108
11784.045410	-77.847664
11789.428711	-76.035530
11794.812012	-76.180191
11800.195312	-82.004715
11805.578613	-71.374954
11810.961914	-69.465446
11816.345215	-71.896233
11821.728516	-73.589775
11827.111816	-70.338875
11832.495117	-70.193748
11837.878418	-75.513748
11843.261719	-74.223343
11848.645020	-70.751839
11854.028320	-72.082809
11859.411621	-75.926262
11864.794922	-75.439285
11870.178223	-71.621185
11875.561523	-70.071358
11880.944824	-72.337402
11886.328125	-77.909462
11891.711426	-76.341049
11897.094727	-74.629021
11902.478027	-76.526543
11907.861328	-79.741226
11913.244629	-77.501411
11918.627930	-77.324310
11924.011230	-79.778412
11929.394531	-77.375580
11934.777832	-73.538857
11940.161133	-74.166992
11945.544434	-78.510368
11950.927734	-77.060127
11956.311035	-74.745461
11961.694336	-75.239151
11967.077637	-72.883980
11972.460938	-69.501022
11977.844238	-69.020760
11983.227539	-70.021049
11988.610840	-69.662575
11993.994141	-70.056183
11999.377441	-72.683174
12004.760742	-74.575951
12010.144043	-75.025345
12015.527344	-76.207611
12020.910645	-77.255692
12026.293945	-76.034660
12031.677246	-73.634827
12037.060547	-73.927063
12042.443848	-75.587624
12047.827148	-73.230919
12053.210449	-73.485275
12058.593750	-76.878487
12063.977051	-73.187698
12069.360352	-70.845871
12074.743652	-71.589569
12080.126953	-69.580788
12085.510254	-66.747795
12090.893555	-67.928703
12096.276855	-69.338959
12101.660156	-66.411949
12107.043457	-66.124489
12112.426758	-68.312531
12117.810059	-67.701775
12123.193359	-66.648964
12128.576660	-69.736656
12133.959961	-75.485435
12139.343262	-72.061058
12144.726562	-75.264053
12150.109863	-76.382874
12155.493164	-71.352501
12160.876465	-72.367912
12166.259766	-77.452835
12171.643066	-79.831970
12177.026367	-78.016335
12182.409668	-74.646782
12187.792969	-73.238541
12193.176270	-74.954994
12198.559570	-74.953094
12203.942871	-73.616608
12209.326172	-74.501411
12214.709473	-74.677658
12220.092773	-72.537102
12225.476074	-72.135643
12230.859375	-74.817635
12236.242676	-78.234497
12241.625977	-78.650612
12247.009277	-75.596748
12252.392578	-72.455833
12257.775879	-70.582947
12263.159180	-69.964836
12268.542480	-70.880585
12273.925781	-72.101128
12279.309082	-73.190331
12284.692383	-73.776100
12290.075684	-73.791275
12295.458984	-71.239975
12300.842285	-71.075661
12306.225586	-72.745743
12311.608887	-70.398407
12316.992188	-70.317734
12322.375488	-70.472122
12327.758789	-68.467903
12333.142090	-67.182823
12338.525391	-67.629158
12343.908691	-68.565094
12349.291992	-68.037193
12354.675293	-68.630493
12360.058594	-71.658783
12365.441895	-73.583511
12370.825195	-72.277260
12376.208496	-72.542038
12381.591797	-75.179695
12386.975098	-74.801117
12392.358398	-72.128723
12397.741699	-73.377068
12403.125000	-78.000175
12408.508301	-75.452415
12413.891602	-76.414467
12419.274902	-80.722427
12424.658203	-74.573250
12430.041504	-73.964653
12435.424805	-77.366692
12440.808105	-74.845657
12446.191406	-72.273880
12451.574707	-74.979179
12456.958008	-79.212395
12462.341309	-72.683968
12467.724609	-71.848511
12473.107910	-76.569481
12478.491211	-74.534966
12483.874512	-69.280624
12489.257812	-68.956024
12494.641113	-72.492043
12500.024414	-72.875488
12505.407715	-69.158165
12510.791016	-70.737907
12516.174316	-80.808647
12521.557617	-72.544785
12526.940918	-71.936111
12532.324219	-77.968971
12537.707520	-71.899536
12543.090820	-69.026978
12548.474121	-72.431335
12553.857422	-77.093185
12559.240723	-70.619392
12564.624023	-71.196274
12570.007324	-75.759346
12575.390625	-71.668747
12580.773926	-68.983795
12586.157227	-69.196114
12591.540527	-71.021698
12596.923828	-71.363098
12602.307129	-69.269432
12607.690430	-70.136696
12613.073730	-74.312592
12618.457031	-75.711395
12623.840332	-74.941826
12629.223633	-76.675926
12634.606934	-78.904144
12639.990234	-76.704414
12645.373535	-75.468742
12650.756836	-78.887314
12656.140137	-78.422745
12661.523438	-76.230934
12666.906738	-75.658813
12672.290039	-76.505585
12677.673340	-75.120415
12683.056641	-71.958138
12688.439941	-72.531967
12693.823242	-75.322403
12699.206543	-74.047684
12704.589844	-72.194443
12709.973145	-72.596115
12715.356445	-75.533844
12720.739746	-74.323265
12726.123047	-71.964508
12731.506348	-74.618210
12736.889648	-77.490707
12742.272949	-75.050781
12747.656250	-77.095779
12753.039551	-81.352417
12758.422852	-75.379013
12763.806152	-74.151131
12769.189453	-76.782990
12774.572754	-74.170708
12779.956055	-73.347275
12785.339355	-78.677635
12790.722656	-80.171165
12796.105957	-79.273697
12801.489258	-80.958687
12806.872559	-78.554192
12812.255859	-79.056648
12817.639160	-80.460991
12823.022461	-78.895744
12828.405762	-77.966011
12833.789062	-75.384918
12839.172363	-71.870155
12844.555664	-72.236565
12849.938965	-75.013901
12855.322266	-72.643814
12860.705566	-73.073990
12866.088867	-81.148743
12871.472168	-79.770699
12876.855469	-75.749428
12882.238770	-80.752678
12887.622070	-77.080048
12893.005371	-72.414986
12898.388672	-74.569000
12903.771973	-82.099251
12909.155273	-74.170197
12914.538574	-73.258430
12919.921875	-78.704185
12925.305176	-74.803345
12930.688477	-69.873512
12936.071777	-70.286903
12941.455078	-74.883530
12946.838379	-71.950310
12952.221680	-69.530594
12957.604980	-72.400558
12962.988281	-78.138039
12968.371582	-73.970009
12973.754883	-73.694969
12979.138184	-78.374649
12984.521484	-77.051720
12989.904785	-74.195923
12995.288086	-76.910652
13000.671387	-78.433128
13006.054688	-76.380455
13011.437988	-76.228104
13016.821289	-75.858658
13022.204590	-75.066689
13027.587891	-73.056587
13032.971191	-72.026993
13038.354492	-73.071899
13043.737793	-73.308876
13049.121094	-72.090111
13054.504395	-71.227379
13059.887695	-71.806870
13065.270996	-72.099632
13070.654297	-69.587685
13076.037598	-69.379776
13081.420898	-70.965294
13086.804199	-70.397827
13092.187500	-69.082985
13097.570801	-70.398705
13102.954102	-72.031136
13108.337402	-68.730896
13113.720703	-69.205215
13119.104004	-72.657265
13124.487305	-70.270866
13129.870605	-70.095810
13135.253906	-73.664124
13140.637207	-71.636658
13146.020508	-69.403793
13151.403809	-70.750854
13156.787109	-71.710686
13162.170410	-69.443275
13167.553711	-70.878952
13172.937012	-74.038094
13178.320312	-71.784195
13183.703613	-71.215210
13189.086914	-72.652725
13194.470215	-72.876129
13199.853516	-71.064133
13205.236816	-71.898575
13210.620117	-74.724617
13216.003418	-74.058243
13221.386719	-74.349091
13226.770020	-75.187355
13232.153320	-74.417061
13237.536621	-73.257050
13242.919922	-72.827698
13248.303223	-74.291733
13253.686523	-74.635323
13259.069824	-74.884201
13264.453125	-75.524544
13269.836426	-74.690628
13275.219727	-73.467056
13280.603027	-72.125610
13285.986328	-72.626930
13291.369629	-73.252663
13296.752930	-73.474709
13302.136230	-74.897583
13307.519531	-75.596550
13312.902832	-75.523598
13318.286133	-74.167305
13323.669434	-74.590706
13329.052734	-76.734627
13334.436035	-77.526741
13339.819336	-80.459579
13345.202637	-84.895599
13350.585938	-85.018173
13355.969238	-84.250397
13361.352539	-83.621643
13366.735840	-87.086617
13372.119141	-87.183937
13377.502441	-84.540146
13382.885742	-79.908440
13388.269043	-76.095314
13393.652344	-75.872162
13399.035645	-75.580315
13404.418945	-71.955696
13409.802246	-71.642815
13415.185547	-72.266418
13420.568848	-69.759773
13425.952148	-68.801964
13431.335449	-70.494118
13436.718750	-70.827438
13442.102051	-68.892075
13447.485352	-70.623299
13452.868652	-72.733574
13458.251953	-69.751022
13463.635254	-70.792488
13469.018555	-73.952782
13474.401855	-70.540604
13479.785156	-69.558594
13485.168457	-71.999123
13490.551758	-69.419655
13495.935059	-67.524261
13501.318359	-70.047287
13506.701660	-71.977058
13512.084961	-69.760818
13517.468262	-71.333191
13522.851562	-75.559662
13528.234863	-72.298302
13533.618164	-70.779564
13539.001465	-75.110146
13544.384766	-75.881889
13549.768066	-72.820206
13555.151367	-75.841286
13560.534668	-80.049774
13565.917969	-75.262634
13571.301270	-74.041252
13576.684570	-75.440895
13582.067871	-72.785995
13587.451172	-70.074287
13592.834473	-70.876366
13598.217773	-72.389580
13603.601074	-71.058609
13608.984375	-71.810783
13614.367676	-72.449364
13619.750977	-70.101166
13625.134277	-69.090546
13630.517578	-68.968307
13635.900879	-67.927002
13641.284180	-67.685356
13646.667480	-69.217087
13652.050781	-68.543739
13657.434082	-67.933533
13662.817383	-69.174339
13668.200684	-68.445061
13673.583984	-67.556671
13678.967285	-69.279480
13684.350586	-72.478127
13689.733887	-71.862160
13695.117188	-73.766685
13700.500488	-86.066231
13705.883789	-76.936935
13711.267090	-79.005821
13716.650391	-82.012215
13722.033691	-76.113419
13727.416992	-80.222427
13732.800293	-78.243103
13738.183594	-72.655754
13743.566895	-75.459213
13748.950195	-76.888420
13754.333496	-70.793915
13759.716797	-71.890915
13765.100098	-75.287544
13770.483398	-70.937912
13775.866699	-70.230598
13781.250000	-73.850502
13786.633301	-72.236008
13792.016602	-69.525948
13797.399902	-72.012527
13802.783203	-72.918663
13808.166504	-69.355766
13813.549805	-69.895409
13818.933105	-73.843163
13824.316406	-73.249664
13829.699707	-72.293365
13835.083008	-76.472443
13840.466309	-76.336777
13845.849609	-73.108932
13851.232910	-74.549828
13856.616211	-78.948418
13861.999512	-79.370872
13867.382812	-80.541725
13872.766113	-83.206009
13878.149414	-77.464241
13883.532715	-73.901566
13888.916016	-74.386536
13894.299316	-75.698807
13899.682617	-73.710648
13905.065918	-73.167953
13910.449219	-76.366615
13915.832520	-78.399010
13921.215820	-73.471298
13926.599121	-73.385506
13931.982422	-75.872513
13937.365723	-73.065552
13942.749023	-71.600677
13948.132324	-74.644890
13953.515625	-80.559364
13958.898926	-74.814751
13964.282227	-75.194031
13969.665527	-75.880119
13975.048828	-70.060616
13980.432129	-68.794205
13985.815430	-71.042221
13991.198730	-71.024376
13996.582031	-68.744644
14001.965332	-69.877968
14007.348633	-73.804176
14012.731934	-72.073380
14018.115234	-70.756767
14023.498535	-73.708572
14028.881836	-76.629250
14034.265137	-74.476181
14039.648438	-74.340790
14045.031738	-77.820633
14050.415039	-83.383644
14055.798340	-79.800163
14061.181641	-80.355812
14066.564941	-85.097939
14071.948242	-82.279121
14077.331543	-80.043648
14082.714844	-81.170128
14088.098145	-80.614166
14093.481445	-78.315041
14098.864746	-76.463486
14104.248047	-75.669609
14109.631348	-75.085587
14115.014648	-74.933792
14120.397949	-74.026558
14125.781250	-73.404091
14131.164551	-74.966248
14136.547852	-78.702377
14141.931152	-76.714928
14147.314453	-76.553627
14152.697754	-82.158943
14158.081055	-77.542137
14163.464355	-74.303413
14168.847656	-77.241989
14174.230957	-80.459671
14179.614258	-75.674057
14184.997559	-78.138107
14190.380859	-81.661842
14195.764160	-74.052803
14201.147461	-73.310890
14206.530762	-77.224762
14211.914062	-75.010399
14217.297363	-72.910110
14222.680664	-75.757622
14228.063965	-80.963127
14233.447266	-85.601746
14238.830566	-78.248940
14244.213867	-72.692009
14249.597168	-72.949287
14254.980469	-77.331459
14260.363770	-73.731277
14265.747070	-71.959717
14271.130371	-75.041420
14276.513672	-72.667740
14281.896973	-70.035286
14287.280273	-72.646980
14292.663574	-74.174049
14298.046875	-71.431313
14303.430176	-74.584541
14308.813477	-74.864540
14314.196777	-70.314308
14319.580078	-70.469597
14324.963379	-71.520317
14330.346680	-68.910172
14335.729980	-68.720352
14341.113281	-72.402252
14346.496582	-72.982185
14351.879883	-71.624725
14357.263184	-74.559616
14362.646484	-79.738640
14368.029785	-77.287315
14373.413086	-75.427170
14378.796387	-76.503960
14384.179688	-81.412666
14389.562988	-78.714249
14394.946289	-77.343887
14400.329590	-81.940567
14405.712891	-81.886040
14411.096191	-78.596825
14416.479492	-81.121178
14421.862793	-79.525391
14427.246094	-75.585266
14432.629395	-75.931328
14438.012695	-76.806175
14443.395996	-73.555954
14448.779297	-73.017204
14454.162598	-74.782555
14459.545898	-75.969757
14464.929199	-77.364754
14470.312500	-79.786003
14475.695801	-80.036980
14481.079102	-76.419731
14486.462402	-75.581146
14491.845703	-73.527824
14497.229004	-72.619873
14502.612305	-74.145149
14507.995605	-75.248390
14513.378906	-75.218536
14518.762207	-75.435081
14524.145508	-75.258705
14529.528809	-74.841026
14534.912109	-76.252350
14540.295410	-78.842590
14545.678711	-80.401535
14551.062012	-79.544884
14556.445312	-75.934464
14561.828613	-73.665100
14567.211914	-73.323524
14572.595215	-73.442513
14577.978516	-73.735909
14583.361816	-75.065292
14588.745117	-77.390694
14594.128418	-79.219620
14599.511719	-79.350777
14604.895020	-76.633026
14610.278320	-76.343025
14615.661621	-77.402184
14621.044922	-76.489777
14626.428223	-73.660484
14631.811523	-73.655708
14637.194824	-75.380096
14642.578125	-73.626915
14647.961426	-73.951431
14653.344727	-77.985184
14658.728027	-76.112358
14664.111328	-74.118225
14669.494629	-74.719635
14674.877930	-73.248566
14680.261230	-71.130089
14685.644531	-71.424454
14691.027832	-73.520920
14696.411133	-72.821587
14701.794434	-72.606033
14707.177734	-75.258675
14712.561035	-77.783928
14717.944336	-77.191223
14723.327637	-79.227287
14728.710938	-83.701103
14734.094238	-83.673439
14739.477539	-83.539566
14744.860840	-81.298241
14750.244141	-78.740074
14755.627441	-79.195534
14761.010742	-84.762291
14766.394043	-82.213654
14771.777344	-79.232285
14777.160645	-80.694099
14782.543945	-77.573219
14787.927246	-74.594551
14793.310547	-76.866463
14798.693848	-78.306976
14804.077148	-73.108582
14809.460449	-72.332275
14814.843750	-73.856514
14820.227051	-71.317375
14825.610352	-70.042763
14830.993652	-72.936882
14836.376953	-78.117157
14841.760254	-76.350967
14847.143555	-79.185364
14852.526855	-84.453499
14857.910156	-74.819191
14863.293457	-75.054085
14868.676758	-79.962418
14874.060059	-76.424515
14879.443359	-75.823273
14884.826660	-81.810562
14890.209961	-80.271500
14895.593262	-76.420532
14900.976562	-78.198677
14906.359863	-85.214645
14911.743164	-85.288101
14917.126465	-81.444794
14922.509766	-76.796745
14927.893066	-74.461914
14933.276367	-75.480072
14938.659668	-74.895515
14944.042969	-73.362625
14949.426270	-74.072571
14954.809570	-76.303505
14960.192871	-77.284836
14965.576172	-77.668816
14970.959473	-77.933052
14976.342773	-77.974281
14981.726074	-79.043594
14987.109375	-79.097046
14992.492676	-77.789810
14997.875977	-76.735458
15003.259277	-79.288750
15008.642578	-81.920502
15014.025879	-78.213272
15019.409180	-79.040802
15024.792480	-78.046356
15030.175781	-72.982262
15035.559082	-72.695824
15040.942383	-75.534416
15046.325684	-72.817589
15051.708984	-71.785019
15057.092285	-74.955391
15062.475586	-74.216888
15067.858887	-72.068794
15073.242188	-74.498756
15078.625488	-77.389015
15084.008789	-75.756203
15089.392090	-78.993172
15094.775391	-78.899651
15100.158691	-75.564232
15105.541992	-75.736694
15110.925293	-76.479935
15116.308594	-77.329720
15121.691895	-79.411911
15127.075195	-79.932114
15132.458496	-78.800308
15137.841797	-76.346130
15143.225098	-76.104973
15148.608398	-77.997002
15153.991699	-78.335098
15159.375000	-76.024895
15164.758301	-77.842613
15170.141602	-77.080681
15175.524902	-73.712341
15180.908203	-75.373932
15186.291504	-80.623444
15191.674805	-76.636436
15197.058105	-77.959991
15202.441406	-79.813828
15207.824707	-72.236832
15213.208008	-72.112007
15218.591309	-78.278259
15223.974609	-75.098183
15229.357910	-73.618561
15234.741211	-79.778862
15240.124512	-78.562096
15245.507812	-76.309128
15250.891113	-82.329674
15256.274414	-75.401245
15261.657715	-74.131477
15267.041016	-77.980515
15272.424316	-70.998909
15277.807617	-68.256065
15283.190918	-70.343231
15288.574219	-71.496803
15293.957520	-68.223984
15299.340820	-69.463997
15304.724121	-75.016090
15310.107422	-70.816154
15315.490723	-70.464241
15320.874023	-74.774178
15326.257324	-72.509445
15331.640625	-70.750076
15337.023926	-74.091385
15342.407227	-75.187286
15347.790527	-71.190445
15353.173828	-72.169960
15358.557129	-75.027779
15363.940430	-73.989464
15369.323730	-73.224106
15374.707031	-75.263168
15380.090332	-79.835480
15385.473633	-82.789436
15390.856934	-78.625244
15396.240234	-77.278717
15401.623535	-79.123367
15407.006836	-82.092857
15412.390137	-77.039604
15417.773438	-76.640923
15423.156738	-79.974709
15428.540039	-76.699409
15433.923340	-75.351471
15439.306641	-79.102165
15444.689941	-77.760986
15450.073242	-74.154427
15455.456543	-74.392792
15460.839844	-74.433388
15466.223145	-73.087700
15471.606445	-72.334450
15476.989746	-74.219696
15482.373047	-77.515297
15487.756348	-77.978302
15493.139648	-76.871758
15498.522949	-80.593681
15503.906250	-81.354515
15509.289551	-80.334763
15514.672852	-79.229515
15520.056152	-80.017479
15525.439453	-81.533760
15530.822754	-80.107765
15536.206055	-78.849602
15541.589355	-81.183090
15546.972656	-82.114113
15552.355957	-82.722183
15557.739258	-82.009766
15563.122559	-79.482674
15568.505859	-80.091362
15573.889160	-80.196342
15579.272461	-80.222008
15584.655762	-79.691757
15590.039062	-83.004478
15595.422363	-81.744057
15600.805664	-79.760307
15606.188965	-81.189842
15611.572266	-83.147026
15616.955566	-79.267876
15622.338867	-77.061020
15627.722168	-77.643791
15633.105469	-81.412514
15638.488770	-79.819534
15643.872070	-77.020660
15649.255371	-79.897255
15654.638672	-83.245834
15660.021973	-77.957893
15665.405273	-77.777351
15670.788574	-80.639008
15676.171875	-76.266930
15681.555176	-74.629517
15686.938477	-76.832947
15692.321777	-79.450012
15697.705078	-76.637810
15703.088379	-76.712517
15708.471680	-77.571388
15713.854980	-74.362709
15719.238281	-72.839012
15724.621582	-73.938599
15730.004883	-75.595345
15735.388184	-74.574440
15740.771484	-76.258667
15746.154785	-79.798309
15751.538086	-76.657433
15756.921387	-76.289917
15762.304688	-77.843140
15767.687988	-77.243164
15773.071289	-77.670959
15778.454590	-81.183212
15783.837891	-79.958641
15789.221191	-78.540321
15794.604492	-79.431404
15799.987793	-78.366470
15805.371094	-80.050186
15810.754395	-83.306091
15816.137695	-81.421509
15821.520996	-79.687965
15826.904297	-76.380562
15832.287598	-74.162148
15837.670898	-73.750282
15843.054199	-73.920509
15848.437500	-73.011971
15853.820801	-73.699066
15859.204102	-74.837646
15864.587402	-73.074867
15869.970703	-74.036301
15875.354004	-76.570114
15880.737305	-77.061264
15886.120605	-79.798286
15891.503906	-86.619537
15896.887207	-83.262360
15902.270508	-82.080399
15907.653809	-85.963120
15913.037109	-83.740005
15918.420410	-85.525810
15923.803711	-87.600372
15929.187012	-85.541954
15934.570312	-84.802567
15939.953613	-84.691727
15945.336914	-83.194519
15950.720215	-85.240715
15956.103516	-84.747009
15961.486816	-80.125656
15966.870117	-79.747498
15972.253418	-79.433403
15977.636719	-78.194199
15983.020020	-79.158241
15988.403320	-82.856110
15993.786621	-86.555061
15999.169922	-82.894394
16004.553223	-84.112839
16009.936523	-84.736496
16015.319824	-80.636574
16020.703125	-79.494461
16026.086426	-79.546989
16031.469727	-80.513557
16036.853027	-78.647171
16042.236328	-76.333023
16047.619629	-78.913490
16053.002930	-84.140457
16058.386230	-80.006409
16063.769531	-81.607750
16069.152832	-83.293625
16074.536133	-77.143288
16079.919434	-77.411530
16085.302734	-80.963669
16090.686035	-75.798607
16096.069336	-73.999657
16101.452637	-76.027916
16106.835938	-72.985390
16112.219238	-71.285011
16117.602539	-73.799171
16122.985840	-74.782593
16128.369141	-73.485672
16133.752441	-75.848648
16139.135742	-77.902451
16144.519043	-73.619858
16149.902344	-73.497520
16155.285645	-74.199127
16160.668945	-71.614433
16166.052246	-71.187668
16171.435547	-71.748314
16176.818848	-70.547745
16182.202148	-69.446228
16187.585449	-69.767502
16192.968750	-70.655861
16198.352051	-70.066422
16203.735352	-69.948280
16209.118652	-71.098976
16214.501953	-71.177742
16219.885254	-69.706863
16225.268555	-70.189842
16230.651855	-72.788429
16236.035156	-71.822853
16241.418457	-71.743813
16246.801758	-77.082024
16252.185059	-77.001877
16257.568359	-74.106575
16262.951660	-76.510811
16268.334961	-82.622856
16273.718262	-79.047150
16279.101562	-77.793427
16284.484863	-78.221664
16289.868164	-79.658958
16295.251465	-85.023003
16300.634766	-80.586327
16306.018066	-79.554268
16311.401367	-83.489769
16316.784668	-79.138786
16322.167969	-77.477524
16327.551270	-85.296501
16332.934570	-79.298767
16338.317871	-75.290627
16343.701172	-79.062119
16349.084473	-82.910614
16354.467773	-76.369118
16359.851074	-76.655586
16365.234375	-80.603409
16370.617676	-76.554283
16376.000977	-73.975998
16381.384277	-75.789963
16386.767578	-77.996574
16392.150879	-75.691574
16397.534180	-76.447914
16402.917480	-81.471077
16408.300781	-81.451988
16413.684082	-81.018440
16419.067383	-84.893555
16424.450684	-85.128799
16429.833984	-79.832451
16435.217285	-80.427292
16440.600586	-82.528915
16445.983887	-79.125427
16451.367188	-78.926003
16456.750488	-81.541412
16462.133789	-77.570587
16467.517090	-76.265152
16472.900391	-77.858032
16478.283691	-80.424026
16483.666992	-77.047585
16489.050293	-75.507263
16494.433594	-78.156273
16499.816895	-81.170158
16505.200195	-77.979774
16510.583496	-77.492165
16515.966797	-80.384270
16521.350098	-82.558624
16526.733398	-79.263809
16532.116699	-77.981552
16537.500000	-83.228119
16542.883301	-82.162621
16548.266602	-80.010605
16553.649902	-87.305283
16559.033203	-80.123222
16564.416504	-75.060913
16569.799805	-75.788818
16575.183105	-76.448029
16580.566406	-72.670494
16585.949707	-71.835999
16591.333008	-74.071640
16596.716309	-73.899460
16602.099609	-72.682564
16607.482910	-73.518921
16612.866211	-73.937416
16618.249512	-74.196762
16623.632812	-74.376053
16629.016113	-75.788208
16634.399414	-79.644272
16639.782715	-80.295494
16645.166016	-78.888222
16650.549316	-78.875648
16655.932617	-77.207382
16661.315918	-74.198280
16666.699219	-75.091919
16672.082520	-77.766472
16677.465820	-75.733879
16682.849121	-76.752495
16688.232422	-81.324471
16693.615723	-81.062988
16698.999023	-79.906052
16704.382324	-82.526550
16709.765625	-92.441231
16715.148926	-90.229599
16720.532227	-83.018814
16725.915527	-80.504494
16731.298828	-80.297676
16736.682129	-83.616203
16742.065430	-82.553307
16747.448730	-80.792175
16752.832031	-83.563728
16758.215332	-84.781593
16763.598633	-81.778687
16768.981934	-84.544533
16774.365234	-82.345764
16779.748535	-82.602165
16785.131836	-82.721222
16790.515137	-80.104820
16795.898438	-79.798065
16801.281738	-79.471756
16806.665039	-79.498192
16812.048340	-78.534355
16817.431641	-78.965828
16822.814941	-76.661781
16828.198242	-75.890472
16833.581543	-75.392883
16838.964844	-74.283493
16844.348145	-75.075203
16849.731445	-76.294006
16855.114746	-76.808418
16860.498047	-76.669342
16865.881348	-77.406387
16871.264648	-76.262115
16876.647949	-74.720749
16882.031250	-76.051788
16887.414551	-77.141197
16892.797852	-76.445114
16898.181152	-77.175865
16903.564453	-78.109276
16908.947754	-76.966759
16914.331055	-74.651047
16919.714355	-73.892166
16925.097656	-74.224220
16930.480957	-72.600586
16935.864258	-71.972404
16941.247559	-73.103554
16946.630859	-73.371498
16952.014160	-73.672653
16957.397461	-74.396912
16962.780762	-75.073586
16968.164062	-74.485481
16973.547363	-73.608818
16978.930664	-73.949364
16984.313965	-73.550034
16989.697266	-73.265800
16995.080566	-72.855064
17000.463867	-72.853386
17005.847168	-72.725609
17011.230469	-71.948631
17016.613770	-72.894394
17021.997070	-74.215012
17027.380371	-74.857452
17032.763672	-76.996628
17038.146973	-79.555267
17043.530273	-79.329849
17048.913574	-78.018845
17054.296875	-78.434563
17059.680176	-77.287758
17065.063477	-76.536995
17070.446777	-77.826683
17075.830078	-77.632515
17081.213379	-77.544128
17086.596680	-79.065186
17091.979980	-81.444550
17097.363281	-82.826614
17102.746582	-84.002205
17108.129883	-86.019920
17113.513184	-82.113388
17118.896484	-80.916298
17124.279785	-80.765305
17129.663086	-80.506119
17135.046387	-80.353104
17140.429688	-80.736862
17145.812988	-81.103455
17151.196289	-82.046036
17156.579590	-80.983658
17161.962891	-80.683952
17167.346191	-80.323639
17172.729492	-79.060852
17178.112793	-78.345505
17183.496094	-78.807510
17188.879395	-80.817375
17194.262695	-81.612686
17199.645996	-84.710548
17205.029297	-89.659225
17210.412598	-84.773499
17215.795898	-84.469940
17221.179199	-83.207504
17226.562500	-82.236015
17231.945801	-83.158066
17237.329102	-86.456024
17242.712402	-89.423065
17248.095703	-89.308800
17253.479004	-88.273804
17258.862305	-86.087830
17264.245605	-88.056160
17269.628906	-84.396301
17275.012207	-79.574730
17280.395508	-78.586067
17285.778809	-79.671684
17291.162109	-76.174934
17296.545410	-75.401184
17301.928711	-80.288956
17307.312012	-83.392616
17312.695312	-81.154465
17318.078613	-89.209480
17323.461914	-82.570160
17328.845215	-78.929207
17334.228516	-83.416313
17339.611816	-80.173759
17344.995117	-76.215149
17350.378418	-79.097046
17355.761719	-81.570580
17361.145020	-76.928116
17366.528320	-78.533272
17371.911621	-85.666893
17377.294922	-82.518227
17382.678223	-83.159546
17388.061523	-82.475113
17393.444824	-77.334381
17398.828125	-77.781136
17404.211426	-80.012222
17409.594727	-76.996513
17414.978027	-75.197884
17420.361328	-76.888321
17425.744629	-79.999588
17431.127930	-76.900345
17436.511230	-76.595673
17441.894531	-80.731682
17447.277832	-84.333885
17452.661133	-82.284271
17458.044434	-83.869904
17463.427734	-82.309013
17468.811035	-79.528633
17474.194336	-80.491547
17479.577637	-83.890480
17484.960938	-78.737679
17490.344238	-75.816216
17495.727539	-76.556526
17501.110840	-79.314514
17506.494141	-77.324692
17511.877441	-75.245338
17517.260742	-76.492706
17522.644043	-77.534683
17528.027344	-74.673225
17533.410645	-74.496979
17538.793945	-76.819107
17544.177246	-79.233284
17549.560547	-80.242783
17554.943848	-81.365128
17560.327148	-83.073036
17565.710449	-83.091148
17571.093750	-84.110458
17576.477051	-84.764832
17581.860352	-83.336578
17587.243652	-83.791550
17592.626953	-82.825981
17598.010254	-79.139847
17603.393555	-80.526299
17608.776855	-82.840752
17614.160156	-78.695847
17619.543457	-79.849922
17624.926758	-83.702286
17630.310059	-78.282661
17635.693359	-77.379066
17641.076660	-79.841179
17646.459961	-78.042732
17651.843262	-76.700722
17657.226562	-79.832642
17662.609863	-82.370255
17667.993164	-81.550179
17673.376465	-85.264877
17678.759766	-84.118149
17684.143066	-83.214935
17689.526367	-84.724106
17694.909668	-85.038429
17700.292969	-85.714912
17705.676270	-87.863129
17711.059570	-89.121101
17716.442871	-88.630493
17721.826172	-90.490936
17727.209473	-87.737671
17732.592773	-90.577385
17737.976074	-84.396004
17743.359375	-80.691254
17748.742676	-82.987251
17754.125977	-84.680870
17759.509277	-80.482231
17764.892578	-79.962753
17770.275879	-83.228683
17775.659180	-80.686279
17781.042480	-77.466095
17786.425781	-79.771309
17791.809082	-83.660912
17797.192383	-79.412453
17802.575684	-80.767769
17807.958984	-89.911690
17813.342285	-84.302750
17818.725586	-80.353844
17824.108887	-82.443947
17829.492188	-78.835892
17834.875488	-75.369392
17840.258789	-76.634903
17845.642090	-78.968002
17851.025391	-78.624207
17856.408691	-78.640007
17861.791992	-80.576080
17867.175293	-85.443611
17872.558594	-82.662476
17877.941895	-80.114639
17883.325195	-81.203094
17888.708496	-80.443031
17894.091797	-78.238548
17899.475098	-78.924591
17904.858398	-78.941345
17910.241699	-79.754143
17915.625000	-82.941216
17921.008301	-85.632736
17926.391602	-85.953232
17931.774902	-83.699844
17937.158203	-80.586670
17942.541504	-77.794601
17947.924805	-77.853523
17953.308105	-79.600273
17958.691406	-79.138657
17964.074707	-79.602585
17969.458008	-82.920021
17974.841309	-84.305656
17980.224609	-82.827194
17985.607910	-82.765175
17990.991211	-87.200821
17996.374512	-86.074287
18001.757812	-83.002434
18007.141113	-84.366676
18012.524414	-85.934013
18017.907715	-89.605431
18023.291016	-84.616180
18028.674316	-84.398438
18034.057617	-90.215828
18039.440918	-84.229050
18044.824219	-81.804482
18050.207520	-86.162865
18055.590820	-83.950256
18060.974121	-80.788170
18066.357422	-81.620056
18071.740723	-82.463753
18077.124023	-80.274612
18082.507324	-78.710686
18087.890625	-80.596588
18093.273926	-82.181091
18098.657227	-81.004074
18104.040527	-81.499062
18109.423828	-84.296318
18114.807129	-82.501938
18120.190430	-79.408813
18125.573730	-78.401695
18130.957031	-79.172508
18136.340332	-77.311539
18141.723633	-75.966904
18147.106934	-77.664848
18152.490234	-79.262474
18157.873535	-79.321747
18163.256836	-79.507034
18168.640137	-79.674934
18174.023438	-78.298050
18179.406738	-76.589058
18184.790039	-77.005173
18190.173340	-79.082710
18195.556641	-80.513283
18200.939941	-82.626259
18206.323242	-86.368057
18211.706543	-83.064865
18217.089844	-79.660599
18222.473145	-80.825203
18227.856445	-82.333733
18233.239746	-81.628769
18238.623047	-86.019089
18244.006348	-92.289848
18249.389648	-86.771698
18254.772949	-86.648201
18260.156250	-85.212570
18265.539551	-82.910713
18270.922852	-87.159592
18276.306152	-84.450920
18281.689453	-79.965683
18287.072754	-79.748535
18292.456055	-77.928123
18297.839355	-76.263336
18303.222656	-76.631561
18308.605957	-79.712318
18313.989258	-81.400429
18319.372559	-81.085945
18324.755859	-87.124496
18330.139160	-83.678154
18335.522461	-81.712967
18340.905762	-83.834251
18346.289062	-81.187782
18351.672363	-79.512497
18357.055664	-80.468735
18362.438965	-80.995033
18367.822266	-78.473763
18373.205566	-78.661270
18378.588867	-82.534134
18383.972168	-81.791245
18389.355469	-80.412773
18394.738770	-85.026100
18400.122070	-86.524994
18405.505371	-84.420700
18410.888672	-85.666122
18416.271973	-86.024994
18421.655273	-84.561424
18427.038574	-85.321144
18432.421875	-83.397980
18437.805176	-79.928658
18443.188477	-80.821938
18448.571777	-81.660728
18453.955078	-79.035637
18459.338379	-79.590157
18464.721680	-84.574448
18470.104980	-82.664452
18475.488281	-81.224258
18480.871582	-82.559494
18486.254883	-78.239761
18491.638184	-76.461647
18497.021484	-79.499786
18502.404785	-80.102547
18507.788086	-78.975769
18513.171387	-82.974152
18518.554688	-82.244812
18523.937988	-78.261787
18529.321289	-80.143364
18534.704590	-83.407059
18540.087891	-81.120834
18545.471191	-82.850082
18550.854492	-83.472733
18556.237793	-81.687805
18561.621094	-83.264793
18567.004395	-83.250610
18572.387695	-79.859306
18577.770996	-83.539062
18583.154297	-82.939552
18588.537598	-78.689590
18593.920898	-80.782349
18599.304199	-79.269012
18604.687500	-76.064705
18610.070801	-76.900879
18615.454102	-82.820000
18620.837402	-78.099014
18626.220703	-77.476990
18631.604004	-83.673264
18636.987305	-77.485657
18642.370605	-75.868492
18647.753906	-81.511322
18653.137207	-81.577019
18658.520508	-78.026207
18663.903809	-81.742210
18669.287109	-84.829865
18674.670410	-78.571213
18680.053711	-79.433655
18685.437012	-87.558319
18690.820312	-83.786903
18696.203613	-80.407799
18701.586914	-81.394424
18706.970215	-86.231155
18712.353516	-81.709259
18717.736816	-78.417519
18723.120117	-79.897102
18728.503418	-79.776848
18733.886719	-76.715721
18739.270020	-77.674271
18744.653320	-79.513054
18750.036621	-78.122490
18755.419922	-78.981331
18760.803223	-79.830688
18766.186523	-78.532761
18771.569824	-79.778694
18776.953125	-81.676262
18782.336426	-80.936325
18787.719727	-84.760681
18793.103027	-79.864594
18798.486328	-77.406906
18803.869629	-79.658897
18809.252930	-77.428253
18814.636230	-76.233101
18820.019531	-80.434967
18825.402832	-78.970085
18830.786133	-75.401680
18836.169434	-77.490456
18841.552734	-77.376274
18846.936035	-74.237602
18852.319336	-77.196640
18857.702637	-83.814850
18863.085938	-77.574936
18868.469238	-80.187065
18873.852539	-81.765121
18879.235840	-75.747726
18884.619141	-77.276199
18890.002441	-84.102386
18895.385742	-76.520554
18900.769043	-77.126579
18906.152344	-79.709435
18911.535645	-74.199402
18916.918945	-74.099213
18922.302246	-77.296997
18927.685547	-74.737000
18933.068848	-73.099007
18938.452148	-74.213394
18943.835449	-72.329887
18949.218750	-70.370415
18954.602051	-71.018440
18959.985352	-71.975487
18965.368652	-71.984886
18970.751953	-72.735001
18976.135254	-74.690308
18981.518555	-76.095215
18986.901855	-74.983124
18992.285156	-75.774231
18997.668457	-78.373482
19003.051758	-77.337456
19008.435059	-76.849892
19013.818359	-80.175499
19019.201660	-79.461044
19024.584961	-76.371689
19029.968262	-78.389847
19035.351562	-84.434631
19040.734863	-81.785522
19046.118164	-79.136955
19051.501465	-77.739037
19056.884766	-79.801949
19062.268066	-84.001038
19067.651367	-76.807518
19073.034668	-75.710068
19078.417969	-82.371712
19083.801270	-80.066002
19089.184570	-76.350739
19094.567871	-79.773514
19099.951172	-89.463051
19105.334473	-83.791306
19110.717773	-83.422066
19116.101074	-79.479553
19121.484375	-79.848648
19126.867676	-87.671562
19132.250977	-79.128456
19137.634277	-78.633438
19143.017578	-82.838959
19148.400879	-76.559532
19153.784180	-74.446075
19159.167480	-76.427513
19164.550781	-74.953773
19169.934082	-72.743347
19175.317383	-73.992073
19180.700684	-73.351669
19186.083984	-71.123856
19191.467285	-71.336990
19196.850586	-71.990067
19202.233887	-71.360916
19207.617188	-72.112984
19213.000488	-74.912331
19218.383789	-75.155899
19223.767090	-75.431526
19229.150391	-77.987152
19234.533691	-76.540215
19239.916992	-77.145950
19245.300293	-80.732925
19250.683594	-80.295090
19256.066895	-80.959511
19261.450195	-83.299103
19266.833496	-80.196030
19272.216797	-79.662964
19277.600098	-83.446823
19282.983398	-85.883270
19288.366699	-86.780022
19293.750000	-86.809074
19299.133301	-79.718246
19304.516602	-79.079094
19309.899902	-79.515770
19315.283203	-77.625984
19320.666504	-77.378174
19326.049805	-79.758331
19331.433105	-79.331673
19336.816406	-77.138023
19342.199707	-78.055588
19347.583008	-79.553230
19352.966309	-78.363487
19358.349609	-78.419472
19363.732910	-82.393936
19369.116211	-82.471893
19374.499512	-79.413864
19379.882812	-81.104034
19385.266113	-82.444771
19390.649414	-79.005814
19396.032715	-79.353676
19401.416016	-82.747871
19406.799316	-84.981369
19412.182617	-83.881752
19417.565918	-81.549088
19422.949219	-82.363602
19428.332520	-86.690964
19433.715820	-82.684219
19439.099121	-80.353035
19444.482422	-81.584564
19449.865723	-82.026505
19455.249023	-80.617088
19460.632324	-80.374329
19466.015625	-83.215683
19471.398926	-84.221558
19476.782227	-81.529152
19482.165527	-81.666077
19487.548828	-81.384682
19492.932129	-78.773666
19498.315430	-77.705566
19503.698730	-79.040688
19509.082031	-78.890396
19514.465332	-77.171341
19519.848633	-77.996918
19525.231934	-78.974571
19530.615234	-77.799309
19535.998535	-77.392715
19541.381836	-77.430023
19546.765137	-78.368324
19552.148438	-78.920143
19557.531738	-78.585022
19562.915039	-81.677155
19568.298340	-86.968399
19573.681641	-85.782463
19579.064941	-85.248199
19584.448242	-84.392258
19589.831543	-80.209053
19595.214844	-79.141121
19600.598145	-81.705353
19605.981445	-80.571129
19611.364746	-78.731216
19616.748047	-80.257011
19622.131348	-78.886688
19627.514648	-76.876091
19632.897949	-78.347954
19638.281250	-82.488281
19643.664551	-83.064392
19649.047852	-86.767151
19654.431152	-83.476494
19659.814453	-77.244728
19665.197754	-76.981323
19670.581055	-76.652855
19675.964355	-74.480324
19681.347656	-74.615280
19686.730957	-76.050262
19692.114258	-74.433517
19697.497559	-72.982079
19702.880859	-73.780167
19708.264160	-73.387138
19713.647461	-72.540154
19719.030762	-73.692894
19724.414062	-74.602493
19729.797363	-73.653397
19735.180664	-73.174080
19740.563965	-74.097946
19745.947266	-73.414024
19751.330566	-72.461067
19756.713867	-74.309372
19762.097168	-76.595146
19767.480469	-76.131561
19772.863770	-78.229027
19778.247070	-83.826057
19783.630371	-79.955040
19789.013672	-81.465233
19794.396973	-85.246094
19799.780273	-78.909294
19805.163574	-80.351051
19810.546875	-85.032944
19815.930176	-80.867744
19821.313477	-82.702835
19826.696777	-91.083878
19832.080078	-81.160439
19837.463379	-80.471619
19842.846680	-83.648895
19848.229980	-79.887550
19853.613281	-79.329063
19858.996582	-83.108467
19864.379883	-82.644226
19869.763184	-80.538719
19875.146484	-83.390244
19880.529785	-84.310051
19885.913086	-82.487503
19891.296387	-86.026108
19896.679688	-86.595963
19902.062988	-81.168465
19907.446289	-80.937241
19912.829590	-80.031921
19918.212891	-77.430466
19923.596191	-77.486038
19928.979492	-80.626060
19934.362793	-82.594429
19939.746094	-82.846680
19945.129395	-87.322266
19950.512695	-92.530823
19955.895996	-87.604752
19961.279297	-88.887611
19966.662598	-87.741867
19972.045898	-86.459518
19977.429199	-85.239609
19982.812500	-87.888664
19988.195801	-88.369835
19993.579102	-85.044640
19998.962402	-84.960030
20004.345703	-81.938461
20009.729004	-78.727119
20015.112305	-77.728851
20020.495605	-78.783989
20025.878906	-78.350296
20031.262207	-77.737709
20036.645508	-80.937553
20042.028809	-83.866608
20047.412109	-79.968590
20052.795410	-81.738411
20058.178711	-81.224945
20063.562012	-77.126579
20068.945312	-77.713585
20074.328613	-80.590927
20079.711914	-78.290260
20085.095215	-77.386452
20090.478516	-81.364922
20095.861816	-82.378922
20101.245117	-78.745430
20106.628418	-80.884995
20112.011719	-86.803352
20117.395020	-81.932991
20122.778320	-80.747955
20128.161621	-84.663437
20133.544922	-86.143028
20138.928223	-84.740685
20144.311523	-85.177910
20149.694824	-82.099037
20155.078125	-83.801056
20160.461426	-89.588173
20165.844727	-85.670708
20171.228027	-83.320251
20176.611328	-83.557907
20181.994629	-86.726700
20187.377930	-88.820107
20192.761230	-89.344940
20198.144531	-86.450577
20203.527832	-83.545975
20208.911133	-84.824547
20214.294434	-90.430107
20219.677734	-87.176186
20225.061035	-85.020439
20230.444336	-87.613693
20235.827637	-86.480743
20241.210938	-82.474480
20246.594238	-82.185616
20251.977539	-87.266388
20257.360840	-86.017265
20262.744141	-85.005608
20268.127441	-85.619064
20273.510742	-80.067909
20278.894043	-78.345993
20284.277344	-81.167892
20289.660645	-81.713615
20295.043945	-78.347725
20300.427246	-80.153770
20305.810547	-84.166130
20311.193848	-80.621414
20316.577148	-82.820580
20321.960449	-82.089325
20327.343750	-76.579315
20332.727051	-77.798111
20338.110352	-82.399681
20343.493652	-75.682510
20348.876953	-74.500534
20354.260254	-79.129173
20359.643555	-75.400230
20365.026855	-72.867348
20370.410156	-76.812691
20375.793457	-79.772888
20381.176758	-75.956276
20386.560059	-79.622818
20391.943359	-82.942574
20397.326660	-76.639633
20402.709961	-77.078438
20408.093262	-80.369400
20413.476562	-76.622330
20418.859863	-76.191048
20424.243164	-80.703011
20429.626465	-81.946075
20435.009766	-80.658119
20440.393066	-82.221550
20445.776367	-84.521324
20451.159668	-84.581863
20456.542969	-80.903801
20461.926270	-80.612106
20467.309570	-81.547119
20472.692871	-79.088898
20478.076172	-79.124886
20483.459473	-81.130707
20488.842773	-79.283264
20494.226074	-80.850136
20499.609375	-84.522209
20504.992676	-80.903229
20510.375977	-80.537987
20515.759277	-80.386734
20521.142578	-75.987373
20526.525879	-75.386513
20531.909180	-77.949554
20537.292480	-75.857216
20542.675781	-75.369110
20548.059082	-80.198425
20553.442383	-80.012794
20558.825684	-77.716507
20564.208984	-82.589783
20569.592285	-82.021019
20574.975586	-78.230164
20580.358887	-82.856995
20585.742188	-79.209053
20591.125488	-75.479301
20596.508789	-76.594749
20601.892090	-75.867455
20607.275391	-73.161026
20612.658691	-73.425972
20618.041992	-76.275978
20623.425293	-75.817253
20628.808594	-75.739594
20634.191895	-79.880402
20639.575195	-80.147171
20644.958496	-78.442543
20650.341797	-80.525887
20655.725098	-82.937424
20661.108398	-82.593979
20666.491699	-82.922569
20671.875000	-83.171249
20677.258301	-85.474998
20682.641602	-83.733620
20688.024902	-80.875572
20693.408203	-80.441277
20698.791504	-78.771973
20704.174805	-77.006180
20709.558105	-75.240227
20714.941406	-74.172356
20720.324707	-73.741104
20725.708008	-73.580025
20731.091309	-73.130173
20736.474609	-72.952705
20741.857910	-74.100342
20747.241211	-73.338707
20752.624512	-72.588196
20758.007812	-74.046974
20763.391113	-74.082054
20768.774414	-73.062820
20774.157715	-74.356606
20779.541016	-76.786156
20784.924316	-76.501755
20790.307617	-76.725662
20795.690918	-80.719406
20801.074219	-81.912300
20806.457520	-79.544167
20811.840820	-81.530251
20817.224121	-85.035683
20822.607422	-83.926926
20827.990723	-81.066727
20833.374023	-81.545502
20838.757324	-84.979454
20844.140625	-82.229065
20849.523926	-79.280151
20854.907227	-80.362427
20860.290527	-83.786392
20865.673828	-81.016350
20871.057129	-78.996376
20876.440430	-81.805130
20881.823730	-83.512802
20887.207031	-78.909241
20892.590332	-79.362778
20897.973633	-85.910332
20903.356934	-83.894341
20908.740234	-81.591705
20914.123535	-84.916634
20919.506836	-91.071030
20924.890137	-86.896851
20930.273438	-85.168091
20935.656738	-87.315109
20941.040039	-88.322861
20946.423340	-82.338875
20951.806641	-80.829880
20957.189941	-84.148422
20962.573242	-83.267166
20967.956543	-79.573853
20973.339844	-79.461746
20978.723145	-82.491760
20984.106445	-82.068329
20989.489746	-79.291534
20994.873047	-80.764297
21000.256348	-82.412918
21005.639648	-78.874535
21011.022949	-77.556549
21016.406250	-79.273003
21021.789551	-79.025116
21027.172852	-76.862259
21032.556152	-78.293007
21037.939453	-79.917534
21043.322754	-77.750671
21048.706055	-77.657013
21054.089355	-78.292931
21059.472656	-78.143646
21064.855957	-77.510521
21070.239258	-77.019455
21075.622559	-79.043694
21081.005859	-80.288063
21086.389160	-79.038071
21091.772461	-80.380180
21097.155762	-83.408852
21102.539062	-82.499290
21107.922363	-80.017349
21113.305664	-81.325287
21118.688965	-83.483620
21124.072266	-78.906754
21129.455566	-78.969597
21134.838867	-82.511497
21140.222168	-79.914909
21145.605469	-77.856689
21150.988770	-79.889282
21156.372070	-82.586044
21161.755371	-78.173531
21167.138672	-78.597336
21172.521973	-86.720963
21177.905273	-82.218353
21183.288574	-81.337410
21188.671875	-89.970734
21194.055176	-86.141083
21199.438477	-85.793167
21204.821777	-86.889389
21210.205078	-78.284698
21215.588379	-77.527580
21220.971680	-81.603310
21226.354980	-77.205025
21231.738281	-75.576263
21237.121582	-78.944229
21242.504883	-78.647560
21247.888184	-75.772659
21253.271484	-77.735924
21258.654785	-80.204964
21264.038086	-76.338760
21269.421387	-77.673981
21274.804688	-81.840172
21280.187988	-77.840347
21285.571289	-78.749603
21290.954590	-82.554916
21296.337891	-79.323303
21301.721191	-79.157349
21307.104492	-83.732262
21312.487793	-83.777382
21317.871094	-82.725937
21323.254395	-86.696144
21328.637695	-86.511787
21334.020996	-90.734886
21339.404297	-82.170601
21344.787598	-80.275307
21350.170898	-84.662140
21355.554199	-80.334251
21360.937500	-76.955734
21366.320801	-79.888908
21371.704102	-78.500290
21377.087402	-74.801895
21382.470703	-77.517197
21387.854004	-79.610687
21393.237305	-75.125893
21398.620605	-76.474884
21404.003906	-81.481422
21409.387207	-76.778061
21414.770508	-75.923782
21420.153809	-81.665062
21425.537109	-82.457703
21430.920410	-78.474518
21436.303711	-82.794418
21441.687012	-86.961533
21447.070312	-82.994507
21452.453613	-87.121864
21457.836914	-87.675293
21463.220215	-82.941002
21468.603516	-85.281677
21473.986816	-88.947617
21479.370117	-85.158905
21484.753418	-85.020012
21490.136719	-86.603874
21495.520020	-91.764305
21500.903320	-91.776054
21506.286621	-86.117844
21511.669922	-88.212379
21517.053223	-91.101997
21522.436523	-86.362984
21527.819824	-91.102303
21533.203125	-87.398483
21538.586426	-81.635880
21543.969727	-80.771576
21549.353027	-80.989105
21554.736328	-78.859398
21560.119629	-76.659836
21565.502930	-76.869171
21570.886230	-76.930649
21576.269531	-75.510826
21581.652832	-75.162437
21587.036133	-76.286194
21592.419434	-78.245415
21597.802734	-77.170029
21603.186035	-77.434746
21608.569336	-80.677658
21613.952637	-78.362144
21619.335938	-77.162308
21624.719238	-79.886398
21630.102539	-80.958664
21635.485840	-78.536194
21640.869141	-80.401917
21646.252441	-87.134064
21651.635742	-83.627243
21657.019043	-82.569542
21662.402344	-85.972511
21667.785645	-89.770203
21673.168945	-87.650208
21678.552246	-82.773109
21683.935547	-81.053841
21689.318848	-83.626083
21694.702148	-82.306824
21700.085449	-79.692200
21705.468750	-81.345695
21710.852051	-82.167007
21716.235352	-80.583138
21721.618652	-79.604698
21727.001953	-80.169952
21732.385254	-80.282745
21737.768555	-78.241768
21743.151855	-77.993950
21748.535156	-78.929047
21753.918457	-78.234833
21759.301758	-77.272560
21764.685059	-76.601746
21770.068359	-77.092041
21775.451660	-77.230988
21780.834961	-76.252785
21786.218262	-76.698395
21791.601562	-78.531555
21796.984863	-78.670357
21802.368164	-77.367584
21807.751465	-78.943924
21813.134766	-80.226479
21818.518066	-77.184097
21823.901367	-78.137894
21829.284668	-81.219818
21834.667969	-78.481453
21840.051270	-77.847687
21845.434570	-80.872459
21850.817871	-80.317192
21856.201172	-78.264427
21861.584473	-82.297722
21866.967773	-85.759781
21872.351074	-82.907104
21877.734375	-87.285164
21883.117676	-81.574753
21888.500977	-78.642876
21893.884277	-79.847404
21899.267578	-80.552437
21904.650879	-77.826042
21910.034180	-78.946808
21915.417480	-83.417747
21920.800781	-80.341026
21926.184082	-81.120667
21931.567383	-86.121750
21936.950684	-83.703140
21942.333984	-83.638802
21947.717285	-86.061546
21953.100586	-82.181068
21958.483887	-79.901611
21963.867188	-81.361984
21969.250488	-80.020027
21974.633789	-78.714584
21980.017090	-80.921120
21985.400391	-81.522560
21990.783691	-80.929237
21996.166992	-81.319992
22001.550293	-80.994186
22006.933594	-81.696526
22012.316895	-80.730431
22017.700195	-79.805084
22023.083496	-81.774628
22028.466797	-81.483147
22033.850098	-82.033371
22039.233398	-86.059280
22044.616699	-87.941566
