Frequency (Hz)	Level (dB)
5.383301	-24.520729
10.766602	-21.957228
16.149902	-21.508543
21.533203	-21.545467
26.916504	-21.581190
32.299805	-21.381107
37.683105	-21.377878
43.066406	-21.776918
48.449707	-22.507301
53.833008	-23.092789
59.216309	-24.535223
64.599609	-26.057684
69.982910	-26.316488
75.366211	-25.314154
80.749512	-24.886246
86.132812	-25.997580
91.516113	-28.620182
96.899414	-33.180603
102.282715	-40.395973
107.666016	-46.748985
113.049316	-44.910297
118.432617	-38.758720
123.815918	-34.940552
129.199219	-33.115139
134.582520	-31.900043
139.965820	-31.023436
145.349121	-30.751953
150.732422	-30.748718
156.115723	-30.118969
161.499023	-28.677212
166.882324	-27.243195
172.265625	-27.261259
177.648926	-28.304096
183.032227	-28.702652
188.415527	-28.173672
193.798828	-28.359303
199.182129	-30.648548
204.565430	-36.315102
209.948730	-44.748920
215.332031	-40.970634
220.715332	-37.693188
226.098633	-34.888073
231.481934	-32.068405
236.865234	-30.952885
242.248535	-31.580698
247.631836	-32.852745
253.015137	-35.299351
258.398438	-40.142647
263.781738	-48.419765
269.165039	-47.851574
274.548340	-43.972221
279.931641	-40.330341
285.314941	-36.067280
290.698242	-35.572083
296.081543	-34.227928
301.464844	-32.618225
306.848145	-32.399075
312.231445	-34.253223
317.614746	-36.580788
322.998047	-36.196033
328.381348	-33.726009
333.764648	-30.456533
339.147949	-27.944441
344.531250	-26.442310
349.914551	-25.617912
355.297852	-23.973791
360.681152	-19.579508
366.064453	-12.209392
371.447754	-7.490973
376.831055	-11.283502
382.214355	-24.307520
387.597656	-31.917591
392.980957	-35.024216
398.364258	-36.130936
403.747559	-36.075832
409.130859	-37.868431
414.514160	-36.682552
419.897461	-34.882729
425.280762	-31.995371
430.664062	-30.364025
436.047363	-31.196363
441.430664	-30.171534
446.813965	-29.795799
452.197266	-30.840469
457.580566	-31.550018
462.963867	-33.751522
468.347168	-36.893665
473.730469	-39.700291
479.113770	-37.080498
484.497070	-33.914444
489.880371	-34.618793
495.263672	-37.010944
500.646973	-38.181244
506.030273	-39.565628
511.413574	-38.661339
516.796875	-35.653965
522.180176	-32.559113
527.563477	-28.155069
532.946777	-23.494555
538.330078	-18.953495
543.713379	-18.274183
549.096680	-26.516102
554.479980	-38.931091
559.863281	-37.010052
565.246582	-37.444107
570.629883	-39.232540
576.013184	-43.406830
581.396484	-37.906921
586.779785	-35.861954
592.163086	-32.406574
597.546387	-30.094217
602.929688	-29.856144
608.312988	-30.947048
613.696289	-32.679600
619.079590	-35.475780
624.462891	-40.542484
629.846191	-37.403713
635.229492	-34.560139
640.612793	-33.931728
645.996094	-36.149601
651.379395	-40.408035
656.762695	-41.732388
662.145996	-36.407982
667.529297	-34.314327
672.912598	-33.155300
678.295898	-35.601639
683.679199	-37.720840
689.062500	-36.865997
694.445801	-39.616604
699.829102	-37.877319
705.212402	-33.410480
710.595703	-31.133881
715.979004	-29.546488
721.362305	-29.805258
726.745605	-30.973854
732.128906	-28.274252
737.512207	-23.033539
742.895508	-19.609438
748.278809	-22.419212
753.662109	-34.702850
759.045410	-28.933037
764.428711	-27.714415
769.812012	-25.580704
775.195312	-26.455673
780.578613	-27.120878
785.961914	-26.496641
791.345215	-23.977394
796.728516	-21.497971
802.111816	-21.267477
807.495117	-25.737976
812.878418	-33.354481
818.261719	-35.525269
823.645020	-38.230465
829.028320	-38.966454
834.411621	-33.034435
839.794922	-29.697887
845.178223	-28.169367
850.561523	-30.459330
855.944824	-29.657982
861.328125	-28.783859
866.711426	-32.271126
872.094727	-29.317818
877.478027	-27.791214
882.861328	-29.065655
888.244629	-34.919872
893.627930	-33.259747
899.011230	-32.506935
904.394531	-31.376503
909.777832	-31.401033
915.161133	-33.230770
920.544434	-39.568542
925.927734	-37.911751
931.311035	-29.978804
936.694336	-29.190979
942.077637	-35.515480
947.460938	-34.035782
952.844238	-27.752506
958.227539	-27.077568
963.610840	-25.967899
968.994141	-27.320845
974.377441	-32.953251
979.760742	-39.689030
985.144043	-35.606022
990.527344	-38.492062
995.910645	-36.602959
1001.293945	-38.116417
1006.677246	-37.410538
1012.060547	-38.274872
1017.443848	-36.526379
1022.827148	-32.988419
1028.210449	-33.136333
1033.593750	-32.147900
1038.977051	-30.207413
1044.360352	-28.195023
1049.743652	-27.472191
1055.126953	-28.972486
1060.510254	-32.428211
1065.893555	-37.935673
1071.276855	-34.241390
1076.660156	-31.723942
1082.043457	-31.607103
1087.426758	-31.764174
1092.810059	-31.318310
1098.193359	-30.417784
1103.576660	-29.945843
1108.959961	-31.276052
1114.343262	-36.459789
1119.726562	-43.340870
1125.109863	-47.033306
1130.493164	-51.967094
1135.876465	-49.903767
1141.259766	-43.885910
1146.643066	-38.794395
1152.026367	-36.266659
1157.409668	-35.625755
1162.792969	-35.399776
1168.176270	-37.899536
1173.559570	-43.732117
1178.942871	-48.934818
1184.326172	-47.383049
1189.709473	-48.620998
1195.092773	-47.508213
1200.476074	-43.894863
1205.859375	-42.225960
1211.242676	-39.559387
1216.625977	-35.674850
1222.009277	-33.103050
1227.392578	-33.389526
1232.775879	-34.768791
1238.159180	-37.475964
1243.542480	-40.575645
1248.925781	-42.152275
1254.309082	-42.792294
1259.692383	-42.180332
1265.075684	-43.980152
1270.458984	-51.508099
1275.842285	-39.899879
1281.225586	-35.891949
1286.608887	-36.385544
1291.992188	-40.895458
1297.375488	-47.596092
1302.758789	-42.931438
1308.142090	-39.574657
1313.525391	-36.181885
1318.908691	-34.839355
1324.291992	-34.952991
1329.675293	-35.282501
1335.058594	-37.290344
1340.441895	-45.487747
1345.825195	-44.478081
1351.208496	-45.214954
1356.591797	-42.797279
1361.975098	-44.051765
1367.358398	-44.964725
1372.741699	-41.087421
1378.125000	-42.231190
1383.508301	-49.672825
1388.891602	-60.370728
1394.274902	-53.420456
1399.658203	-46.681114
1405.041504	-44.597828
1410.424805	-45.909027
1415.808105	-45.072094
1421.191406	-46.803566
1426.574707	-52.897518
1431.958008	-52.664917
1437.341309	-52.792610
1442.724609	-50.252419
1448.107910	-43.845181
1453.491211	-41.857368
1458.874512	-41.011280
1464.257812	-40.730621
1469.641113	-40.651184
1475.024414	-42.763000
1480.407715	-48.310547
1485.791016	-42.942402
1491.174316	-40.669170
1496.557617	-44.635933
1501.940918	-48.993595
1507.324219	-43.074848
1512.707520	-41.395737
1518.090820	-44.343899
1523.474121	-47.443470
1528.857422	-42.480717
1534.240723	-38.467964
1539.624023	-35.660236
1545.007324	-34.431389
1550.390625	-35.921265
1555.773926	-40.865459
1561.157227	-49.249660
1566.540527	-47.993626
1571.923828	-45.722363
1577.307129	-45.280113
1582.690430	-42.200321
1588.073730	-39.813789
1593.457031	-35.622280
1598.840332	-33.052856
1604.223633	-33.325127
1609.606934	-35.897617
1614.990234	-38.486481
1620.373535	-39.358131
1625.756836	-43.420063
1631.140137	-48.223045
1636.523438	-41.345169
1641.906738	-40.420967
1647.290039	-39.828224
1652.673340	-41.483330
1658.056641	-43.838730
1663.439941	-43.890400
1668.823242	-46.060036
1674.206543	-39.488293
1679.589844	-37.094479
1684.973145	-35.897175
1690.356445	-35.916107
1695.739746	-36.613308
1701.123047	-37.447918
1706.506348	-41.902798
1711.889648	-48.004879
1717.272949	-49.769600
1722.656250	-49.688984
1728.039551	-43.328415
1733.422852	-39.578140
1738.806152	-38.277935
1744.189453	-37.711002
1749.572754	-37.683598
1754.956055	-39.714470
1760.339355	-42.687023
1765.722656	-43.817078
1771.105957	-42.454235
1776.489258	-44.677010
1781.872559	-46.814842
1787.255859	-39.932899
1792.639160	-37.941521
1798.022461	-36.146946
1803.405762	-35.363274
1808.789062	-35.902061
1814.172363	-37.856087
1819.555664	-41.032120
1824.938965	-43.032387
1830.322266	-41.048622
1835.705566	-39.377602
1841.088867	-38.243366
1846.472168	-36.492672
1851.855469	-36.405621
1857.238770	-37.278469
1862.622070	-39.671177
1868.005371	-43.948555
1873.388672	-45.162575
1878.771973	-47.644066
1884.155273	-51.680759
1889.538574	-44.611271
1894.921875	-39.544113
1900.305176	-38.204872
1905.688477	-37.809818
1911.071777	-37.560822
1916.455078	-38.744511
1921.838379	-42.218582
1927.221680	-43.520065
1932.604980	-41.627747
1937.988281	-40.323242
1943.371582	-39.850613
1948.754883	-39.985794
1954.138184	-41.016472
1959.521484	-42.727409
1964.904785	-44.706982
1970.288086	-44.595264
1975.671387	-44.027191
1981.054688	-43.979923
1986.437988	-45.600651
1991.821289	-45.049564
1997.204590	-43.235477
2002.587891	-42.313793
2007.971191	-42.389164
2013.354492	-42.394684
2018.737793	-45.680576
2024.121094	-47.491039
2029.504395	-42.405239
2034.887695	-40.354420
2040.270996	-41.931618
2045.654297	-47.214005
2051.037598	-55.614578
2056.420898	-52.254917
2061.804199	-49.666683
2067.187500	-48.877743
2072.570801	-45.502457
2077.954102	-43.291756
2083.337402	-43.508541
2088.720703	-44.290920
2094.104004	-43.242847
2099.487305	-44.103161
2104.870605	-45.850994
2110.253906	-44.725685
2115.637207	-40.489513
2121.020508	-39.945034
2126.403809	-39.765648
2131.787109	-37.908485
2137.170410	-37.255558
2142.553711	-39.675354
2147.937012	-44.025120
2153.320312	-41.392406
2158.703613	-41.397934
2164.086914	-41.634605
2169.470215	-42.921642
2174.853516	-42.788826
2180.236816	-44.249969
2185.620117	-48.813114
2191.003418	-50.752834
2196.386719	-43.784035
2201.770020	-37.091160
2207.153320	-37.855465
2212.536621	-44.207516
2217.919922	-55.743855
2223.303223	-52.162346
2228.686523	-49.661537
2234.069824	-45.119659
2239.453125	-43.279011
2244.836426	-45.456741
2250.219727	-48.945946
2255.603027	-46.240246
2260.986328	-43.991138
2266.369629	-44.418610
2271.752930	-43.651287
2277.136230	-42.740158
2282.519531	-43.891182
2287.902832	-45.192940
2293.286133	-44.386196
2298.669434	-41.955677
2304.052734	-41.451927
2309.436035	-42.309120
2314.819336	-41.468380
2320.202637	-40.830078
2325.585938	-40.169731
2330.969238	-40.711517
2336.352539	-42.313343
2341.735840	-42.150742
2347.119141	-43.673935
2352.502441	-46.836952
2357.885742	-48.071712
2363.269043	-48.707779
2368.652344	-49.766285
2374.035645	-54.772865
2379.418945	-53.172043
2384.802246	-47.069313
2390.185547	-45.116753
2395.568848	-45.589954
2400.952148	-40.074928
2406.335449	-35.678295
2411.718750	-35.698555
2417.102051	-41.645435
2422.485352	-45.017841
2427.868652	-39.026749
2433.251953	-36.252659
2438.635254	-34.993973
2444.018555	-33.016029
2449.401855	-31.247377
2454.785156	-30.608418
2460.168457	-31.596031
2465.551758	-35.992485
2470.935059	-41.685917
2476.318359	-41.126965
2481.701660	-42.816673
2487.084961	-43.726433
2492.468262	-41.499966
2497.851562	-40.529289
2503.234863	-40.346569
2508.618164	-38.014553
2514.001465	-37.637486
2519.384766	-40.432892
2524.768066	-49.211315
2530.151367	-43.036400
2535.534668	-45.563026
2540.917969	-45.887009
2546.301270	-40.024227
2551.684570	-37.809494
2557.067871	-37.068104
2562.451172	-35.848862
2567.834473	-33.458138
2573.217773	-31.571033
2578.601074	-32.091118
2583.984375	-35.589233
2589.367676	-37.348087
2594.750977	-36.312408
2600.134277	-36.292271
2605.517578	-37.689125
2610.900879	-40.637249
2616.284180	-45.818581
2621.667480	-49.349148
2627.050781	-48.923428
2632.434082	-51.250301
2637.817383	-45.821262
2643.200684	-44.441101
2648.583984	-46.757862
2653.967285	-47.973930
2659.350586	-48.327732
2664.733887	-51.339352
2670.117188	-50.912510
2675.500488	-43.850613
2680.883789	-40.057209
2686.267090	-38.806381
2691.650391	-40.549824
2697.033691	-43.820507
2702.416992	-44.483109
2707.800293	-42.827747
2713.183594	-41.503338
2718.566895	-40.252975
2723.950195	-41.286438
2729.333496	-42.862808
2734.716797	-44.578171
2740.100098	-48.874165
2745.483398	-51.116741
2750.866699	-44.122318
2756.250000	-38.657898
2761.633301	-37.078384
2767.016602	-35.883923
2772.399902	-34.243843
2777.783203	-34.024551
2783.166504	-34.191723
2788.549805	-32.211506
2793.933105	-32.165955
2799.316406	-34.571598
2804.699707	-37.123547
2810.083008	-39.955647
2815.466309	-39.463196
2820.849609	-43.956375
2826.232910	-42.094749
2831.616211	-37.696121
2836.999512	-38.077675
2842.382812	-38.939503
2847.766113	-40.186111
2853.149414	-42.376228
2858.532715	-40.403866
2863.916016	-39.367825
2869.299316	-39.685360
2874.682617	-39.580700
2880.065918	-40.345444
2885.449219	-37.395252
2890.832520	-35.245811
2896.215820	-35.484322
2901.599121	-34.602505
2906.982422	-36.179630
2912.365723	-37.737686
2917.749023	-38.017395
2923.132324	-37.927677
2928.515625	-38.378170
2933.898926	-43.694786
2939.282227	-51.467827
2944.665527	-45.274109
2950.048828	-39.535099
2955.432129	-36.412567
2960.815430	-36.031086
2966.198730	-38.012085
2971.582031	-44.691875
2976.965332	-49.910591
2982.348633	-55.794121
2987.731934	-55.323444
2993.115234	-54.474957
2998.498535	-45.551746
3003.881836	-41.091286
3009.265137	-39.379818
3014.648438	-41.186314
3020.031738	-45.414528
3025.415039	-47.483566
3030.798340	-47.295643
3036.181641	-49.388260
3041.564941	-48.698406
3046.948242	-46.871845
3052.331543	-44.983658
3057.714844	-46.616650
3063.098145	-54.372585
3068.481445	-56.041225
3073.864746	-49.750740
3079.248047	-47.202194
3084.631348	-46.387302
3090.014648	-48.421886
3095.397949	-50.865730
3100.781250	-49.721180
3106.164551	-51.796345
3111.547852	-49.300179
3116.931152	-49.289986
3122.314453	-44.612110
3127.697754	-40.928677
3133.081055	-39.907497
3138.464355	-40.296097
3143.847656	-41.783043
3149.230957	-42.214096
3154.614258	-39.092754
3159.997559	-41.017288
3165.380859	-47.239761
3170.764160	-48.725655
3176.147461	-53.010052
3181.530762	-47.690495
3186.914062	-43.172234
3192.297363	-42.652958
3197.680664	-45.540562
3203.063965	-44.881931
3208.447266	-47.916737
3213.830566	-48.295918
3219.213867	-54.358406
3224.597168	-51.702415
3229.980469	-52.559372
3235.363770	-45.722946
3240.747070	-45.345688
3246.130371	-45.262989
3251.513672	-46.637775
3256.896973	-46.410259
3262.280273	-44.218750
3267.663574	-43.429916
3273.046875	-44.930664
3278.430176	-49.352749
3283.813477	-53.092674
3289.196777	-49.528324
3294.580078	-46.404545
3299.963379	-44.007977
3305.346680	-40.355808
3310.729980	-41.061981
3316.113281	-49.275047
3321.496582	-48.930813
3326.879883	-48.607594
3332.263184	-51.752930
3337.646484	-54.160606
3343.029785	-48.647373
3348.413086	-44.647064
3353.796387	-43.410290
3359.179688	-42.735054
3364.562988	-42.245937
3369.946289	-42.411671
3375.329590	-42.019630
3380.712891	-42.556015
3386.096191	-43.505535
3391.479492	-43.850380
3396.862793	-44.049000
3402.246094	-47.932510
3407.629395	-51.255482
3413.012695	-46.669884
3418.395996	-43.758007
3423.779297	-43.302662
3429.162598	-49.805447
3434.545898	-47.155598
3439.929199	-44.167915
3445.312500	-47.042492
3450.695801	-48.769176
3456.079102	-49.822033
3461.462402	-50.076946
3466.845703	-48.864365
3472.229004	-50.336281
3477.612305	-54.897858
3482.995605	-52.758797
3488.378906	-48.748615
3493.762207	-49.385796
3499.145508	-47.481518
3504.528809	-42.701492
3509.912109	-41.289097
3515.295410	-42.370838
3520.678711	-46.705719
3526.062012	-44.696537
3531.445312	-45.039356
3536.828613	-47.180840
3542.211914	-48.100147
3547.595215	-47.144012
3552.978516	-44.337196
3558.361816	-42.335384
3563.745117	-40.099541
3569.128418	-38.703522
3574.511719	-38.778141
3579.895020	-39.346405
3585.278320	-39.364399
3590.661621	-40.060257
3596.044922	-42.232113
3601.428223	-44.926502
3606.811523	-43.008343
3612.194824	-39.925388
3617.578125	-38.536625
3622.961426	-40.036156
3628.344727	-44.758198
3633.728027	-49.313324
3639.111328	-54.644722
3644.494629	-50.229286
3649.877930	-50.249592
3655.261230	-55.707375
3660.644531	-56.692898
3666.027832	-54.400726
3671.411133	-50.378822
3676.794434	-46.285835
3682.177734	-44.663746
3687.561035	-48.151981
3692.944336	-44.871384
3698.327637	-40.821724
3703.710938	-39.841724
3709.094238	-40.670128
3714.477539	-40.842873
3719.860840	-42.380581
3725.244141	-47.154236
3730.627441	-48.636852
3736.010742	-45.333183
3741.394043	-43.043659
3746.777344	-41.893051
3752.160645	-40.026993
3757.543945	-40.223373
3762.927246	-45.824062
3768.310547	-51.164646
3773.693848	-54.459881
3779.077148	-46.583866
3784.460449	-41.456593
3789.843750	-40.859238
3795.227051	-39.985596
3800.610352	-40.161957
3805.993652	-42.860806
3811.376953	-45.697357
3816.760254	-50.727436
3822.143555	-58.037247
3827.526855	-55.301960
3832.910156	-50.765018
3838.293457	-47.403004
3843.676758	-47.357906
3849.060059	-49.752323
3854.443359	-46.898056
3859.826660	-43.631134
3865.209961	-41.466091
3870.593262	-41.644783
3875.976562	-43.398479
3881.359863	-46.573513
3886.743164	-50.353966
3892.126465	-54.063416
3897.509766	-55.427876
3902.893066	-52.769680
3908.276367	-55.185787
3913.659668	-63.818439
3919.042969	-53.898403
3924.426270	-46.819412
3929.809570	-43.395699
3935.192871	-42.645157
3940.576172	-44.592911
3945.959473	-50.697906
3951.342773	-45.690811
3956.726074	-41.341713
3962.109375	-40.415501
3967.492676	-39.858402
3972.875977	-39.463188
3978.259277	-40.082577
3983.642578	-41.328140
3989.025879	-43.681736
3994.409180	-46.175106
3999.792480	-46.392464
4005.175781	-45.628967
4010.559082	-45.595257
4015.942383	-45.426441
4021.325684	-46.193085
4026.708984	-49.619957
4032.092285	-54.551838
4037.475586	-50.458492
4042.858887	-50.654587
4048.242188	-51.625004
4053.625488	-48.984768
4059.008789	-44.202541
4064.392090	-42.425640
4069.775391	-47.307297
4075.158691	-57.940029
4080.541992	-51.762722
4085.925293	-49.655048
4091.308594	-48.522713
4096.691895	-44.936043
4102.075195	-39.643085
4107.458496	-36.779949
4112.841797	-36.530674
4118.225098	-37.648987
4123.608398	-38.134956
4128.991699	-38.791958
4134.375000	-41.088356
4139.758301	-42.141392
4145.141602	-42.853298
4150.524902	-41.632511
4155.908203	-38.431145
4161.291504	-38.113102
4166.674805	-37.959160
4172.058105	-38.114742
4177.441406	-39.955971
4182.824707	-42.745415
4188.208008	-45.913166
4193.591309	-46.582008
4198.974609	-43.444424
4204.357910	-40.534927
4209.741211	-39.155655
4215.124512	-39.649559
4220.507812	-40.863338
4225.891113	-42.444332
4231.274414	-44.023125
4236.657715	-45.752796
4242.041016	-46.411053
4247.424316	-46.523232
4252.807617	-46.525265
4258.190918	-50.690109
4263.574219	-45.632565
4268.957520	-41.692966
4274.340820	-41.883011
4279.724121	-43.151333
4285.107422	-42.412971
4290.490723	-42.985493
4295.874023	-44.452255
4301.257324	-41.721870
4306.640625	-41.448853
4312.023926	-46.799984
4317.407227	-48.773849
4322.790527	-45.795418
4328.173828	-50.201481
4333.557129	-48.565201
4338.940430	-45.843864
4344.323730	-44.201458
4349.707031	-43.531685
4355.090332	-44.885376
4360.473633	-50.438595
4365.856934	-53.706039
4371.240234	-53.975452
4376.623535	-49.785252
4382.006836	-46.929874
4387.390137	-45.976788
4392.773438	-44.675159
4398.156738	-43.464615
4403.540039	-46.008133
4408.923340	-49.419216
4414.306641	-49.603966
4419.689941	-49.723999
4425.073242	-47.134308
4430.456543	-48.507786
4435.839844	-52.352684
4441.223145	-52.244442
4446.606445	-48.967136
4451.989746	-43.587849
4457.373047	-42.519554
4462.756348	-42.862801
4468.139648	-43.313763
4473.522949	-44.697189
4478.906250	-46.003056
4484.289551	-43.435356
4489.672852	-41.838753
4495.056152	-44.742313
4500.439453	-48.429630
4505.822754	-51.245171
4511.206055	-56.275867
4516.589355	-56.461304
4521.972656	-56.383194
4527.355957	-55.131287
4532.739258	-52.242561
4538.122559	-54.529785
4543.505859	-50.712643
4548.889160	-46.437572
4554.272461	-44.058453
4559.655762	-43.905479
4565.039062	-43.325851
4570.422363	-45.078117
4575.805664	-48.530197
4581.188965	-47.680813
4586.572266	-47.061977
4591.955566	-48.106674
4597.338867	-49.478310
4602.722168	-46.411900
4608.105469	-44.556957
4613.488770	-43.497177
4618.872070	-42.767879
4624.255371	-41.331322
4629.638672	-40.947807
4635.021973	-40.676155
4640.405273	-39.848534
4645.788574	-38.727570
4651.171875	-37.412872
4656.555176	-35.671410
4661.938477	-34.257130
4667.321777	-34.781479
4672.705078	-36.444019
4678.088379	-37.508583
4683.471680	-38.696358
4688.854980	-39.530521
4694.238281	-40.997013
4699.621582	-45.498192
4705.004883	-49.347771
4710.388184	-50.423271
4715.771484	-47.174332
4721.154785	-47.175282
4726.538086	-45.851410
4731.921387	-43.189281
4737.304688	-41.956825
4742.687988	-42.065254
4748.071289	-44.581692
4753.454590	-49.021072
4758.837891	-48.489746
4764.221191	-44.519569
4769.604492	-42.224659
4774.987793	-40.094666
4780.371094	-39.132504
4785.754395	-39.435875
4791.137695	-35.943489
4796.520996	-34.408382
4801.904297	-37.498169
4807.287598	-41.873974
4812.670898	-43.399437
4818.054199	-45.349186
4823.437500	-50.152859
4828.820801	-57.464195
4834.204102	-53.064426
4839.587402	-53.829697
4844.970703	-60.929329
4850.354004	-61.833202
4855.737305	-63.383141
4861.120605	-56.944111
4866.503906	-50.058887
4871.887207	-45.680283
4877.270508	-42.471088
4882.653809	-41.132751
4888.037109	-40.778942
4893.420410	-40.972260
4898.803711	-41.399570
4904.187012	-42.112103
4909.570312	-44.285637
4914.953613	-47.340240
4920.336914	-50.158661
4925.720215	-52.205933
4931.103516	-52.468754
4936.486816	-52.924603
4941.870117	-55.494083
4947.253418	-50.644142
4952.636719	-44.352406
4958.020020	-40.152370
4963.403320	-36.664272
4968.786621	-34.453094
4974.169922	-32.846008
4979.553223	-31.639666
4984.936523	-32.318378
4990.319824	-33.721508
4995.703125	-32.746101
5001.086426	-31.823654
5006.469727	-31.616129
5011.853027	-33.355877
5017.236328	-36.186455
5022.619629	-35.981415
5028.002930	-38.144451
5033.386230	-46.971310
5038.769531	-41.079884
5044.152832	-38.353802
5049.536133	-39.981441
5054.919434	-45.215355
5060.302734	-51.071716
5065.686035	-49.225731
5071.069336	-45.807671
5076.452637	-43.600159
5081.835938	-43.445717
5087.219238	-44.336761
5092.602539	-44.073490
5097.985840	-42.488411
5103.369141	-41.989647
5108.752441	-43.296658
5114.135742	-45.948929
5119.519043	-50.765339
5124.902344	-54.072441
5130.285645	-50.028851
5135.668945	-45.470669
5141.052246	-45.276600
5146.435547	-50.158909
5151.818848	-60.634644
5157.202148	-51.795231
5162.585449	-44.425529
5167.968750	-40.913418
5173.352051	-39.695312
5178.735352	-38.863598
5184.118652	-37.364521
5189.501953	-34.061840
5194.885254	-32.037243
5200.268555	-32.532242
5205.651855	-34.502941
5211.035156	-36.380695
5216.418457	-38.547569
5221.801758	-41.533085
5227.185059	-42.810921
5232.568359	-44.029221
5237.951660	-45.063187
5243.334961	-46.248455
5248.718262	-47.730099
5254.101562	-46.835373
5259.484863	-47.183514
5264.868164	-51.080040
5270.251465	-54.917591
5275.634766	-46.811852
5281.018066	-42.594292
5286.401367	-40.197079
5291.784668	-39.243710
5297.167969	-40.470333
5302.551270	-41.768997
5307.934570	-41.488216
5313.317871	-41.668835
5318.701172	-41.551224
5324.084473	-42.768116
5329.467773	-49.120934
5334.851074	-52.136818
5340.234375	-45.277313
5345.617676	-41.571156
5351.000977	-37.899185
5356.384277	-34.875404
5361.767578	-32.370209
5367.150879	-30.374104
5372.534180	-29.536007
5377.917480	-28.774763
5383.300781	-28.909285
5388.684082	-31.086346
5394.067383	-34.508060
5399.450684	-38.330540
5404.833984	-43.135540
5410.217285	-48.118988
5415.600586	-51.968231
5420.983887	-58.962875
5426.367188	-49.647621
5431.750488	-45.637894
5437.133789	-45.360558
5442.517090	-49.420887
5447.900391	-53.782478
5453.283691	-52.801804
5458.666992	-49.982834
5464.050293	-50.024292
5469.433594	-51.909004
5474.816895	-53.472595
5480.200195	-50.114216
5485.583496	-47.319355
5490.966797	-45.360931
5496.350098	-42.995148
5501.733398	-41.744320
5507.116699	-41.321106
5512.500000	-40.078144
5517.883301	-39.368458
5523.266602	-40.674603
5528.649902	-43.555702
5534.033203	-45.587711
5539.416504	-44.824535
5544.799805	-43.017380
5550.183105	-41.829536
5555.566406	-42.791698
5560.949707	-47.354916
5566.333008	-54.537548
5571.716309	-49.154091
5577.099609	-43.205650
5582.482910	-39.507278
5587.866211	-37.430519
5593.249512	-37.536625
5598.632812	-39.023281
5604.016113	-41.154030
5609.399414	-43.440819
5614.782715	-45.329006
5620.166016	-47.146896
5625.549316	-54.338017
5630.932617	-50.976982
5636.315918	-46.533310
5641.699219	-46.457787
5647.082520	-50.182121
5652.465820	-55.837093
5657.849121	-49.876812
5663.232422	-47.749653
5668.615723	-45.605461
5673.999023	-44.918869
5679.382324	-45.249123
5684.765625	-45.280365
5690.148926	-44.890816
5695.532227	-45.080250
5700.915527	-44.603500
5706.298828	-46.044132
5711.682129	-46.951038
5717.065430	-48.199524
5722.448730	-52.606098
5727.832031	-49.987766
5733.215332	-46.957230
5738.598633	-46.107967
5743.981934	-44.536774
5749.365234	-43.770657
5754.748535	-42.354465
5760.131836	-41.315434
5765.515137	-41.005871
5770.898438	-41.296947
5776.281738	-41.897896
5781.665039	-43.854431
5787.048340	-44.252373
5792.431641	-44.891254
5797.814941	-46.296223
5803.198242	-46.661392
5808.581543	-49.879471
5813.964844	-48.887341
5819.348145	-45.737339
5824.731445	-45.159149
5830.114746	-46.138088
5835.498047	-48.054802
5840.881348	-47.633533
5846.264648	-48.523060
5851.647949	-47.431385
5857.031250	-45.951805
5862.414551	-46.255009
5867.797852	-48.084557
5873.181152	-49.091518
5878.564453	-48.476746
5883.947754	-50.382557
5889.331055	-53.375965
5894.714355	-52.364670
5900.097656	-48.620792
5905.480957	-46.190777
5910.864258	-45.943958
5916.247559	-46.567131
5921.630859	-49.157017
5927.014160	-52.551708
5932.397461	-51.050930
5937.780762	-48.955891
5943.164062	-51.822937
5948.547363	-59.920082
5953.930664	-55.483940
5959.313965	-51.456470
5964.697266	-48.445606
5970.080566	-48.140739
5975.463867	-50.134377
5980.847168	-52.668274
5986.230469	-55.397751
5991.613770	-56.103966
5996.997070	-57.345322
6002.380371	-55.911942
6007.763672	-53.335575
6013.146973	-49.496559
6018.530273	-46.535603
6023.913574	-44.350746
6029.296875	-44.394176
6034.680176	-46.717632
6040.063477	-48.358112
6045.446777	-47.868801
6050.830078	-48.279724
6056.213379	-50.695431
6061.596680	-50.984528
6066.979980	-50.309563
6072.363281	-49.099110
6077.746582	-49.200764
6083.129883	-48.229603
6088.513184	-48.629093
6093.896484	-47.974113
6099.279785	-49.760910
6104.663086	-52.854137
6110.046387	-56.843945
6115.429688	-55.540836
6120.812988	-51.962505
6126.196289	-51.595634
6131.579590	-52.111851
6136.962891	-52.293983
6142.346191	-52.141014
6147.729492	-55.265461
6153.112793	-56.543209
6158.496094	-51.556522
6163.879395	-49.841599
6169.262695	-51.536076
6174.645996	-50.392349
6180.029297	-50.409580
6185.412598	-47.366077
6190.795898	-45.049183
6196.179199	-44.286194
6201.562500	-44.826412
6206.945801	-45.903919
6212.329102	-45.415394
6217.712402	-45.948376
6223.095703	-47.967503
6228.479004	-50.762661
6233.862305	-52.316116
6239.245605	-51.482483
6244.628906	-53.879242
6250.012207	-56.737709
6255.395508	-59.197411
6260.778809	-60.938614
6266.162109	-61.372253
6271.545410	-59.157040
6276.928711	-54.921207
6282.312012	-51.239323
6287.695312	-48.430695
6293.078613	-46.928696
6298.461914	-46.421333
6303.845215	-47.335129
6309.228516	-51.583141
6314.611816	-62.411980
6319.995117	-56.875637
6325.378418	-55.715958
6330.761719	-59.524139
6336.145020	-57.337219
6341.528320	-53.066940
6346.911621	-49.477543
6352.294922	-46.857792
6357.678223	-45.322674
6363.061523	-44.764130
6368.444824	-45.048988
6373.828125	-45.610207
6379.211426	-44.111252
6384.594727	-42.682274
6389.978027	-42.567730
6395.361328	-43.293507
6400.744629	-45.096897
6406.127930	-47.406429
6411.511230	-48.761776
6416.894531	-49.174023
6422.277832	-49.243416
6427.661133	-48.680576
6433.044434	-49.262798
6438.427734	-51.259125
6443.811035	-53.390465
6449.194336	-54.636013
6454.577637	-56.311752
6459.960938	-62.372471
6465.344238	-54.645447
6470.727539	-49.964996
6476.110840	-48.758846
6481.494141	-49.755730
6486.877441	-49.966419
6492.260742	-47.863590
6497.644043	-46.841866
6503.027344	-47.524574
6508.410645	-48.669838
6513.793945	-52.202690
6519.177246	-56.458431
6524.560547	-52.378731
6529.943848	-49.255878
6535.327148	-47.070274
6540.710449	-45.025673
6546.093750	-44.109577
6551.477051	-44.902401
6556.860352	-47.381023
6562.243652	-49.446560
6567.626953	-50.253185
6573.010254	-51.495419
6578.393555	-52.801800
6583.776855	-51.431042
6589.160156	-48.827557
6594.543457	-47.772449
6599.926758	-47.636654
6605.310059	-47.520527
6610.693359	-47.144325
6616.076660	-46.377502
6621.459961	-46.168476
6626.843262	-46.901363
6632.226562	-48.425415
6637.609863	-50.402836
6642.993164	-52.430382
6648.376465	-51.764233
6653.759766	-50.556358
6659.143066	-49.679718
6664.526367	-50.085255
6669.909668	-53.552166
6675.292969	-57.095757
6680.676270	-62.078209
6686.059570	-54.964317
6691.442871	-52.630844
6696.826172	-53.797886
6702.209473	-58.171383
6707.592773	-63.635757
6712.976074	-56.873280
6718.359375	-53.570324
6723.742676	-51.903851
6729.125977	-50.222908
6734.509277	-50.150650
6739.892578	-51.613602
6745.275879	-52.295853
6750.659180	-50.575882
6756.042480	-49.755222
6761.425781	-50.498833
6766.809082	-51.737103
6772.192383	-53.228863
6777.575684	-55.517696
6782.958984	-58.744854
6788.342285	-52.467655
6793.725586	-47.815552
6799.108887	-45.430241
6804.492188	-44.758808
6809.875488	-45.012474
6815.258789	-46.186642
6820.642090	-48.295120
6826.025391	-51.721989
6831.408691	-56.530197
6836.791992	-61.312962
6842.175293	-60.943062
6847.558594	-58.555523
6852.941895	-60.499409
6858.325195	-60.757095
6863.708496	-51.956257
6869.091797	-47.008522
6874.475098	-44.623734
6879.858398	-43.935566
6885.241699	-44.257339
6890.625000	-44.680470
6896.008301	-45.330070
6901.391602	-45.861378
6906.774902	-46.480034
6912.158203	-47.695675
6917.541504	-49.244308
6922.924805	-49.972466
6928.308105	-50.213509
6933.691406	-50.533798
6939.074707	-50.893909
6944.458008	-51.209564
6949.841309	-51.271820
6955.224609	-51.619179
6960.607910	-51.655514
6965.991211	-51.436260
6971.374512	-50.093887
6976.757812	-48.422428
6982.141113	-47.729500
6987.524414	-47.807907
6992.907715	-47.039776
6998.291016	-45.882641
7003.674316	-45.900539
7009.057617	-46.748337
7014.440918	-46.895187
7019.824219	-47.678970
7025.207520	-51.287132
7030.590820	-57.795059
7035.974121	-55.842644
7041.357422	-50.540302
7046.740723	-46.732426
7052.124023	-44.826450
7057.507324	-44.247871
7062.890625	-43.732841
7068.273926	-43.362362
7073.657227	-43.642372
7079.040527	-45.160442
7084.423828	-48.186562
7089.807129	-51.159821
7095.190430	-51.978649
7100.573730	-51.034100
7105.957031	-49.651321
7111.340332	-48.914444
7116.723633	-49.751732
7122.106934	-52.264431
7127.490234	-54.970093
7132.873535	-55.034897
7138.256836	-54.757156
7143.640137	-55.094460
7149.023438	-54.445808
7154.406738	-53.779396
7159.790039	-54.271286
7165.173340	-56.529224
7170.556641	-58.507977
7175.939941	-56.835659
7181.323242	-54.389275
7186.706543	-52.542751
7192.089844	-51.384258
7197.473145	-51.275066
7202.856445	-53.033634
7208.239746	-55.837059
7213.623047	-57.845177
7219.006348	-61.473248
7224.389648	-64.766357
7229.772949	-57.102390
7235.156250	-52.945679
7240.539551	-50.226791
7245.922852	-48.366196
7251.306152	-47.304180
7256.689453	-47.554600
7262.072754	-49.036770
7267.456055	-51.386158
7272.839355	-53.799507
7278.222656	-54.724163
7283.605957	-54.882881
7288.989258	-54.867878
7294.372559	-54.242779
7299.755859	-54.429577
7305.139160	-56.623676
7310.522461	-59.102646
7315.905762	-58.231750
7321.289062	-58.048653
7326.672363	-59.616440
7332.055664	-61.318810
7337.438965	-61.750301
7342.822266	-59.154675
7348.205566	-56.074760
7353.588867	-54.100002
7358.972168	-53.270508
7364.355469	-52.736809
7369.738770	-53.014400
7375.122070	-55.033615
7380.505371	-57.905235
7385.888672	-57.055145
7391.271973	-54.984234
7396.655273	-52.432625
7402.038574	-50.209038
7407.421875	-49.485798
7412.805176	-50.146301
7418.188477	-50.379814
7423.571777	-50.204617
7428.955078	-50.878593
7434.338379	-51.791019
7439.721680	-51.670483
7445.104980	-52.149078
7450.488281	-53.103252
7455.871582	-53.973759
7461.254883	-54.998230
7466.638184	-56.748909
7472.021484	-57.890194
7477.404785	-55.561428
7482.788086	-53.131908
7488.171387	-52.937214
7493.554688	-54.453449
7498.937988	-54.210743
7504.321289	-53.388447
7509.704590	-55.705467
7515.087891	-61.274189
7520.471191	-59.448498
7525.854492	-53.832043
7531.237793	-50.577339
7536.621094	-48.798702
7542.004395	-48.065666
7547.387695	-48.032162
7552.770996	-48.804062
7558.154297	-50.630989
7563.537598	-53.331619
7568.920898	-55.576836
7574.304199	-57.173080
7579.687500	-57.985477
7585.070801	-58.152618
7590.454102	-57.220512
7595.837402	-56.391621
7601.220703	-57.641441
7606.604004	-62.223587
7611.987305	-65.913597
7617.370605	-62.635036
7622.753906	-56.965397
7628.137207	-53.010410
7633.520508	-50.958904
7638.903809	-50.170315
7644.287109	-50.192764
7649.670410	-50.464073
7655.053711	-50.718979
7660.437012	-50.843285
7665.820312	-50.919811
7671.203613	-51.675632
7676.586914	-53.472874
7681.970215	-55.123428
7687.353516	-54.080711
7692.736816	-52.906719
7698.120117	-52.684425
7703.503418	-53.066723
7708.886719	-53.088161
7714.270020	-52.538898
7719.653320	-52.707943
7725.036621	-54.689346
7730.419922	-59.051739
7735.803223	-61.934864
7741.186523	-57.881927
7746.569824	-53.911140
7751.953125	-51.396053
7757.336426	-50.332127
7762.719727	-50.453831
7768.103027	-51.195343
7773.486328	-52.723320
7778.869629	-55.512772
7784.252930	-56.843441
7789.636230	-54.975403
7795.019531	-54.145420
7800.402832	-55.206055
7805.786133	-58.169743
7811.169434	-63.340267
7816.552734	-68.356644
7821.936035	-68.006767
7827.319336	-64.570801
7832.702637	-62.372990
7838.085938	-59.518330
7843.469238	-57.590439
7848.852539	-56.456779
7854.235840	-55.293007
7859.619141	-54.983940
7865.002441	-57.085922
7870.385742	-59.360863
7875.769043	-54.843037
7881.152344	-51.215714
7886.535645	-49.018318
7891.918945	-47.530415
7897.302246	-46.593853
7902.685547	-46.092728
7908.068848	-45.936108
7913.452148	-45.904881
7918.835449	-46.209167
7924.218750	-47.327148
7929.602051	-49.094330
7934.985352	-50.666046
7940.368652	-51.718834
7945.751953	-52.915382
7951.135254	-53.880817
7956.518555	-54.019245
7961.901855	-53.069859
7967.285156	-50.781860
7972.668457	-48.914619
7978.051758	-48.512611
7983.435059	-49.321049
7988.818359	-50.756779
7994.201660	-51.830414
7999.584961	-52.435635
8004.968262	-53.063046
8010.351562	-53.390411
8015.734863	-53.362228
8021.118164	-53.177418
8026.501465	-52.508949
8031.884766	-51.880451
8037.268066	-52.125576
8042.651367	-53.136566
8048.034668	-54.487328
8053.417969	-55.942909
8058.801270	-56.737549
8064.184570	-56.289806
8069.567871	-54.522434
8074.951172	-52.736824
8080.334473	-51.985836
8085.717773	-52.264427
8091.101074	-53.779381
8096.484375	-56.889191
8101.867676	-58.452610
8107.250977	-55.480988
8112.634277	-53.477589
8118.017578	-53.118313
8123.400879	-53.609886
8128.784180	-55.275387
8134.167480	-58.965000
8139.550781	-63.259792
8144.934082	-62.532051
8150.317383	-61.836769
8155.700684	-62.421230
8161.083984	-61.642586
8166.467285	-58.624374
8171.850586	-55.421974
8177.233887	-53.744755
8182.617188	-53.154301
8188.000488	-53.206692
8193.383789	-53.996361
8198.767090	-55.338730
8204.150391	-56.910934
8209.533691	-58.596989
8214.916992	-59.691040
8220.300293	-59.168301
8225.683594	-58.352783
8231.066895	-58.109535
8236.450195	-57.949009
8241.833496	-57.498592
8247.216797	-56.658001
8252.600098	-56.033710
8257.983398	-55.768143
8263.366699	-55.537292
8268.750000	-55.743210
8274.133301	-55.895084
8279.516602	-55.564392
8284.899902	-55.108536
8290.283203	-54.774197
8295.666504	-54.076538
8301.049805	-52.386223
8306.433105	-50.460075
8311.816406	-49.116673
8317.199707	-48.390633
8322.583008	-48.171379
8327.966309	-48.556149
8333.349609	-49.903469
8338.732910	-52.440018
8344.116211	-54.872871
8349.499512	-56.192406
8354.882812	-58.452305
8360.266113	-62.465427
8365.649414	-66.714622
8371.032715	-68.474762
8376.416016	-66.329018
8381.799316	-62.834732
8387.182617	-59.890450
8392.565918	-57.976902
8397.949219	-56.700146
8403.332520	-55.894581
8408.715820	-56.221493
8414.099121	-58.152946
8419.482422	-60.251442
8424.865723	-58.268059
8430.249023	-55.327671
8435.632324	-53.212051
8441.015625	-52.228725
8446.398926	-52.311230
8451.782227	-52.694656
8457.165527	-52.755833
8462.548828	-52.741127
8467.932129	-52.690769
8473.315430	-52.366703
8478.698730	-51.560535
8484.082031	-50.758659
8489.465332	-50.527931
8494.848633	-50.788502
8500.231934	-51.625549
8505.615234	-53.497227
8510.998535	-55.809601
8516.381836	-55.842113
8521.765137	-55.124725
8527.148438	-56.415203
8532.531738	-59.199104
8537.915039	-59.699986
8543.298340	-57.758640
8548.681641	-55.845417
8554.064941	-55.064255
8559.448242	-55.561909
8564.831543	-56.903290
8570.214844	-58.567802
8575.598145	-59.414680
8580.981445	-59.622799
8586.364746	-59.409107
8591.748047	-58.360153
8597.131348	-58.122215
8602.514648	-59.696423
8607.897949	-63.156895
8613.281250	-65.388832
8618.664551	-65.102203
8624.047852	-66.057610
8629.431152	-67.403038
8634.814453	-65.484154
8640.197754	-62.198307
8645.581055	-61.305248
8650.964355	-63.123646
8656.347656	-65.014458
8661.730957	-60.775974
8667.114258	-56.918522
8672.497559	-54.423985
8677.880859	-53.228477
8683.264160	-53.414204
8688.647461	-54.989998
8694.030762	-58.407955
8699.414062	-63.735519
8704.797363	-59.623276
8710.180664	-55.287292
8715.563965	-54.135838
8720.947266	-54.710629
8726.330566	-54.838123
8731.713867	-53.024281
8737.097168	-51.076336
8742.480469	-50.039333
8747.863770	-50.065823
8753.247070	-51.035610
8758.630371	-52.473846
8764.013672	-53.829838
8769.396973	-55.109169
8774.780273	-56.774586
8780.163574	-59.138821
8785.546875	-60.884129
8790.930176	-60.628025
8796.313477	-59.860268
8801.696777	-59.904800
8807.080078	-59.743660
8812.463379	-58.924568
8817.846680	-58.398026
8823.229980	-57.811050
8828.613281	-56.306507
8833.996582	-54.622437
8839.379883	-53.599586
8844.763184	-53.622688
8850.146484	-54.426674
8855.529785	-55.076748
8860.913086	-55.637604
8866.296387	-56.437851
8871.679688	-56.217640
8877.062988	-55.032001
8882.446289	-54.048103
8887.829590	-53.736565
8893.212891	-54.685844
8898.596191	-57.260654
8903.979492	-59.906731
8909.362793	-58.141228
8914.746094	-55.290501
8920.129395	-54.066170
8925.512695	-53.998596
8930.895996	-54.163334
8936.279297	-53.589890
8941.662598	-52.730553
8947.045898	-52.592216
8952.429199	-53.498207
8957.812500	-55.020172
8963.195801	-56.785332
8968.579102	-58.548500
8973.962402	-60.606808
8979.345703	-63.694511
8984.729004	-66.099403
8990.112305	-64.547775
8995.495605	-62.694431
9000.878906	-61.587700
9006.262207	-60.713745
9011.645508	-60.225086
9017.028809	-60.258793
9022.412109	-61.484272
9027.795410	-65.307655
9033.178711	-67.092262
9038.562012	-63.391190
9043.945312	-61.786552
9049.328613	-62.388290
9054.711914	-63.397095
9060.095215	-63.841728
9065.478516	-64.066368
9070.861816	-63.862923
9076.245117	-62.721691
9081.628418	-60.770149
9087.011719	-58.215271
9092.395020	-55.791782
9097.778320	-54.159359
9103.161621	-53.314888
9108.544922	-52.935074
9113.928223	-52.782650
9119.311523	-52.727749
9124.694824	-52.357861
9130.078125	-51.574863
9135.461426	-51.297527
9140.844727	-52.269787
9146.228027	-54.851246
9151.611328	-59.788746
9156.994629	-66.667809
9162.377930	-63.848385
9167.761230	-61.311047
9173.144531	-61.615402
9178.527832	-62.400856
9183.911133	-61.102764
9189.294434	-60.109150
9194.677734	-60.679829
9200.061035	-61.823402
9205.444336	-62.451351
9210.827637	-64.104492
9216.210938	-64.836945
9221.594238	-62.668022
9226.977539	-61.333748
9232.360840	-60.944580
9237.744141	-60.607742
9243.127441	-59.150642
9248.510742	-56.751450
9253.894043	-54.763924
9259.277344	-53.583244
9264.660645	-53.346390
9270.043945	-53.933548
9275.427246	-55.095058
9280.810547	-56.636921
9286.193848	-58.179741
9291.577148	-59.733017
9296.960449	-61.011513
9302.343750	-60.672508
9307.727051	-58.929539
9313.110352	-57.580173
9318.493652	-57.429993
9323.876953	-58.972523
9329.260254	-61.778564
9334.643555	-64.054962
9340.026855	-63.647625
9345.410156	-61.086803
9350.793457	-57.804573
9356.176758	-54.718334
9361.560059	-52.027775
9366.943359	-49.692371
9372.326660	-47.773121
9377.709961	-46.496655
9383.093262	-46.121925
9388.476562	-46.543922
9393.859863	-47.460777
9399.243164	-48.771801
9404.626465	-50.210423
9410.009766	-50.986717
9415.393066	-51.266209
9420.776367	-52.300854
9426.159668	-54.671505
9431.542969	-58.487373
9436.926270	-63.803085
9442.309570	-70.500923
9447.692871	-75.439827
9453.076172	-76.804756
9458.459473	-67.775177
9463.842773	-61.493458
9469.226074	-58.658253
9474.609375	-58.133785
9479.992676	-59.372639
9485.375977	-60.358837
9490.759277	-58.869297
9496.142578	-56.317276
9501.525879	-54.003922
9506.909180	-52.756439
9512.292480	-52.834339
9517.675781	-53.844204
9523.059082	-54.097706
9528.442383	-53.291744
9533.825684	-52.775055
9539.208984	-53.136776
9544.592285	-54.573204
9549.975586	-56.754189
9555.358887	-58.273781
9560.742188	-58.120369
9566.125488	-57.123478
9571.508789	-56.938076
9576.892090	-58.614197
9582.275391	-61.536957
9587.658691	-60.888866
9593.041992	-57.544788
9598.425293	-55.001179
9603.808594	-53.780819
9609.191895	-54.167160
9614.575195	-55.971493
9619.958496	-58.566498
9625.341797	-60.168594
9630.725098	-60.747639
9636.108398	-62.534023
9641.491699	-66.842995
9646.875000	-73.011330
9652.258301	-74.328918
9657.641602	-76.002846
9663.024902	-70.926376
9668.408203	-63.519905
9673.791504	-59.449139
9679.174805	-57.427879
9684.558105	-56.386189
9689.941406	-56.074215
9695.324707	-56.363010
9700.708008	-57.592705
9706.091309	-60.629929
9711.474609	-65.680321
9716.857910	-68.994705
9722.241211	-68.151093
9727.624512	-67.745949
9733.007812	-67.032768
9738.391113	-66.139557
9743.774414	-65.294250
9749.157715	-65.154091
9754.541016	-62.498341
9759.924316	-58.431511
9765.307617	-55.733227
9770.690918	-54.280689
9776.074219	-53.799881
9781.457520	-54.351318
9786.840820	-55.791737
9792.224121	-58.236034
9797.607422	-61.747166
9802.990723	-65.559998
9808.374023	-69.720253
9813.757324	-75.604881
9819.140625	-80.677414
9824.523926	-73.714043
9829.907227	-67.020981
9835.290527	-61.807247
9840.673828	-58.790508
9846.057129	-57.114601
9851.440430	-55.758919
9856.823730	-54.115932
9862.207031	-52.598724
9867.590332	-51.920383
9872.973633	-52.130959
9878.356934	-52.758896
9883.740234	-53.784935
9889.123535	-55.697556
9894.506836	-59.220207
9899.890137	-65.922081
9905.273438	-72.138603
9910.656738	-65.212952
9916.040039	-61.549870
9921.423340	-60.142357
9926.806641	-60.464066
9932.189941	-62.174427
9937.573242	-62.206333
9942.956543	-59.152538
9948.339844	-55.816227
9953.723145	-53.439877
9959.106445	-51.960075
9964.489746	-51.357220
9969.873047	-51.592152
9975.256348	-52.529484
9980.639648	-54.393883
9986.022949	-57.295162
9991.406250	-60.883297
9996.789551	-64.167328
10002.172852	-64.433975
10007.556152	-62.832249
10012.939453	-62.212727
10018.322754	-62.425304
10023.706055	-61.218597
10029.089355	-58.750137
10034.472656	-57.304920
10039.855957	-57.122730
10045.239258	-57.244057
10050.622559	-56.808838
10056.005859	-56.210884
10061.389160	-56.063637
10066.772461	-56.082222
10072.155762	-56.149815
10077.539062	-56.366211
10082.922363	-57.224960
10088.305664	-59.228863
10093.688965	-60.873173
10099.072266	-59.261379
10104.455566	-57.216442
10109.838867	-56.317539
10115.222168	-56.416828
10120.605469	-57.909447
10125.988770	-61.436302
10131.372070	-66.172562
10136.755371	-65.324814
10142.138672	-64.047119
10147.521973	-65.507027
10152.905273	-68.791077
10158.288574	-66.882889
10163.671875	-62.815922
10169.055176	-60.167854
10174.438477	-58.651665
10179.821777	-58.178352
10185.205078	-59.000328
10190.588379	-61.768284
10195.971680	-62.947723
10201.354980	-58.737473
10206.738281	-56.062073
10212.121582	-55.415276
10217.504883	-56.137768
10222.888184	-57.362312
10228.271484	-58.910309
10233.654785	-61.061634
10239.038086	-63.039749
10244.421387	-62.441158
10249.804688	-59.366253
10255.187988	-56.387695
10260.571289	-54.683704
10265.954590	-53.809429
10271.337891	-53.200691
10276.721191	-52.981586
10282.104492	-53.064140
10287.487793	-52.666725
10292.871094	-51.791241
10298.254395	-51.234100
10303.637695	-51.076599
10309.020996	-51.269279
10314.404297	-52.205574
10319.787598	-53.843197
10325.170898	-54.811848
10330.554199	-54.259132
10335.937500	-53.620735
10341.320801	-53.624748
10346.704102	-54.204857
10352.087402	-54.894161
10357.470703	-55.441284
10362.854004	-56.329842
10368.237305	-58.039024
10373.620605	-60.319054
10379.003906	-62.198402
10384.387207	-61.584850
10389.770508	-58.925255
10395.153809	-56.318409
10400.537109	-54.677284
10405.920410	-54.372246
10411.303711	-55.013424
10416.687012	-55.624149
10422.070312	-55.857700
10427.453613	-55.915176
10432.836914	-55.063522
10438.220215	-53.623138
10443.603516	-52.737576
10448.986816	-52.594292
10454.370117	-52.966530
10459.753418	-53.552895
10465.136719	-54.334316
10470.520020	-55.513901
10475.903320	-56.375362
10481.286621	-56.148590
10486.669922	-55.711468
10492.053223	-55.500225
10497.436523	-54.840897
10502.819824	-53.871338
10508.203125	-53.428478
10513.586426	-53.744495
10518.969727	-54.697662
10524.353027	-55.925613
10529.736328	-57.170460
10535.119629	-58.284508
10540.502930	-58.631241
10545.886230	-57.719421
10551.269531	-55.921757
10556.652832	-54.184341
10562.036133	-53.056961
10567.419434	-52.616390
10572.802734	-52.682835
10578.186035	-52.646748
10583.569336	-52.167042
10588.952637	-51.470737
10594.335938	-50.888760
10599.719238	-50.634403
10605.102539	-50.497776
10610.485840	-50.408504
10615.869141	-50.670525
10621.252441	-51.255074
10626.635742	-51.832996
10632.019043	-52.604877
10637.402344	-54.253716
10642.785645	-57.353230
10648.168945	-62.174385
10653.552246	-67.703133
10658.935547	-70.309761
10664.318848	-70.900002
10669.702148	-73.467087
10675.085449	-66.956451
10680.468750	-61.442593
10685.852051	-58.132526
10691.235352	-55.720707
10696.618652	-53.907604
10702.001953	-53.019760
10707.385254	-53.532242
10712.768555	-55.721405
10718.151855	-59.774719
10723.535156	-63.270893
10728.918457	-59.045052
10734.301758	-54.832989
10739.685059	-52.061733
10745.068359	-50.270397
10750.451660	-49.141823
10755.834961	-48.650356
10761.218262	-48.961285
10766.601562	-49.843159
10771.984863	-50.719982
10777.368164	-51.519920
10782.751465	-52.600883
10788.134766	-54.156506
10793.518066	-55.876080
10798.901367	-56.950920
10804.284668	-57.559322
10809.667969	-58.394787
10815.051270	-59.752113
10820.434570	-60.244926
10825.817871	-58.755379
10831.201172	-57.248291
10836.584473	-56.739155
10841.967773	-56.910381
10847.351074	-57.301590
10852.734375	-57.881886
10858.117676	-57.962769
10863.500977	-56.333824
10868.884277	-54.042587
10874.267578	-52.472420
10879.650879	-51.966751
10885.034180	-52.385586
10890.417480	-53.422863
10895.800781	-55.339993
10901.184082	-58.681969
10906.567383	-64.219872
10911.950684	-70.147255
10917.333984	-66.409424
10922.717285	-64.355537
10928.100586	-64.171249
10933.483887	-65.970581
10938.867188	-67.902000
10944.250488	-65.475960
10949.633789	-62.661827
10955.017090	-61.122513
10960.400391	-60.125961
10965.783691	-59.505543
10971.166992	-59.223949
10976.550293	-59.711773
10981.933594	-61.831028
10987.316895	-65.649933
10992.700195	-69.203880
10998.083496	-66.794853
11003.466797	-63.768898
11008.850098	-62.120998
11014.233398	-61.511940
11019.616699	-60.290031
11025.000000	-57.859974
11030.383301	-56.025467
11035.766602	-55.426392
11041.149902	-55.649002
11046.533203	-56.326488
11051.916504	-57.594856
11057.299805	-59.394539
11062.683105	-61.897873
11068.066406	-64.818245
11073.449707	-65.925117
11078.833008	-65.122986
11084.216309	-65.428680
11089.599609	-67.612015
11094.982910	-69.048317
11100.366211	-64.930656
11105.749512	-60.755226
11111.132812	-57.897087
11116.516113	-56.508682
11121.899414	-56.380020
11127.282715	-57.360355
11132.666016	-59.624046
11138.049316	-63.262257
11143.432617	-66.382767
11148.815918	-63.657639
11154.199219	-60.661232
11159.582520	-58.739216
11164.965820	-57.459846
11170.349121	-57.239330
11175.732422	-58.311790
11181.115723	-60.617676
11186.499023	-64.034073
11191.882324	-64.402771
11197.265625	-61.653996
11202.648926	-60.368332
11208.032227	-60.147305
11213.415527	-59.411682
11218.798828	-58.633041
11224.182129	-59.166706
11229.565430	-60.951817
11234.948730	-62.394501
11240.332031	-62.023441
11245.715332	-58.912163
11251.098633	-55.283703
11256.481934	-52.799137
11261.865234	-51.552811
11267.248535	-51.201572
11272.631836	-51.301033
11278.015137	-51.923927
11283.398438	-53.446644
11288.781738	-55.975918
11294.165039	-59.552124
11299.548340	-63.732269
11304.931641	-68.001892
11310.314941	-71.692871
11315.698242	-69.851883
11321.081543	-66.736046
11326.464844	-65.012619
11331.848145	-64.119713
11337.231445	-63.091129
11342.614746	-62.387749
11347.998047	-62.349514
11353.381348	-62.487926
11358.764648	-62.729572
11364.147949	-63.228340
11369.531250	-62.792839
11374.914551	-60.995186
11380.297852	-58.256126
11385.681152	-55.336208
11391.064453	-53.105007
11396.447754	-52.001427
11401.831055	-51.932129
11407.214355	-52.286079
11412.597656	-52.573765
11417.980957	-52.857731
11423.364258	-53.400276
11428.747559	-54.162659
11434.130859	-55.145897
11439.514160	-56.927933
11444.897461	-60.834728
11450.280762	-68.814690
11455.664062	-68.537910
11461.047363	-63.491264
11466.430664	-61.360874
11471.813965	-60.115726
11477.197266	-59.305283
11482.580566	-59.230839
11487.963867	-59.609196
11493.347168	-60.188419
11498.730469	-60.443077
11504.113770	-60.251686
11509.497070	-60.592823
11514.880371	-61.741901
11520.263672	-62.683613
11525.646973	-62.769302
11531.030273	-62.235008
11536.413574	-60.905014
11541.796875	-59.106049
11547.180176	-57.651386
11552.563477	-56.985550
11557.946777	-57.312061
11563.330078	-58.676079
11568.713379	-60.582848
11574.096680	-62.721443
11579.479980	-64.756470
11584.863281	-63.485687
11590.246582	-60.736732
11595.629883	-59.566158
11601.013184	-60.202656
11606.396484	-61.760521
11611.779785	-63.231186
11617.163086	-63.779339
11622.546387	-63.901443
11627.929688	-64.884048
11633.312988	-65.125320
11638.696289	-62.938503
11644.079590	-61.278770
11649.462891	-60.594738
11654.846191	-59.243572
11660.229492	-57.349503
11665.612793	-56.347473
11670.996094	-56.418369
11676.379395	-57.149677
11681.762695	-58.156528
11687.145996	-59.737877
11692.529297	-62.927513
11697.912598	-68.670227
11703.295898	-73.977844
11708.679199	-69.962265
11714.062500	-66.806778
11719.445801	-65.586922
11724.829102	-65.302414
11730.212402	-65.693130
11735.595703	-65.882736
11740.979004	-64.495476
11746.362305	-61.901665
11751.745605	-59.555462
11757.128906	-58.226646
11762.512207	-58.149349
11767.895508	-58.534245
11773.278809	-58.326508
11778.662109	-57.725983
11784.045410	-57.483086
11789.428711	-57.481953
11794.812012	-57.517723
11800.195312	-58.019978
11805.578613	-59.112507
11810.961914	-60.511765
11816.345215	-62.149101
11821.728516	-64.635414
11827.111816	-67.141655
11832.495117	-65.413231
11837.878418	-63.708332
11843.261719	-63.968327
11848.645020	-66.052773
11854.028320	-68.232933
11859.411621	-68.537003
11864.794922	-68.080589
11870.178223	-67.200630
11875.561523	-66.447433
11880.944824	-65.787766
11886.328125	-64.715027
11891.711426	-63.676861
11897.094727	-62.537640
11902.478027	-61.539505
11907.861328	-60.678825
11913.244629	-59.329556
11918.627930	-57.894859
11924.011230	-57.008816
11929.394531	-56.881870
11934.777832	-57.458851
11940.161133	-57.942036
11945.544434	-57.726849
11950.927734	-57.314816
11956.311035	-57.230610
11961.694336	-57.308048
11967.077637	-57.458420
11972.460938	-57.460278
11977.844238	-56.967457
11983.227539	-56.110859
11988.610840	-54.999619
11993.994141	-54.045204
11999.377441	-53.726646
12004.760742	-54.179260
12010.144043	-55.376221
12015.527344	-57.023754
12020.910645	-59.068542
12026.293945	-62.766415
12031.677246	-68.878738
12037.060547	-65.084244
12042.443848	-60.522549
12047.827148	-57.974972
12053.210449	-56.573551
12058.593750	-55.921593
12063.977051	-55.939415
12069.360352	-56.549854
12074.743652	-57.461720
12080.126953	-58.485512
12085.510254	-59.472958
12090.893555	-60.210255
12096.276855	-60.560608
12101.660156	-61.160336
12107.043457	-62.115501
12112.426758	-63.424713
12117.810059	-65.130905
12123.193359	-66.643333
12128.576660	-67.963776
12133.959961	-67.787148
12139.343262	-65.909462
12144.726562	-63.899261
12150.109863	-61.899441
12155.493164	-60.300476
12160.876465	-59.415764
12166.259766	-59.235031
12171.643066	-60.125629
12177.026367	-62.148937
12182.409668	-65.146164
12187.792969	-67.251984
12193.176270	-64.102722
12198.559570	-60.872837
12203.942871	-59.118469
12209.326172	-58.638916
12214.709473	-58.634403
12220.092773	-58.311958
12225.476074	-58.303787
12230.859375	-59.642979
12236.242676	-62.945484
12241.625977	-65.658501
12247.009277	-60.955921
12252.392578	-57.257298
12257.775879	-55.449844
12263.159180	-54.812275
12268.542480	-54.785984
12273.925781	-55.086128
12279.309082	-55.904343
12284.692383	-57.477428
12290.075684	-59.817028
12295.458984	-62.180653
12300.842285	-61.644436
12306.225586	-59.482269
12311.608887	-58.277058
12316.992188	-58.317341
12322.375488	-59.121609
12327.758789	-60.031979
12333.142090	-60.747128
12338.525391	-61.059422
12343.908691	-61.297184
12349.291992	-62.000553
12354.675293	-63.313549
12360.058594	-64.837975
12365.441895	-64.587334
12370.825195	-62.826157
12376.208496	-61.882328
12381.591797	-62.687542
12386.975098	-64.860672
12392.358398	-66.308624
12397.741699	-66.469345
12403.125000	-66.573936
12408.508301	-65.614021
12413.891602	-63.826088
12419.274902	-62.560387
12424.658203	-62.350731
12430.041504	-63.435535
12435.424805	-66.316925
12440.808105	-69.673393
12446.191406	-69.352386
12451.574707	-66.156799
12456.958008	-63.082863
12462.341309	-60.942719
12467.724609	-59.515488
12473.107910	-58.519466
12478.491211	-57.944431
12483.874512	-57.432610
12489.257812	-56.680370
12494.641113	-56.271843
12500.024414	-56.930840
12505.407715	-58.490074
12510.791016	-60.140274
12516.174316	-61.063103
12521.557617	-61.312836
12526.940918	-61.488804
12532.324219	-62.614006
12537.707520	-65.562042
12543.090820	-68.966515
12548.474121	-66.874825
12553.857422	-63.526070
12559.240723	-61.050312
12564.624023	-58.982632
12570.007324	-57.769737
12575.390625	-57.687931
12580.773926	-58.568291
12586.157227	-60.273949
12591.540527	-62.679405
12596.923828	-65.171898
12602.307129	-65.097557
12607.690430	-62.500435
12613.073730	-60.047756
12618.457031	-58.337482
12623.840332	-57.808727
12629.223633	-58.475246
12634.606934	-59.599293
12639.990234	-60.399643
12645.373535	-61.418064
12650.756836	-63.983189
12656.140137	-69.368492
12661.523438	-71.833717
12666.906738	-66.873947
12672.290039	-64.066994
12677.673340	-63.607285
12683.056641	-64.986160
12688.439941	-65.552315
12693.823242	-64.404449
12699.206543	-64.131996
12704.589844	-64.673492
12709.973145	-64.912544
12715.356445	-65.984550
12720.739746	-68.795792
12726.123047	-71.089783
12731.506348	-70.335732
12736.889648	-66.858879
12742.272949	-62.803555
12747.656250	-60.066456
12753.039551	-58.765991
12758.422852	-58.666843
12763.806152	-59.329033
12769.189453	-60.852276
12774.572754	-63.396606
12779.956055	-64.753662
12785.339355	-63.654438
12790.722656	-61.998077
12796.105957	-60.873966
12801.489258	-60.033268
12806.872559	-58.849178
12812.255859	-57.821922
12817.639160	-58.017090
12823.022461	-59.903778
12828.405762	-63.025085
12833.789062	-65.401390
12839.172363	-65.771790
12844.555664	-63.974201
12849.938965	-61.996628
12855.322266	-61.220882
12860.705566	-61.282005
12866.088867	-61.946144
12871.472168	-63.854034
12876.855469	-66.887848
12882.238770	-68.632301
12887.622070	-65.921623
12893.005371	-61.857712
12898.388672	-59.105511
12903.771973	-57.508102
12909.155273	-56.238480
12914.538574	-54.945591
12919.921875	-53.942726
12925.305176	-53.496262
12930.688477	-53.515167
12936.071777	-53.834698
12941.455078	-54.763760
12946.838379	-56.950249
12952.221680	-60.857876
12957.604980	-66.131691
12962.988281	-65.290169
12968.371582	-61.403641
12973.754883	-59.753586
12979.138184	-59.841972
12984.521484	-60.730560
12989.904785	-61.195198
12995.288086	-60.783413
13000.671387	-59.236736
13006.054688	-57.678738
13011.437988	-57.045135
13016.821289	-57.206081
13022.204590	-58.023380
13027.587891	-59.542652
13032.971191	-61.806423
13038.354492	-63.948696
13043.737793	-63.332642
13049.121094	-61.407459
13054.504395	-60.111866
13059.887695	-59.910896
13065.270996	-60.616810
13070.654297	-61.534885
13076.037598	-63.091209
13081.420898	-67.237968
13086.804199	-73.912766
13092.187500	-70.052467
13097.570801	-66.811356
13102.954102	-64.420029
13108.337402	-61.901199
13113.720703	-60.258797
13119.104004	-60.027668
13124.487305	-60.648281
13129.870605	-61.419350
13135.253906	-62.327396
13140.637207	-63.547134
13146.020508	-65.057510
13151.403809	-65.254501
13156.787109	-64.078392
13162.170410	-63.485649
13167.553711	-63.056843
13172.937012	-61.491421
13178.320312	-59.872440
13183.703613	-59.210247
13189.086914	-59.109959
13194.470215	-59.278053
13199.853516	-60.437420
13205.236816	-63.029034
13210.620117	-66.754768
13216.003418	-68.527672
13221.386719	-65.989983
13226.770020	-63.530735
13232.153320	-62.104038
13237.536621	-61.786591
13242.919922	-62.814388
13248.303223	-65.253075
13253.686523	-65.475868
13259.069824	-61.266167
13264.453125	-58.512314
13269.836426	-57.497799
13275.219727	-57.572090
13280.603027	-57.938129
13285.986328	-58.523018
13291.369629	-59.914612
13296.752930	-62.314587
13302.136230	-65.689568
13307.519531	-69.119232
13312.902832	-68.754639
13318.286133	-65.632133
13323.669434	-63.070293
13329.052734	-61.859558
13334.436035	-61.137550
13339.819336	-60.429432
13345.202637	-60.500404
13350.585938	-61.738235
13355.969238	-64.162758
13361.352539	-66.647202
13366.735840	-66.845070
13372.119141	-65.828972
13377.502441	-65.406189
13382.885742	-67.333725
13388.269043	-72.743126
13393.652344	-76.727356
13399.035645	-71.927139
13404.418945	-68.902847
13409.802246	-66.793678
13415.185547	-65.259987
13420.568848	-64.317200
13425.952148	-64.141991
13431.335449	-65.307419
13436.718750	-68.785820
13442.102051	-73.139168
13447.485352	-69.677704
13452.868652	-64.190193
13458.251953	-60.714546
13463.635254	-59.335159
13469.018555	-59.628658
13474.401855	-61.250141
13479.785156	-63.462238
13485.168457	-65.799835
13490.551758	-69.690216
13495.935059	-76.713051
13501.318359	-84.349983
13506.701660	-82.262688
13512.084961	-76.524773
13517.468262	-74.885696
13522.851562	-78.426529
13528.234863	-80.238487
13533.618164	-72.991661
13539.001465	-66.617821
13544.384766	-62.310268
13549.768066	-60.250992
13555.151367	-60.394356
13560.534668	-61.967503
13565.917969	-63.156513
13571.301270	-64.357010
13576.684570	-67.883026
13582.067871	-73.857033
13587.451172	-70.814728
13592.834473	-65.842697
13598.217773	-62.843281
13603.601074	-61.245544
13608.984375	-60.430820
13614.367676	-60.286243
13619.750977	-60.986530
13625.134277	-62.159374
13630.517578	-62.598862
13635.900879	-62.561611
13641.284180	-63.499523
13646.667480	-65.736778
13652.050781	-69.253662
13657.434082	-73.875946
13662.817383	-71.098473
13668.200684	-66.155479
13673.583984	-63.867809
13678.967285	-62.453529
13684.350586	-61.057121
13689.733887	-60.492943
13695.117188	-61.268097
13700.500488	-63.071754
13705.883789	-65.648399
13711.267090	-68.313217
13716.650391	-69.834549
13722.033691	-69.638649
13727.416992	-69.012985
13732.800293	-67.479820
13738.183594	-65.390800
13743.566895	-64.888382
13748.950195	-65.626717
13754.333496	-65.333946
13759.716797	-65.199776
13765.100098	-68.132896
13770.483398	-74.183487
13775.866699	-69.404114
13781.250000	-65.477783
13786.633301	-63.701031
13792.016602	-63.071293
13797.399902	-62.623325
13802.783203	-61.923248
13808.166504	-61.791237
13813.549805	-63.245064
13818.933105	-66.734940
13824.316406	-72.779121
13829.699707	-75.136292
13835.083008	-69.959015
13840.466309	-66.942856
13845.849609	-66.179909
13851.232910	-66.550980
13856.616211	-66.632538
13861.999512	-66.846909
13867.382812	-67.806740
13872.766113	-68.499077
13878.149414	-67.499748
13883.532715	-64.389923
13888.916016	-61.430908
13894.299316	-59.703789
13899.682617	-59.253944
13905.065918	-60.049240
13910.449219	-61.738106
13915.832520	-64.574852
13921.215820	-70.347679
13926.599121	-76.896599
13931.982422	-73.137238
13937.365723	-74.498138
13942.749023	-77.662102
13948.132324	-74.523376
13953.515625	-73.970337
13958.898926	-73.440842
13964.282227	-70.598381
13969.665527	-68.204918
13975.048828	-66.929893
13980.432129	-67.365822
13985.815430	-69.711258
13991.198730	-73.685257
13996.582031	-77.700706
14001.965332	-75.169167
14007.348633	-70.207123
14012.731934	-66.956299
14018.115234	-65.306763
14023.498535	-65.087868
14028.881836	-65.266640
14034.265137	-65.345795
14039.648438	-64.625267
14045.031738	-63.535973
14050.415039	-62.705299
14055.798340	-61.586151
14061.181641	-60.486217
14066.564941	-60.112339
14071.948242	-60.685825
14077.331543	-61.861870
14082.714844	-62.181995
14088.098145	-61.735916
14093.481445	-61.510342
14098.864746	-61.237835
14104.248047	-60.760128
14109.631348	-60.927689
14115.014648	-61.477749
14120.397949	-61.112312
14125.781250	-60.568520
14131.164551	-61.195187
14136.547852	-62.562771
14141.931152	-62.879086
14147.314453	-62.196102
14152.697754	-61.977539
14158.081055	-62.470406
14163.464355	-63.808781
14168.847656	-65.562714
14174.230957	-66.448067
14179.614258	-67.084518
14184.997559	-68.982643
14190.380859	-69.410049
14195.764160	-66.819069
14201.147461	-65.726479
14206.530762	-66.773216
14211.914062	-70.161163
14217.297363	-76.470924
14222.680664	-71.887169
14228.063965	-67.500999
14233.447266	-65.644234
14238.830566	-65.500366
14244.213867	-66.504349
14249.597168	-68.209450
14254.980469	-69.626091
14260.363770	-67.299484
14265.747070	-64.971748
14271.130371	-63.961651
14276.513672	-62.794811
14281.896973	-60.700256
14287.280273	-58.827637
14292.663574	-57.627312
14298.046875	-56.916702
14303.430176	-56.841942
14308.813477	-57.565445
14314.196777	-58.853855
14319.580078	-59.947647
14324.963379	-60.978481
14330.346680	-62.858673
14335.729980	-64.984924
14341.113281	-65.588440
14346.496582	-65.131790
14351.879883	-65.063995
14357.263184	-65.959679
14362.646484	-66.433334
14368.029785	-65.788895
14373.413086	-64.873413
14378.796387	-63.306503
14384.179688	-61.887455
14389.562988	-61.532413
14394.946289	-62.552132
14400.329590	-64.568222
14405.712891	-65.787819
14411.096191	-64.960663
14416.479492	-64.315414
14421.862793	-65.197906
14427.246094	-67.345009
14432.629395	-67.985466
14438.012695	-66.803116
14443.395996	-67.070518
14448.779297	-69.959221
14454.162598	-71.271629
14459.545898	-67.969879
14464.929199	-65.582756
14470.312500	-63.762802
14475.695801	-62.697498
14481.079102	-62.435543
14486.462402	-62.267536
14491.845703	-62.170494
14497.229004	-62.983238
14502.612305	-64.316536
14507.995605	-64.374580
14513.378906	-63.216442
14518.762207	-60.943485
14524.145508	-58.309452
14529.528809	-56.493301
14534.912109	-55.599293
14540.295410	-55.508942
14545.678711	-56.298126
14551.062012	-57.822739
14556.445312	-59.594406
14561.828613	-61.433674
14567.211914	-63.794769
14572.595215	-66.967781
14577.978516	-70.847282
14583.361816	-75.010292
14588.745117	-77.018028
14594.128418	-75.822906
14599.511719	-73.146446
14604.895020	-70.142479
14610.278320	-68.832909
14615.661621	-68.141541
14621.044922	-67.644615
14626.428223	-67.793602
14631.811523	-68.747147
14637.194824	-71.311264
14642.578125	-77.329788
14647.961426	-85.038452
14653.344727	-79.972610
14658.728027	-75.739494
14664.111328	-72.464912
14669.494629	-69.360519
14674.877930	-66.956703
14680.261230	-65.318069
14685.644531	-63.917072
14691.027832	-63.103397
14696.411133	-63.091923
14701.794434	-63.882523
14707.177734	-64.767006
14712.561035	-64.764244
14717.944336	-64.364128
14723.327637	-64.249687
14728.710938	-64.106285
14734.094238	-63.810204
14739.477539	-63.584007
14744.860840	-62.970524
14750.244141	-62.279106
14755.627441	-61.946533
14761.010742	-62.318050
14766.394043	-63.944241
14771.777344	-66.517044
14777.160645	-69.138931
14782.543945	-69.761368
14787.927246	-68.321518
14793.310547	-66.928459
14798.693848	-67.036835
14804.077148	-68.415253
14809.460449	-70.607246
14814.843750	-73.380760
14820.227051	-75.113190
14825.610352	-75.135429
14830.993652	-72.228333
14836.376953	-68.398346
14841.760254	-65.649246
14847.143555	-63.725422
14852.526855	-62.610352
14857.910156	-62.041973
14863.293457	-62.082836
14868.676758	-63.232174
14874.060059	-65.182335
14879.443359	-66.972878
14884.826660	-67.133194
14890.209961	-65.005882
14895.593262	-63.331474
14900.976562	-63.661240
14906.359863	-66.464333
14911.743164	-70.252213
14917.126465	-67.645370
14922.509766	-63.560909
14927.893066	-61.311195
14933.276367	-60.440670
14938.659668	-60.552998
14944.042969	-61.448257
14949.426270	-63.175808
14954.809570	-66.353775
14960.192871	-71.730698
14965.576172	-73.704430
14970.959473	-67.314819
14976.342773	-63.058788
14981.726074	-61.050003
14987.109375	-60.100891
14992.492676	-59.449722
14997.875977	-59.222763
15003.259277	-59.485493
15008.642578	-60.047127
15014.025879	-60.666286
15019.409180	-61.042137
15024.792480	-60.984341
15030.175781	-60.721054
15035.559082	-60.191566
15040.942383	-59.452179
15046.325684	-58.878929
15051.708984	-58.678318
15057.092285	-58.910576
15062.475586	-59.491497
15067.858887	-60.347549
15073.242188	-61.872643
15078.625488	-64.038216
15084.008789	-65.623558
15089.392090	-66.883423
15094.775391	-68.837158
15100.158691	-69.826584
15105.541992	-68.973976
15110.925293	-67.717346
15116.308594	-67.159172
15121.691895	-67.244011
15127.075195	-67.046555
15132.458496	-66.400368
15137.841797	-66.682396
15143.225098	-67.794380
15148.608398	-68.819458
15153.991699	-70.074104
15159.375000	-72.281662
15164.758301	-73.330147
15170.141602	-70.527222
15175.524902	-66.273811
15180.908203	-63.454670
15186.291504	-61.837856
15191.674805	-60.633869
15197.058105	-59.868835
15202.441406	-59.881737
15207.824707	-60.899624
15213.208008	-63.128159
15218.591309	-65.831146
15223.974609	-66.588226
15229.357910	-64.665848
15234.741211	-62.654758
15240.124512	-61.354324
15245.507812	-61.092121
15250.891113	-61.703831
15256.274414	-62.541046
15261.657715	-63.887230
15267.041016	-66.916451
15272.424316	-72.824135
15277.807617	-77.941750
15283.190918	-72.738480
15288.574219	-70.220299
15293.957520	-68.728752
15299.340820	-67.813522
15304.724121	-67.263580
15310.107422	-65.980072
15315.490723	-64.379562
15320.874023	-63.541565
15326.257324	-63.651093
15331.640625	-64.652840
15337.023926	-66.498001
15342.407227	-70.041122
15347.790527	-72.943977
15353.173828	-70.195236
15358.557129	-68.878113
15363.940430	-69.333382
15369.323730	-71.291336
15374.707031	-75.472252
15380.090332	-75.897316
15385.473633	-69.163864
15390.856934	-65.823662
15396.240234	-64.570793
15401.623535	-64.048584
15407.006836	-63.938206
15412.390137	-64.283165
15417.773438	-64.887070
15423.156738	-65.314255
15428.540039	-65.340134
15433.923340	-65.124977
15439.306641	-65.600662
15444.689941	-67.008919
15450.073242	-69.277580
15455.456543	-72.078140
15460.839844	-74.490623
15466.223145	-76.984894
15471.606445	-75.646011
15476.989746	-73.047523
15482.373047	-70.364883
15487.756348	-67.868912
15493.139648	-66.427216
15498.522949	-65.820854
15503.906250	-65.458931
15509.289551	-65.672523
15514.672852	-66.287865
15520.056152	-66.270538
15525.439453	-65.701187
15530.822754	-65.314117
15536.206055	-64.261879
15541.589355	-63.432705
15546.972656	-64.514862
15552.355957	-68.222221
15557.739258	-71.732880
15563.122559	-68.029961
15568.505859	-64.411667
15573.889160	-62.047775
15579.272461	-60.964561
15584.655762	-61.134640
15590.039062	-61.610466
15595.422363	-61.479893
15600.805664	-61.097153
15606.188965	-61.142937
15611.572266	-61.624722
15616.955566	-61.801266
15622.338867	-61.351181
15627.722168	-61.102589
15633.105469	-61.653931
15638.488770	-62.013889
15643.872070	-61.639187
15649.255371	-61.373550
15654.638672	-61.534164
15660.021973	-61.800888
15665.405273	-62.209694
15670.788574	-62.513676
15676.171875	-61.997410
15681.555176	-61.161240
15686.938477	-60.830147
15692.321777	-61.005299
15697.705078	-61.603634
15703.088379	-62.619404
15708.471680	-63.646885
15713.854980	-64.417336
15719.238281	-65.231155
15724.621582	-66.859299
15730.004883	-69.545212
15735.388184	-69.578041
15740.771484	-67.497406
15746.154785	-66.089142
15751.538086	-65.079567
15756.921387	-63.706474
15762.304688	-62.569965
15767.687988	-62.030640
15773.071289	-62.141319
15778.454590	-62.906902
15783.837891	-63.645741
15789.221191	-64.411736
15794.604492	-65.695457
15799.987793	-67.861771
15805.371094	-71.940018
15810.754395	-76.856010
15816.137695	-77.641502
15821.520996	-77.391167
15826.904297	-76.977806
15832.287598	-78.161179
15837.670898	-82.987846
15843.054199	-81.658455
15848.437500	-72.874992
15853.820801	-67.885147
15859.204102	-64.953072
15864.587402	-63.461288
15869.970703	-62.679081
15875.354004	-61.599503
15880.737305	-60.372276
15886.120605	-59.519333
15891.503906	-58.912750
15896.887207	-58.780987
15902.270508	-59.559013
15907.653809	-61.005444
15913.037109	-63.068016
15918.420410	-66.677132
15923.803711	-69.746048
15929.187012	-66.023865
15934.570312	-63.521996
15939.953613	-63.167858
15945.336914	-63.797871
15950.720215	-65.012459
15956.103516	-66.801186
15961.486816	-66.111046
15966.870117	-63.720623
15972.253418	-62.580193
15977.636719	-62.379910
15983.020020	-61.565033
15988.403320	-60.269703
15993.786621	-59.842880
15999.169922	-60.657505
16004.553223	-62.247112
16009.936523	-64.532768
16015.319824	-67.137177
16020.703125	-69.464088
16026.086426	-70.601746
16031.469727	-70.650604
16036.853027	-71.450050
16042.236328	-72.660233
16047.619629	-73.768272
16053.002930	-72.501572
16058.386230	-70.922173
16063.769531	-69.286186
16069.152832	-66.536919
16074.536133	-64.202385
16079.919434	-62.993942
16085.302734	-62.873810
16090.686035	-64.435074
16096.069336	-68.595680
16101.452637	-74.789940
16106.835938	-73.399635
16112.219238	-69.961136
16117.602539	-67.742447
16122.985840	-66.952820
16128.369141	-68.357903
16133.752441	-71.150520
16139.135742	-71.836098
16144.519043	-72.381752
16149.902344	-74.744820
16155.285645	-75.458382
16160.668945	-74.565620
16166.052246	-75.171158
16171.435547	-75.290276
16176.818848	-73.737144
16182.202148	-73.085999
16187.585449	-74.306664
16192.968750	-72.923752
16198.352051	-70.271935
16203.735352	-67.561615
16209.118652	-65.344475
16214.501953	-64.482025
16219.885254	-64.602150
16225.268555	-65.103630
16230.651855	-66.153450
16236.035156	-66.501213
16241.418457	-64.292145
16246.801758	-62.174122
16252.185059	-61.261665
16257.568359	-61.383274
16262.951660	-62.370956
16268.334961	-63.996925
16273.718262	-66.473175
16279.101562	-70.498436
16284.484863	-75.840034
16289.868164	-81.917007
16295.251465	-80.843079
16300.634766	-80.171722
16306.018066	-84.300026
16311.401367	-81.034096
16316.784668	-75.402542
16322.167969	-73.491501
16327.551270	-72.792152
16332.934570	-72.407623
16338.317871	-71.485664
16343.701172	-70.698425
16349.084473	-71.187424
16354.467773	-72.744759
16359.851074	-73.675713
16365.234375	-73.792023
16370.617676	-74.904175
16376.000977	-74.648277
16381.384277	-71.522026
16386.767578	-69.389893
16392.150879	-68.188210
16397.534180	-67.320595
16402.917480	-67.274551
16408.300781	-67.668655
16413.684082	-67.922173
16419.067383	-67.389168
16424.450684	-66.283859
16429.833984	-65.457695
16435.217285	-65.482903
16440.600586	-67.321327
16445.983887	-71.356056
16451.367188	-75.846451
16456.750488	-75.232498
16462.133789	-72.318893
16467.517090	-71.501053
16472.900391	-71.725227
16478.283691	-70.790245
16483.666992	-69.297127
16489.050293	-68.939018
16494.433594	-68.877342
16499.816895	-68.673546
16505.200195	-68.322365
16510.583496	-67.859489
16515.966797	-67.270660
16521.350098	-67.076759
16526.733398	-67.436668
16532.116699	-68.309380
16537.500000	-68.085899
16542.883301	-66.895332
16548.266602	-65.403587
16553.649902	-64.003563
16559.033203	-63.595161
16564.416504	-64.109520
16569.799805	-64.867920
16575.183105	-65.224609
16580.566406	-65.390503
16585.949707	-65.568878
16591.333008	-66.118370
16596.716309	-67.695923
16602.099609	-70.943855
16607.482910	-75.023819
16612.866211	-72.927040
16618.249512	-69.736298
16623.632812	-66.429054
16629.016113	-64.029617
16634.399414	-62.730083
16639.782715	-62.075348
16645.166016	-62.104282
16650.549316	-62.918793
16655.932617	-64.109306
16661.315918	-65.553787
16666.699219	-67.657837
16672.082520	-71.254486
16677.465820	-78.032806
16682.849121	-78.409554
16688.232422	-73.169189
16693.615723	-68.989372
16698.999023	-66.407776
16704.382324	-65.523911
16709.765625	-65.739380
16715.148926	-66.841240
16720.532227	-67.968712
16725.915527	-68.099892
16731.298828	-68.151436
16736.682129	-68.230904
16742.065430	-67.998238
16747.448730	-67.954552
16752.832031	-68.097931
16758.215332	-67.507996
16763.598633	-66.582405
16768.981934	-65.476791
16774.365234	-64.629311
16779.748535	-64.584114
16785.131836	-65.044533
16790.515137	-66.473206
16795.898438	-70.272758
16801.281738	-73.183502
16806.665039	-68.514809
16812.048340	-65.083603
16817.431641	-63.295906
16822.814941	-62.728584
16828.198242	-63.266193
16833.581543	-65.161476
16838.964844	-68.203888
16844.348145	-71.954468
16849.731445	-75.009621
16855.114746	-72.751228
16860.498047	-68.384415
16865.881348	-64.661118
16871.264648	-62.057793
16876.647949	-60.756512
16882.031250	-60.473015
16887.414551	-61.038857
16892.797852	-62.686180
16898.181152	-65.282326
16903.564453	-68.232048
16908.947754	-70.615685
16914.331055	-72.156311
16919.714355	-74.268951
16925.097656	-77.529968
16930.480957	-71.597244
16935.864258	-65.812202
16941.247559	-62.452148
16946.630859	-60.647110
16952.014160	-60.158878
16957.397461	-60.606930
16962.780762	-61.849049
16968.164062	-63.940220
16973.547363	-66.373001
16978.930664	-68.561882
16984.313965	-71.215790
16989.697266	-74.273827
16995.080566	-71.031158
17000.463867	-68.090614
17005.847168	-68.170456
17011.230469	-71.103294
17016.613770	-75.332031
17021.997070	-73.055794
17027.380371	-69.114487
17032.763672	-66.980652
17038.146973	-65.112610
17043.530273	-63.379272
17048.913574	-62.397366
17054.296875	-61.823261
17059.680176	-61.296837
17065.063477	-61.011452
17070.446777	-61.111992
17075.830078	-61.805130
17081.213379	-63.518353
17086.596680	-66.424568
17091.979980	-70.660240
17097.363281	-74.660011
17102.746582	-75.003418
17108.129883	-74.117203
17113.513184	-73.786652
17118.896484	-73.414024
17124.279785	-72.098732
17129.663086	-70.962021
17135.046387	-70.494003
17140.429688	-71.643486
17145.812988	-74.760193
17151.196289	-73.552315
17156.579590	-69.490318
17161.962891	-66.541214
17167.346191	-65.228203
17172.729492	-65.258614
17178.112793	-66.645523
17183.496094	-68.239563
17188.879395	-67.579720
17194.262695	-66.076561
17199.645996	-65.513451
17205.029297	-65.621956
17210.412598	-65.905090
17215.795898	-66.444893
17221.179199	-66.823647
17226.562500	-67.371651
17231.945801	-68.597771
17237.329102	-70.068306
17242.712402	-71.864914
17248.095703	-73.498634
17253.479004	-74.826675
17258.862305	-77.388168
17264.245605	-81.346581
17269.628906	-83.754272
17275.012207	-76.267113
17280.395508	-71.836739
17285.778809	-69.958984
17291.162109	-69.010246
17296.545410	-67.860199
17301.928711	-66.366417
17307.312012	-65.413094
17312.695312	-65.794426
17318.078613	-67.669525
17323.461914	-70.151436
17328.845215	-70.772812
17334.228516	-69.621490
17339.611816	-68.469810
17344.995117	-67.416519
17350.378418	-66.984634
17355.761719	-67.356499
17361.145020	-68.121567
17366.528320	-69.813721
17371.911621	-73.256531
17377.294922	-72.714653
17382.678223	-67.274132
17388.061523	-64.004051
17393.444824	-62.613445
17398.828125	-62.094196
17404.211426	-62.188473
17409.594727	-62.791916
17414.978027	-63.661877
17420.361328	-64.698135
17425.744629	-65.095505
17431.127930	-64.753273
17436.511230	-64.734390
17441.894531	-65.639404
17447.277832	-67.176903
17452.661133	-68.986450
17458.044434	-69.079994
17463.427734	-67.021889
17468.811035	-65.840637
17474.194336	-66.548996
17479.577637	-69.136658
17484.960938	-72.613785
17490.344238	-74.590538
17495.727539	-74.090019
17501.110840	-73.362251
17506.494141	-73.730377
17511.877441	-74.582565
17517.260742	-74.257050
17522.644043	-73.839668
17528.027344	-74.566910
17533.410645	-75.690620
17538.793945	-77.674255
17544.177246	-78.679535
17549.560547	-75.287949
17554.943848	-72.184753
17560.327148	-69.301018
17565.710449	-66.056259
17571.093750	-63.220356
17576.477051	-61.563049
17581.860352	-61.360607
17587.243652	-62.411285
17592.626953	-64.574997
17598.010254	-67.581779
17603.393555	-70.462906
17608.776855	-72.817993
17614.160156	-75.065773
17619.543457	-78.349266
17624.926758	-78.743591
17630.310059	-72.628799
17635.693359	-68.823921
17641.076660	-67.053360
17646.459961	-65.440300
17651.843262	-64.441704
17657.226562	-64.955162
17662.609863	-66.497528
17667.993164	-67.559967
17673.376465	-68.000786
17678.759766	-69.982437
17684.143066	-74.794945
17689.526367	-75.305321
17694.909668	-69.346024
17700.292969	-66.125130
17705.676270	-64.163200
17711.059570	-63.167435
17716.442871	-63.070335
17721.826172	-63.492012
17727.209473	-63.842216
17732.592773	-63.989952
17737.976074	-63.942200
17743.359375	-63.434948
17748.742676	-62.810600
17754.125977	-62.830246
17759.509277	-63.873936
17764.892578	-65.877029
17770.275879	-67.933296
17775.659180	-69.665466
17781.042480	-72.595306
17786.425781	-76.854515
17791.809082	-74.613457
17797.192383	-70.653023
17802.575684	-68.314819
17807.958984	-66.621407
17813.342285	-65.090096
17818.725586	-64.349747
17824.108887	-64.383438
17829.492188	-64.432724
17834.875488	-64.341896
17840.258789	-64.416084
17845.642090	-64.751549
17851.025391	-64.373726
17856.408691	-62.699711
17861.791992	-61.206318
17867.175293	-60.773178
17872.558594	-61.236938
17877.941895	-62.226254
17883.325195	-63.873188
17888.708496	-66.091499
17894.091797	-68.224442
17899.475098	-69.315475
17904.858398	-69.808907
17910.241699	-71.008408
17915.625000	-74.490135
17921.008301	-79.115166
17926.391602	-76.204590
17931.774902	-72.716820
17937.158203	-70.709785
17942.541504	-70.945328
17947.924805	-73.274117
17953.308105	-73.894768
17958.691406	-70.377350
17964.074707	-68.019127
17969.458008	-67.161530
17974.841309	-67.523735
17980.224609	-68.888702
17985.607910	-70.762970
17990.991211	-73.439240
17996.374512	-77.913338
18001.757812	-81.406120
18007.141113	-83.361938
18012.524414	-83.448044
18017.907715	-79.502953
18023.291016	-78.582451
18028.674316	-74.663246
18034.057617	-69.786346
18039.440918	-66.962250
18044.824219	-65.162224
18050.207520	-63.720238
18055.590820	-62.927685
18060.974121	-63.019211
18066.357422	-64.026260
18071.740723	-65.980392
18077.124023	-68.692604
18082.507324	-72.791534
18087.890625	-79.271202
18093.273926	-76.651413
18098.657227	-72.203743
18104.040527	-70.216728
18109.423828	-69.992027
18114.807129	-70.171127
18120.190430	-70.239174
18125.573730	-70.282921
18130.957031	-69.832458
18136.340332	-69.241402
18141.723633	-68.234665
18147.106934	-66.799805
18152.490234	-65.944702
18157.873535	-65.824486
18163.256836	-66.312195
18168.640137	-67.725700
18174.023438	-69.698395
18179.406738	-71.849777
18184.790039	-74.786972
18190.173340	-74.636879
18195.556641	-71.592972
18200.939941	-70.162926
18206.323242	-70.426552
18211.706543	-70.912437
18217.089844	-70.968246
18222.473145	-71.685539
18227.856445	-72.800781
18233.239746	-74.008026
18238.623047	-73.878342
18244.006348	-72.947670
18249.389648	-73.168365
18254.772949	-74.349052
18260.156250	-76.976639
18265.539551	-78.802658
18270.922852	-77.461975
18276.306152	-75.712425
18281.689453	-73.578636
18287.072754	-71.027611
18292.456055	-68.831474
18297.839355	-67.521797
18303.222656	-66.707008
18308.605957	-66.279701
18313.989258	-66.489494
18319.372559	-66.973999
18324.755859	-67.965591
18330.139160	-69.216370
18335.522461	-69.639687
18340.905762	-69.748878
18346.289062	-69.642059
18351.672363	-69.419365
18357.055664	-69.792862
18362.438965	-70.372513
18367.822266	-71.357613
18373.205566	-72.050056
18378.588867	-71.161766
18383.972168	-69.624702
18389.355469	-67.728798
18394.738770	-65.208260
18400.122070	-63.144131
18405.505371	-62.014290
18410.888672	-61.640484
18416.271973	-62.001305
18421.655273	-63.040859
18427.038574	-64.992081
18432.421875	-68.436821
18437.805176	-71.902527
18443.188477	-71.821487
18448.571777	-70.900887
18453.955078	-70.521278
18459.338379	-70.125458
18464.721680	-70.035294
18470.104980	-70.845215
18475.488281	-72.321671
18480.871582	-74.395126
18486.254883	-76.298767
18491.638184	-76.752045
18497.021484	-76.601486
18502.404785	-76.511322
18507.788086	-76.557404
18513.171387	-77.960617
18518.554688	-80.079262
18523.937988	-80.016716
18529.321289	-77.051109
18534.704590	-74.987297
18540.087891	-73.331596
18545.471191	-72.694603
18550.854492	-73.192726
18556.237793	-74.179405
18561.621094	-75.806221
18567.004395	-77.170685
18572.387695	-78.070808
18577.770996	-80.751915
18583.154297	-84.848541
18588.537598	-89.905762
18593.920898	-89.816399
18599.304199	-88.748650
18604.687500	-81.288979
18610.070801	-75.944405
18615.454102	-73.456558
18620.837402	-71.590317
18626.220703	-70.792015
18631.604004	-71.380463
18636.987305	-72.984520
18642.370605	-76.448517
18647.753906	-79.304329
18653.137207	-78.610939
18658.520508	-76.599884
18663.903809	-74.750664
18669.287109	-74.908264
18674.670410	-76.729813
18680.053711	-79.523903
18685.437012	-76.919052
18690.820312	-73.374062
18696.203613	-71.402199
18701.586914	-69.515633
18706.970215	-67.938805
18712.353516	-66.463531
18717.736816	-65.087936
18723.120117	-64.160484
18728.503418	-63.866058
18733.886719	-64.153069
18739.270020	-65.551506
18744.653320	-68.364799
18750.036621	-71.864021
18755.419922	-73.667389
18760.803223	-72.773247
18766.186523	-71.955704
18771.569824	-72.225967
18776.953125	-74.881058
18782.336426	-79.345970
18787.719727	-81.249084
18793.103027	-78.125374
18798.486328	-75.813492
18803.869629	-74.180656
18809.252930	-73.068489
18814.636230	-72.801193
18820.019531	-72.062584
18825.402832	-70.534294
18830.786133	-69.290680
18836.169434	-68.338806
18841.552734	-67.801003
18846.936035	-67.737701
18852.319336	-67.482895
18857.702637	-67.277092
18863.085938	-67.619598
18868.469238	-68.439194
18873.852539	-69.723618
18879.235840	-71.192764
18884.619141	-71.843910
18890.002441	-72.188019
18895.385742	-71.989166
18900.769043	-71.373672
18906.152344	-71.544312
18911.535645	-72.251320
18916.918945	-74.189941
18922.302246	-76.773354
18927.685547	-77.906990
18933.068848	-77.730072
18938.452148	-76.940895
18943.835449	-75.700981
18949.218750	-74.699921
18954.602051	-73.676239
18959.985352	-71.916626
18965.368652	-70.528816
18970.751953	-69.980392
18976.135254	-70.676773
18981.518555	-72.984909
18986.901855	-76.217384
18992.285156	-81.491745
18997.668457	-84.852852
19003.051758	-79.053940
19008.435059	-75.561157
19013.818359	-72.646896
19019.201660	-71.052490
19024.584961	-70.700157
19029.968262	-71.467819
19035.351562	-73.050613
19040.734863	-72.341446
19046.118164	-70.040878
19051.501465	-68.913918
19056.884766	-69.040565
19062.268066	-69.367226
19067.651367	-69.612267
19073.034668	-68.823334
19078.417969	-67.376343
19083.801270	-65.911247
19089.184570	-64.801743
19094.567871	-64.654068
19099.951172	-65.626900
19105.334473	-67.148865
19110.717773	-68.026909
19116.101074	-67.926567
19121.484375	-67.667992
19126.867676	-67.904320
19132.250977	-68.827400
19137.634277	-69.646461
19143.017578	-70.044891
19148.400879	-71.310852
19153.784180	-72.875488
19159.167480	-74.608841
19164.550781	-77.022934
19169.934082	-77.687981
19175.317383	-75.465675
19180.700684	-73.649666
19186.083984	-72.775345
19191.467285	-73.073563
19196.850586	-73.737717
19202.233887	-73.171211
19207.617188	-71.195892
19213.000488	-69.923035
19218.383789	-70.070930
19223.767090	-71.917038
19229.150391	-75.737289
19234.533691	-79.691971
19239.916992	-80.565872
19245.300293	-77.013077
19250.683594	-72.699539
19256.066895	-70.255745
19261.450195	-68.757111
19266.833496	-67.242065
19272.216797	-65.975121
19277.600098	-65.067955
19282.983398	-64.496559
19288.366699	-64.854820
19293.750000	-66.266174
19299.133301	-68.883171
19304.516602	-73.496719
19309.899902	-78.679451
19315.283203	-81.073959
19320.666504	-79.265327
19326.049805	-75.435844
19331.433105	-72.961029
19336.816406	-72.220001
19342.199707	-73.100502
19347.583008	-74.187668
19352.966309	-75.215981
19358.349609	-78.981537
19363.732910	-81.714394
19369.116211	-75.839554
19374.499512	-72.333900
19379.882812	-70.940750
19385.266113	-70.578461
19390.649414	-70.830505
19396.032715	-71.980690
19401.416016	-72.188988
19406.799316	-70.060417
19412.182617	-68.411049
19417.565918	-68.290710
19422.949219	-69.423607
19428.332520	-71.707916
19433.715820	-74.749809
19439.099121	-77.411499
19444.482422	-78.534203
19449.865723	-75.319916
19455.249023	-73.232368
19460.632324	-72.813530
19466.015625	-74.030556
19471.398926	-79.022079
19476.782227	-81.857941
19482.165527	-74.708389
19487.548828	-71.857613
19492.932129	-72.789597
19498.315430	-76.564034
19503.698730	-82.991699
19509.082031	-79.893631
19514.465332	-77.387817
19519.848633	-74.258759
19525.231934	-70.902756
19530.615234	-69.244537
19535.998535	-68.739235
19541.381836	-68.349365
19546.765137	-68.128006
19552.148438	-68.322258
19557.531738	-68.707436
19562.915039	-69.739197
19568.298340	-71.191498
19573.681641	-72.666740
19579.064941	-73.662971
19584.448242	-72.370934
19589.831543	-70.231056
19595.214844	-68.423546
19600.598145	-67.285278
19605.981445	-67.728317
19611.364746	-70.081787
19616.748047	-74.184067
19622.131348	-74.224922
19627.514648	-70.343925
19632.897949	-67.928711
19638.281250	-66.194099
19643.664551	-65.354538
19649.047852	-65.529320
19654.431152	-66.419083
19659.814453	-68.221886
19665.197754	-71.712273
19670.581055	-75.357948
19675.964355	-72.769142
19681.347656	-71.463570
19686.730957	-73.868347
19692.114258	-77.424332
19697.497559	-73.581268
19702.880859	-70.205490
19708.264160	-68.207703
19713.647461	-66.658226
19719.030762	-66.133194
19724.414062	-66.988800
19729.797363	-69.363663
19735.180664	-73.744492
19740.563965	-78.556496
19745.947266	-82.950371
19751.330566	-82.133545
19756.713867	-76.958809
19762.097168	-72.830551
19767.480469	-69.675011
19772.863770	-67.423355
19778.247070	-66.697220
19783.630371	-67.079895
19789.013672	-67.886589
19794.396973	-68.415924
19799.780273	-68.670853
19805.163574	-67.935875
19810.546875	-66.607300
19815.930176	-65.640045
19821.313477	-65.351608
19826.696777	-65.713890
19832.080078	-66.154449
19837.463379	-66.550728
19842.846680	-67.464561
19848.229980	-68.787621
19853.613281	-69.821404
19858.996582	-70.474487
19864.379883	-72.135880
19869.763184	-74.794983
19875.146484	-75.791161
19880.529785	-73.018669
19885.913086	-70.172981
19891.296387	-68.803047
19896.679688	-68.729233
19902.062988	-68.819992
19907.446289	-68.642769
19912.829590	-68.832916
19918.212891	-69.057243
19923.596191	-68.792915
19928.979492	-68.897224
19934.362793	-70.194580
19939.746094	-72.488808
19945.129395	-75.762825
19950.512695	-78.270103
19955.895996	-79.056709
19961.279297	-78.389732
19966.662598	-75.792458
19972.045898	-72.589317
19977.429199	-70.763000
19982.812500	-70.277199
19988.195801	-71.421059
19993.579102	-75.503799
19998.962402	-82.182259
20004.345703	-78.420471
20009.729004	-72.663818
20015.112305	-69.495712
20020.495605	-67.591911
20025.878906	-66.729256
20031.262207	-66.899979
20036.645508	-67.452225
20042.028809	-68.922188
20047.412109	-72.396812
20052.795410	-78.525116
20058.178711	-77.447304
20063.562012	-73.616310
20068.945312	-73.236259
20074.328613	-74.258995
20079.711914	-76.070786
20085.095215	-78.790512
20090.478516	-82.471931
20095.861816	-76.411560
20101.245117	-71.013176
20106.628418	-68.402298
20112.011719	-66.637772
20117.395020	-65.658272
20122.778320	-65.520851
20128.161621	-65.991035
20133.544922	-66.689377
20138.928223	-67.170540
20144.311523	-67.320168
20149.694824	-67.646477
20155.078125	-68.461639
20160.461426	-69.599808
20165.844727	-71.213493
20171.228027	-74.474678
20176.611328	-78.847099
20181.994629	-80.225525
20187.377930	-77.273361
20192.761230	-76.195099
20198.144531	-75.948166
20203.527832	-75.643097
20208.911133	-77.436951
20214.294434	-82.590584
20219.677734	-86.122536
20225.061035	-84.437538
20230.444336	-87.287048
20235.827637	-83.219788
20241.210938	-77.210083
20246.594238	-73.120155
20251.977539	-70.166512
20257.360840	-68.023796
20262.744141	-66.928200
20268.127441	-67.193420
20273.510742	-68.145241
20278.894043	-68.991104
20284.277344	-69.287964
20289.660645	-68.950577
20295.043945	-68.891998
20300.427246	-69.099533
20305.810547	-68.807686
20311.193848	-68.475044
20316.577148	-68.618629
20321.960449	-69.395401
20327.343750	-70.814941
20332.727051	-72.685677
20338.110352	-75.241707
20343.493652	-76.910934
20348.876953	-75.196251
20354.260254	-73.126564
20359.643555	-71.182487
20365.026855	-69.279526
20370.410156	-67.839691
20375.793457	-66.997711
20381.176758	-67.089897
20386.560059	-68.035202
20391.943359	-69.122322
20397.326660	-70.862320
20402.709961	-74.681168
20408.093262	-79.444702
20413.476562	-79.060364
20418.859863	-75.723755
20424.243164	-73.371567
20429.626465	-72.431877
20435.009766	-72.056656
20440.393066	-70.753281
20445.776367	-69.152939
20451.159668	-68.540573
20456.542969	-68.910873
20461.926270	-69.181908
20467.309570	-68.272316
20472.692871	-67.417839
20478.076172	-67.523705
20483.459473	-68.087425
20488.842773	-68.353867
20494.226074	-67.919891
20499.609375	-66.748535
20504.992676	-65.528915
20510.375977	-64.970848
20515.759277	-65.305344
20521.142578	-66.028435
20526.525879	-66.870422
20531.909180	-68.463417
20537.292480	-70.788910
20542.675781	-73.481598
20548.059082	-76.287621
20553.442383	-76.946609
20558.825684	-76.298042
20564.208984	-76.082191
20569.592285	-76.220200
20574.975586	-77.892281
20580.358887	-78.358589
20585.742188	-75.178604
20591.125488	-71.732986
20596.508789	-69.168053
20601.892090	-68.158882
20607.275391	-68.184975
20612.658691	-68.994125
20618.041992	-70.181282
20623.425293	-70.621490
20628.808594	-69.436066
20634.191895	-67.729134
20639.575195	-67.019218
20644.958496	-67.490204
20650.341797	-68.557404
20655.725098	-68.098206
20661.108398	-66.427696
20666.491699	-65.293770
20671.875000	-65.360268
20677.258301	-66.333870
20682.641602	-68.236412
20688.024902	-71.426399
20693.408203	-73.350845
20698.791504	-71.704102
20704.174805	-70.675224
20709.558105	-70.982994
20714.941406	-72.017830
20720.324707	-73.956474
20725.708008	-76.285522
20731.091309	-79.293167
20736.474609	-81.685318
20741.857910	-80.224190
20747.241211	-79.094513
20752.624512	-78.215958
20758.007812	-78.797066
20763.391113	-80.994446
20768.774414	-83.409294
20774.157715	-79.109604
20779.541016	-73.612946
20784.924316	-69.768677
20790.307617	-67.154083
20795.690918	-65.663681
20801.074219	-64.699524
20806.457520	-64.277405
20811.840820	-64.659470
20817.224121	-65.749802
20822.607422	-67.616623
20827.990723	-70.122009
20833.374023	-72.831375
20838.757324	-76.864532
20844.140625	-82.785019
20849.523926	-78.986603
20854.907227	-74.562210
20860.290527	-72.897202
20865.673828	-72.323814
20871.057129	-72.168663
20876.440430	-72.940994
20881.823730	-74.399086
20887.207031	-76.796562
20892.590332	-78.759483
20897.973633	-77.296463
20903.356934	-75.020142
20908.740234	-73.579796
20914.123535	-72.524902
20919.506836	-71.667427
20924.890137	-70.286438
20930.273438	-67.975418
20935.656738	-65.658203
20941.040039	-63.901489
20946.423340	-62.637375
20951.806641	-62.023689
20957.189941	-62.032635
20962.573242	-62.415768
20967.956543	-63.193867
20973.339844	-64.240021
20978.723145	-65.354660
20984.106445	-66.713394
20989.489746	-67.590714
20994.873047	-67.981300
21000.256348	-68.503044
21005.639648	-69.111481
21011.022949	-70.728302
21016.406250	-73.973877
21021.789551	-77.394455
21027.172852	-75.776199
21032.556152	-73.410164
21037.939453	-72.033936
21043.322754	-70.933624
21048.706055	-69.910149
21054.089355	-68.839333
21059.472656	-67.428215
21064.855957	-66.718643
21070.239258	-67.112366
21075.622559	-68.094414
21081.005859	-68.472015
21086.389160	-67.699295
21091.772461	-66.384209
21097.155762	-65.342102
21102.539062	-64.744087
21107.922363	-64.262329
21113.305664	-64.112579
21118.688965	-64.123077
21124.072266	-64.066696
21129.455566	-64.285126
21134.838867	-65.158905
21140.222168	-66.936882
21145.605469	-70.234062
21150.988770	-73.130196
21156.372070	-71.958084
21161.755371	-70.084663
21167.138672	-69.003822
21172.521973	-67.758522
21177.905273	-66.501869
21183.288574	-65.871788
21188.671875	-65.720161
21194.055176	-65.083923
21199.438477	-64.222603
21204.821777	-63.969357
21210.205078	-64.370712
21215.588379	-65.636414
21220.971680	-68.661522
21226.354980	-74.112000
21231.738281	-75.657974
21237.121582	-70.412949
21242.504883	-67.768707
21247.888184	-66.858704
21253.271484	-66.990936
21258.654785	-68.051720
21264.038086	-69.226196
21269.421387	-68.995399
21274.804688	-68.543961
21280.187988	-69.751122
21285.571289	-73.190483
21290.954590	-77.947136
21296.337891	-74.355553
21301.721191	-70.497757
21307.104492	-69.115021
21312.487793	-69.566017
21317.871094	-71.696899
21323.254395	-72.986908
21328.637695	-71.237328
21334.020996	-69.821838
21339.404297	-70.165237
21344.787598	-71.639816
21350.170898	-74.046097
21355.554199	-78.447144
21360.937500	-79.992699
21366.320801	-74.769287
21371.704102	-71.607079
21377.087402	-71.186913
21382.470703	-72.362289
21387.854004	-74.709496
21393.237305	-78.213829
21398.620605	-80.334747
21404.003906	-79.631012
21409.387207	-76.255859
21414.770508	-72.509926
21420.153809	-70.649574
21425.537109	-70.713661
21430.920410	-72.577789
21436.303711	-74.869743
21441.687012	-73.356407
21447.070312	-70.428696
21452.453613	-67.910446
21457.836914	-66.322105
21463.220215	-65.402145
21468.603516	-65.136421
21473.986816	-65.753113
21479.370117	-66.954529
21484.753418	-68.930527
21490.136719	-72.380554
21495.520020	-75.935883
21500.903320	-75.385246
21506.286621	-71.420181
21511.669922	-68.458717
21517.053223	-66.968857
21522.436523	-66.712715
21527.819824	-68.436119
21533.203125	-72.524315
21538.586426	-79.329384
21543.969727	-77.644325
21549.353027	-74.029602
21554.736328	-72.538383
21560.119629	-71.218040
21565.502930	-70.577782
21570.886230	-70.937767
21576.269531	-72.305809
21581.652832	-74.585487
21587.036133	-76.347794
21592.419434	-74.520088
21597.802734	-71.777496
21603.186035	-70.530502
21608.569336	-70.668007
21613.952637	-71.533783
21619.335938	-72.496231
21624.719238	-73.092270
21630.102539	-74.759834
21635.485840	-79.400475
21640.869141	-85.599747
21646.252441	-87.297577
21651.635742	-81.363014
21657.019043	-76.215111
21662.402344	-73.699829
21667.785645	-72.358353
21673.168945	-72.136002
21678.552246	-72.981598
21683.935547	-74.092789
21689.318848	-74.143967
21694.702148	-72.511330
21700.085449	-71.224670
21705.468750	-70.989120
21710.852051	-72.204185
21716.235352	-74.087364
21721.618652	-76.350365
21727.001953	-80.209534
21732.385254	-77.336906
21737.768555	-73.141129
21743.151855	-71.575256
21748.535156	-71.399040
21753.918457	-71.611038
21759.301758	-71.269241
21764.685059	-70.939552
21770.068359	-70.894249
21775.451660	-70.822403
21780.834961	-70.644310
21786.218262	-70.517990
21791.601562	-69.929474
21796.984863	-68.928879
21802.368164	-68.566124
21807.751465	-69.137833
21813.134766	-69.955971
21818.518066	-70.991112
21823.901367	-71.373833
21829.284668	-70.952065
21834.667969	-70.712303
21840.051270	-70.351974
21845.434570	-70.186249
21850.817871	-71.742348
21856.201172	-76.133461
21861.584473	-80.608025
21866.967773	-74.049263
21872.351074	-70.199471
21877.734375	-68.305199
21883.117676	-67.014175
21888.500977	-66.662277
21893.884277	-67.463837
21899.267578	-68.465210
21904.650879	-68.580093
21910.034180	-68.982788
21915.417480	-71.137024
21920.800781	-76.655891
21926.184082	-77.590729
21931.567383	-72.469116
21936.950684	-69.933655
21942.333984	-68.443512
21947.717285	-68.281151
21953.100586	-69.276024
21958.483887	-71.062569
21963.867188	-73.541122
21969.250488	-76.379280
21974.633789	-76.475006
21980.017090	-74.447456
21985.400391	-75.142548
21990.783691	-78.345917
21996.166992	-74.893715
22001.550293	-70.737312
22006.933594	-69.748367
22012.316895	-70.520477
22017.700195	-72.314575
22023.083496	-74.286102
22028.466797	-76.107277
22033.850098	-77.910973
22039.233398	-79.661758
22044.616699	-80.452217
