Frequency (Hz)	Level (dB)
5.383301	-57.477467
10.766602	-53.017105
16.149902	-51.198463
21.533203	-50.807880
26.916504	-42.332977
32.299805	-40.451355
37.683105	-42.286186
43.066406	-41.964840
48.449707	-39.543949
53.833008	-39.515911
59.216309	-38.701927
64.599609	-40.376789
69.982910	-41.787529
75.366211	-41.640709
80.749512	-41.520344
86.132812	-41.945084
91.516113	-42.619011
96.899414	-44.193073
102.282715	-46.021965
107.666016	-47.984562
113.049316	-46.420708
118.432617	-44.439163
123.815918	-42.989254
129.199219	-43.833199
134.582520	-47.205406
139.965820	-47.804394
145.349121	-44.051338
150.732422	-42.848869
156.115723	-42.041103
161.499023	-41.663147
166.882324	-39.436184
172.265625	-36.847694
177.648926	-35.188305
183.032227	-34.582550
188.415527	-34.574810
193.798828	-34.723537
199.182129	-33.635918
204.565430	-31.476122
209.948730	-29.861868
215.332031	-28.697203
220.715332	-29.448164
226.098633	-32.702549
231.481934	-35.960403
236.865234	-35.623310
242.248535	-34.278648
247.631836	-33.362602
253.015137	-33.394958
258.398438	-35.525852
263.781738	-41.555347
269.165039	-40.287827
274.548340	-34.814415
279.931641	-34.058254
285.314941	-34.799946
290.698242	-33.616196
296.081543	-33.041500
301.464844	-34.190971
306.848145	-35.421947
312.231445	-32.803074
317.614746	-29.939249
322.998047	-28.387527
328.381348	-27.596989
333.764648	-27.550495
339.147949	-30.223297
344.531250	-34.608234
349.914551	-36.162682
355.297852	-36.005054
360.681152	-35.042313
366.064453	-33.978100
371.447754	-32.640957
376.831055	-32.599846
382.214355	-33.054333
387.597656	-33.118668
392.980957	-33.303612
398.364258	-34.380421
403.747559	-36.422783
409.130859	-35.664188
414.514160	-34.299740
419.897461	-35.560421
425.280762	-35.840157
430.664062	-33.022804
436.047363	-31.811934
441.430664	-32.258648
446.813965	-33.259956
452.197266	-32.838127
457.580566	-30.318007
462.963867	-28.760326
468.347168	-28.047056
473.730469	-28.444286
479.113770	-30.665792
484.497070	-31.342466
489.880371	-29.026314
495.263672	-28.476702
500.646973	-28.290388
506.030273	-28.943504
511.413574	-31.423698
516.796875	-35.860001
522.180176	-40.377548
527.563477	-40.592327
532.946777	-36.937504
538.330078	-35.589218
543.713379	-35.711758
549.096680	-37.247494
554.479980	-38.339142
559.863281	-39.121120
565.246582	-40.628250
570.629883	-41.859062
576.013184	-39.891724
581.396484	-38.032879
586.779785	-37.916367
592.163086	-41.235561
597.546387	-48.247356
602.929688	-41.143665
608.312988	-37.975601
613.696289	-38.737076
619.079590	-39.758667
624.462891	-35.844414
629.846191	-30.350088
635.229492	-27.179594
640.612793	-27.170942
645.996094	-29.178875
651.379395	-33.739937
656.762695	-43.737377
662.145996	-33.863487
667.529297	-29.009996
672.912598	-27.904417
678.295898	-28.721102
683.679199	-29.608675
689.062500	-29.716682
694.445801	-30.375130
699.829102	-31.675692
705.212402	-32.653095
710.595703	-33.562813
715.979004	-35.995312
721.362305	-41.248600
726.745605	-38.063763
732.128906	-33.582737
737.512207	-33.264183
742.895508	-36.061634
748.278809	-38.077644
753.662109	-38.557903
759.045410	-38.234058
764.428711	-38.718842
769.812012	-36.284645
775.195312	-35.200371
780.578613	-37.509155
785.961914	-41.579544
791.345215	-47.232536
796.728516	-54.256882
802.111816	-46.250736
807.495117	-44.409176
812.878418	-46.551289
818.261719	-52.034252
823.645020	-59.932652
829.028320	-46.545162
834.411621	-42.011238
839.794922	-42.357155
845.178223	-45.797962
850.561523	-47.114067
855.944824	-49.281796
861.328125	-56.077530
866.711426	-53.926460
872.094727	-50.506424
877.478027	-49.183502
882.861328	-48.040825
888.244629	-48.272671
893.627930	-49.226097
899.011230	-47.892990
904.394531	-49.663227
909.777832	-52.729721
915.161133	-54.425629
920.544434	-52.332905
925.927734	-50.820663
931.311035	-51.884808
936.694336	-53.714062
942.077637	-53.665562
947.460938	-49.782410
952.844238	-48.058430
958.227539	-48.712128
963.610840	-48.806671
968.994141	-45.099052
974.377441	-43.414703
979.760742	-45.512951
985.144043	-48.403152
990.527344	-49.823582
995.910645	-48.783588
1001.293945	-49.734062
1006.677246	-50.776752
1012.060547	-50.598259
1017.443848	-49.138748
1022.827148	-47.872356
1028.210449	-49.133255
1033.593750	-52.913593
1038.977051	-56.808628
1044.360352	-51.021698
1049.743652	-47.585705
1055.126953	-47.906643
1060.510254	-50.845692
1065.893555	-56.098553
1071.276855	-59.290432
1076.660156	-56.509270
1082.043457	-53.355114
1087.426758	-54.312550
1092.810059	-52.164387
1098.193359	-45.894081
1103.576660	-44.615196
1108.959961	-44.443279
1114.343262	-44.704460
1119.726562	-41.674480
1125.109863	-38.326008
1130.493164	-38.154720
1135.876465	-41.035942
1141.259766	-43.177124
1146.643066	-43.759418
1152.026367	-44.783310
1157.409668	-45.530449
1162.792969	-47.213589
1168.176270	-48.782017
1173.559570	-49.824181
1178.942871	-53.787979
1184.326172	-58.366619
1189.709473	-58.161793
1195.092773	-60.451965
1200.476074	-58.772251
1205.859375	-58.307270
1211.242676	-60.704605
1216.625977	-59.529297
1222.009277	-56.834862
1227.392578	-54.178272
1232.775879	-52.872009
1238.159180	-50.973000
1243.542480	-52.189747
1248.925781	-54.463505
1254.309082	-53.482033
1259.692383	-53.033520
1265.075684	-55.426693
1270.458984	-62.174553
1275.842285	-60.883766
1281.225586	-59.799870
1286.608887	-65.908638
1291.992188	-63.220409
1297.375488	-60.913940
1302.758789	-60.642635
1308.142090	-58.381733
1313.525391	-52.520203
1318.908691	-49.802059
1324.291992	-49.090946
1329.675293	-47.950920
1335.058594	-49.488609
1340.441895	-52.230362
1345.825195	-54.371746
1351.208496	-54.386162
1356.591797	-50.360020
1361.975098	-49.269974
1367.358398	-51.050587
1372.741699	-56.371830
1378.125000	-54.720482
1383.508301	-51.262482
1388.891602	-53.054623
1394.274902	-52.838036
1399.658203	-48.226917
1405.041504	-48.291653
1410.424805	-53.973675
1415.808105	-52.895916
1421.191406	-47.092827
1426.574707	-45.645515
1431.958008	-47.739414
1437.341309	-55.148849
1442.724609	-55.174789
1448.107910	-51.556259
1453.491211	-48.967224
1458.874512	-46.899555
1464.257812	-47.177509
1469.641113	-49.722412
1475.024414	-49.708988
1480.407715	-48.646019
1485.791016	-47.966923
1491.174316	-45.954750
1496.557617	-45.994946
1501.940918	-49.427162
1507.324219	-54.334740
1512.707520	-55.996983
1518.090820	-58.993065
1523.474121	-55.871944
1528.857422	-50.959614
1534.240723	-48.727318
1539.624023	-47.754074
1545.007324	-49.043034
1550.390625	-49.858654
1555.773926	-48.893784
1561.157227	-49.686363
1566.540527	-53.140911
1571.923828	-55.913460
1577.307129	-54.549774
1582.690430	-56.691689
1588.073730	-61.128910
1593.457031	-52.830662
1598.840332	-49.508289
1604.223633	-49.437584
1609.606934	-51.036324
1614.990234	-52.339718
1620.373535	-51.410057
1625.756836	-49.550091
1631.140137	-47.938011
1636.523438	-46.956085
1641.906738	-46.331753
1647.290039	-45.913349
1652.673340	-45.866093
1658.056641	-46.287086
1663.439941	-48.923702
1668.823242	-54.465336
1674.206543	-53.402195
1679.589844	-52.434116
1684.973145	-54.619179
1690.356445	-56.534828
1695.739746	-53.567684
1701.123047	-51.030933
1706.506348	-47.810238
1711.889648	-46.783058
1717.272949	-48.656723
1722.656250	-52.058598
1728.039551	-55.149979
1733.422852	-58.015694
1738.806152	-59.158775
1744.189453	-53.279037
1749.572754	-49.843311
1754.956055	-49.697655
1760.339355	-52.486923
1765.722656	-56.288746
1771.105957	-55.399643
1776.489258	-54.273834
1781.872559	-54.578094
1787.255859	-58.650925
1792.639160	-62.262581
1798.022461	-58.891190
1803.405762	-58.523884
1808.789062	-60.734074
1814.172363	-59.177460
1819.555664	-54.192669
1824.938965	-52.161495
1830.322266	-54.408501
1835.705566	-65.864838
1841.088867	-57.822964
1846.472168	-53.647377
1851.855469	-51.465080
1857.238770	-51.837303
1862.622070	-52.551491
1868.005371	-51.657757
1873.388672	-51.034916
1878.771973	-50.593510
1884.155273	-49.810802
1889.538574	-49.518162
1894.921875	-51.478882
1900.305176	-55.837040
1905.688477	-61.173210
1911.071777	-61.241737
1916.455078	-58.400719
1921.838379	-57.638596
1927.221680	-58.747528
1932.604980	-63.676773
1937.988281	-67.036087
1943.371582	-59.880264
1948.754883	-56.964279
1954.138184	-55.184303
1959.521484	-54.308113
1964.904785	-57.027340
1970.288086	-64.260262
1975.671387	-67.592560
1981.054688	-59.959232
1986.437988	-55.721554
1991.821289	-53.397114
1997.204590	-51.845943
2002.587891	-52.032009
2007.971191	-53.923954
2013.354492	-56.997364
2018.737793	-59.577129
2024.121094	-64.180801
2029.504395	-72.439262
2034.887695	-64.095825
2040.270996	-57.917591
2045.654297	-54.484222
2051.037598	-52.115891
2056.420898	-51.831341
2061.804199	-54.617027
2067.187500	-56.632130
2072.570801	-55.283813
2077.954102	-54.840733
2083.337402	-56.246265
2088.720703	-55.619427
2094.104004	-53.228718
2099.487305	-52.010483
2104.870605	-53.527695
2110.253906	-55.689510
2115.637207	-55.870777
2121.020508	-55.118584
2126.403809	-55.093994
2131.787109	-55.945091
2137.170410	-56.094246
2142.553711	-57.954643
2147.937012	-59.902901
2153.320312	-57.195930
2158.703613	-53.861057
2164.086914	-53.957600
2169.470215	-57.425018
2174.853516	-60.434029
2180.236816	-59.797478
2185.620117	-57.664719
2191.003418	-55.485447
2196.386719	-55.849354
2201.770020	-59.956032
2207.153320	-56.937531
2212.536621	-53.499413
2217.919922	-52.125546
2223.303223	-52.351460
2228.686523	-54.515995
2234.069824	-59.416832
2239.453125	-62.996456
2244.836426	-63.848839
2250.219727	-60.292931
2255.603027	-57.774437
2260.986328	-55.508610
2266.369629	-54.294174
2271.752930	-53.889263
2277.136230	-53.437305
2282.519531	-53.807888
2287.902832	-56.067642
2293.286133	-59.816185
2298.669434	-63.401016
2304.052734	-65.275322
2309.436035	-68.106384
2314.819336	-72.706238
2320.202637	-69.153786
2325.585938	-66.760941
2330.969238	-73.706291
2336.352539	-63.306355
2341.735840	-57.817558
2347.119141	-54.714912
2352.502441	-52.595440
2357.885742	-51.673988
2363.269043	-51.431797
2368.652344	-50.178680
2374.035645	-49.039585
2379.418945	-49.017731
2384.802246	-49.332451
2390.185547	-49.131821
2395.568848	-49.144966
2400.952148	-49.392231
2406.335449	-50.059582
2411.718750	-51.333260
2417.102051	-52.600452
2422.485352	-52.233845
2427.868652	-49.803890
2433.251953	-48.134518
2438.635254	-48.644989
2444.018555	-50.528740
2449.401855	-51.194328
2454.785156	-51.108227
2460.168457	-52.846718
2465.551758	-57.743214
2470.935059	-58.558636
2476.318359	-55.064545
2481.701660	-53.952400
2487.084961	-53.488270
2492.468262	-54.467590
2497.851562	-56.716888
2503.234863	-56.827019
2508.618164	-55.955177
2514.001465	-55.417881
2519.384766	-55.371269
2524.768066	-56.452053
2530.151367	-58.064156
2535.534668	-59.414616
2540.917969	-60.972450
2546.301270	-60.496109
2551.684570	-61.083504
2557.067871	-60.564148
2562.451172	-57.036724
2567.834473	-55.774460
2573.217773	-55.355354
2578.601074	-54.779640
2583.984375	-56.373432
2589.367676	-55.693573
2594.750977	-54.440475
2600.134277	-55.738277
2605.517578	-56.391483
2610.900879	-54.471973
2616.284180	-54.841064
2621.667480	-55.744366
2627.050781	-55.395603
2632.434082	-55.367809
2637.817383	-55.582264
2643.200684	-55.710281
2648.583984	-57.931377
2653.967285	-59.194206
2659.350586	-57.487907
2664.733887	-56.348946
2670.117188	-55.882690
2675.500488	-55.786819
2680.883789	-54.968788
2686.267090	-53.784283
2691.650391	-53.602741
2697.033691	-54.367386
2702.416992	-54.788658
2707.800293	-53.892906
2713.183594	-51.617313
2718.566895	-50.158573
2723.950195	-50.457508
2729.333496	-50.602177
2734.716797	-49.515465
2740.100098	-48.885902
2745.483398	-48.729279
2750.866699	-49.343475
2756.250000	-50.405987
2761.633301	-51.679249
2767.016602	-52.384533
2772.399902	-53.106625
2777.783203	-53.224403
2783.166504	-53.312489
2788.549805	-54.109825
2793.933105	-55.872822
2799.316406	-57.572708
2804.699707	-56.003738
2810.083008	-54.312122
2815.466309	-53.761013
2820.849609	-52.472637
2826.232910	-51.061253
2831.616211	-50.559597
2836.999512	-50.585358
2842.382812	-51.218563
2847.766113	-52.206715
2853.149414	-54.873550
2858.532715	-61.948193
2863.916016	-70.500961
2869.299316	-62.352272
2874.682617	-58.900158
2880.065918	-58.679802
2885.449219	-58.209267
2890.832520	-57.294212
2896.215820	-57.961617
2901.599121	-56.392544
2906.982422	-54.385643
2912.365723	-55.735954
2917.749023	-56.788887
2923.132324	-54.727100
2928.515625	-53.156261
2933.898926	-52.967422
2939.282227	-52.936054
2944.665527	-53.073975
2950.048828	-54.021019
2955.432129	-54.439522
2960.815430	-54.570293
2966.198730	-55.412891
2971.582031	-57.455143
2976.965332	-58.968407
2982.348633	-57.789555
2987.731934	-57.526836
2993.115234	-58.364712
2998.498535	-56.799515
3003.881836	-54.228062
3009.265137	-52.677155
3014.648438	-51.496082
3020.031738	-50.902439
3025.415039	-50.595665
3030.798340	-49.748764
3036.181641	-49.040157
3041.564941	-48.905033
3046.948242	-48.626640
3052.331543	-48.960411
3057.714844	-49.914516
3063.098145	-50.671890
3068.481445	-52.023045
3073.864746	-53.696980
3079.248047	-55.086048
3084.631348	-55.403671
3090.014648	-54.445599
3095.397949	-53.359379
3100.781250	-52.852360
3106.164551	-52.754215
3111.547852	-54.075901
3116.931152	-56.242905
3122.314453	-55.613575
3127.697754	-53.875637
3133.081055	-54.540394
3138.464355	-57.737110
3143.847656	-60.994061
3149.230957	-58.745674
3154.614258	-56.890141
3159.997559	-57.812397
3165.380859	-60.387333
3170.764160	-57.218418
3176.147461	-55.990269
3181.530762	-57.537601
3186.914062	-57.931446
3192.297363	-56.716755
3197.680664	-54.645634
3203.063965	-52.834782
3208.447266	-51.857029
3213.830566	-50.553982
3219.213867	-49.525696
3224.597168	-49.766449
3229.980469	-50.709679
3235.363770	-50.629036
3240.747070	-49.959541
3246.130371	-50.756538
3251.513672	-52.443001
3256.896973	-52.864841
3262.280273	-52.321556
3267.663574	-51.867466
3273.046875	-51.995529
3278.430176	-52.483715
3283.813477	-51.760860
3289.196777	-50.343185
3294.580078	-50.049263
3299.963379	-51.362461
3305.346680	-52.864941
3310.729980	-53.261364
3316.113281	-54.463669
3321.496582	-58.488850
3326.879883	-62.870487
3332.263184	-58.656963
3337.646484	-55.812710
3343.029785	-53.845974
3348.413086	-51.883411
3353.796387	-50.766613
3359.179688	-49.356255
3364.562988	-48.955948
3369.946289	-51.378365
3375.329590	-55.244209
3380.712891	-52.768280
3386.096191	-49.583359
3391.479492	-48.103886
3396.862793	-48.056229
3402.246094	-48.337414
3407.629395	-48.673588
3413.012695	-49.081226
3418.395996	-49.508011
3423.779297	-50.586117
3429.162598	-52.891899
3434.545898	-55.828701
3439.929199	-59.250706
3445.312500	-64.424370
3450.695801	-75.440598
3456.079102	-65.155067
3461.462402	-64.765305
3466.845703	-66.834023
3472.229004	-66.077393
3477.612305	-69.967117
3482.995605	-66.611389
3488.378906	-59.288361
3493.762207	-54.185192
3499.145508	-53.254276
3504.528809	-56.023399
3509.912109	-58.864582
3515.295410	-58.373600
3520.678711	-57.249809
3526.062012	-56.793762
3531.445312	-56.522076
3536.828613	-57.763054
3542.211914	-61.754345
3547.595215	-66.469284
3552.978516	-69.921181
3558.361816	-70.276062
3563.745117	-74.035545
3569.128418	-77.993500
3574.511719	-69.104927
3579.895020	-68.688843
3585.278320	-74.077011
3590.661621	-72.456589
3596.044922	-65.128883
3601.428223	-62.380024
3606.811523	-61.587738
3612.194824	-62.243309
3617.578125	-63.372787
3622.961426	-65.313148
3628.344727	-61.795200
3633.728027	-61.088848
3639.111328	-66.105659
3644.494629	-70.379852
3649.877930	-62.491360
3655.261230	-60.967690
3660.644531	-64.139671
3666.027832	-69.471962
3671.411133	-64.328621
3676.794434	-61.486950
3682.177734	-61.032444
3687.561035	-61.060024
3692.944336	-58.905476
3698.327637	-56.873627
3703.710938	-57.507362
3709.094238	-60.918087
3714.477539	-62.467319
3719.860840	-58.934940
3725.244141	-57.134384
3730.627441	-58.649426
3736.010742	-62.788494
3741.394043	-65.089920
3746.777344	-63.781769
3752.160645	-64.176781
3757.543945	-64.665314
3762.927246	-61.302670
3768.310547	-57.808117
3773.693848	-56.675579
3779.077148	-57.502922
3784.460449	-58.973362
3789.843750	-59.233368
3795.227051	-59.425186
3800.610352	-59.713108
3805.993652	-59.651566
3811.376953	-57.428791
3816.760254	-56.045483
3822.143555	-56.240410
3827.526855	-56.626774
3832.910156	-54.943558
3838.293457	-52.914303
3843.676758	-52.497807
3849.060059	-53.295601
3854.443359	-52.850864
3859.826660	-52.729443
3865.209961	-53.308163
3870.593262	-54.074192
3875.976562	-55.972015
3881.359863	-58.055836
3886.743164	-61.053864
3892.126465	-68.879227
3897.509766	-67.457230
3902.893066	-63.010536
3908.276367	-58.900730
3913.659668	-57.105736
3919.042969	-58.411270
3924.426270	-58.982655
3929.809570	-58.345921
3935.192871	-59.402252
3940.576172	-62.380432
3945.959473	-62.306725
3951.342773	-63.359039
3956.726074	-71.409370
3962.109375	-72.820473
3967.492676	-65.994141
3972.875977	-61.910126
3978.259277	-59.975605
3983.642578	-58.257977
3989.025879	-56.775280
3994.409180	-56.699810
3999.792480	-58.240200
4005.175781	-60.791325
4010.559082	-64.340363
4015.942383	-66.137222
4021.325684	-62.501007
4026.708984	-59.864586
4032.092285	-59.798954
4037.475586	-61.507015
4042.858887	-63.243980
4048.242188	-65.861069
4053.625488	-66.770607
4059.008789	-65.940575
4064.392090	-64.572289
4069.775391	-63.923874
4075.158691	-63.514713
4080.541992	-62.871475
4085.925293	-62.830631
4091.308594	-61.753357
4096.691895	-60.052807
4102.075195	-59.926472
4107.458496	-60.657494
4112.841797	-61.090935
4118.225098	-61.601562
4123.608398	-60.523872
4128.991699	-59.392815
4134.375000	-59.915882
4139.758301	-62.013386
4145.141602	-63.604958
4150.524902	-61.391945
4155.908203	-59.663589
4161.291504	-57.755280
4166.674805	-55.482494
4172.058105	-54.486172
4177.441406	-54.238216
4182.824707	-53.278069
4188.208008	-51.856209
4193.591309	-51.649826
4198.974609	-52.866623
4204.357910	-54.307613
4209.741211	-55.126087
4215.124512	-56.556721
4220.507812	-60.335701
4225.891113	-70.070992
4231.274414	-65.307304
4236.657715	-58.788521
4242.041016	-55.105221
4247.424316	-53.209629
4252.807617	-51.939762
4258.190918	-51.725651
4263.574219	-52.890732
4268.957520	-54.431011
4274.340820	-55.320118
4279.724121	-55.697422
4285.107422	-55.665169
4290.490723	-55.292706
4295.874023	-56.249332
4301.257324	-58.351456
4306.640625	-60.922367
4312.023926	-62.958946
4317.407227	-62.038708
4322.790527	-61.186600
4328.173828	-62.345715
4333.557129	-66.537743
4338.940430	-71.466072
4344.323730	-70.313141
4349.707031	-64.357109
4355.090332	-59.520199
4360.473633	-57.880661
4365.856934	-59.965397
4371.240234	-63.051414
4376.623535	-60.113144
4382.006836	-58.285465
4387.390137	-58.432858
4392.773438	-59.928646
4398.156738	-62.015270
4403.540039	-61.206303
4408.923340	-59.990921
4414.306641	-60.292374
4419.689941	-62.133064
4425.073242	-62.530258
4430.456543	-62.155666
4435.839844	-62.216007
4441.223145	-63.304253
4446.606445	-63.720043
4451.989746	-60.454311
4457.373047	-59.030632
4462.756348	-59.652225
4468.139648	-59.876648
4473.522949	-59.060139
4478.906250	-58.056561
4484.289551	-58.505234
4489.672852	-59.261860
4495.056152	-57.232521
4500.439453	-54.371864
4505.822754	-54.119934
4511.206055	-57.116158
4516.589355	-59.049107
4521.972656	-57.577858
4527.355957	-57.275532
4532.739258	-57.854454
4538.122559	-58.697918
4543.505859	-59.436893
4548.889160	-60.651863
4554.272461	-62.415829
4559.655762	-64.953041
4565.039062	-69.487846
4570.422363	-74.022156
4575.805664	-76.559593
4581.188965	-78.627892
4586.572266	-75.322922
4591.955566	-72.783112
4597.338867	-67.876099
4602.722168	-61.969906
4608.105469	-57.900574
4613.488770	-56.301476
4618.872070	-56.093521
4624.255371	-56.717640
4629.638672	-57.272427
4635.021973	-56.872902
4640.405273	-57.151886
4645.788574	-58.064919
4651.171875	-57.272896
4656.555176	-56.856277
4661.938477	-56.539944
4667.321777	-55.555363
4672.705078	-54.737743
4678.088379	-54.159920
4683.471680	-53.803215
4688.854980	-53.421257
4694.238281	-53.051907
4699.621582	-52.517090
4705.004883	-51.404556
4710.388184	-50.613094
4715.771484	-50.407230
4721.154785	-50.638237
4726.538086	-52.514565
4731.921387	-56.793095
4737.304688	-62.797836
4742.687988	-62.648193
4748.071289	-58.078003
4753.454590	-56.885517
4758.837891	-57.665924
4764.221191	-58.891598
4769.604492	-58.814682
4774.987793	-58.234043
4780.371094	-58.385513
4785.754395	-58.614178
4791.137695	-58.937626
4796.520996	-59.211514
4801.904297	-60.521317
4807.287598	-62.854832
4812.670898	-67.359688
4818.054199	-64.552872
4823.437500	-59.492062
4828.820801	-59.229488
4834.204102	-60.489449
4839.587402	-59.898510
4844.970703	-57.537926
4850.354004	-57.420849
4855.737305	-59.063183
4861.120605	-62.224991
4866.503906	-61.129227
4871.887207	-58.765263
4877.270508	-57.648273
4882.653809	-57.951721
4888.037109	-57.725380
4893.420410	-55.065815
4898.803711	-53.058544
4904.187012	-53.429844
4909.570312	-54.583763
4914.953613	-53.107853
4920.336914	-51.299076
4925.720215	-50.606812
4931.103516	-51.630253
4936.486816	-54.430420
4941.870117	-54.796642
4947.253418	-52.178154
4952.636719	-50.897640
4958.020020	-51.464554
4963.403320	-52.772144
4968.786621	-53.818195
4974.169922	-53.774914
4979.553223	-54.130402
4984.936523	-56.099621
4990.319824	-60.872253
4995.703125	-67.660538
5001.086426	-65.892197
5006.469727	-63.187420
5011.853027	-63.140305
5017.236328	-65.817673
5022.619629	-67.187531
5028.002930	-63.052502
5033.386230	-60.482395
5038.769531	-59.515640
5044.152832	-59.846619
5049.536133	-59.788742
5054.919434	-59.058346
5060.302734	-58.103165
5065.686035	-57.707249
5071.069336	-58.211411
5076.452637	-60.794296
5081.835938	-66.928658
5087.219238	-72.347290
5092.602539	-65.136719
5097.985840	-58.415886
5103.369141	-55.517075
5108.752441	-55.538967
5114.135742	-56.347801
5119.519043	-57.035324
5124.902344	-56.111465
5130.285645	-55.505661
5135.668945	-55.091534
5141.052246	-55.157017
5146.435547	-55.692635
5151.818848	-56.342953
5157.202148	-56.262951
5162.585449	-56.030083
5167.968750	-56.995934
5173.352051	-57.639370
5178.735352	-54.788177
5184.118652	-51.866802
5189.501953	-50.077095
5194.885254	-49.546928
5200.268555	-49.626209
5205.651855	-49.606384
5211.035156	-49.707260
5216.418457	-49.349617
5221.801758	-48.677860
5227.185059	-48.068863
5232.568359	-48.015594
5237.951660	-48.382011
5243.334961	-48.504906
5248.718262	-48.745621
5254.101562	-49.456154
5259.484863	-50.139126
5264.868164	-50.541294
5270.251465	-51.002110
5275.634766	-51.873451
5281.018066	-52.419769
5286.401367	-53.223835
5291.784668	-54.946899
5297.167969	-54.935654
5302.551270	-53.566795
5307.934570	-52.443130
5313.317871	-51.371883
5318.701172	-50.904972
5324.084473	-51.252071
5329.467773	-52.136429
5334.851074	-53.632877
5340.234375	-54.572964
5345.617676	-54.003666
5351.000977	-53.399738
5356.384277	-53.719994
5361.767578	-54.807377
5367.150879	-55.081039
5372.534180	-53.985176
5377.917480	-53.436771
5383.300781	-53.851845
5388.684082	-54.622654
5394.067383	-54.760109
5399.450684	-54.547935
5404.833984	-55.243534
5410.217285	-57.132080
5415.600586	-59.098911
5420.983887	-59.932411
5426.367188	-60.510201
5431.750488	-62.278210
5437.133789	-65.478508
5442.517090	-69.239189
5447.900391	-70.493202
5453.283691	-69.428841
5458.666992	-68.645988
5464.050293	-69.448807
5469.433594	-72.187729
5474.816895	-73.375717
5480.200195	-73.806465
5485.583496	-66.960190
5490.966797	-62.152592
5496.350098	-60.164455
5501.733398	-59.327339
5507.116699	-58.538937
5512.500000	-57.143745
5517.883301	-55.742867
5523.266602	-55.161430
5528.649902	-55.193119
5534.033203	-55.091599
5539.416504	-55.429863
5544.799805	-57.766033
5550.183105	-63.779057
5555.566406	-72.580933
5560.949707	-66.016121
5566.333008	-62.877781
5571.716309	-59.936646
5577.099609	-57.792183
5582.482910	-56.881226
5587.866211	-55.464668
5593.249512	-53.808445
5598.632812	-53.052063
5604.016113	-53.201759
5609.399414	-53.809303
5614.782715	-53.566353
5620.166016	-52.667233
5625.549316	-52.874382
5630.932617	-54.248360
5636.315918	-54.583038
5641.699219	-53.827015
5647.082520	-54.005146
5652.465820	-55.014179
5657.849121	-55.338947
5663.232422	-54.071671
5668.615723	-52.924427
5673.999023	-52.215519
5679.382324	-52.281582
5684.765625	-52.669186
5690.148926	-52.421120
5695.532227	-52.140121
5700.915527	-52.935268
5706.298828	-54.274395
5711.682129	-54.942043
5717.065430	-54.861778
5722.448730	-55.051895
5727.832031	-55.349892
5733.215332	-55.801407
5738.598633	-56.771561
5743.981934	-57.245541
5749.365234	-58.528736
5754.748535	-62.459827
5760.131836	-71.892433
5765.515137	-63.566444
5770.898438	-54.186909
5776.281738	-50.510040
5781.665039	-49.780361
5787.048340	-49.795296
5792.431641	-50.068146
5797.814941	-51.442810
5803.198242	-53.794868
5808.581543	-55.240124
5813.964844	-54.908493
5819.348145	-54.885773
5824.731445	-55.176212
5830.114746	-54.808399
5835.498047	-54.823059
5840.881348	-55.312424
5846.264648	-55.498287
5851.647949	-56.091400
5857.031250	-57.079048
5862.414551	-57.880280
5867.797852	-59.240459
5873.181152	-61.068619
5878.564453	-61.825977
5883.947754	-60.665211
5889.331055	-59.048630
5894.714355	-58.311729
5900.097656	-58.834000
5905.480957	-60.435394
5910.864258	-61.780800
5916.247559	-62.185543
5921.630859	-62.668350
5927.014160	-63.661964
5932.397461	-65.651695
5937.780762	-67.157608
5943.164062	-66.508263
5948.547363	-67.231110
5953.930664	-68.996597
5959.313965	-69.821526
5964.697266	-68.603767
5970.080566	-65.082787
5975.463867	-62.409359
5980.847168	-60.781445
5986.230469	-59.506607
5991.613770	-57.942318
5996.997070	-57.072647
6002.380371	-56.752831
6007.763672	-56.845013
6013.146973	-57.395130
6018.530273	-57.889072
6023.913574	-58.711536
6029.296875	-59.080193
6034.680176	-59.349167
6040.063477	-60.670708
6045.446777	-62.023933
6050.830078	-62.341530
6056.213379	-62.177856
6061.596680	-62.177959
6066.979980	-62.817772
6072.363281	-64.327789
6077.746582	-66.975006
6083.129883	-70.015076
6088.513184	-72.947647
6093.896484	-77.193741
6099.279785	-85.179047
6104.663086	-72.443001
6110.046387	-65.967224
6115.429688	-63.048103
6120.812988	-61.882507
6126.196289	-61.329243
6131.579590	-61.570381
6136.962891	-63.119957
6142.346191	-65.629578
6147.729492	-69.151619
6153.112793	-69.696617
6158.496094	-66.171997
6163.879395	-63.627995
6169.262695	-62.763744
6174.645996	-62.841274
6180.029297	-62.992462
6185.412598	-63.996059
6190.795898	-66.369728
6196.179199	-68.304901
6201.562500	-66.419228
6206.945801	-64.608978
6212.329102	-63.611565
6217.712402	-63.215755
6223.095703	-63.278366
6228.479004	-63.623631
6233.862305	-64.278061
6239.245605	-64.318535
6244.628906	-62.713184
6250.012207	-61.266956
6255.395508	-60.700539
6260.778809	-60.973530
6266.162109	-61.528595
6271.545410	-61.144207
6276.928711	-60.422318
6282.312012	-60.441048
6287.695312	-61.205090
6293.078613	-61.869358
6298.461914	-62.228962
6303.845215	-63.112003
6309.228516	-65.191818
6314.611816	-67.085732
6319.995117	-66.348419
6325.378418	-64.962379
6330.761719	-64.806244
6336.145020	-66.020126
6341.528320	-66.425430
6346.911621	-64.760834
6352.294922	-64.088440
6357.678223	-64.454460
6363.061523	-64.201401
6368.444824	-63.611576
6373.828125	-63.985279
6379.211426	-64.006142
6384.594727	-63.610786
6389.978027	-64.297798
6395.361328	-65.665421
6400.744629	-66.920082
6406.127930	-68.373474
6411.511230	-74.007339
6416.894531	-78.582222
6422.277832	-69.878479
6427.661133	-67.154716
6433.044434	-66.409988
6438.427734	-64.891029
6443.811035	-62.560287
6449.194336	-60.748100
6454.577637	-59.963974
6459.960938	-59.290508
6465.344238	-58.002064
6470.727539	-56.897533
6476.110840	-56.779987
6481.494141	-57.584347
6486.877441	-58.245804
6492.260742	-57.864788
6497.644043	-57.171650
6503.027344	-57.119183
6508.410645	-57.223488
6513.793945	-57.137119
6519.177246	-56.849739
6524.560547	-56.481236
6529.943848	-56.342125
6535.327148	-56.351646
6540.710449	-56.364025
6546.093750	-56.679779
6551.477051	-57.248241
6556.860352	-57.767693
6562.243652	-58.431374
6567.626953	-58.664528
6573.010254	-58.520588
6578.393555	-58.664433
6583.776855	-59.246174
6589.160156	-59.464069
6594.543457	-59.370182
6599.926758	-59.395123
6605.310059	-59.963818
6610.693359	-60.652405
6616.076660	-60.821568
6621.459961	-61.214500
6626.843262	-61.826900
6632.226562	-61.916119
6637.609863	-61.935284
6642.993164	-62.197262
6648.376465	-62.453571
6653.759766	-63.226761
6659.143066	-64.801079
6664.526367	-66.178055
6669.909668	-67.060471
6675.292969	-67.742920
6680.676270	-69.065811
6686.059570	-72.085014
6691.442871	-77.579445
6696.826172	-89.995941
6702.209473	-82.571426
6707.592773	-80.351883
6712.976074	-80.023926
6718.359375	-81.592247
6723.742676	-81.143082
6729.125977	-79.892143
6734.509277	-77.884911
6739.892578	-75.505356
6745.275879	-72.172539
6750.659180	-69.211761
6756.042480	-67.267365
6761.425781	-66.019424
6766.809082	-65.234802
6772.192383	-64.271675
6777.575684	-63.140694
6782.958984	-62.647343
6788.342285	-63.446205
6793.725586	-65.518143
6799.108887	-67.427460
6804.492188	-68.881531
6809.875488	-72.144402
6815.258789	-79.311195
6820.642090	-73.920250
6826.025391	-68.159195
6831.408691	-65.608658
6836.791992	-64.265114
6842.175293	-63.292191
6847.558594	-62.635826
6852.941895	-62.718678
6858.325195	-63.624725
6863.708496	-64.769638
6869.091797	-65.968216
6874.475098	-66.862686
6879.858398	-66.832481
6885.241699	-66.110947
6890.625000	-65.668770
6896.008301	-65.595505
6901.391602	-66.400024
6906.774902	-68.710144
6912.158203	-70.191383
6917.541504	-69.759293
6922.924805	-71.191536
6928.308105	-74.360046
6933.691406	-74.686302
6939.074707	-74.928185
6944.458008	-76.724144
6949.841309	-75.739899
6955.224609	-74.477928
6960.607910	-75.352379
6965.991211	-79.394997
6971.374512	-86.974396
6976.757812	-88.038605
6982.141113	-80.379524
6987.524414	-80.378426
6992.907715	-81.779053
6998.291016	-77.987877
7003.674316	-74.484985
7009.057617	-72.868301
7014.440918	-73.465843
7019.824219	-74.861420
7025.207520	-75.006401
7030.590820	-74.185883
7035.974121	-73.001839
7041.357422	-72.298233
7046.740723	-72.010269
7052.124023	-71.420631
7057.507324	-70.811035
7062.890625	-70.867088
7068.273926	-71.147362
7073.657227	-70.616020
7079.040527	-69.280586
7084.423828	-67.673569
7089.807129	-66.329880
7095.190430	-65.041565
7100.573730	-64.244774
7105.957031	-64.140907
7111.340332	-64.556374
7116.723633	-65.385498
7122.106934	-66.860809
7127.490234	-68.611221
7132.873535	-69.850349
7138.256836	-70.429527
7143.640137	-70.521851
7149.023438	-70.586914
7154.406738	-70.996628
7159.790039	-71.739517
7165.173340	-72.050934
7170.556641	-71.480865
7175.939941	-70.568848
7181.323242	-70.542099
7186.706543	-71.297585
7192.089844	-72.389511
7197.473145	-73.229988
7202.856445	-72.996826
7208.239746	-73.680923
7213.623047	-76.836342
7219.006348	-80.405968
7224.389648	-77.421257
7229.772949	-75.907928
7235.156250	-75.946487
7240.539551	-75.823273
7245.922852	-75.159409
7251.306152	-73.874832
7256.689453	-72.690300
7262.072754	-72.380272
7267.456055	-72.580826
7272.839355	-72.527519
7278.222656	-72.752701
7283.605957	-73.528679
7288.989258	-74.917053
7294.372559	-76.708794
7299.755859	-79.153488
7305.139160	-81.115974
7310.522461	-81.604546
7315.905762	-81.571388
7321.289062	-80.911682
7326.672363	-80.228065
7332.055664	-80.797707
7337.438965	-81.779373
7342.822266	-82.297791
7348.205566	-82.034218
7353.588867	-80.688667
7358.972168	-79.719284
7364.355469	-78.362938
7369.738770	-76.890938
7375.122070	-75.027206
7380.505371	-73.304649
7385.888672	-72.157440
7391.271973	-70.759186
7396.655273	-69.833130
7402.038574	-70.103661
7407.421875	-70.908447
7412.805176	-70.886887
7418.188477	-70.784462
7423.571777	-70.658752
7428.955078	-70.197815
7434.338379	-69.837524
7439.721680	-69.784805
7445.104980	-69.787277
7450.488281	-69.834473
7455.871582	-69.835373
7461.254883	-69.696800
7466.638184	-69.630913
7472.021484	-69.711876
7477.404785	-69.857597
7482.788086	-69.300102
7488.171387	-68.388550
7493.554688	-67.911354
7498.937988	-68.015007
7504.321289	-68.038483
7509.704590	-68.212120
7515.087891	-69.060799
7520.471191	-70.344200
7525.854492	-71.671783
7531.237793	-72.557213
7536.621094	-72.987213
7542.004395	-73.544670
7547.387695	-74.896721
7552.770996	-76.581268
7558.154297	-77.236847
7563.537598	-77.410553
7568.920898	-78.399994
7574.304199	-80.091476
7579.687500	-84.166145
7585.070801	-91.233337
7590.454102	-85.044205
7595.837402	-80.121460
7601.220703	-77.818787
7606.604004	-77.356689
7611.987305	-77.857735
7617.370605	-78.271935
7622.753906	-78.192177
7628.137207	-77.554192
7633.520508	-76.738594
7638.903809	-76.241905
7644.287109	-76.199356
7649.670410	-76.058243
7655.053711	-75.755081
7660.437012	-75.095390
7665.820312	-74.939026
7671.203613	-75.592461
7676.586914	-76.807350
7681.970215	-77.783394
7687.353516	-77.448982
7692.736816	-76.668633
7698.120117	-76.043266
7703.503418	-75.746750
7708.886719	-74.702980
7714.270020	-73.516083
7719.653320	-72.904915
7725.036621	-73.031807
7730.419922	-73.614708
7735.803223	-73.947289
7741.186523	-73.749313
7746.569824	-73.570030
7751.953125	-74.068039
7757.336426	-74.926003
7762.719727	-75.521172
7768.103027	-75.407249
7773.486328	-75.483559
7778.869629	-76.486656
7784.252930	-78.351944
7789.636230	-79.132942
7795.019531	-78.550278
7800.402832	-79.121513
7805.786133	-81.210236
7811.169434	-83.061302
7816.552734	-81.733742
7821.936035	-80.682823
7827.319336	-81.729057
7832.702637	-83.946655
7838.085938	-83.562279
7843.469238	-80.803955
7848.852539	-80.412247
7854.235840	-82.743561
7859.619141	-83.917511
7865.002441	-79.726189
7870.385742	-77.446938
7875.769043	-77.489151
7881.152344	-78.668289
7886.535645	-78.799950
7891.918945	-77.420036
7897.302246	-76.042534
7902.685547	-75.423141
7908.068848	-75.381210
7913.452148	-75.197197
7918.835449	-74.728317
7924.218750	-74.726387
7929.602051	-75.529137
7934.985352	-77.326775
7940.368652	-79.511711
7945.751953	-81.377045
7951.135254	-82.445518
7956.518555	-81.944397
7961.901855	-81.752541
7967.285156	-82.581657
7972.668457	-83.209030
7978.051758	-83.575996
7983.435059	-83.333061
7988.818359	-82.978424
7994.201660	-83.444366
7999.584961	-84.674942
8004.968262	-88.006065
8010.351562	-91.525642
8015.734863	-92.595322
8021.118164	-99.918694
8026.501465	-93.367897
8031.884766	-86.144981
8037.268066	-84.003151
8042.651367	-83.474236
8048.034668	-82.525780
8053.417969	-81.307487
8058.801270	-80.216553
8064.184570	-79.561562
8069.567871	-79.347008
8074.951172	-79.467674
8080.334473	-78.846603
8085.717773	-77.655220
8091.101074	-77.552986
8096.484375	-78.176712
8101.867676	-78.094337
8107.250977	-77.296944
8112.634277	-77.517349
8118.017578	-78.440651
8123.400879	-79.491280
8128.784180	-80.539474
8134.167480	-81.468483
8139.550781	-81.695839
8144.934082	-81.186241
8150.317383	-79.875000
8155.700684	-78.364845
8161.083984	-77.560165
8166.467285	-77.145195
8171.850586	-76.905960
8177.233887	-76.725227
8182.617188	-77.065887
8188.000488	-77.581131
8193.383789	-78.144196
8198.767090	-78.341125
8204.150391	-78.177788
8209.533691	-78.712181
8214.916992	-79.606857
8220.300293	-80.596352
8225.683594	-81.385956
8231.066895	-82.905914
8236.450195	-83.252197
8241.833496	-81.368652
8247.216797	-80.243050
8252.600098	-80.450974
8257.983398	-80.447342
8263.366699	-79.418610
8268.750000	-79.066742
8274.133301	-80.107254
8279.516602	-82.285217
8284.899902	-83.646095
8290.283203	-84.119545
8295.666504	-84.811180
8301.049805	-86.957420
8306.433105	-89.397362
8311.816406	-90.729561
8317.199707	-90.581924
8322.583008	-89.822441
8327.966309	-87.915878
8333.349609	-87.100029
8338.732910	-88.101776
8344.116211	-90.201637
8349.499512	-90.450691
8354.882812	-89.492226
8360.266113	-88.182220
8365.649414	-87.638847
8371.032715	-87.453682
8376.416016	-87.173805
8381.799316	-86.896515
8387.182617	-87.154854
8392.565918	-88.207298
8397.949219	-88.344666
8403.332520	-87.706169
8408.715820	-86.429420
8414.099121	-85.793297
8419.482422	-85.962776
8424.865723	-85.744209
8430.249023	-84.288925
8435.632324	-83.103569
8441.015625	-83.093872
8446.398926	-83.682259
8451.782227	-84.154259
8457.165527	-84.118187
8462.548828	-83.886848
8467.932129	-83.888374
8473.315430	-83.937935
8478.698730	-83.064301
8484.082031	-81.823143
8489.465332	-81.387215
8494.848633	-81.546547
8500.231934	-81.721672
8505.615234	-80.827499
8510.998535	-80.147224
8516.381836	-80.343536
8521.765137	-81.627617
8527.148438	-83.160103
8532.531738	-83.354309
8537.915039	-83.356499
8543.298340	-84.275131
8548.681641	-84.645660
8554.064941	-83.298271
8559.448242	-82.746376
8564.831543	-83.522682
8570.214844	-83.947517
8575.598145	-82.997780
8580.981445	-82.114922
8586.364746	-81.992744
8591.748047	-81.794792
8597.131348	-81.027473
8602.514648	-79.934639
8607.897949	-78.836235
8613.281250	-78.617775
8618.664551	-79.069916
8624.047852	-79.850471
8629.431152	-80.989624
8634.814453	-81.889023
8640.197754	-82.522034
8645.581055	-83.274712
8650.964355	-83.793068
8656.347656	-83.643425
8661.730957	-83.449753
8667.114258	-84.326279
8672.497559	-85.911652
8677.880859	-87.362923
8683.264160	-88.940796
8688.647461	-91.784866
8694.030762	-92.990089
8699.414062	-92.953804
8704.797363	-93.894058
8710.180664	-94.326263
8715.563965	-97.308846
8720.947266	-101.181778
8726.330566	-102.973030
8731.713867	-97.884125
8737.097168	-95.158424
8742.480469	-93.599976
8747.863770	-91.426781
8753.247070	-90.571274
8758.630371	-90.033340
8764.013672	-90.080750
8769.396973	-89.405708
8774.780273	-88.488510
8780.163574	-87.860748
8785.546875	-87.167267
8790.930176	-86.932549
8796.313477	-86.442566
8801.696777	-86.885643
8807.080078	-87.326775
8812.463379	-87.682610
8817.846680	-88.257736
8823.229980	-89.232452
8828.613281	-88.978432
8833.996582	-88.216949
8839.379883	-88.417427
8844.763184	-88.409691
8850.146484	-88.479172
8855.529785	-87.851692
8860.913086	-87.507957
8866.296387	-87.699394
8871.679688	-87.819885
8877.062988	-87.248680
8882.446289	-86.995598
8887.829590	-87.719551
8893.212891	-88.196991
8898.596191	-86.929390
8903.979492	-85.421425
8909.362793	-85.394409
8914.746094	-85.841507
8920.129395	-85.133057
8925.512695	-84.127785
8930.895996	-83.784370
8936.279297	-84.047836
8941.662598	-84.195213
8947.045898	-84.050423
8952.429199	-83.645805
8957.812500	-83.710533
8963.195801	-83.943687
8968.579102	-83.511162
8973.962402	-82.432953
8979.345703	-81.892418
8984.729004	-81.958244
8990.112305	-81.638161
8995.495605	-81.263901
9000.878906	-80.394104
9006.262207	-79.765114
9011.645508	-79.496025
9017.028809	-79.467041
9022.412109	-79.887054
9027.795410	-80.349487
9033.178711	-80.608330
9038.562012	-80.932335
9043.945312	-81.558846
9049.328613	-81.850876
9054.711914	-82.079285
9060.095215	-82.665909
9065.478516	-84.282776
9070.861816	-85.859581
9076.245117	-86.567619
9081.628418	-86.775742
9087.011719	-87.846458
9092.395020	-90.156158
9097.778320	-92.777252
9103.161621	-92.773987
9108.544922	-91.094177
9113.928223	-91.681412
9119.311523	-92.481964
9124.694824	-91.594856
9130.078125	-90.198608
9135.461426	-88.869743
9140.844727	-89.223991
9146.228027	-90.470955
9151.611328	-90.229523
9156.994629	-88.562935
9162.377930	-88.492088
9167.761230	-87.989334
9173.144531	-87.566826
9178.527832	-87.586037
9183.911133	-87.533821
9189.294434	-88.972595
9194.677734	-90.097610
9200.061035	-89.022118
9205.444336	-87.655098
9210.827637	-86.448151
9216.210938	-85.444931
9221.594238	-84.727142
9226.977539	-84.906937
9232.360840	-85.445740
9237.744141	-85.339836
9243.127441	-85.012405
9248.510742	-85.192825
9253.894043	-85.245361
9259.277344	-85.258057
9264.660645	-85.306915
9270.043945	-85.418999
9275.427246	-85.057861
9280.810547	-84.859940
9286.193848	-85.963539
9291.577148	-86.730850
9296.960449	-87.027687
9302.343750	-87.515915
9307.727051	-88.180527
9313.110352	-87.823463
9318.493652	-87.253845
9323.876953	-87.198997
9329.260254	-86.116577
9334.643555	-85.246452
9340.026855	-84.291168
9345.410156	-84.298271
9350.793457	-84.045319
9356.176758	-83.418221
9361.560059	-82.721863
9366.943359	-82.632034
9372.326660	-82.958405
9377.709961	-82.939545
9383.093262	-82.834320
9388.476562	-82.519272
9393.859863	-82.879265
9399.243164	-83.281578
9404.626465	-83.986130
9410.009766	-84.352722
9415.393066	-84.401253
9420.776367	-85.185852
9426.159668	-86.396622
9431.542969	-87.646370
9436.926270	-87.529015
9442.309570	-86.898064
9447.692871	-86.791801
9453.076172	-87.037567
9458.459473	-86.754860
9463.842773	-86.527649
9469.226074	-86.754654
9474.609375	-87.304893
9479.992676	-87.176384
9485.375977	-87.865440
9490.759277	-89.501343
9496.142578	-90.211121
9501.525879	-91.020851
9506.909180	-93.468071
9512.292480	-98.210342
9517.675781	-100.875214
9523.059082	-103.627571
9528.442383	-104.992363
9533.825684	-101.574036
9539.208984	-98.214653
9544.592285	-97.528755
9549.975586	-94.312988
9555.358887	-90.917503
9560.742188	-87.829521
9566.125488	-86.491722
9571.508789	-85.898247
9576.892090	-85.355141
9582.275391	-83.884674
9587.658691	-82.829865
9593.041992	-82.534798
9598.425293	-82.308029
9603.808594	-81.994911
9609.191895	-81.637688
9614.575195	-81.584969
9619.958496	-81.881828
9625.341797	-82.725960
9630.725098	-82.702858
9636.108398	-81.879951
9641.491699	-81.278214
9646.875000	-81.325378
9652.258301	-81.646568
9657.641602	-81.511978
9663.024902	-80.857399
9668.408203	-80.371490
9673.791504	-80.441330
9679.174805	-80.711716
9684.558105	-80.916557
9689.941406	-80.942307
9695.324707	-81.501282
9700.708008	-82.378975
9706.091309	-83.056694
9711.474609	-83.175827
9716.857910	-83.090698
9722.241211	-83.335747
9727.624512	-84.120102
9733.007812	-84.645050
9738.391113	-85.519684
9743.774414	-87.295715
9749.157715	-88.280899
9754.541016	-89.059608
9759.924316	-89.477005
9765.307617	-89.905563
9770.690918	-90.740753
9776.074219	-92.712326
9781.457520	-97.120659
9786.840820	-99.754448
9792.224121	-96.940208
9797.607422	-93.585411
9802.990723	-91.134521
9808.374023	-89.678459
9813.757324	-88.434250
9819.140625	-87.967911
9824.523926	-88.559586
9829.907227	-89.633514
9835.290527	-90.009109
9840.673828	-90.144562
9846.057129	-89.876114
9851.440430	-89.928970
9856.823730	-90.842896
9862.207031	-92.720932
9867.590332	-94.036896
9872.973633	-95.491539
9878.356934	-97.478088
9883.740234	-94.125488
9889.123535	-90.772301
9894.506836	-88.913170
9899.890137	-87.674240
9905.273438	-86.891464
9910.656738	-86.176704
9916.040039	-85.605927
9921.423340	-85.891434
9926.806641	-87.455276
9932.189941	-88.456688
9937.573242	-89.947609
9942.956543	-92.351562
9948.339844	-98.138069
9953.723145	-104.577667
9959.106445	-99.156868
9964.489746	-94.172974
9969.873047	-92.058556
9975.256348	-90.068993
9980.639648	-88.826920
9986.022949	-87.451637
9991.406250	-86.759575
9996.789551	-86.602325
10002.172852	-86.658852
10007.556152	-86.580154
10012.939453	-86.363754
10018.322754	-85.766724
10023.706055	-85.216072
10029.089355	-84.480667
10034.472656	-83.924797
10039.855957	-83.247345
10045.239258	-82.747124
10050.622559	-82.010109
10056.005859	-81.285667
10061.389160	-80.765015
10066.772461	-79.860672
10072.155762	-79.276680
10077.539062	-79.147873
10082.922363	-79.250824
10088.305664	-79.019798
10093.688965	-78.913307
10099.072266	-78.828094
10104.455566	-78.977127
10109.838867	-79.197777
10115.222168	-79.245468
10120.605469	-79.508888
10125.988770	-79.792419
10131.372070	-80.173180
10136.755371	-80.166733
10142.138672	-80.216995
10147.521973	-80.422607
10152.905273	-80.595718
10158.288574	-80.840927
10163.671875	-81.619019
10169.055176	-82.193611
10174.438477	-82.796082
10179.821777	-83.827148
10185.205078	-84.902016
10190.588379	-86.286957
10195.971680	-87.592300
10201.354980	-89.264732
10206.738281	-90.876915
10212.121582	-91.737495
10217.504883	-93.115723
10222.888184	-95.862015
10228.271484	-96.565475
10233.654785	-98.420395
10239.038086	-98.254173
10244.421387	-97.039917
10249.804688	-94.809494
10255.187988	-93.389900
10260.571289	-92.846870
10265.954590	-93.013779
10271.337891	-92.229050
10276.721191	-90.940399
10282.104492	-89.788826
10287.487793	-89.582001
10292.871094	-89.325546
10298.254395	-89.213593
10303.637695	-89.516968
10309.020996	-90.024391
10314.404297	-90.621887
10319.787598	-91.139458
10325.170898	-90.433640
10330.554199	-89.137009
10335.937500	-88.669533
10341.320801	-87.743225
10346.704102	-86.748444
10352.087402	-85.971115
10357.470703	-85.591599
10362.854004	-85.338623
10368.237305	-85.021057
10373.620605	-84.527496
10379.003906	-84.228188
10384.387207	-84.581482
10389.770508	-85.022339
10395.153809	-85.373665
10400.537109	-85.614594
10405.920410	-86.135559
10411.303711	-86.854980
10416.687012	-87.012619
10422.070312	-86.558090
10427.453613	-86.237671
10432.836914	-86.213120
10438.220215	-85.789299
10443.603516	-84.912033
10448.986816	-84.453888
10454.370117	-84.263496
10459.753418	-84.003899
10465.136719	-83.516190
10470.520020	-83.272408
10475.903320	-83.194862
10481.286621	-83.213997
10486.669922	-82.656143
10492.053223	-81.994568
10497.436523	-81.433525
10502.819824	-81.020973
10508.203125	-80.785332
10513.586426	-80.548317
10518.969727	-80.444832
10524.353027	-80.436806
10529.736328	-80.374603
10535.119629	-80.204674
10540.502930	-80.272987
10545.886230	-80.309921
10551.269531	-80.259956
10556.652832	-80.333405
10562.036133	-80.520287
10567.419434	-80.521263
10572.802734	-80.449654
10578.186035	-80.634010
10583.569336	-80.762291
10588.952637	-80.851089
10594.335938	-81.064705
10599.719238	-81.443642
10605.102539	-81.765228
10610.485840	-82.521713
10615.869141	-83.261909
10621.252441	-84.125305
10626.635742	-85.434319
10632.019043	-86.679810
10637.402344	-87.974495
10642.785645	-89.503731
10648.168945	-90.706322
10653.552246	-91.961891
10658.935547	-94.925201
10664.318848	-98.105034
10669.702148	-106.510597
10675.085449	-102.863304
10680.468750	-97.412773
10685.852051	-94.449867
10691.235352	-92.613129
10696.618652	-90.876228
10702.001953	-89.559731
10707.385254	-88.450455
10712.768555	-87.527260
10718.151855	-87.012138
10723.535156	-86.371490
10728.918457	-85.670624
10734.301758	-85.266693
10739.685059	-85.249901
10745.068359	-84.913971
10750.451660	-84.354729
10755.834961	-84.434441
10761.218262	-84.252113
10766.601562	-83.704651
10771.984863	-83.549614
10777.368164	-83.373886
10782.751465	-83.568382
10788.134766	-83.475739
10793.518066	-83.307228
10798.901367	-83.271248
10804.284668	-83.488548
10809.667969	-83.591637
10815.051270	-83.721855
10820.434570	-83.997025
10825.817871	-84.064163
10831.201172	-84.211159
10836.584473	-84.126556
10841.967773	-84.202576
10847.351074	-84.105247
10852.734375	-84.539673
10858.117676	-85.417412
10863.500977	-85.985352
10868.884277	-86.346329
10874.267578	-86.586441
10879.650879	-87.054535
10885.034180	-86.813622
10890.417480	-86.569893
10895.800781	-86.711830
10901.184082	-86.858124
10906.567383	-86.947762
10911.950684	-86.852249
10917.333984	-86.170624
10922.717285	-85.414452
10928.100586	-85.242287
10933.483887	-85.085190
10938.867188	-85.253563
10944.250488	-85.278481
10949.633789	-84.888069
10955.017090	-84.319389
10960.400391	-83.735161
10965.783691	-83.288651
10971.166992	-82.598793
10976.550293	-82.298813
10981.933594	-82.133453
10987.316895	-82.097237
10992.700195	-81.914124
10998.083496	-81.609123
11003.466797	-81.661102
11008.850098	-81.844185
11014.233398	-81.968201
11019.616699	-81.932144
11025.000000	-82.074471
11030.383301	-82.122612
11035.766602	-82.298805
11041.149902	-82.615570
11046.533203	-83.191185
11051.916504	-83.611519
11057.299805	-83.922424
11062.683105	-84.378235
11068.066406	-85.161972
11073.449707	-85.995842
11078.833008	-87.216469
11084.216309	-88.082062
11089.599609	-88.755028
11094.982910	-90.648788
11100.366211	-92.705788
11105.749512	-96.221809
11111.132812	-99.812508
11116.516113	-103.158295
11121.899414	-106.068916
11127.282715	-98.918182
11132.666016	-94.682762
11138.049316	-92.450447
11143.432617	-91.667671
11148.815918	-90.381180
11154.199219	-88.615791
11159.582520	-87.181633
11164.965820	-86.275642
11170.349121	-85.389679
11175.732422	-84.306328
11181.115723	-83.549767
11186.499023	-82.682373
11191.882324	-82.193787
11197.265625	-81.795044
11202.648926	-81.390503
11208.032227	-81.309479
11213.415527	-81.118980
11218.798828	-80.776245
11224.182129	-80.442635
11229.565430	-80.215790
11234.948730	-80.021706
11240.332031	-80.161003
11245.715332	-80.463158
11251.098633	-80.928780
11256.481934	-81.259026
11261.865234	-81.842979
11267.248535	-82.524002
11272.631836	-83.125275
11278.015137	-83.816795
11283.398438	-84.408989
11288.781738	-84.511795
11294.165039	-84.105858
11299.548340	-84.219376
11304.931641	-84.401794
11310.314941	-84.492256
11315.698242	-84.643250
11321.081543	-84.932831
11326.464844	-85.960945
11331.848145	-87.258217
11337.231445	-88.736412
11342.614746	-89.896255
11347.998047	-91.569633
11353.381348	-92.599525
11358.764648	-92.063087
11364.147949	-91.405746
11369.531250	-91.959290
11374.914551	-90.733063
11380.297852	-89.357567
11385.681152	-88.435272
11391.064453	-87.776352
11396.447754	-88.022400
11401.831055	-88.021980
11407.214355	-87.136963
11412.597656	-86.329010
11417.980957	-86.657661
11423.364258	-87.068672
11428.747559	-86.857330
11434.130859	-86.744438
11439.514160	-86.180016
11444.897461	-85.857552
11450.280762	-85.917694
11455.664062	-85.727882
11461.047363	-85.359932
11466.430664	-85.170799
11471.813965	-85.270401
11477.197266	-85.416214
11482.580566	-85.571434
11487.963867	-85.585297
11493.347168	-85.653076
11498.730469	-85.546013
11504.113770	-85.998520
11509.497070	-86.646400
11514.880371	-87.389488
11520.263672	-88.083252
11525.646973	-88.739182
11531.030273	-89.645401
11536.413574	-91.083511
11541.796875	-92.923653
11547.180176	-94.457298
11552.563477	-95.765503
11557.946777	-96.333458
11563.330078	-99.023758
11568.713379	-106.297523
11574.096680	-103.669113
11579.479980	-98.755066
11584.863281	-95.666656
11590.246582	-93.621574
11595.629883	-92.467163
11601.013184	-91.458153
11606.396484	-90.632652
11611.779785	-89.466423
11617.163086	-88.840721
11622.546387	-88.407951
11627.929688	-87.914551
11633.312988	-87.137962
11638.696289	-86.172028
11644.079590	-85.196457
11649.462891	-84.958893
11654.846191	-84.639244
11660.229492	-83.930283
11665.612793	-83.767097
11670.996094	-83.884300
11676.379395	-83.596733
11681.762695	-83.114723
11687.145996	-82.807526
11692.529297	-82.513527
11697.912598	-82.526131
11703.295898	-82.565277
11708.679199	-82.692245
11714.062500	-82.795158
11719.445801	-83.005226
11724.829102	-83.623055
11730.212402	-84.303131
11735.595703	-85.037086
11740.979004	-85.573494
11746.362305	-86.197289
11751.745605	-86.870056
11757.128906	-87.337791
11762.512207	-87.477051
11767.895508	-87.943367
11773.278809	-88.777847
11778.662109	-90.333061
11784.045410	-91.555840
11789.428711	-92.091309
11794.812012	-92.728386
11800.195312	-93.802795
11805.578613	-94.801773
11810.961914	-96.214378
11816.345215	-96.067627
11821.728516	-95.738983
11827.111816	-94.095093
11832.495117	-93.614433
11837.878418	-93.477501
11843.261719	-93.146912
11848.645020	-92.258430
11854.028320	-90.617096
11859.411621	-89.474861
11864.794922	-88.671227
11870.178223	-88.701660
11875.561523	-88.468399
11880.944824	-87.561684
11886.328125	-87.184105
11891.711426	-87.473381
11897.094727	-87.560753
11902.478027	-87.271164
11907.861328	-87.222244
11913.244629	-87.835228
11918.627930	-88.373947
11924.011230	-88.277603
11929.394531	-87.973885
11934.777832	-87.515785
11940.161133	-87.714607
11945.544434	-88.204056
11950.927734	-88.819275
11956.311035	-89.191956
11961.694336	-89.642395
11967.077637	-90.560211
11972.460938	-91.695267
11977.844238	-92.505745
11983.227539	-92.519699
11988.610840	-92.917236
11993.994141	-94.078979
11999.377441	-96.146385
12004.760742	-97.239403
12010.144043	-95.484253
12015.527344	-96.233047
12020.910645	-97.851753
12026.293945	-95.702286
12031.677246	-93.083458
12037.060547	-91.761658
12042.443848	-91.411583
12047.827148	-90.456284
12053.210449	-88.984505
12058.593750	-88.174706
12063.977051	-87.669823
12069.360352	-87.172501
12074.743652	-86.803581
12080.126953	-86.573166
12085.510254	-86.357872
12090.893555	-85.770782
12096.276855	-85.547005
12101.660156	-85.596100
12107.043457	-85.443962
12112.426758	-85.151077
12117.810059	-84.636955
12123.193359	-84.233963
12128.576660	-84.180550
12133.959961	-84.348289
12139.343262	-84.306618
12144.726562	-84.460266
12150.109863	-84.741394
12155.493164	-85.178757
12160.876465	-85.304970
12166.259766	-85.394745
12171.643066	-85.740990
12177.026367	-86.494347
12182.409668	-87.350433
12187.792969	-87.463921
12193.176270	-88.483490
12198.559570	-89.305016
12203.942871	-90.014938
12209.326172	-91.192406
12214.709473	-92.071671
12220.092773	-92.680283
12225.476074	-93.366280
12230.859375	-94.308189
12236.242676	-94.808334
12241.625977	-95.188339
12247.009277	-95.176575
12252.392578	-97.515244
12257.775879	-99.008659
12263.159180	-102.783470
12268.542480	-101.233208
12273.925781	-100.006393
12279.309082	-100.042397
12284.692383	-98.342766
12290.075684	-95.609718
12295.458984	-93.862999
12300.842285	-92.608139
12306.225586	-91.496086
12311.608887	-90.664734
12316.992188	-89.681076
12322.375488	-88.641296
12327.758789	-88.355431
12333.142090	-88.029167
12338.525391	-87.050430
12343.908691	-86.265900
12349.291992	-85.775787
12354.675293	-85.573563
12360.058594	-85.184563
12365.441895	-84.920876
12370.825195	-84.707008
12376.208496	-84.826401
12381.591797	-84.933510
12386.975098	-85.293640
12392.358398	-85.225456
12397.741699	-84.995995
12403.125000	-85.339012
12408.508301	-86.456505
12413.891602	-87.032242
12419.274902	-87.664223
12424.658203	-88.468880
12430.041504	-88.259262
12435.424805	-87.933563
12440.808105	-87.416916
12446.191406	-87.300346
12451.574707	-87.497810
12456.958008	-88.032585
12462.341309	-88.276627
12467.724609	-89.223236
12473.107910	-90.240471
12478.491211	-91.056229
12483.874512	-92.418839
12489.257812	-94.284386
12494.641113	-96.578522
12500.024414	-98.911209
12505.407715	-104.794800
12510.791016	-104.560783
12516.174316	-100.820068
12521.557617	-100.439102
12526.940918	-98.303566
12532.324219	-95.853577
12537.707520	-95.140991
12543.090820	-93.995743
12548.474121	-93.027596
12553.857422	-92.316689
12559.240723	-92.597969
12564.624023	-91.771393
12570.007324	-90.784416
12575.390625	-90.639923
12580.773926	-90.618401
12586.157227	-90.113548
12591.540527	-89.733963
12596.923828	-90.156540
12602.307129	-90.617584
12607.690430	-90.592987
12613.073730	-90.291878
12618.457031	-89.805534
12623.840332	-88.942642
12629.223633	-88.619041
12634.606934	-88.160187
12639.990234	-88.289932
12645.373535	-88.619820
12650.756836	-88.867706
12656.140137	-89.237312
12661.523438	-89.616402
12666.906738	-90.877823
12672.290039	-91.331932
12677.673340	-92.022209
12683.056641	-92.191200
12688.439941	-92.304489
12693.823242	-92.229004
12699.206543	-92.470703
12704.589844	-93.291519
12709.973145	-94.783463
12715.356445	-98.638412
12720.739746	-104.635284
12726.123047	-105.358383
12731.506348	-103.018044
12736.889648	-98.468353
12742.272949	-96.360138
12747.656250	-94.221619
12753.039551	-93.194954
12758.422852	-91.904747
12763.806152	-91.094002
12769.189453	-89.878769
12774.572754	-89.029381
12779.956055	-88.751236
12785.339355	-88.609558
12790.722656	-88.750130
12796.105957	-88.777748
12801.489258	-88.719193
12806.872559	-88.812317
12812.255859	-89.223106
12817.639160	-89.198875
12823.022461	-89.034714
12828.405762	-89.043396
12833.789062	-89.108719
12839.172363	-89.042015
12844.555664	-88.865623
12849.938965	-88.542999
12855.322266	-88.572762
12860.705566	-88.960106
12866.088867	-89.635124
12871.472168	-90.759804
12876.855469	-91.045799
12882.238770	-91.831657
12887.622070	-93.112556
12893.005371	-95.166183
12898.388672	-95.105873
12903.771973	-93.798981
12909.155273	-93.504135
12914.538574	-92.519577
12919.921875	-91.846863
12925.305176	-91.309006
12930.688477	-91.629578
12936.071777	-91.724854
12941.455078	-91.700211
12946.838379	-91.750717
12952.221680	-91.180122
12957.604980	-91.195213
12962.988281	-92.190689
12968.371582	-91.729805
12973.754883	-90.483231
12979.138184	-89.573349
12984.521484	-89.082230
12989.904785	-89.234398
12995.288086	-88.841644
13000.671387	-88.457306
13006.054688	-89.024948
13011.437988	-90.114311
13016.821289	-91.805023
13022.204590	-91.809700
13027.587891	-89.716599
13032.971191	-88.315361
13038.354492	-87.746208
13043.737793	-87.584343
13049.121094	-86.835648
13054.504395	-85.920502
13059.887695	-86.001518
13065.270996	-86.473190
13070.654297	-86.361374
13076.037598	-85.789619
13081.420898	-85.466896
13086.804199	-85.524437
13092.187500	-85.691345
13097.570801	-85.938103
13102.954102	-85.957726
13108.337402	-86.363480
13113.720703	-87.073456
13119.104004	-87.460739
13124.487305	-87.711792
13129.870605	-88.321518
13135.253906	-89.642113
13140.637207	-91.013863
13146.020508	-92.977051
13151.403809	-96.856331
13156.787109	-103.005409
13162.170410	-98.988113
13167.553711	-95.730698
13172.937012	-94.330643
13178.320312	-92.554169
13183.703613	-90.911835
13189.086914	-90.636047
13194.470215	-90.418732
13199.853516	-90.490547
13205.236816	-89.769173
13210.620117	-88.971245
13216.003418	-88.811867
13221.386719	-89.320580
13226.770020	-89.066322
13232.153320	-88.001877
13237.536621	-87.293610
13242.919922	-87.263550
13248.303223	-87.593338
13253.686523	-87.231819
13259.069824	-86.577744
13264.453125	-86.736984
13269.836426	-87.778709
13275.219727	-88.685081
13280.603027	-88.724670
13285.986328	-88.583656
13291.369629	-89.193253
13296.752930	-89.921555
13302.136230	-91.268684
13307.519531	-92.613213
13312.902832	-94.399597
13318.286133	-94.214394
13323.669434	-94.314636
13329.052734	-95.217010
13334.436035	-93.543381
13339.819336	-91.656799
13345.202637	-91.377670
13350.585938	-92.101524
13355.969238	-91.871674
13361.352539	-91.673584
13366.735840	-93.645699
13372.119141	-96.701286
13377.502441	-99.732285
13382.885742	-98.212158
13388.269043	-95.259476
13393.652344	-94.140907
13399.035645	-93.714157
13404.418945	-93.555817
13409.802246	-91.791443
13415.185547	-90.413948
13420.568848	-89.519897
13425.952148	-89.280251
13431.335449	-89.300476
13436.718750	-89.718681
13442.102051	-89.916557
13447.485352	-90.310974
13452.868652	-90.861893
13458.251953	-91.448334
13463.635254	-92.191376
13469.018555	-92.431732
13474.401855	-93.155914
13479.785156	-93.459076
13485.168457	-93.388023
13490.551758	-93.854332
13495.935059	-94.946411
13501.318359	-95.607399
13506.701660	-95.817467
13512.084961	-95.353874
13517.468262	-94.307152
13522.851562	-94.118980
13528.234863	-94.458473
13533.618164	-92.595711
13539.001465	-91.145851
13544.384766	-90.909599
13549.768066	-90.886322
13555.151367	-91.511772
13560.534668	-92.024651
13565.917969	-91.422935
13571.301270	-92.525742
13576.684570	-93.852745
13582.067871	-95.009003
13587.451172	-96.537743
13592.834473	-101.241035
13598.217773	-107.403908
13603.601074	-101.237038
13608.984375	-96.135796
13614.367676	-93.889023
13619.750977	-92.001160
13625.134277	-89.962051
13630.517578	-88.873833
13635.900879	-88.378136
13641.284180	-88.391434
13646.667480	-88.611542
13652.050781	-89.265549
13657.434082	-90.816139
13662.817383	-91.986160
13668.200684	-92.736435
13673.583984	-93.797562
13678.967285	-94.830048
13684.350586	-95.099060
13689.733887	-94.946877
13695.117188	-93.850426
13700.500488	-92.909988
13705.883789	-93.046326
13711.267090	-93.004951
13716.650391	-92.927261
13722.033691	-91.250221
13727.416992	-89.725174
13732.800293	-89.660973
13738.183594	-90.169937
13743.566895	-91.042747
13748.950195	-91.469254
13754.333496	-92.309891
13759.716797	-93.999893
13765.100098	-93.413300
13770.483398	-93.292915
13775.866699	-92.250778
13781.250000	-91.837669
13786.633301	-90.984428
13792.016602	-90.013138
13797.399902	-89.118942
13802.783203	-88.846893
13808.166504	-89.044281
13813.549805	-89.478470
13818.933105	-89.577263
13824.316406	-89.892181
13829.699707	-90.208603
13835.083008	-91.336960
13840.466309	-92.491837
13845.849609	-93.991707
13851.232910	-93.956589
13856.616211	-91.960495
13861.999512	-91.013855
13867.382812	-90.229774
13872.766113	-88.841034
13878.149414	-87.751160
13883.532715	-87.313507
13888.916016	-87.074951
13894.299316	-86.824638
13899.682617	-86.502792
13905.065918	-86.240524
13910.449219	-86.777428
13915.832520	-87.358696
13921.215820	-87.660568
13926.599121	-87.910683
13931.982422	-88.669243
13937.365723	-89.611694
13942.749023	-90.349617
13948.132324	-90.609230
13953.515625	-90.429291
13958.898926	-90.344749
13964.282227	-89.796669
13969.665527	-89.615494
13975.048828	-88.403885
13980.432129	-87.917946
13985.815430	-87.929436
13991.198730	-87.211266
13996.582031	-86.137199
14001.965332	-85.701004
14007.348633	-85.659340
14012.731934	-85.456429
14018.115234	-85.403809
14023.498535	-85.073265
14028.881836	-85.377365
14034.265137	-85.690239
14039.648438	-86.358856
14045.031738	-86.559967
14050.415039	-86.090904
14055.798340	-85.816780
14061.181641	-85.363617
14066.564941	-85.303879
14071.948242	-85.224686
14077.331543	-85.494232
14082.714844	-85.829742
14088.098145	-86.085464
14093.481445	-85.851189
14098.864746	-85.742538
14104.248047	-86.047752
14109.631348	-85.613518
14115.014648	-85.198357
14120.397949	-85.208611
14125.781250	-85.926956
14131.164551	-86.710381
14136.547852	-87.052887
14141.931152	-87.627174
14147.314453	-88.466072
14152.697754	-88.943344
14158.081055	-88.952301
14163.464355	-89.291306
14168.847656	-91.019592
14174.230957	-92.304344
14179.614258	-94.004555
14184.997559	-96.551849
14190.380859	-98.074776
14195.764160	-99.031151
14201.147461	-98.425842
14206.530762	-96.982079
14211.914062	-94.797180
14217.297363	-93.907379
14222.680664	-94.141701
14228.063965	-92.584663
14233.447266	-90.219032
14238.830566	-89.159912
14244.213867	-88.521309
14249.597168	-88.236885
14254.980469	-87.362427
14260.363770	-86.608788
14265.747070	-86.447365
14271.130371	-87.091324
14276.513672	-88.270599
14281.896973	-89.408531
14287.280273	-89.930077
14292.663574	-90.921005
14298.046875	-93.633186
14303.430176	-96.513504
14308.813477	-96.533676
14314.196777	-95.279625
14319.580078	-93.827774
14324.963379	-91.488487
14330.346680	-90.403748
14335.729980	-90.436638
14341.113281	-91.155357
14346.496582	-91.302048
14351.879883	-90.301582
14357.263184	-90.039040
14362.646484	-89.496857
14368.029785	-89.449684
14373.413086	-89.469284
14378.796387	-89.694328
14384.179688	-89.857109
14389.562988	-89.480408
14394.946289	-89.206680
14400.329590	-88.986725
14405.712891	-89.786476
14411.096191	-90.377197
14416.479492	-89.875328
14421.862793	-88.813148
14427.246094	-88.155350
14432.629395	-87.401596
14438.012695	-86.937393
14443.395996	-86.327164
14448.779297	-85.581062
14454.162598	-84.779510
14459.545898	-84.341171
14464.929199	-84.109917
14470.312500	-84.147202
14475.695801	-84.511665
14481.079102	-84.712303
14486.462402	-84.808754
14491.845703	-84.494133
14497.229004	-84.371803
14502.612305	-84.741669
14507.995605	-84.776527
14513.378906	-85.101532
14518.762207	-85.188881
14524.145508	-85.422493
14529.528809	-86.076172
14534.912109	-86.777496
14540.295410	-87.143219
14545.678711	-87.180321
14551.062012	-87.352173
14556.445312	-88.099174
14561.828613	-89.112419
14567.211914	-89.508057
14572.595215	-89.122337
14577.978516	-89.034279
14583.361816	-89.820595
14588.745117	-89.963074
14594.128418	-89.864006
14599.511719	-90.380539
14604.895020	-91.178406
14610.278320	-92.196007
14615.661621	-93.494926
14621.044922	-94.274887
14626.428223	-94.853523
14631.811523	-96.859215
14637.194824	-97.494423
14642.578125	-96.890038
14647.961426	-96.435066
14653.344727	-94.352478
14658.728027	-92.199936
14664.111328	-90.994606
14669.494629	-89.610779
14674.877930	-89.241257
14680.261230	-88.936195
14685.644531	-88.620720
14691.027832	-88.507812
14696.411133	-87.808907
14701.794434	-87.062584
14707.177734	-86.896683
14712.561035	-86.531708
14717.944336	-86.545578
14723.327637	-86.523262
14728.710938	-86.960831
14734.094238	-87.330505
14739.477539	-87.804626
14744.860840	-88.022156
14750.244141	-88.173859
14755.627441	-88.638977
14761.010742	-89.626869
14766.394043	-90.359055
14771.777344	-90.916321
14777.160645	-92.099998
14782.543945	-92.277016
14787.927246	-91.303963
14793.310547	-89.858330
14798.693848	-89.230408
14804.077148	-89.245338
14809.460449	-89.503105
14814.843750	-90.058578
14820.227051	-90.497551
14825.610352	-91.074608
14830.993652	-91.800156
14836.376953	-92.760216
14841.760254	-93.036247
14847.143555	-93.848167
14852.526855	-94.591812
14857.910156	-94.848106
14863.293457	-96.101341
14868.676758	-96.562241
14874.060059	-96.581070
14879.443359	-96.032837
14884.826660	-95.215134
14890.209961	-96.498634
14895.593262	-98.506813
14900.976562	-100.147018
14906.359863	-101.769531
14911.743164	-103.018494
14917.126465	-100.855942
14922.509766	-97.155556
14927.893066	-94.972649
14933.276367	-93.648293
14938.659668	-93.146690
14944.042969	-92.829575
14949.426270	-91.197693
14954.809570	-90.055748
14960.192871	-89.486320
14965.576172	-89.395187
14970.959473	-88.975121
14976.342773	-87.953201
14981.726074	-87.562057
14987.109375	-87.821220
14992.492676	-87.788620
14997.875977	-87.825233
15003.259277	-88.068192
15008.642578	-88.786385
15014.025879	-89.110870
15019.409180	-89.077278
15024.792480	-89.686745
15030.175781	-90.506874
15035.559082	-90.954422
15040.942383	-92.000282
15046.325684	-93.534271
15051.708984	-95.259064
15057.092285	-97.762924
15062.475586	-100.603600
15067.858887	-102.329521
15073.242188	-101.413300
15078.625488	-104.469200
15084.008789	-104.861542
15089.392090	-101.995445
15094.775391	-98.528267
15100.158691	-97.358467
15105.541992	-99.157776
15110.925293	-97.766861
15116.308594	-96.304108
15121.691895	-93.760910
15127.075195	-93.670250
15132.458496	-94.018661
15137.841797	-92.532616
15143.225098	-91.404396
15148.608398	-90.560188
15153.991699	-90.785103
15159.375000	-90.628113
15164.758301	-89.708099
15170.141602	-88.342209
15175.524902	-87.835663
15180.908203	-88.198090
15186.291504	-88.770363
15191.674805	-88.401863
15197.058105	-88.081306
15202.441406	-89.006554
15207.824707	-89.883087
15213.208008	-90.387177
15218.591309	-89.740356
15223.974609	-89.575981
15229.357910	-89.730507
15234.741211	-90.083336
15240.124512	-90.266800
15245.507812	-89.636650
15250.891113	-89.610527
15256.274414	-91.055458
15261.657715	-93.638855
15267.041016	-93.406761
15272.424316	-92.269844
15277.807617	-93.182190
15283.190918	-94.642944
15288.574219	-93.287987
15293.957520	-91.614479
15299.340820	-91.503563
15304.724121	-92.032280
15310.107422	-92.907318
15315.490723	-92.614090
15320.874023	-91.922516
15326.257324	-92.062035
15331.640625	-93.759468
15337.023926	-95.923172
15342.407227	-97.405365
15347.790527	-96.633751
15353.173828	-100.098648
15358.557129	-102.572075
15363.940430	-96.976944
15369.323730	-94.123581
15374.707031	-93.532440
15380.090332	-93.559662
15385.473633	-92.868729
15390.856934	-92.547287
15396.240234	-91.803810
15401.623535	-92.143585
15407.006836	-93.099770
15412.390137	-93.678276
15417.773438	-94.306244
15423.156738	-94.113297
15428.540039	-95.280182
15433.923340	-95.410851
15439.306641	-94.595940
15444.689941	-93.666229
15450.073242	-93.083435
15455.456543	-93.043533
15460.839844	-94.256088
15466.223145	-94.621674
15471.606445	-94.910416
15476.989746	-95.297600
15482.373047	-96.522133
15487.756348	-99.983368
15493.139648	-98.783653
15498.522949	-97.948494
15503.906250	-96.922577
15509.289551	-99.769531
15514.672852	-101.094429
15520.056152	-101.436157
15525.439453	-99.281021
15530.822754	-99.795113
15536.206055	-100.972740
15541.589355	-101.980721
15546.972656	-102.714012
15552.355957	-102.617729
15557.739258	-101.490555
15563.122559	-101.844604
15568.505859	-101.649780
15573.889160	-99.740105
15579.272461	-97.773491
15584.655762	-96.027794
15590.039062	-94.961578
15595.422363	-94.724968
15600.805664	-94.487320
15606.188965	-93.826897
15611.572266	-93.154457
15616.955566	-92.680023
15622.338867	-93.333870
15627.722168	-94.687325
15633.105469	-95.342705
15638.488770	-95.722908
15643.872070	-94.647598
15649.255371	-93.876106
15654.638672	-94.471924
15660.021973	-96.738602
15665.405273	-97.551376
15670.788574	-96.467239
15676.171875	-96.540771
15681.555176	-98.382683
15686.938477	-99.788681
15692.321777	-98.390129
15697.705078	-97.656807
15703.088379	-98.157394
15708.471680	-99.196259
15713.854980	-98.530289
15719.238281	-98.346710
15724.621582	-97.911186
15730.004883	-98.603310
15735.388184	-99.347115
15740.771484	-100.566528
15746.154785	-101.147072
15751.538086	-102.142326
15756.921387	-101.441444
15762.304688	-100.748260
15767.687988	-100.204803
15773.071289	-99.381615
15778.454590	-97.292839
15783.837891	-95.259422
15789.221191	-94.587776
15794.604492	-94.783257
15799.987793	-94.761948
15805.371094	-94.713593
15810.754395	-93.940971
15816.137695	-92.137627
15821.520996	-90.937386
15826.904297	-91.247169
15832.287598	-91.327301
15837.670898	-90.348595
15843.054199	-89.450043
15848.437500	-89.149864
15853.820801	-89.480522
15859.204102	-89.583328
15864.587402	-89.884621
15869.970703	-90.146004
15875.354004	-90.270653
15880.737305	-90.024117
15886.120605	-90.234161
15891.503906	-91.124451
15896.887207	-92.055489
15902.270508	-92.357727
15907.653809	-93.455719
15913.037109	-95.275002
15918.420410	-95.132294
15923.803711	-95.281700
15929.187012	-96.548340
15934.570312	-98.232376
15939.953613	-99.439674
15945.336914	-102.199295
15950.720215	-103.466156
15956.103516	-103.781837
15961.486816	-102.669586
15966.870117	-104.514008
15972.253418	-105.633499
15977.636719	-104.154114
15983.020020	-99.906441
15988.403320	-96.506599
15993.786621	-96.189209
15999.169922	-94.953438
16004.553223	-93.930107
16009.936523	-93.373642
16015.319824	-92.457832
16020.703125	-91.077057
16026.086426	-90.575119
16031.469727	-89.688324
16036.853027	-89.053223
16042.236328	-88.429802
16047.619629	-88.257912
16053.002930	-88.062935
16058.386230	-87.628265
16063.769531	-87.569038
16069.152832	-87.426254
16074.536133	-87.034798
16079.919434	-87.432495
16085.302734	-87.750381
16090.686035	-88.084801
16096.069336	-88.828590
16101.452637	-89.521027
16106.835938	-89.941284
16112.219238	-90.657326
16117.602539	-92.148155
16122.985840	-92.361389
16128.369141	-91.829941
16133.752441	-91.582069
16139.135742	-91.783974
16144.519043	-91.427567
16149.902344	-91.316322
16155.285645	-91.237823
16160.668945	-90.794159
16166.052246	-92.184807
16171.435547	-93.001083
16176.818848	-93.072052
16182.202148	-92.658463
16187.585449	-92.578293
16192.968750	-93.162926
16198.352051	-93.438751
16203.735352	-93.121384
16209.118652	-92.033516
16214.501953	-92.191933
16219.885254	-93.517235
16225.268555	-93.037491
16230.651855	-91.473381
16236.035156	-91.507256
16241.418457	-92.399979
16246.801758	-95.158707
16252.185059	-95.577385
16257.568359	-95.277641
16262.951660	-97.260574
16268.334961	-96.330177
16273.718262	-93.852547
16279.101562	-92.334534
16284.484863	-92.481285
16289.868164	-92.702988
16295.251465	-90.820351
16300.634766	-89.282181
16306.018066	-88.920761
16311.401367	-88.997131
16316.784668	-88.678497
16322.167969	-88.204376
16327.551270	-88.029396
16332.934570	-88.267738
16338.317871	-88.528023
16343.701172	-88.452873
16349.084473	-87.611397
16354.467773	-87.101456
16359.851074	-86.733894
16365.234375	-86.537682
16370.617676	-86.677925
16376.000977	-86.524734
16381.384277	-86.702599
16386.767578	-87.402603
16392.150879	-88.614601
16397.534180	-89.234947
16402.917480	-89.112846
16408.300781	-88.911270
16413.684082	-89.646820
16419.067383	-90.816704
16424.450684	-91.191879
16429.833984	-92.220139
16435.217285	-93.715210
16440.600586	-94.860397
16445.983887	-96.315224
16451.367188	-98.278564
16456.750488	-100.866173
16462.133789	-102.492828
16467.517090	-104.105118
16472.900391	-100.327568
16478.283691	-99.174461
16483.666992	-97.788994
16489.050293	-96.959000
16494.433594	-94.966354
16499.816895	-93.568855
16505.200195	-93.969917
16510.583496	-93.125648
16515.966797	-92.958221
16521.350098	-93.322372
16526.733398	-93.180176
16532.116699	-92.073723
16537.500000	-91.151588
16542.883301	-90.797256
16548.266602	-90.072708
16553.649902	-89.790031
16559.033203	-89.324104
16564.416504	-88.574242
16569.799805	-87.867386
16575.183105	-87.540482
16580.566406	-87.320305
16585.949707	-87.618271
16591.333008	-87.625053
16596.716309	-87.557953
16602.099609	-87.946259
16607.482910	-88.079666
16612.866211	-87.961929
16618.249512	-88.153679
16623.632812	-88.333588
16629.016113	-88.004578
16634.399414	-87.733490
16639.782715	-87.559128
16645.166016	-87.374329
16650.549316	-87.510963
16655.932617	-87.642357
16661.315918	-87.954903
16666.699219	-89.284401
16672.082520	-90.917007
16677.465820	-92.919281
16682.849121	-94.779076
16688.232422	-96.212425
16693.615723	-99.129150
16698.999023	-101.151123
16704.382324	-104.253418
16709.765625	-102.118965
16715.148926	-99.930466
16720.532227	-98.832886
16725.915527	-97.097847
16731.298828	-96.277458
16736.682129	-96.058464
16742.065430	-95.305229
16747.448730	-94.191666
16752.832031	-93.594856
16758.215332	-92.842850
16763.598633	-93.284798
16768.981934	-93.438950
16774.365234	-92.987602
16779.748535	-91.823875
16785.131836	-91.384697
16790.515137	-91.477661
16795.898438	-90.850204
16801.281738	-89.758347
16806.665039	-90.083565
16812.048340	-90.069687
16817.431641	-90.161034
16822.814941	-89.488251
16828.198242	-89.400146
16833.581543	-89.721695
16838.964844	-89.995415
16844.348145	-90.289894
16849.731445	-90.234581
16855.114746	-89.980606
16860.498047	-90.083992
16865.881348	-90.833183
16871.264648	-91.510963
16876.647949	-92.395851
16882.031250	-93.363930
16887.414551	-94.890015
16892.797852	-94.776360
16898.181152	-94.210846
16903.564453	-94.323685
16908.947754	-95.853981
16914.331055	-99.038399
16919.714355	-99.897041
16925.097656	-102.071716
16930.480957	-102.202293
16935.864258	-104.397781
16941.247559	-104.835686
16946.630859	-100.858253
16952.014160	-99.522987
16957.397461	-97.350754
16962.780762	-96.894768
16968.164062	-96.448471
16973.547363	-94.240753
16978.930664	-93.425125
16984.313965	-92.745117
16989.697266	-92.033157
16995.080566	-91.582565
17000.463867	-91.158081
17005.847168	-90.834000
17011.230469	-90.475327
17016.613770	-90.287163
17021.997070	-90.548775
17027.380371	-90.434158
17032.763672	-90.574997
17038.146973	-90.935562
17043.530273	-90.692215
17048.913574	-90.857727
17054.296875	-90.625618
17059.680176	-90.737686
17065.063477	-91.357155
17070.446777	-91.946564
17075.830078	-92.018494
17081.213379	-91.857407
17086.596680	-92.088837
17091.979980	-93.335320
17097.363281	-94.016624
17102.746582	-95.172737
17108.129883	-95.970825
17113.513184	-96.905273
17118.896484	-98.199699
17124.279785	-101.146606
17129.663086	-103.892288
17135.046387	-103.445770
17140.429688	-102.005272
17145.812988	-99.904922
17151.196289	-99.197540
17156.579590	-97.171783
17161.962891	-96.809242
17167.346191	-95.112793
17172.729492	-93.677490
17178.112793	-92.931549
17183.496094	-93.037888
17188.879395	-92.035362
17194.262695	-91.714294
17199.645996	-91.674980
17205.029297	-91.168533
17210.412598	-90.621193
17215.795898	-90.649170
17221.179199	-90.476250
17226.562500	-90.139580
17231.945801	-89.919365
17237.329102	-89.757904
17242.712402	-89.190285
17248.095703	-88.928421
17253.479004	-89.054565
17258.862305	-89.087128
17264.245605	-88.958466
17269.628906	-89.184952
17275.012207	-89.531647
17280.395508	-89.478371
17285.778809	-89.697433
17291.162109	-90.141235
17296.545410	-90.632645
17301.928711	-91.390732
17307.312012	-92.083679
17312.695312	-93.352135
17318.078613	-94.375854
17323.461914	-96.730621
17328.845215	-98.382011
17334.228516	-99.180145
17339.611816	-100.193626
17344.995117	-102.651360
17350.378418	-103.258072
17355.761719	-103.322708
17361.145020	-103.870682
17366.528320	-103.009987
17371.911621	-100.999489
17377.294922	-100.204445
17382.678223	-97.715118
17388.061523	-96.380814
17393.444824	-94.969841
17398.828125	-94.469025
17404.211426	-93.784058
17409.594727	-93.518898
17414.978027	-92.888412
17420.361328	-91.667778
17425.744629	-91.463615
17431.127930	-91.686363
17436.511230	-91.479889
17441.894531	-91.181664
17447.277832	-91.352592
17452.661133	-91.656700
17458.044434	-91.751892
17463.427734	-91.070602
17468.811035	-91.067238
17474.194336	-91.517845
17479.577637	-91.804329
17484.960938	-91.850342
17490.344238	-91.931000
17495.727539	-91.757011
17501.110840	-91.978378
17506.494141	-92.792206
17511.877441	-93.397705
17517.260742	-93.611465
17522.644043	-94.256538
17528.027344	-95.307022
17533.410645	-96.551422
17538.793945	-97.060867
17544.177246	-97.736725
17549.560547	-99.336220
17554.943848	-100.762772
17560.327148	-103.082458
17565.710449	-106.116081
17571.093750	-105.806198
17576.477051	-106.089951
17581.860352	-102.534210
17587.243652	-101.645592
17592.626953	-101.331848
17598.010254	-99.467194
17603.393555	-98.640007
17608.776855	-98.101974
17614.160156	-100.442154
17619.543457	-99.260406
17624.926758	-96.825638
17630.310059	-96.007835
17635.693359	-96.388184
17641.076660	-95.824234
17646.459961	-95.287720
17651.843262	-94.120300
17657.226562	-92.994896
17662.609863	-92.507454
17667.993164	-92.361649
17673.376465	-91.764977
17678.759766	-91.737968
17684.143066	-91.763901
17689.526367	-92.440422
17694.909668	-92.802635
17700.292969	-92.614021
17705.676270	-91.691902
17711.059570	-91.400459
17716.442871	-91.908142
17721.826172	-92.474525
17727.209473	-92.857735
17732.592773	-93.702560
17737.976074	-94.591789
17743.359375	-94.777496
17748.742676	-94.745682
17754.125977	-94.602562
17759.509277	-95.038063
17764.892578	-95.316666
17770.275879	-96.679153
17775.659180	-96.391457
17781.042480	-96.792244
17786.425781	-97.977402
17791.809082	-99.243561
17797.192383	-100.169281
17802.575684	-102.161018
17807.958984	-102.245529
17813.342285	-102.986252
17818.725586	-102.891502
17824.108887	-100.924309
17829.492188	-99.873177
17834.875488	-98.749046
17840.258789	-97.521515
17845.642090	-97.386314
17851.025391	-97.023315
17856.408691	-97.911407
17861.791992	-97.601288
17867.175293	-97.460434
17872.558594	-96.523949
17877.941895	-95.565041
17883.325195	-95.390907
17888.708496	-95.483002
17894.091797	-95.368958
17899.475098	-95.198479
17904.858398	-94.774155
17910.241699	-94.641487
17915.625000	-94.211678
17921.008301	-93.983841
17926.391602	-94.622437
17931.774902	-94.897011
17937.158203	-94.950378
17942.541504	-94.960144
17947.924805	-93.964928
17953.308105	-94.334541
17958.691406	-94.562164
17964.074707	-94.906662
17969.458008	-95.145500
17974.841309	-95.851227
17980.224609	-97.777901
17985.607910	-98.131096
17990.991211	-98.140869
17996.374512	-99.818886
18001.757812	-103.325439
18007.141113	-104.811546
18012.524414	-107.222282
18017.907715	-106.267815
18023.291016	-107.994415
18028.674316	-105.174675
18034.057617	-102.066124
18039.440918	-101.839981
18044.824219	-100.517441
18050.207520	-99.769089
18055.590820	-97.813393
18060.974121	-96.939171
18066.357422	-97.797325
18071.740723	-97.491684
18077.124023	-97.658699
18082.507324	-96.558617
18087.890625	-96.333405
18093.273926	-95.977371
18098.657227	-95.937714
18104.040527	-95.534302
18109.423828	-94.907616
18114.807129	-94.417137
18120.190430	-93.703316
18125.573730	-93.168495
18130.957031	-92.759605
18136.340332	-92.577240
18141.723633	-92.523697
18147.106934	-93.213448
18152.490234	-93.061394
18157.873535	-93.130791
18163.256836	-92.975502
18168.640137	-92.901131
18174.023438	-93.331100
18179.406738	-93.683159
18184.790039	-93.935280
18190.173340	-93.174759
18195.556641	-93.935158
18200.939941	-95.085312
18206.323242	-95.924492
18211.706543	-95.316498
18217.089844	-96.019287
18222.473145	-97.402962
18227.856445	-99.335480
18233.239746	-99.267830
18238.623047	-99.540115
18244.006348	-101.788055
18249.389648	-103.996162
18254.772949	-103.475716
18260.156250	-102.931511
18265.539551	-105.571678
18270.922852	-108.993256
18276.306152	-107.481842
18281.689453	-105.555054
18287.072754	-104.507668
18292.456055	-102.938545
18297.839355	-99.503311
18303.222656	-99.140221
18308.605957	-97.928101
18313.989258	-95.879234
18319.372559	-94.341087
18324.755859	-93.999054
18330.139160	-94.316162
18335.522461	-92.675545
18340.905762	-92.008270
18346.289062	-92.287743
18351.672363	-94.043533
18357.055664	-94.913147
18362.438965	-94.770241
18367.822266	-94.792366
18373.205566	-95.187569
18378.588867	-94.021133
18383.972168	-92.865479
18389.355469	-92.880135
18394.738770	-92.653664
18400.122070	-92.777931
18405.505371	-92.947403
18410.888672	-92.962875
18416.271973	-92.814270
18421.655273	-93.289513
18427.038574	-93.068817
18432.421875	-93.003372
18437.805176	-93.191628
18443.188477	-92.649490
18448.571777	-92.602821
18453.955078	-92.992050
18459.338379	-93.706512
18464.721680	-93.592461
18470.104980	-93.563141
18475.488281	-94.707169
18480.871582	-96.195671
18486.254883	-96.091095
18491.638184	-95.906136
18497.021484	-96.623795
18502.404785	-97.614754
18507.788086	-97.420143
18513.171387	-97.374565
18518.554688	-97.591721
18523.937988	-96.248085
18529.321289	-95.583328
18534.704590	-95.413124
18540.087891	-96.267395
18545.471191	-96.502167
18550.854492	-96.568939
18556.237793	-96.993484
18561.621094	-96.111565
18567.004395	-94.565445
18572.387695	-93.390579
18577.770996	-93.456757
18583.154297	-94.044899
18588.537598	-93.821869
18593.920898	-93.228188
18599.304199	-93.918030
18604.687500	-94.735527
18610.070801	-93.722542
18615.454102	-93.034904
18620.837402	-92.982193
18626.220703	-93.161362
18631.604004	-92.761925
18636.987305	-92.259682
18642.370605	-92.372490
18647.753906	-91.934875
18653.137207	-91.981834
18658.520508	-91.222321
18663.903809	-90.238037
18669.287109	-90.154716
18674.670410	-90.814186
18680.053711	-91.193077
18685.437012	-91.046310
18690.820312	-91.246559
18696.203613	-91.786156
18701.586914	-92.357597
18706.970215	-93.266838
18712.353516	-94.902428
18717.736816	-95.006866
18723.120117	-94.550247
18728.503418	-94.970604
18733.886719	-95.959099
18739.270020	-96.107582
18744.653320	-96.427734
18750.036621	-97.814262
18755.419922	-98.842361
18760.803223	-98.174126
18766.186523	-96.954857
18771.569824	-97.166618
18776.953125	-97.727501
18782.336426	-98.096031
18787.719727	-96.776817
18793.103027	-96.125214
18798.486328	-96.836693
18803.869629	-95.744926
18809.252930	-94.884506
18814.636230	-94.527664
18820.019531	-95.199921
18825.402832	-94.935890
18830.786133	-94.208160
18836.169434	-94.145866
18841.552734	-94.111496
18846.936035	-94.455353
18852.319336	-93.825546
18857.702637	-93.733284
18863.085938	-94.185165
18868.469238	-93.504074
18873.852539	-93.730354
18879.235840	-94.968544
18884.619141	-95.181770
18890.002441	-95.344170
18895.385742	-96.318626
18900.769043	-96.184319
18906.152344	-95.633476
18911.535645	-94.957428
18916.918945	-94.155121
18922.302246	-93.735283
18927.685547	-94.186996
18933.068848	-94.001648
18938.452148	-93.567451
18943.835449	-93.349380
18949.218750	-92.908058
18954.602051	-93.028732
18959.985352	-92.808617
18965.368652	-92.795845
18970.751953	-92.287422
18976.135254	-92.266685
18981.518555	-92.319458
18986.901855	-92.397186
18992.285156	-92.819847
18997.668457	-93.631912
19003.051758	-95.042038
19008.435059	-95.732903
19013.818359	-96.662834
19019.201660	-95.603783
19024.584961	-94.085609
19029.968262	-93.123024
19035.351562	-92.671959
19040.734863	-92.417183
19046.118164	-91.842278
19051.501465	-92.066696
19056.884766	-92.420403
19062.268066	-93.068619
19067.651367	-93.408775
19073.034668	-94.019485
19078.417969	-93.709015
19083.801270	-92.710121
19089.184570	-91.686714
19094.567871	-90.684341
19099.951172	-90.197800
19105.334473	-90.039169
19110.717773	-89.564529
19116.101074	-88.822189
19121.484375	-88.633209
19126.867676	-88.816246
19132.250977	-88.583191
19137.634277	-88.535011
19143.017578	-88.575745
19148.400879	-88.809807
19153.784180	-88.420113
19159.167480	-88.363838
19164.550781	-88.466866
19169.934082	-89.021141
19175.317383	-89.712387
19180.700684	-89.556831
19186.083984	-89.469246
19191.467285	-89.585442
19196.850586	-89.929230
19202.233887	-89.826874
19207.617188	-88.849533
19213.000488	-87.655441
19218.383789	-87.264221
19223.767090	-86.664963
19229.150391	-86.486198
19234.533691	-86.479820
19239.916992	-86.167862
19245.300293	-86.258644
19250.683594	-86.100220
19256.066895	-86.495316
19261.450195	-87.191818
19266.833496	-87.988380
19272.216797	-88.324402
19277.600098	-88.177696
19282.983398	-88.259148
19288.366699	-88.465057
19293.750000	-88.678284
19299.133301	-88.542145
19304.516602	-88.733475
19309.899902	-88.681122
19315.283203	-88.917229
19320.666504	-88.981255
19326.049805	-89.148209
19331.433105	-89.507202
19336.816406	-89.783669
19342.199707	-90.182030
19347.583008	-90.614441
19352.966309	-90.519325
19358.349609	-89.869781
19363.732910	-89.274147
19369.116211	-88.947731
19374.499512	-89.285011
19379.882812	-89.726212
19385.266113	-89.867226
19390.649414	-89.850716
19396.032715	-90.149483
19401.416016	-89.629517
19406.799316	-89.373466
19412.182617	-89.476768
19417.565918	-89.975212
19422.949219	-90.321465
19428.332520	-90.079575
19433.715820	-90.278336
19439.099121	-90.517334
19444.482422	-90.848473
19449.865723	-91.583755
19455.249023	-92.087662
19460.632324	-92.359833
19466.015625	-92.505829
19471.398926	-92.432747
19476.782227	-92.297508
19482.165527	-92.392799
19487.548828	-92.463074
19492.932129	-93.080246
19498.315430	-93.178581
19503.698730	-92.388710
19509.082031	-92.391846
19514.465332	-92.270111
19519.848633	-92.080765
19525.231934	-92.101044
19530.615234	-92.560669
19535.998535	-93.902512
19541.381836	-95.531937
19546.765137	-96.328712
19552.148438	-97.067535
19557.531738	-98.681587
19562.915039	-99.673981
19568.298340	-102.426727
19573.681641	-99.455360
19579.064941	-97.244972
19584.448242	-95.554001
19589.831543	-94.738693
19595.214844	-94.526352
19600.598145	-94.592316
19605.981445	-94.498108
19611.364746	-94.146271
19616.748047	-94.189934
19622.131348	-94.449142
19627.514648	-94.593277
19632.897949	-93.655136
19638.281250	-93.570389
19643.664551	-94.819260
19649.047852	-96.169540
19654.431152	-97.044464
19659.814453	-96.506851
19665.197754	-98.175980
19670.581055	-99.876511
19675.964355	-98.656372
19681.347656	-98.586586
19686.730957	-98.456367
19692.114258	-98.710342
19697.497559	-98.904533
19702.880859	-98.724159
19708.264160	-99.266937
19713.647461	-101.200989
19719.030762	-100.783188
19724.414062	-103.589058
19729.797363	-107.938309
19735.180664	-107.773567
19740.563965	-107.100861
19745.947266	-107.920517
19751.330566	-106.705231
19756.713867	-106.027451
19762.097168	-107.756149
19767.480469	-107.071716
19772.863770	-105.368202
19778.247070	-106.855949
19783.630371	-104.677216
19789.013672	-106.151039
19794.396973	-105.340805
19799.780273	-104.447365
19805.163574	-102.835777
19810.546875	-102.505363
19815.930176	-105.000580
19821.313477	-104.263504
19826.696777	-105.847145
19832.080078	-102.789101
19837.463379	-103.358780
19842.846680	-102.180077
19848.229980	-100.295479
19853.613281	-99.088760
19858.996582	-97.736603
19864.379883	-96.923912
19869.763184	-96.419647
19875.146484	-96.628525
19880.529785	-96.594742
19885.913086	-96.079239
19891.296387	-95.783928
19896.679688	-96.200493
19902.062988	-97.168472
19907.446289	-98.119797
19912.829590	-98.569969
19918.212891	-98.700630
19923.596191	-99.570175
19928.979492	-101.246590
19934.362793	-102.463539
19939.746094	-104.528915
19945.129395	-105.579910
19950.512695	-104.676041
19955.895996	-103.861572
19961.279297	-101.451675
19966.662598	-100.593605
19972.045898	-101.961769
19977.429199	-101.262955
19982.812500	-100.248253
19988.195801	-98.566292
19993.579102	-98.014725
19998.962402	-98.006699
20004.345703	-97.603851
20009.729004	-97.033165
20015.112305	-96.349953
20020.495605	-97.077209
20025.878906	-97.920494
20031.262207	-96.406662
20036.645508	-96.336281
20042.028809	-97.227028
20047.412109	-96.364883
20052.795410	-95.523567
20058.178711	-94.486115
20063.562012	-93.153099
20068.945312	-92.871490
20074.328613	-92.870644
20079.711914	-93.481041
20085.095215	-93.807365
20090.478516	-94.479637
20095.861816	-94.779572
20101.245117	-94.454285
20106.628418	-92.769386
20112.011719	-93.387764
20117.395020	-93.647682
20122.778320	-94.733902
20128.161621	-95.473053
20133.544922	-95.416084
20138.928223	-95.897270
20144.311523	-97.777222
20149.694824	-99.199844
20155.078125	-102.023003
20160.461426	-104.078423
20165.844727	-102.833244
20171.228027	-106.067940
20176.611328	-108.558472
20181.994629	-104.398712
20187.377930	-102.129410
20192.761230	-100.284775
20198.144531	-98.293465
20203.527832	-96.151291
20208.911133	-93.673401
20214.294434	-92.975288
20219.677734	-92.750603
20225.061035	-92.475288
20230.444336	-91.351097
20235.827637	-91.674011
20241.210938	-92.242905
20246.594238	-92.550224
20251.977539	-92.853149
20257.360840	-92.909431
20262.744141	-92.565117
20268.127441	-92.491302
20273.510742	-91.947777
20278.894043	-91.137489
20284.277344	-90.471466
20289.660645	-90.448143
20295.043945	-90.634537
20300.427246	-89.939857
20305.810547	-89.896530
20311.193848	-90.241570
20316.577148	-90.765701
20321.960449	-91.998703
20327.343750	-93.023750
20332.727051	-92.995956
20338.110352	-93.218613
20343.493652	-95.070618
20348.876953	-96.880409
20354.260254	-97.421021
20359.643555	-97.081779
20365.026855	-98.224602
20370.410156	-99.750320
20375.793457	-100.797585
20381.176758	-99.951317
20386.560059	-100.769096
20391.943359	-103.440613
20397.326660	-105.503410
20402.709961	-110.066536
20408.093262	-103.494987
20413.476562	-102.798302
20418.859863	-106.029396
20424.243164	-102.694786
20429.626465	-105.053146
20435.009766	-105.003479
20440.393066	-104.988014
20445.776367	-102.666641
20451.159668	-103.804764
20456.542969	-103.409378
20461.926270	-102.198807
20467.309570	-100.478348
20472.692871	-99.373108
20478.076172	-99.576965
20483.459473	-100.269539
20488.842773	-102.136513
20494.226074	-99.833000
20499.609375	-101.113441
20504.992676	-101.619553
20510.375977	-105.327034
20515.759277	-106.374954
20521.142578	-104.722054
20526.525879	-102.506187
20531.909180	-102.791832
20537.292480	-103.111488
20542.675781	-100.543358
20548.059082	-99.518021
20553.442383	-99.668098
20558.825684	-98.454880
20564.208984	-98.447205
20569.592285	-98.339157
20574.975586	-97.105537
20580.358887	-97.986969
20585.742188	-100.015739
20591.125488	-99.646629
20596.508789	-99.388435
20601.892090	-100.863525
20607.275391	-103.765663
20612.658691	-101.625160
20618.041992	-103.247673
20623.425293	-103.027992
20628.808594	-103.673630
20634.191895	-101.081696
20639.575195	-101.247154
20644.958496	-99.887177
20650.341797	-99.289635
20655.725098	-98.252289
20661.108398	-97.439926
20666.491699	-96.817818
20671.875000	-96.670059
20677.258301	-95.358490
20682.641602	-94.267624
20688.024902	-93.404762
20693.408203	-93.109612
20698.791504	-92.357330
20704.174805	-91.827171
20709.558105	-91.067245
20714.941406	-91.243256
20720.324707	-91.147301
20725.708008	-90.242767
20731.091309	-90.300941
20736.474609	-90.140175
20741.857910	-89.604401
20747.241211	-89.238976
20752.624512	-89.282516
20758.007812	-89.794754
20763.391113	-89.675507
20768.774414	-89.449715
20774.157715	-89.295830
20779.541016	-89.200653
20784.924316	-88.808746
20790.307617	-88.882904
20795.690918	-89.362190
20801.074219	-89.841400
20806.457520	-89.609016
20811.840820	-89.783844
20817.224121	-89.914101
20822.607422	-90.210861
20827.990723	-90.390053
20833.374023	-91.062515
20838.757324	-91.387566
20844.140625	-91.353081
20849.523926	-92.078560
20854.907227	-92.815857
20860.290527	-94.030495
20865.673828	-94.167084
20871.057129	-94.435875
20876.440430	-95.296936
20881.823730	-95.800034
20887.207031	-95.493286
20892.590332	-94.711540
20897.973633	-93.976219
20903.356934	-93.300423
20908.740234	-93.606384
20914.123535	-94.671051
20919.506836	-95.893684
20924.890137	-96.103249
20930.273438	-97.453934
20935.656738	-99.189888
20941.040039	-100.505249
20946.423340	-100.868927
20951.806641	-99.818474
20957.189941	-99.671097
20962.573242	-99.315422
20967.956543	-98.963852
20973.339844	-98.187027
20978.723145	-99.239037
20984.106445	-99.695389
20989.489746	-99.066536
20994.873047	-97.663292
21000.256348	-96.659210
21005.639648	-96.627052
21011.022949	-97.560677
21016.406250	-97.210892
21021.789551	-95.963203
21027.172852	-97.594841
21032.556152	-98.717377
21037.939453	-98.902084
21043.322754	-99.127945
21048.706055	-98.673981
21054.089355	-97.899841
21059.472656	-97.076286
21064.855957	-96.282227
21070.239258	-96.655762
21075.622559	-97.425209
21081.005859	-96.419067
21086.389160	-96.212891
21091.772461	-96.410477
21097.155762	-96.104965
21102.539062	-96.133148
21107.922363	-95.494804
21113.305664	-95.568199
21118.688965	-96.389709
21124.072266	-97.725166
21129.455566	-97.089340
21134.838867	-96.880524
21140.222168	-97.743958
21145.605469	-99.066910
21150.988770	-99.666054
21156.372070	-101.159874
21161.755371	-101.640694
21167.138672	-102.069031
21172.521973	-102.470955
21177.905273	-102.920006
21183.288574	-103.566048
21188.671875	-102.898926
21194.055176	-103.249687
21199.438477	-102.213005
21204.821777	-101.684135
21210.205078	-101.608147
21215.588379	-102.564842
21220.971680	-101.677505
21226.354980	-100.213699
21231.738281	-98.757019
21237.121582	-97.584358
21242.504883	-96.458076
21247.888184	-97.359062
21253.271484	-98.018517
21258.654785	-97.652618
21264.038086	-97.041290
21269.421387	-96.616943
21274.804688	-97.022354
21280.187988	-98.106987
21285.571289	-98.558640
21290.954590	-97.450218
21296.337891	-97.203079
21301.721191	-98.123245
21307.104492	-99.305229
21312.487793	-99.968330
21317.871094	-100.299019
21323.254395	-100.881065
21328.637695	-101.638611
21334.020996	-103.373230
21339.404297	-103.382118
21344.787598	-103.080658
21350.170898	-106.493187
21355.554199	-105.610138
21360.937500	-108.529716
21366.320801	-106.184708
21371.704102	-103.794518
21377.087402	-103.567406
21382.470703	-102.767006
21387.854004	-102.347160
21393.237305	-100.166000
21398.620605	-99.674774
21404.003906	-98.565895
21409.387207	-98.288765
21414.770508	-97.641029
21420.153809	-95.905350
21425.537109	-95.232407
21430.920410	-94.233665
21436.303711	-92.953972
21441.687012	-92.733772
21447.070312	-92.068314
21452.453613	-92.315254
21457.836914	-92.008820
21463.220215	-91.783890
21468.603516	-91.777557
21473.986816	-91.883308
21479.370117	-92.121490
21484.753418	-91.934776
21490.136719	-91.715294
21495.520020	-91.857216
21500.903320	-92.356857
21506.286621	-92.035263
21511.669922	-91.501030
21517.053223	-91.968628
21522.436523	-92.999466
21527.819824	-93.594086
21533.203125	-94.526291
21538.586426	-95.239014
21543.969727	-97.081795
21549.353027	-98.381424
21554.736328	-99.554604
21560.119629	-101.682449
21565.502930	-102.756485
21570.886230	-107.676933
21576.269531	-106.181854
21581.652832	-106.363853
21587.036133	-101.295799
21592.419434	-100.093735
21597.802734	-98.946342
21603.186035	-98.516624
21608.569336	-97.345444
21613.952637	-95.948578
21619.335938	-95.013710
21624.719238	-95.618813
21630.102539	-94.494545
21635.485840	-93.287918
21640.869141	-92.087975
21646.252441	-91.166901
21651.635742	-90.825027
21657.019043	-90.932861
21662.402344	-90.649315
21667.785645	-90.003326
21673.168945	-89.572197
21678.552246	-89.488907
21683.935547	-89.861504
21689.318848	-89.748070
21694.702148	-89.226227
21700.085449	-89.061836
21705.468750	-89.639954
21710.852051	-89.833328
21716.235352	-89.867386
21721.618652	-89.859993
21727.001953	-89.667099
21732.385254	-89.766701
21737.768555	-90.222626
21743.151855	-90.496223
21748.535156	-90.098717
21753.918457	-90.554550
21759.301758	-90.617752
21764.685059	-90.772339
21770.068359	-90.968391
21775.451660	-91.520607
21780.834961	-92.463707
21786.218262	-93.211723
21791.601562	-94.133270
21796.984863	-95.044678
21802.368164	-96.614922
21807.751465	-98.005615
21813.134766	-98.846321
21818.518066	-102.324455
21823.901367	-106.403816
21829.284668	-105.473251
21834.667969	-109.260880
21840.051270	-105.063927
21845.434570	-101.294273
21850.817871	-100.250809
21856.201172	-99.870468
21861.584473	-98.003540
21866.967773	-97.063126
21872.351074	-95.904022
21877.734375	-95.449814
21883.117676	-94.246674
21888.500977	-93.161133
21893.884277	-92.829041
21899.267578	-92.142838
21904.650879	-91.601768
21910.034180	-91.689583
21915.417480	-91.199455
21920.800781	-91.035294
21926.184082	-90.861588
21931.567383	-90.729378
21936.950684	-90.499313
21942.333984	-90.512344
21947.717285	-90.908653
21953.100586	-90.741203
21958.483887	-90.559135
21963.867188	-90.533058
21969.250488	-90.374779
21974.633789	-90.854317
21980.017090	-91.481194
21985.400391	-91.695793
21990.783691	-91.592194
21996.166992	-92.091072
22001.550293	-92.964027
22006.933594	-94.112442
22012.316895	-94.941010
22017.700195	-94.732605
22023.083496	-95.799477
22028.466797	-97.737968
22033.850098	-98.995804
22039.233398	-101.117279
22044.616699	-102.856598
