Frequency (Hz)	Level (dB)
5.383301	-42.814102
10.766602	-42.859745
16.149902	-44.332439
21.533203	-46.407692
26.916504	-48.321918
32.299805	-45.195061
37.683105	-42.376770
43.066406	-42.504570
48.449707	-41.479149
53.833008	-39.232075
59.216309	-35.931282
64.599609	-34.670113
69.982910	-35.713085
75.366211	-36.282963
80.749512	-36.094170
86.132812	-36.099777
91.516113	-37.550354
96.899414	-40.640629
102.282715	-43.800274
107.666016	-42.083549
113.049316	-37.847858
118.432617	-35.945503
123.815918	-36.521198
129.199219	-36.449398
134.582520	-35.274891
139.965820	-35.479904
145.349121	-37.226395
150.732422	-40.868565
156.115723	-47.292850
161.499023	-57.456425
166.882324	-52.488541
172.265625	-47.848080
177.648926	-44.028942
183.032227	-40.849636
188.415527	-43.051109
193.798828	-50.396034
199.182129	-43.212219
204.565430	-36.194164
209.948730	-32.603264
215.332031	-31.529873
220.715332	-33.658302
226.098633	-39.640656
231.481934	-48.192619
236.865234	-48.092983
242.248535	-44.333645
247.631836	-44.277760
253.015137	-37.849659
258.398438	-34.773235
263.781738	-33.673710
269.165039	-34.402817
274.548340	-33.290428
279.931641	-31.615854
285.314941	-35.641495
290.698242	-34.745945
296.081543	-31.760479
301.464844	-31.351870
306.848145	-28.083879
312.231445	-24.601013
317.614746	-25.511076
322.998047	-26.019524
328.381348	-21.100796
333.764648	-19.450121
339.147949	-19.717543
344.531250	-19.819759
349.914551	-22.178474
355.297852	-24.214840
360.681152	-24.314634
366.064453	-25.451965
371.447754	-28.342022
376.831055	-31.555155
382.214355	-29.950520
387.597656	-29.973093
392.980957	-35.311562
398.364258	-40.753761
403.747559	-43.791794
409.130859	-37.173527
414.514160	-33.306587
419.897461	-32.895145
425.280762	-30.080538
430.664062	-28.547169
436.047363	-29.410604
441.430664	-33.149597
446.813965	-33.757851
452.197266	-31.198618
457.580566	-31.746584
462.963867	-34.457752
468.347168	-35.287659
473.730469	-33.457691
479.113770	-29.269472
484.497070	-28.510302
489.880371	-30.226976
495.263672	-30.082193
500.646973	-27.273226
506.030273	-29.458220
511.413574	-30.842155
516.796875	-22.845226
522.180176	-21.130501
527.563477	-21.932301
532.946777	-20.176603
538.330078	-18.581461
543.713379	-18.097248
549.096680	-19.479940
554.479980	-22.391676
559.863281	-23.742182
565.246582	-22.946293
570.629883	-24.497042
576.013184	-28.452139
581.396484	-34.154430
586.779785	-38.517139
592.163086	-37.986027
597.546387	-35.599777
602.929688	-30.943855
608.312988	-28.509708
613.696289	-26.532377
619.079590	-24.608196
624.462891	-26.032127
629.846191	-25.184959
635.229492	-23.217827
640.612793	-24.255541
645.996094	-26.092630
651.379395	-27.251795
656.762695	-28.022757
662.145996	-28.972561
667.529297	-28.523527
672.912598	-28.080622
678.295898	-28.198608
683.679199	-27.300873
689.062500	-28.690132
694.445801	-34.508690
699.829102	-47.503971
705.212402	-36.182262
710.595703	-33.339542
715.979004	-34.673576
721.362305	-40.124763
726.745605	-44.386456
732.128906	-41.499390
737.512207	-39.605583
742.895508	-37.650486
748.278809	-37.755325
753.662109	-40.344234
759.045410	-43.349659
764.428711	-43.526009
769.812012	-44.611691
775.195312	-47.016792
780.578613	-46.252548
785.961914	-47.101208
791.345215	-48.983665
796.728516	-46.907665
802.111816	-43.633492
807.495117	-46.081749
812.878418	-45.534664
818.261719	-40.678265
823.645020	-36.583614
829.028320	-35.640881
834.411621	-39.241531
839.794922	-42.439919
845.178223	-40.371181
850.561523	-39.448002
855.944824	-42.437832
861.328125	-49.785343
866.711426	-44.529457
872.094727	-40.800644
877.478027	-40.022869
882.861328	-39.988705
888.244629	-38.982758
893.627930	-37.523598
899.011230	-37.022018
904.394531	-38.709572
909.777832	-41.702885
915.161133	-44.652653
920.544434	-44.979675
925.927734	-41.056538
931.311035	-38.592968
936.694336	-39.067257
942.077637	-39.314518
947.460938	-37.932301
952.844238	-38.531662
958.227539	-41.829548
963.610840	-43.971802
968.994141	-41.030838
974.377441	-40.188442
979.760742	-40.282948
985.144043	-41.193920
990.527344	-43.376186
995.910645	-46.520264
1001.293945	-45.470322
1006.677246	-44.916702
1012.060547	-47.078976
1017.443848	-49.389694
1022.827148	-49.742615
1028.210449	-45.557400
1033.593750	-41.149467
1038.977051	-40.253197
1044.360352	-41.017231
1049.743652	-42.306656
1055.126953	-41.713383
1060.510254	-41.909119
1065.893555	-46.336319
1071.276855	-48.917027
1076.660156	-46.373390
1082.043457	-42.371376
1087.426758	-42.600235
1092.810059	-43.684254
1098.193359	-47.184853
1103.576660	-54.000420
1108.959961	-49.372646
1114.343262	-49.202827
1119.726562	-44.117397
1125.109863	-38.636055
1130.493164	-36.306572
1135.876465	-36.505592
1141.259766	-37.294407
1146.643066	-37.014744
1152.026367	-36.495853
1157.409668	-37.360718
1162.792969	-38.795029
1168.176270	-38.880150
1173.559570	-39.151726
1178.942871	-40.238419
1184.326172	-40.092434
1189.709473	-38.658161
1195.092773	-38.120922
1200.476074	-37.095615
1205.859375	-36.384758
1211.242676	-36.280052
1216.625977	-36.346691
1222.009277	-36.729282
1227.392578	-37.144924
1232.775879	-37.416859
1238.159180	-38.329548
1243.542480	-40.471668
1248.925781	-42.234917
1254.309082	-43.129059
1259.692383	-44.938454
1265.075684	-49.083740
1270.458984	-51.546085
1275.842285	-50.775036
1281.225586	-51.354126
1286.608887	-51.479950
1291.992188	-49.226318
1297.375488	-49.258492
1302.758789	-52.941120
1308.142090	-49.794075
1313.525391	-44.344574
1318.908691	-42.715290
1324.291992	-44.250076
1329.675293	-47.832191
1335.058594	-47.193600
1340.441895	-43.594032
1345.825195	-43.095268
1351.208496	-45.653488
1356.591797	-46.734268
1361.975098	-44.707245
1367.358398	-44.453850
1372.741699	-45.398392
1378.125000	-47.563152
1383.508301	-46.459743
1388.891602	-45.176758
1394.274902	-43.144264
1399.658203	-40.486164
1405.041504	-38.953114
1410.424805	-36.815956
1415.808105	-35.940414
1421.191406	-36.943508
1426.574707	-36.746037
1431.958008	-37.258144
1437.341309	-39.095028
1442.724609	-39.586384
1448.107910	-41.647381
1453.491211	-47.631100
1458.874512	-53.945396
1464.257812	-46.219395
1469.641113	-43.157448
1475.024414	-42.790371
1480.407715	-42.269913
1485.791016	-42.571625
1491.174316	-41.335155
1496.557617	-39.733749
1501.940918	-40.847317
1507.324219	-42.748055
1512.707520	-43.623573
1518.090820	-43.836216
1523.474121	-43.974689
1528.857422	-44.486275
1534.240723	-45.343002
1539.624023	-46.236290
1545.007324	-46.554707
1550.390625	-48.811386
1555.773926	-52.664318
1561.157227	-58.250378
1566.540527	-52.996864
1571.923828	-49.990742
1577.307129	-44.920650
1582.690430	-41.299522
1588.073730	-40.068905
1593.457031	-41.089447
1598.840332	-43.137436
1604.223633	-42.560802
1609.606934	-42.798264
1614.990234	-44.052773
1620.373535	-45.042099
1625.756836	-43.144394
1631.140137	-40.801250
1636.523438	-40.170570
1641.906738	-38.816547
1647.290039	-37.938465
1652.673340	-39.455971
1658.056641	-44.659893
1663.439941	-52.945831
1668.823242	-46.549706
1674.206543	-43.789776
1679.589844	-46.718227
1684.973145	-46.451717
1690.356445	-42.119598
1695.739746	-39.176643
1701.123047	-36.701675
1706.506348	-37.267563
1711.889648	-42.470665
1717.272949	-44.937366
1722.656250	-43.340939
1728.039551	-43.368492
1733.422852	-45.925472
1738.806152	-52.008030
1744.189453	-45.648914
1749.572754	-43.735023
1754.956055	-46.565674
1760.339355	-52.467339
1765.722656	-50.468040
1771.105957	-47.474403
1776.489258	-49.205063
1781.872559	-47.833733
1787.255859	-45.213226
1792.639160	-45.962498
1798.022461	-49.811089
1803.405762	-54.096764
1808.789062	-52.477947
1814.172363	-51.939884
1819.555664	-53.638554
1824.938965	-49.014427
1830.322266	-47.960140
1835.705566	-47.758949
1841.088867	-52.993290
1846.472168	-55.508247
1851.855469	-50.570045
1857.238770	-52.470230
1862.622070	-56.971489
1868.005371	-56.286087
1873.388672	-51.839836
1878.771973	-51.792526
1884.155273	-56.273670
1889.538574	-50.677399
1894.921875	-47.462662
1900.305176	-47.800770
1905.688477	-49.841110
1911.071777	-48.714752
1916.455078	-48.082535
1921.838379	-47.507755
1927.221680	-46.590355
1932.604980	-45.621170
1937.988281	-45.208694
1943.371582	-45.953671
1948.754883	-46.732407
1954.138184	-48.822536
1959.521484	-56.020248
1964.904785	-59.036751
1970.288086	-53.433830
1975.671387	-52.623886
1981.054688	-46.331074
1986.437988	-43.110958
1991.821289	-43.596325
1997.204590	-45.844933
2002.587891	-44.502533
2007.971191	-42.882954
2013.354492	-44.003815
2018.737793	-48.282299
2024.121094	-50.051716
2029.504395	-49.468174
2034.887695	-48.311981
2040.270996	-47.175980
2045.654297	-46.690304
2051.037598	-45.396446
2056.420898	-45.468872
2061.804199	-46.402790
2067.187500	-46.616367
2072.570801	-45.514450
2077.954102	-44.420078
2083.337402	-45.230556
2088.720703	-46.370998
2094.104004	-46.022884
2099.487305	-45.518806
2104.870605	-47.006413
2110.253906	-49.511478
2115.637207	-51.476551
2121.020508	-52.308571
2126.403809	-55.366966
2131.787109	-60.314480
2137.170410	-52.908554
2142.553711	-49.100075
2147.937012	-49.074680
2153.320312	-51.309837
2158.703613	-51.315456
2164.086914	-49.824959
2169.470215	-49.389992
2174.853516	-50.411869
2180.236816	-53.164536
2185.620117	-56.738483
2191.003418	-58.715576
2196.386719	-57.209858
2201.770020	-49.662857
2207.153320	-45.851524
2212.536621	-44.593670
2217.919922	-46.427303
2223.303223	-49.891590
2228.686523	-49.975662
2234.069824	-48.398994
2239.453125	-45.652584
2244.836426	-43.449825
2250.219727	-44.007206
2255.603027	-47.285896
2260.986328	-52.229450
2266.369629	-55.144814
2271.752930	-57.696609
2277.136230	-57.644775
2282.519531	-54.372559
2287.902832	-52.721203
2293.286133	-53.163269
2298.669434	-54.880451
2304.052734	-52.877342
2309.436035	-51.151028
2314.819336	-51.447102
2320.202637	-51.968044
2325.585938	-53.360573
2330.969238	-55.459629
2336.352539	-53.623779
2341.735840	-52.053318
2347.119141	-53.570183
2352.502441	-60.042038
2357.885742	-59.233402
2363.269043	-53.793049
2368.652344	-54.507267
2374.035645	-58.662067
2379.418945	-56.152744
2384.802246	-52.189026
2390.185547	-50.382473
2395.568848	-53.146603
2400.952148	-57.791187
2406.335449	-53.907215
2411.718750	-52.849541
2417.102051	-54.299034
2422.485352	-58.853336
2427.868652	-56.716232
2433.251953	-52.001678
2438.635254	-52.296101
2444.018555	-55.843689
2449.401855	-55.064064
2454.785156	-53.393822
2460.168457	-52.538044
2465.551758	-50.639664
2470.935059	-50.620678
2476.318359	-52.696800
2481.701660	-55.970966
2487.084961	-55.084465
2492.468262	-49.068668
2497.851562	-45.576416
2503.234863	-45.258602
2508.618164	-46.654320
2514.001465	-47.530815
2519.384766	-47.115726
2524.768066	-47.485130
2530.151367	-47.799068
2535.534668	-46.966576
2540.917969	-47.411121
2546.301270	-47.625443
2551.684570	-46.218208
2557.067871	-44.929916
2562.451172	-45.321896
2567.834473	-46.372456
2573.217773	-45.784985
2578.601074	-44.957653
2583.984375	-45.954548
2589.367676	-48.694530
2594.750977	-50.783699
2600.134277	-49.474060
2605.517578	-48.329514
2610.900879	-49.002865
2616.284180	-50.855526
2621.667480	-53.158302
2627.050781	-53.555172
2632.434082	-51.669441
2637.817383	-51.244740
2643.200684	-52.815483
2648.583984	-55.291306
2653.967285	-55.111195
2659.350586	-53.662426
2664.733887	-51.748722
2670.117188	-50.523411
2675.500488	-51.116516
2680.883789	-50.906746
2686.267090	-49.146095
2691.650391	-48.632240
2697.033691	-49.089893
2702.416992	-50.077396
2707.800293	-51.262844
2713.183594	-51.317513
2718.566895	-49.433407
2723.950195	-47.912800
2729.333496	-47.098202
2734.716797	-46.757858
2740.100098	-46.960567
2745.483398	-47.689957
2750.866699	-47.654514
2756.250000	-48.491093
2761.633301	-49.554184
2767.016602	-51.235878
2772.399902	-52.575912
2777.783203	-51.804424
2783.166504	-50.742493
2788.549805	-49.748573
2793.933105	-51.137577
2799.316406	-56.862789
2804.699707	-63.031013
2810.083008	-56.159500
2815.466309	-55.502663
2820.849609	-57.039268
2826.232910	-55.307610
2831.616211	-50.896519
2836.999512	-47.934792
2842.382812	-47.171650
2847.766113	-48.324001
2853.149414	-47.994980
2858.532715	-48.187859
2863.916016	-49.861443
2869.299316	-50.431641
2874.682617	-51.523411
2880.065918	-50.848644
2885.449219	-49.307838
2890.832520	-49.540031
2896.215820	-49.546322
2901.599121	-48.284477
2906.982422	-47.420029
2912.365723	-48.757744
2917.749023	-52.336926
2923.132324	-57.696850
2928.515625	-67.749405
2933.898926	-65.032639
2939.282227	-68.419403
2944.665527	-65.343910
2950.048828	-58.863415
2955.432129	-56.870010
2960.815430	-56.863564
2966.198730	-56.613373
2971.582031	-55.799679
2976.965332	-54.375076
2982.348633	-52.754471
2987.731934	-52.313866
2993.115234	-51.262749
2998.498535	-49.956196
3003.881836	-49.686569
3009.265137	-50.091877
3014.648438	-51.150558
3020.031738	-52.337780
3025.415039	-53.206673
3030.798340	-52.560970
3036.181641	-50.832127
3041.564941	-51.024094
3046.948242	-52.513840
3052.331543	-52.720764
3057.714844	-51.716869
3063.098145	-50.970390
3068.481445	-51.050789
3073.864746	-51.487103
3079.248047	-52.620087
3084.631348	-53.269020
3090.014648	-53.973408
3095.397949	-54.513416
3100.781250	-54.614628
3106.164551	-55.914932
3111.547852	-58.309696
3116.931152	-60.013897
3122.314453	-61.731468
3127.697754	-65.625008
3133.081055	-65.522278
3138.464355	-61.655579
3143.847656	-59.576794
3149.230957	-59.302349
3154.614258	-59.263981
3159.997559	-57.069931
3165.380859	-54.503220
3170.764160	-53.812531
3176.147461	-55.626186
3181.530762	-58.738392
3186.914062	-61.579075
3192.297363	-59.179050
3197.680664	-56.889263
3203.063965	-59.122158
3208.447266	-63.096447
3213.830566	-60.637295
3219.213867	-58.370525
3224.597168	-57.966759
3229.980469	-60.285946
3235.363770	-59.204269
3240.747070	-57.491829
3246.130371	-57.045326
3251.513672	-56.232605
3256.896973	-55.440155
3262.280273	-55.233025
3267.663574	-54.957813
3273.046875	-54.615761
3278.430176	-54.036308
3283.813477	-53.964043
3289.196777	-53.938110
3294.580078	-53.671734
3299.963379	-53.087238
3305.346680	-53.274597
3310.729980	-55.126019
3316.113281	-57.442585
3321.496582	-56.082504
3326.879883	-53.972351
3332.263184	-53.060570
3337.646484	-52.758350
3343.029785	-51.938889
3348.413086	-51.846935
3353.796387	-52.426155
3359.179688	-53.506458
3364.562988	-55.696018
3369.946289	-60.748787
3375.329590	-58.126522
3380.712891	-54.413807
3386.096191	-51.380409
3391.479492	-49.622005
3396.862793	-49.484787
3402.246094	-48.092030
3407.629395	-45.695015
3413.012695	-44.459671
3418.395996	-43.745396
3423.779297	-43.382160
3429.162598	-43.529385
3434.545898	-43.931679
3439.929199	-44.562096
3445.312500	-45.519104
3450.695801	-47.454460
3456.079102	-49.494965
3461.462402	-48.947720
3466.845703	-48.791882
3472.229004	-49.292309
3477.612305	-50.462547
3482.995605	-53.228024
3488.378906	-53.471130
3493.762207	-50.244873
3499.145508	-49.544121
3504.528809	-50.420635
3509.912109	-51.715973
3515.295410	-50.079136
3520.678711	-47.512375
3526.062012	-46.925732
3531.445312	-48.294323
3536.828613	-49.534733
3542.211914	-49.518768
3547.595215	-49.766716
3552.978516	-49.507858
3558.361816	-49.665844
3563.745117	-50.811977
3569.128418	-51.562038
3574.511719	-52.195316
3579.895020	-51.274456
3585.278320	-47.841106
3590.661621	-45.368629
3596.044922	-45.063473
3601.428223	-45.985420
3606.811523	-46.239182
3612.194824	-46.805214
3617.578125	-47.162033
3622.961426	-47.187237
3628.344727	-47.866463
3633.728027	-48.199982
3639.111328	-48.041645
3644.494629	-47.618996
3649.877930	-47.753532
3655.261230	-49.146873
3660.644531	-50.869827
3666.027832	-51.660915
3671.411133	-52.278858
3676.794434	-53.165203
3682.177734	-53.572403
3687.561035	-53.132629
3692.944336	-51.786709
3698.327637	-51.819893
3703.710938	-51.762962
3709.094238	-49.877712
3714.477539	-48.725834
3719.860840	-49.235172
3725.244141	-50.459610
3730.627441	-51.132061
3736.010742	-51.571442
3741.394043	-51.810596
3746.777344	-51.477047
3752.160645	-52.920994
3757.543945	-55.674313
3762.927246	-56.033257
3768.310547	-53.405144
3773.693848	-51.239895
3779.077148	-49.605312
3784.460449	-48.792511
3789.843750	-48.625202
3795.227051	-49.077305
3800.610352	-50.710190
3805.993652	-52.191959
3811.376953	-50.265312
3816.760254	-49.269836
3822.143555	-50.275715
3827.526855	-51.347168
3832.910156	-51.124706
3838.293457	-51.073185
3843.676758	-51.269615
3849.060059	-51.952747
3854.443359	-52.895897
3859.826660	-52.737217
3865.209961	-51.951248
3870.593262	-53.108959
3875.976562	-55.423977
3881.359863	-55.054695
3886.743164	-54.817860
3892.126465	-53.970482
3897.509766	-53.665230
3902.893066	-54.414700
3908.276367	-54.171734
3913.659668	-53.726505
3919.042969	-53.528801
3924.426270	-55.350712
3929.809570	-59.229027
3935.192871	-61.808426
3940.576172	-61.384403
3945.959473	-56.714199
3951.342773	-53.305042
3956.726074	-51.737820
3962.109375	-51.073158
3967.492676	-51.751968
3972.875977	-54.788746
3978.259277	-61.286934
3983.642578	-64.083221
3989.025879	-63.704998
3994.409180	-67.549072
3999.792480	-75.577347
4005.175781	-67.339241
4010.559082	-61.069893
4015.942383	-58.202877
4021.325684	-57.245541
4026.708984	-57.973858
4032.092285	-60.851982
4037.475586	-65.818954
4042.858887	-68.787262
4048.242188	-64.660347
4053.625488	-63.264832
4059.008789	-62.982937
4064.392090	-59.987808
4069.775391	-57.313061
4075.158691	-57.079666
4080.541992	-59.157852
4085.925293	-58.035919
4091.308594	-53.179699
4096.691895	-50.779789
4102.075195	-50.584896
4107.458496	-52.388065
4112.841797	-54.792839
4118.225098	-56.199451
4123.608398	-60.418343
4128.991699	-65.706970
4134.375000	-61.286591
4139.758301	-56.335903
4145.141602	-52.442154
4150.524902	-50.337410
4155.908203	-50.941971
4161.291504	-55.083759
4166.674805	-65.581123
4172.058105	-67.948868
4177.441406	-65.838860
4182.824707	-63.253944
4188.208008	-61.306393
4193.591309	-62.453293
4198.974609	-70.876297
4204.357910	-66.702049
4209.741211	-59.638596
4215.124512	-58.181801
4220.507812	-59.064468
4225.891113	-63.145687
4231.274414	-64.509880
4236.657715	-61.300510
4242.041016	-56.157677
4247.424316	-52.193459
4252.807617	-51.202675
4258.190918	-50.880142
4263.574219	-50.552753
4268.957520	-52.093399
4274.340820	-51.365189
4279.724121	-48.729691
4285.107422	-47.695110
4290.490723	-47.935944
4295.874023	-48.568100
4301.257324	-48.775692
4306.640625	-48.269592
4312.023926	-48.454872
4317.407227	-49.740944
4322.790527	-52.030067
4328.173828	-54.962555
4333.557129	-57.611038
4338.940430	-58.306713
4344.323730	-57.810684
4349.707031	-54.603870
4355.090332	-52.187248
4360.473633	-52.513309
4365.856934	-55.924892
4371.240234	-55.273384
4376.623535	-51.943359
4382.006836	-50.127544
4387.390137	-49.272980
4392.773438	-48.908077
4398.156738	-48.420704
4403.540039	-46.985695
4408.923340	-46.109623
4414.306641	-46.949284
4419.689941	-48.938499
4425.073242	-50.592724
4430.456543	-51.331520
4435.839844	-51.384331
4441.223145	-51.383282
4446.606445	-51.963135
4451.989746	-53.309814
4457.373047	-54.762508
4462.756348	-54.531860
4468.139648	-54.004051
4473.522949	-54.541351
4478.906250	-56.577652
4484.289551	-59.380379
4489.672852	-57.094112
4495.056152	-56.270855
4500.439453	-58.457954
4505.822754	-58.481632
4511.206055	-58.710045
4516.589355	-59.509075
4521.972656	-60.743366
4527.355957	-63.469124
4532.739258	-64.763084
4538.122559	-61.329674
4543.505859	-54.713814
4548.889160	-50.643391
4554.272461	-49.208595
4559.655762	-50.399498
4565.039062	-52.079868
4570.422363	-52.504311
4575.805664	-52.760498
4581.188965	-51.891422
4586.572266	-49.694645
4591.955566	-48.081947
4597.338867	-47.528622
4602.722168	-47.178200
4608.105469	-47.408047
4613.488770	-49.731098
4618.872070	-52.489616
4624.255371	-53.192604
4629.638672	-55.770382
4635.021973	-61.977436
4640.405273	-64.641594
4645.788574	-57.774841
4651.171875	-56.698898
4656.555176	-56.532597
4661.938477	-56.293812
4667.321777	-55.412693
4672.705078	-55.498287
4678.088379	-57.113922
4683.471680	-59.885517
4688.854980	-64.003723
4694.238281	-61.525608
4699.621582	-55.872177
4705.004883	-53.216789
4710.388184	-53.174210
4715.771484	-54.124790
4721.154785	-55.415287
4726.538086	-57.774616
4731.921387	-60.283298
4737.304688	-58.447655
4742.687988	-56.181137
4748.071289	-58.107132
4753.454590	-58.724483
4758.837891	-60.400894
4764.221191	-64.148460
4769.604492	-59.442978
4774.987793	-53.129845
4780.371094	-50.345364
4785.754395	-50.010704
4791.137695	-52.951130
4796.520996	-56.673149
4801.904297	-56.482723
4807.287598	-57.491127
4812.670898	-60.069721
4818.054199	-60.892384
4823.437500	-58.211254
4828.820801	-55.175568
4834.204102	-56.518181
4839.587402	-57.517048
4844.970703	-50.954540
4850.354004	-48.620201
4855.737305	-48.259663
4861.120605	-49.066547
4866.503906	-49.148327
4871.887207	-47.413746
4877.270508	-47.080967
4882.653809	-48.670906
4888.037109	-50.713062
4893.420410	-50.853146
4898.803711	-48.966560
4904.187012	-48.748753
4909.570312	-50.743435
4914.953613	-54.560616
4920.336914	-60.653000
4925.720215	-67.485672
4931.103516	-63.162811
4936.486816	-61.483463
4941.870117	-57.525391
4947.253418	-57.804546
4952.636719	-56.926144
4958.020020	-57.409794
4963.403320	-56.211235
4968.786621	-54.005417
4974.169922	-54.881878
4979.553223	-55.408600
4984.936523	-53.039783
4990.319824	-52.043430
4995.703125	-51.688534
5001.086426	-52.904613
5006.469727	-56.307865
5011.853027	-58.910690
5017.236328	-56.363194
5022.619629	-51.901878
5028.002930	-48.237045
5033.386230	-46.163452
5038.769531	-45.033749
5044.152832	-44.528191
5049.536133	-45.039421
5054.919434	-45.078533
5060.302734	-44.424984
5065.686035	-45.246876
5071.069336	-45.608723
5076.452637	-44.540791
5081.835938	-43.587509
5087.219238	-43.688110
5092.602539	-45.570789
5097.985840	-48.643234
5103.369141	-49.362892
5108.752441	-48.622448
5114.135742	-49.019062
5119.519043	-49.930901
5124.902344	-51.565712
5130.285645	-54.791271
5135.668945	-57.340645
5141.052246	-54.234688
5146.435547	-51.810154
5151.818848	-52.059727
5157.202148	-53.357208
5162.585449	-53.053501
5167.968750	-51.018555
5173.352051	-51.587528
5178.735352	-55.680405
5184.118652	-63.369652
5189.501953	-67.236435
5194.885254	-59.481178
5200.268555	-54.077644
5205.651855	-51.476524
5211.035156	-51.717949
5216.418457	-52.183479
5221.801758	-52.409767
5227.185059	-51.373890
5232.568359	-48.350456
5237.951660	-46.496738
5243.334961	-45.256283
5248.718262	-44.981537
5254.101562	-46.036106
5259.484863	-47.067722
5264.868164	-47.589180
5270.251465	-48.705490
5275.634766	-50.640125
5281.018066	-52.677326
5286.401367	-52.932396
5291.784668	-54.666851
5297.167969	-55.293999
5302.551270	-53.412186
5307.934570	-51.822933
5313.317871	-50.155258
5318.701172	-48.380226
5324.084473	-47.245422
5329.467773	-46.955124
5334.851074	-47.724110
5340.234375	-48.371483
5345.617676	-47.997017
5351.000977	-47.759834
5356.384277	-48.959492
5361.767578	-51.449738
5367.150879	-52.549870
5372.534180	-53.251957
5377.917480	-56.571445
5383.300781	-63.321682
5388.684082	-67.348091
5394.067383	-67.563698
5399.450684	-58.570808
5404.833984	-53.547474
5410.217285	-50.162880
5415.600586	-48.383183
5420.983887	-47.363205
5426.367188	-46.023655
5431.750488	-45.096199
5437.133789	-45.194893
5442.517090	-46.205994
5447.900391	-48.133030
5453.283691	-50.215706
5458.666992	-51.864685
5464.050293	-50.807148
5469.433594	-49.247078
5474.816895	-50.096722
5480.200195	-51.355694
5485.583496	-51.933060
5490.966797	-51.791073
5496.350098	-51.651302
5501.733398	-50.766273
5507.116699	-49.564098
5512.500000	-49.063263
5517.883301	-49.136143
5523.266602	-49.523354
5528.649902	-50.746372
5534.033203	-51.449646
5539.416504	-49.766472
5544.799805	-48.313305
5550.183105	-47.483616
5555.566406	-46.894840
5560.949707	-47.063160
5566.333008	-48.231056
5571.716309	-50.174984
5577.099609	-53.335602
5582.482910	-58.661606
5587.866211	-64.281487
5593.249512	-62.332645
5598.632812	-65.313850
5604.016113	-66.099037
5609.399414	-58.199551
5614.782715	-54.627724
5620.166016	-52.109962
5625.549316	-50.740654
5630.932617	-50.788231
5636.315918	-51.704556
5641.699219	-52.197010
5647.082520	-51.531342
5652.465820	-50.494411
5657.849121	-50.149544
5663.232422	-49.119404
5668.615723	-48.010403
5673.999023	-47.731850
5679.382324	-48.027119
5684.765625	-48.769032
5690.148926	-49.775349
5695.532227	-50.080231
5700.915527	-50.491501
5706.298828	-50.818089
5711.682129	-51.257751
5717.065430	-51.355518
5722.448730	-51.090454
5727.832031	-50.771854
5733.215332	-50.664810
5738.598633	-51.222919
5743.981934	-52.518803
5749.365234	-54.491383
5754.748535	-56.349068
5760.131836	-58.471706
5765.515137	-62.987442
5770.898438	-66.493629
5776.281738	-62.612476
5781.665039	-63.186340
5787.048340	-66.113640
5792.431641	-65.782837
5797.814941	-60.266098
5803.198242	-55.700172
5808.581543	-53.428799
5813.964844	-52.967239
5819.348145	-53.089771
5824.731445	-53.250095
5830.114746	-53.925060
5835.498047	-54.612350
5840.881348	-54.492558
5846.264648	-54.977692
5851.647949	-56.644886
5857.031250	-60.955860
5862.414551	-64.377815
5867.797852	-57.822735
5873.181152	-54.861610
5878.564453	-54.305504
5883.947754	-53.612667
5889.331055	-52.701736
5894.714355	-52.456692
5900.097656	-52.464771
5905.480957	-52.465557
5910.864258	-51.932636
5916.247559	-51.443352
5921.630859	-51.083176
5927.014160	-50.986649
5932.397461	-52.404095
5937.780762	-54.176250
5943.164062	-54.269531
5948.547363	-54.422138
5953.930664	-55.552631
5959.313965	-57.244667
5964.697266	-57.432106
5970.080566	-56.914154
5975.463867	-57.713642
5980.847168	-58.863506
5986.230469	-59.560570
5991.613770	-59.993259
5996.997070	-60.174973
6002.380371	-59.105244
6007.763672	-58.679813
6013.146973	-59.716816
6018.530273	-62.377010
6023.913574	-65.197136
6029.296875	-62.635632
6034.680176	-62.433434
6040.063477	-63.927662
6045.446777	-59.547485
6050.830078	-57.130062
6056.213379	-57.382435
6061.596680	-60.970387
6066.979980	-70.506432
6072.363281	-67.097481
6077.746582	-63.660088
6083.129883	-63.338577
6088.513184	-64.822067
6093.896484	-62.488907
6099.279785	-59.389042
6104.663086	-60.278828
6110.046387	-62.524021
6115.429688	-60.371429
6120.812988	-57.665264
6126.196289	-57.259556
6131.579590	-57.646191
6136.962891	-59.480965
6142.346191	-63.766293
6147.729492	-62.501076
6153.112793	-60.992947
6158.496094	-59.782219
6163.879395	-58.510216
6169.262695	-57.432846
6174.645996	-56.397442
6180.029297	-55.576973
6185.412598	-54.588932
6190.795898	-53.916378
6196.179199	-54.011219
6201.562500	-55.258053
6206.945801	-57.772808
6212.329102	-61.579796
6217.712402	-67.970078
6223.095703	-68.430923
6228.479004	-62.173332
6233.862305	-60.002087
6239.245605	-60.517815
6244.628906	-63.765930
6250.012207	-74.076279
6255.395508	-68.995621
6260.778809	-62.880215
6266.162109	-60.349586
6271.545410	-58.508289
6276.928711	-57.100918
6282.312012	-57.350952
6287.695312	-59.351810
6293.078613	-64.194748
6298.461914	-74.113487
6303.845215	-69.393440
6309.228516	-66.300919
6314.611816	-64.185959
6319.995117	-61.689861
6325.378418	-59.208439
6330.761719	-57.455860
6336.145020	-57.298176
6341.528320	-57.089100
6346.911621	-55.495476
6352.294922	-54.257507
6357.678223	-53.525993
6363.061523	-53.037609
6368.444824	-52.520580
6373.828125	-52.327988
6379.211426	-53.072590
6384.594727	-54.125626
6389.978027	-55.039780
6395.361328	-56.299381
6400.744629	-58.404743
6406.127930	-62.064644
6411.511230	-66.788971
6416.894531	-71.056183
6422.277832	-71.758034
6427.661133	-67.093338
6433.044434	-64.173332
6438.427734	-61.659618
6443.811035	-61.304043
6449.194336	-60.349079
6454.577637	-59.863815
6459.960938	-60.260948
6465.344238	-60.545662
6470.727539	-61.433907
6476.110840	-62.111691
6481.494141	-62.057362
6486.877441	-62.823483
6492.260742	-64.250114
6497.644043	-67.343391
6503.027344	-70.499702
6508.410645	-74.467674
6513.793945	-65.869713
6519.177246	-62.224293
6524.560547	-60.320644
6529.943848	-58.333332
6535.327148	-57.088417
6540.710449	-56.746449
6546.093750	-57.645508
6551.477051	-59.340633
6556.860352	-59.619453
6562.243652	-60.007725
6567.626953	-62.299789
6573.010254	-65.598450
6578.393555	-64.664597
6583.776855	-61.000996
6589.160156	-59.305557
6594.543457	-58.929131
6599.926758	-58.790974
6605.310059	-58.930397
6610.693359	-59.720585
6616.076660	-62.051903
6621.459961	-66.652412
6626.843262	-73.702263
6632.226562	-73.953194
6637.609863	-68.629417
6642.993164	-64.805511
6648.376465	-62.363609
6653.759766	-61.397747
6659.143066	-60.689987
6664.526367	-60.167629
6669.909668	-59.461720
6675.292969	-58.444996
6680.676270	-57.602520
6686.059570	-57.122082
6691.442871	-56.641018
6696.826172	-56.283237
6702.209473	-56.274258
6707.592773	-56.404415
6712.976074	-57.314880
6718.359375	-58.792320
6723.742676	-59.910381
6729.125977	-61.148552
6734.509277	-63.327148
6739.892578	-66.533897
6745.275879	-70.492455
6750.659180	-71.868362
6756.042480	-69.346146
6761.425781	-66.735619
6766.809082	-65.294579
6772.192383	-65.430664
6777.575684	-68.176720
6782.958984	-74.545357
6788.342285	-82.399155
6793.725586	-76.467834
6799.108887	-70.863754
6804.492188	-67.797371
6809.875488	-65.689102
6815.258789	-65.105080
6820.642090	-65.329094
6826.025391	-66.220909
6831.408691	-70.050262
6836.791992	-72.619629
6842.175293	-71.959465
6847.558594	-69.465462
6852.941895	-64.445824
6858.325195	-60.743576
6863.708496	-59.059376
6869.091797	-59.070953
6874.475098	-59.724724
6879.858398	-60.423279
6885.241699	-61.112305
6890.625000	-61.512737
6896.008301	-62.653336
6901.391602	-66.226707
6906.774902	-69.876900
6912.158203	-69.350990
6917.541504	-68.490601
6922.924805	-69.611076
6928.308105	-70.702766
6933.691406	-70.456779
6939.074707	-70.294937
6944.458008	-71.481049
6949.841309	-76.387749
6955.224609	-80.636612
6960.607910	-75.052780
6965.991211	-78.478600
6971.374512	-73.581291
6976.757812	-68.806557
6982.141113	-66.783920
6987.524414	-66.684532
6992.907715	-67.499290
6998.291016	-67.196991
7003.674316	-66.186394
7009.057617	-66.919823
7014.440918	-69.661736
7019.824219	-73.511131
7025.207520	-74.606110
7030.590820	-76.331345
7035.974121	-83.816406
7041.357422	-74.382240
7046.740723	-69.090836
7052.124023	-68.174385
7057.507324	-68.812622
7062.890625	-68.693130
7068.273926	-67.323181
7073.657227	-65.995705
7079.040527	-66.651154
7084.423828	-69.210258
7089.807129	-70.798759
7095.190430	-69.557602
7100.573730	-69.503227
7105.957031	-70.935501
7111.340332	-71.696526
7116.723633	-71.194397
7122.106934	-70.848183
7127.490234	-70.935928
7132.873535	-71.405144
7138.256836	-71.959282
7143.640137	-71.741470
7149.023438	-70.994041
7154.406738	-70.308365
7159.790039	-69.353607
7165.173340	-68.461258
7170.556641	-67.887321
7175.939941	-67.615509
7181.323242	-67.878616
7186.706543	-69.006744
7192.089844	-70.300667
7197.473145	-71.286743
7202.856445	-74.244492
7208.239746	-79.825661
7213.623047	-79.340546
7219.006348	-74.028809
7224.389648	-69.848289
7229.772949	-67.015137
7235.156250	-65.096672
7240.539551	-64.248756
7245.922852	-63.929218
7251.306152	-63.920101
7256.689453	-64.091278
7262.072754	-64.441422
7267.456055	-65.149704
7272.839355	-66.313507
7278.222656	-67.435257
7283.605957	-68.023827
7288.989258	-68.504807
7294.372559	-69.551781
7299.755859	-71.441887
7305.139160	-73.619720
7310.522461	-74.589546
7315.905762	-74.480873
7321.289062	-74.320137
7326.672363	-75.183723
7332.055664	-75.655220
7337.438965	-74.944351
7342.822266	-74.543633
7348.205566	-74.888977
7353.588867	-75.919914
7358.972168	-77.905525
7364.355469	-80.142601
7369.738770	-80.153580
7375.122070	-77.027954
7380.505371	-73.567947
7385.888672	-70.956947
7391.271973	-69.033340
7396.655273	-67.716995
7402.038574	-67.298607
7407.421875	-67.628624
7412.805176	-67.700104
7418.188477	-67.271339
7423.571777	-67.653648
7428.955078	-69.190613
7434.338379	-71.485046
7439.721680	-74.913002
7445.104980	-76.723686
7450.488281	-78.051628
7455.871582	-80.044533
7461.254883	-77.469521
7466.638184	-73.194237
7472.021484	-71.003281
7477.404785	-69.414665
7482.788086	-67.310844
7488.171387	-65.888870
7493.554688	-65.437996
7498.937988	-65.889359
7504.321289	-66.548569
7509.704590	-66.337196
7515.087891	-65.901169
7520.471191	-66.268623
7525.854492	-66.857849
7531.237793	-67.488518
7536.621094	-68.162827
7542.004395	-68.940208
7547.387695	-69.854492
7552.770996	-70.642998
7558.154297	-70.853348
7563.537598	-70.532402
7568.920898	-70.136383
7574.304199	-70.158440
7579.687500	-70.395813
7585.070801	-70.555344
7590.454102	-71.148552
7595.837402	-73.241638
7601.220703	-77.016838
7606.604004	-79.137749
7611.987305	-78.506401
7617.370605	-76.198807
7622.753906	-73.014809
7628.137207	-70.743164
7633.520508	-69.898705
7638.903809	-70.217796
7644.287109	-71.492874
7649.670410	-73.559052
7655.053711	-75.633369
7660.437012	-79.238190
7665.820312	-84.258904
7671.203613	-78.945351
7676.586914	-74.199036
7681.970215	-71.402420
7687.353516	-69.534256
7692.736816	-67.999527
7698.120117	-66.283791
7703.503418	-64.905327
7708.886719	-64.448395
7714.270020	-64.774399
7719.653320	-65.339973
7725.036621	-65.966110
7730.419922	-67.250755
7735.803223	-69.387733
7741.186523	-71.265823
7746.569824	-70.916267
7751.953125	-70.157219
7757.336426	-70.321938
7762.719727	-71.116402
7768.103027	-71.626328
7773.486328	-71.949654
7778.869629	-73.135902
7784.252930	-73.465225
7789.636230	-72.110435
7795.019531	-70.217339
7800.402832	-69.031418
7805.786133	-68.657181
7811.169434	-68.738228
7816.552734	-69.392143
7821.936035	-70.910599
7827.319336	-74.127792
7832.702637	-81.473343
7838.085938	-81.282585
7843.469238	-73.125381
7848.852539	-69.769424
7854.235840	-67.727226
7859.619141	-66.042175
7865.002441	-64.949776
7870.385742	-64.436020
7875.769043	-64.386322
7881.152344	-64.695312
7886.535645	-65.390350
7891.918945	-66.233566
7897.302246	-67.150696
7902.685547	-67.983315
7908.068848	-68.653427
7913.452148	-69.338104
7918.835449	-69.377838
7924.218750	-69.021095
7929.602051	-68.409653
7934.985352	-67.616211
7940.368652	-67.327660
7945.751953	-67.677094
7951.135254	-68.099152
7956.518555	-68.212738
7961.901855	-68.599648
7967.285156	-69.493958
7972.668457	-70.511185
7978.051758	-70.933914
7983.435059	-71.185585
7988.818359	-71.601669
7994.201660	-72.618484
7999.584961	-74.238777
8004.968262	-76.688850
8010.351562	-81.402374
8015.734863	-93.933159
8021.118164	-80.698151
8026.501465	-74.732132
8031.884766	-71.484772
8037.268066	-69.509926
8042.651367	-68.090828
8048.034668	-67.227844
8053.417969	-67.002678
8058.801270	-66.953621
8064.184570	-66.974007
8069.567871	-67.168182
8074.951172	-67.671577
8080.334473	-68.640411
8085.717773	-69.902458
8091.101074	-71.146919
8096.484375	-72.419365
8101.867676	-73.204117
8107.250977	-73.469780
8112.634277	-73.873070
8118.017578	-74.383049
8123.400879	-75.025795
8128.784180	-75.982651
8134.167480	-77.007202
8139.550781	-77.472488
8144.934082	-76.341034
8150.317383	-74.789558
8155.700684	-73.455803
8161.083984	-72.507401
8166.467285	-71.850182
8171.850586	-71.190567
8177.233887	-70.351578
8182.617188	-69.894684
8188.000488	-70.266899
8193.383789	-71.309181
8198.767090	-73.015617
8204.150391	-75.932358
8209.533691	-81.485626
8214.916992	-84.093399
8220.300293	-77.150558
8225.683594	-72.916855
8231.066895	-70.165451
8236.450195	-68.376831
8241.833496	-67.423683
8247.216797	-67.099205
8252.600098	-67.257545
8257.983398	-67.857231
8263.366699	-68.721130
8268.750000	-69.731529
8274.133301	-70.354378
8279.516602	-70.323921
8284.899902	-69.536263
8290.283203	-68.140457
8295.666504	-66.960037
8301.049805	-66.291656
8306.433105	-66.234550
8311.816406	-66.634109
8317.199707	-67.293503
8322.583008	-68.459450
8327.966309	-70.328217
8333.349609	-72.659096
8338.732910	-75.491280
8344.116211	-78.577881
8349.499512	-80.741722
8354.882812	-78.323860
8360.266113	-75.329399
8365.649414	-73.756355
8371.032715	-73.389389
8376.416016	-74.042625
8381.799316	-75.431122
8387.182617	-77.074059
8392.565918	-77.473961
8397.949219	-75.305130
8403.332520	-72.585297
8408.715820	-70.400093
8414.099121	-68.818886
8419.482422	-67.803780
8424.865723	-67.246582
8430.249023	-67.085892
8435.632324	-67.289825
8441.015625	-68.037476
8446.398926	-69.481667
8451.782227	-71.930550
8457.165527	-76.241905
8462.548828	-84.747345
8467.932129	-80.942062
8473.315430	-75.069275
8478.698730	-71.905479
8484.082031	-69.904846
8489.465332	-68.639572
8494.848633	-67.713158
8500.231934	-67.338882
8505.615234	-67.573387
8510.998535	-67.829506
8516.381836	-67.860870
8521.765137	-67.905464
8527.148438	-67.950340
8532.531738	-67.820946
8537.915039	-67.578911
8543.298340	-67.332489
8548.681641	-67.087456
8554.064941	-67.041351
8559.448242	-67.030663
8564.831543	-67.203163
8570.214844	-67.761581
8575.598145	-68.605095
8580.981445	-69.896362
8586.364746	-71.566673
8591.748047	-73.601173
8597.131348	-76.124336
8602.514648	-78.656929
8607.897949	-81.851501
8613.281250	-88.031654
8618.664551	-92.586502
8624.047852	-83.740845
8629.431152	-78.564270
8634.814453	-75.455162
8640.197754	-73.172501
8645.581055	-71.390358
8650.964355	-70.047913
8656.347656	-69.031975
8661.730957	-68.082123
8667.114258	-67.474838
8672.497559	-67.289185
8677.880859	-67.324692
8683.264160	-67.527458
8688.647461	-67.810402
8694.030762	-68.274368
8699.414062	-68.948593
8704.797363	-69.751274
8710.180664	-70.510475
8715.563965	-71.072235
8720.947266	-71.888687
8726.330566	-73.342331
8731.713867	-74.867836
8737.097168	-76.013779
8742.480469	-77.417999
8747.863770	-79.667160
8753.247070	-81.143639
8758.630371	-80.019562
8764.013672	-78.527588
8769.396973	-77.461563
8774.780273	-76.711098
8780.163574	-76.010567
8785.546875	-75.585068
8790.930176	-75.616943
8796.313477	-75.519035
8801.696777	-75.007889
8807.080078	-74.337479
8812.463379	-73.849228
8817.846680	-73.445290
8823.229980	-73.103859
8828.613281	-73.095894
8833.996582	-73.567017
8839.379883	-74.522057
8844.763184	-75.885902
8850.146484	-77.631294
8855.529785	-79.083519
8860.913086	-80.451653
8866.296387	-82.119591
8871.679688	-82.439102
8877.062988	-81.467361
8882.446289	-81.231895
8887.829590	-82.129883
8893.212891	-82.889374
8898.596191	-82.960022
8903.979492	-83.465401
8909.362793	-85.714752
8914.746094	-90.316162
8920.129395	-96.257454
8925.512695	-100.869850
8930.895996	-91.423203
8936.279297	-85.939522
8941.662598	-82.473953
8947.045898	-79.702484
8952.429199	-77.502533
8957.812500	-75.719009
8963.195801	-74.151894
8968.579102	-72.670738
8973.962402	-71.216270
8979.345703	-69.821365
8984.729004	-68.666328
8990.112305	-67.659943
8995.495605	-66.836258
9000.878906	-66.270035
9006.262207	-65.911110
9011.645508	-65.740906
9017.028809	-65.735466
9022.412109	-65.793358
9027.795410	-65.926208
9033.178711	-66.316734
9038.562012	-66.905457
9043.945312	-67.421646
9049.328613	-67.868187
9054.711914	-68.406197
9060.095215	-69.030998
9065.478516	-69.697670
9070.861816	-70.448936
9076.245117	-71.491539
9081.628418	-73.008560
9087.011719	-75.402069
9092.395020	-79.257637
9097.778320	-85.094177
9103.161621	-89.548035
9108.544922	-83.200539
9113.928223	-79.542984
9119.311523	-77.725830
9124.694824	-77.083893
9130.078125	-76.532074
9135.461426	-76.290710
9140.844727	-76.593330
9146.228027	-76.546402
9151.611328	-75.734550
9156.994629	-73.988823
9162.377930	-72.122086
9167.761230	-70.580963
9173.144531	-69.298088
9178.527832	-68.325523
9183.911133	-67.689598
9189.294434	-67.432106
9194.677734	-67.574722
9200.061035	-67.941826
9205.444336	-68.508095
9210.827637	-69.332512
9216.210938	-70.390991
9221.594238	-72.463089
9226.977539	-76.034210
9232.360840	-80.981216
9237.744141	-85.994965
9243.127441	-82.782715
9248.510742	-78.365845
9253.894043	-75.400803
9259.277344	-73.643951
9264.660645	-72.534637
9270.043945	-71.596169
9275.427246	-70.811165
9280.810547	-70.271896
9286.193848	-70.012886
9291.577148	-69.971237
9296.960449	-69.789871
9302.343750	-69.550499
9307.727051	-69.430504
9313.110352	-69.482277
9318.493652	-69.726814
9323.876953	-70.144020
9329.260254	-70.961716
9334.643555	-72.229454
9340.026855	-73.632095
9345.410156	-74.498901
9350.793457	-74.787033
9356.176758	-74.676102
9361.560059	-74.447182
9366.943359	-74.501236
9372.326660	-74.879044
9377.709961	-75.671768
9383.093262	-77.492203
9388.476562	-79.998238
9393.859863	-82.510170
9399.243164	-83.480629
9404.626465	-81.221840
9410.009766	-78.384415
9415.393066	-76.545807
9420.776367	-75.430267
9426.159668	-74.697227
9431.542969	-74.134735
9436.926270	-73.782143
9442.309570	-73.980507
9447.692871	-74.933678
9453.076172	-76.250557
9458.459473	-77.451477
9463.842773	-78.387146
9469.226074	-78.491882
9474.609375	-77.937401
9479.992676	-77.320511
9485.375977	-76.800240
9490.759277	-77.128677
9496.142578	-78.415154
9501.525879	-80.718521
9506.909180	-84.578827
9512.292480	-90.997910
9517.675781	-91.318405
9523.059082	-83.855133
9528.442383	-79.369507
9533.825684	-76.930794
9539.208984	-75.608925
9544.592285	-74.734604
9549.975586	-73.876495
9555.358887	-73.183731
9560.742188	-72.980202
9566.125488	-73.037842
9571.508789	-72.921036
9576.892090	-72.478867
9582.275391	-71.963112
9587.658691	-71.631989
9593.041992	-71.399551
9598.425293	-71.080612
9603.808594	-70.646317
9609.191895	-70.345634
9614.575195	-70.323280
9619.958496	-70.426849
9625.341797	-70.533073
9630.725098	-70.573181
9636.108398	-70.603844
9641.491699	-70.778526
9646.875000	-71.277161
9652.258301	-71.951317
9657.641602	-72.641548
9663.024902	-73.445175
9668.408203	-74.306244
9673.791504	-75.353661
9679.174805	-76.306755
9684.558105	-76.411163
9689.941406	-75.682716
9695.324707	-74.701180
9700.708008	-73.867119
9706.091309	-72.923439
9711.474609	-71.978241
9716.857910	-71.133034
9722.241211	-70.458221
9727.624512	-70.071587
9733.007812	-69.934074
9738.391113	-70.009918
9743.774414	-70.290138
9749.157715	-70.628777
9754.541016	-71.089470
9759.924316	-71.645218
9765.307617	-72.205589
9770.690918	-72.630707
9776.074219	-72.705811
9781.457520	-72.519112
9786.840820	-72.200233
9792.224121	-71.884872
9797.607422	-71.676575
9802.990723	-71.666695
9808.374023	-71.993591
9813.757324	-72.651505
9819.140625	-73.680870
9824.523926	-75.010681
9829.907227	-76.625603
9835.290527	-78.619827
9840.673828	-80.902687
9846.057129	-83.054642
9851.440430	-83.574577
9856.823730	-82.260910
9862.207031	-80.620125
9867.590332	-79.438690
9872.973633	-78.674080
9878.356934	-78.260727
9883.740234	-78.006615
9889.123535	-77.929398
9894.506836	-77.867546
9899.890137	-77.945900
9905.273438	-78.446022
9910.656738	-79.546097
9916.040039	-81.126846
9921.423340	-83.373909
9926.806641	-87.007286
9932.189941	-93.272926
9937.573242	-96.007576
9942.956543	-88.349541
9948.339844	-85.249954
9953.723145	-83.820328
9959.106445	-82.975594
9964.489746	-82.883247
9969.873047	-83.919785
9975.256348	-86.774254
9980.639648	-91.826057
9986.022949	-95.774925
9991.406250	-88.891861
9996.789551	-84.248260
10002.172852	-81.408562
10007.556152	-80.144958
10012.939453	-80.011841
10018.322754	-80.796394
10023.706055	-82.580299
10029.089355	-87.132767
10034.472656	-100.241974
10039.855957	-86.573669
10045.239258	-79.896667
10050.622559	-75.917152
10056.005859	-73.345421
10061.389160	-71.658150
10066.772461	-70.532761
10072.155762	-69.794785
10077.539062	-69.311523
10082.922363	-69.063049
10088.305664	-69.022057
10093.688965	-69.273766
10099.072266	-69.728348
10104.455566	-70.233307
10109.838867	-70.662048
10115.222168	-70.999718
10120.605469	-71.363953
10125.988770	-71.771759
10131.372070	-72.248611
10136.755371	-72.987053
10142.138672	-73.865158
10147.521973	-74.784256
10152.905273	-75.616905
10158.288574	-76.186310
10163.671875	-76.038795
10169.055176	-75.016159
10174.438477	-73.697021
10179.821777	-72.477219
10185.205078	-71.438828
10190.588379	-70.749802
10195.971680	-70.397415
10201.354980	-70.300247
10206.738281	-70.384567
10212.121582	-70.583900
10217.504883	-70.903618
10222.888184	-71.299561
10228.271484	-71.632149
10233.654785	-71.914787
10239.038086	-72.166336
10244.421387	-72.441704
10249.804688	-72.812607
10255.187988	-73.357292
10260.571289	-74.274033
10265.954590	-75.503212
10271.337891	-76.693314
10276.721191	-77.731743
10282.104492	-78.943573
10287.487793	-79.914886
10292.871094	-80.513435
10298.254395	-80.562164
10303.637695	-80.675629
10309.020996	-81.557755
10314.404297	-82.827927
10319.787598	-83.955063
10325.170898	-83.700165
10330.554199	-82.077225
10335.937500	-80.324608
10341.320801	-78.172287
10346.704102	-75.912292
10352.087402	-74.149986
10357.470703	-72.911621
10362.854004	-71.975143
10368.237305	-71.308205
10373.620605	-71.008949
10379.003906	-71.188904
10384.387207	-71.651573
10389.770508	-72.320114
10395.153809	-73.197739
10400.537109	-74.167183
10405.920410	-75.194649
10411.303711	-76.687943
10416.687012	-78.684158
10422.070312	-80.908516
10427.453613	-82.251450
10432.836914	-81.061028
10438.220215	-78.706352
10443.603516	-76.494980
10448.986816	-74.704849
10454.370117	-73.469551
10459.753418	-72.710945
10465.136719	-72.232323
10470.520020	-72.068626
10475.903320	-72.252533
10481.286621	-72.660416
10486.669922	-73.186821
10492.053223	-73.799194
10497.436523	-74.407303
10502.819824	-74.957642
10508.203125	-75.453148
10513.586426	-75.878357
10518.969727	-76.247330
10524.353027	-76.709465
10529.736328	-77.445053
10535.119629	-78.593666
10540.502930	-79.836327
10545.886230	-79.949272
10551.269531	-78.621010
10556.652832	-76.838898
10562.036133	-75.041428
10567.419434	-73.508415
10572.802734	-72.416161
10578.186035	-71.675522
10583.569336	-71.293045
10588.952637	-71.274826
10594.335938	-71.407097
10599.719238	-71.790092
10605.102539	-72.270012
10610.485840	-72.545044
10615.869141	-72.524025
10621.252441	-72.303200
10626.635742	-72.054649
10632.019043	-71.808159
10637.402344	-71.785439
10642.785645	-72.071083
10648.168945	-72.763252
10653.552246	-73.848396
10658.935547	-75.377144
10664.318848	-77.634003
10669.702148	-81.005272
10675.085449	-84.995560
10680.468750	-84.881653
10685.852051	-81.105705
10691.235352	-78.028511
10696.618652	-75.754684
10702.001953	-74.094078
10707.385254	-72.797287
10712.768555	-71.813141
10718.151855	-70.935509
10723.535156	-70.150093
10728.918457	-69.451172
10734.301758	-68.790512
10739.685059	-68.216591
10745.068359	-67.843063
10750.451660	-67.685165
10755.834961	-67.749931
10761.218262	-68.077827
10766.601562	-68.692215
10771.984863	-69.628746
10777.368164	-71.000954
10782.751465	-72.871185
10788.134766	-75.342270
10793.518066	-78.904114
10798.901367	-84.215324
10804.284668	-90.820206
10809.667969	-86.569633
10815.051270	-82.560516
10820.434570	-80.806870
10825.817871	-80.228035
10831.201172	-79.916161
10836.584473	-79.687523
10841.967773	-79.326630
10847.351074	-78.057869
10852.734375	-76.030365
10858.117676	-74.024063
10863.500977	-72.421509
10868.884277	-71.253143
10874.267578	-70.295464
10879.650879	-69.618904
10885.034180	-69.234261
10890.417480	-69.043648
10895.800781	-69.073723
10901.184082	-69.311531
10906.567383	-69.785339
10911.950684	-70.538895
10917.333984	-71.487518
10922.717285	-72.791748
10928.100586	-74.454338
10933.483887	-76.250092
10938.867188	-78.201431
10944.250488	-79.154167
10949.633789	-77.924965
10955.017090	-75.823105
10960.400391	-74.018082
10965.783691	-72.542671
10971.166992	-71.358536
10976.550293	-70.483353
10981.933594	-69.933212
10987.316895	-69.713127
10992.700195	-69.739250
10998.083496	-69.973091
11003.466797	-70.443817
11008.850098	-71.120918
11014.233398	-72.111641
11019.616699	-73.413300
11025.000000	-75.182480
11030.383301	-77.669472
11035.766602	-81.489021
11041.149902	-87.846039
11046.533203	-87.392555
11051.916504	-81.192589
11057.299805	-77.869942
11062.683105	-75.904869
11068.066406	-74.662651
11073.449707	-74.023117
11078.833008	-73.815331
11084.216309	-74.076378
11089.599609	-74.772285
11094.982910	-75.845673
11100.366211	-77.359192
11105.749512	-79.207756
11111.132812	-80.471848
11116.516113	-80.153252
11121.899414	-79.003685
11127.282715	-77.804672
11132.666016	-76.870491
11138.049316	-76.590752
11143.432617	-76.738213
11148.815918	-77.658142
11154.199219	-79.619514
11159.582520	-83.341644
11164.965820	-91.601143
11170.349121	-92.076286
11175.732422	-83.218307
11181.115723	-78.796890
11186.499023	-76.056274
11191.882324	-74.247101
11197.265625	-73.142525
11202.648926	-72.616356
11208.032227	-72.418739
11213.415527	-72.374458
11218.798828	-72.291504
11224.182129	-72.207214
11229.565430	-72.190979
11234.948730	-71.786217
11240.332031	-71.100380
11245.715332	-70.552399
11251.098633	-70.361107
11256.481934	-70.453644
11261.865234	-70.676559
11267.248535	-71.083313
11272.631836	-71.978104
11278.015137	-73.483284
11283.398438	-75.368950
11288.781738	-77.680824
11294.165039	-80.223961
11299.548340	-82.604980
11304.931641	-83.271408
11310.314941	-81.096840
11315.698242	-79.249710
11321.081543	-78.524910
11326.464844	-77.997131
11331.848145	-76.991837
11337.231445	-75.951920
11342.614746	-75.113602
11347.998047	-73.948273
11353.381348	-72.482605
11358.764648	-71.255241
11364.147949	-70.457214
11369.531250	-70.012222
11374.914551	-69.720520
11380.297852	-69.657959
11385.681152	-70.044693
11391.064453	-70.916298
11396.447754	-72.140152
11401.831055	-73.621109
11407.214355	-75.362236
11412.597656	-77.663589
11417.980957	-79.655014
11423.364258	-79.736572
11428.747559	-78.289040
11434.130859	-77.111008
11439.514160	-76.339531
11444.897461	-75.875244
11450.280762	-75.817696
11455.664062	-76.217537
11461.047363	-77.096786
11466.430664	-77.965363
11471.813965	-78.105461
11477.197266	-77.523209
11482.580566	-76.486900
11487.963867	-75.314682
11493.347168	-74.275894
11498.730469	-73.363747
11504.113770	-72.683891
11509.497070	-72.348312
11514.880371	-72.169563
11520.263672	-72.246887
11525.646973	-72.545280
11531.030273	-73.037262
11536.413574	-73.744484
11541.796875	-74.554375
11547.180176	-75.549301
11552.563477	-76.660858
11557.946777	-78.053268
11563.330078	-80.018097
11568.713379	-82.531143
11574.096680	-85.842438
11579.479980	-92.401535
11584.863281	-91.842445
11590.246582	-84.277122
11595.629883	-80.605286
11601.013184	-78.236542
11606.396484	-76.347420
11611.779785	-75.216400
11617.163086	-74.751183
11622.546387	-74.641151
11627.929688	-74.758362
11633.312988	-75.175735
11638.696289	-76.150002
11644.079590	-77.662918
11649.462891	-79.352509
11654.846191	-81.671455
11660.229492	-85.410065
11665.612793	-92.218300
11670.996094	-102.876328
11676.379395	-91.949112
11681.762695	-86.659378
11687.145996	-83.232994
11692.529297	-80.748039
11697.912598	-79.009453
11703.295898	-77.893280
11708.679199	-76.803238
11714.062500	-75.685623
11719.445801	-74.928497
11724.829102	-74.556389
11730.212402	-74.271835
11735.595703	-73.918068
11740.979004	-73.667503
11746.362305	-73.692230
11751.745605	-73.728065
11757.128906	-73.734833
11762.512207	-73.622826
11767.895508	-73.502144
11773.278809	-73.553909
11778.662109	-73.758354
11784.045410	-73.942215
11789.428711	-74.243851
11794.812012	-74.769356
11800.195312	-75.707306
11805.578613	-77.088257
11810.961914	-79.015213
11816.345215	-81.685577
11821.728516	-85.417099
11827.111816	-90.230820
11832.495117	-90.526558
11837.878418	-86.932991
11843.261719	-84.156631
11848.645020	-81.960701
11854.028320	-80.327721
11859.411621	-79.025017
11864.794922	-78.023735
11870.178223	-77.399887
11875.561523	-76.833733
11880.944824	-76.284859
11886.328125	-76.040436
11891.711426	-76.010735
11897.094727	-76.008133
11902.478027	-76.035713
11907.861328	-76.110168
11913.244629	-76.306595
11918.627930	-76.717506
11924.011230	-77.027809
11929.394531	-77.045700
11934.777832	-76.684151
11940.161133	-76.083366
11945.544434	-75.451706
11950.927734	-75.118492
11956.311035	-75.043198
11961.694336	-75.057236
11967.077637	-75.200859
11972.460938	-75.618637
11977.844238	-76.171165
11983.227539	-76.522285
11988.610840	-76.498367
11993.994141	-75.684265
11999.377441	-74.390137
12004.760742	-73.430771
12010.144043	-72.813919
12015.527344	-72.285446
12020.910645	-72.006783
12026.293945	-72.194038
12031.677246	-72.807732
12037.060547	-73.697784
12042.443848	-74.506142
12047.827148	-75.374176
12053.210449	-76.589401
12058.593750	-77.452118
12063.977051	-77.635872
12069.360352	-77.243492
12074.743652	-76.843414
12080.126953	-76.966957
12085.510254	-77.440933
12090.893555	-77.945747
12096.276855	-78.510391
12101.660156	-78.976112
12107.043457	-78.640129
12112.426758	-77.163559
12117.810059	-75.481934
12123.193359	-74.049736
12128.576660	-72.967560
12133.959961	-72.223320
12139.343262	-71.695755
12144.726562	-71.663124
12150.109863	-72.054596
12155.493164	-72.890022
12160.876465	-74.249481
12166.259766	-76.180222
12171.643066	-78.967125
12177.026367	-83.567833
12182.409668	-92.739342
12187.792969	-91.010826
12193.176270	-83.703781
12198.559570	-80.378998
12203.942871	-78.910645
12209.326172	-77.806900
12214.709473	-76.807220
12220.092773	-77.141426
12225.476074	-78.110237
12230.859375	-78.373825
12236.242676	-78.199081
12241.625977	-77.897133
12247.009277	-77.141876
12252.392578	-75.796280
12257.775879	-74.756996
12263.159180	-74.297714
12268.542480	-74.158852
12273.925781	-74.038376
12279.309082	-73.884613
12284.692383	-73.911255
12290.075684	-74.273743
12295.458984	-74.795067
12300.842285	-75.373985
12306.225586	-75.950752
12311.608887	-76.389847
12316.992188	-76.653992
12322.375488	-76.674438
12327.758789	-76.850159
12333.142090	-77.233627
12338.525391	-77.839493
12343.908691	-79.213478
12349.291992	-81.170166
12354.675293	-84.391594
12360.058594	-89.651794
12365.441895	-96.374229
12370.825195	-88.205856
12376.208496	-83.827934
12381.591797	-81.488960
12386.975098	-79.855484
12392.358398	-78.646469
12397.741699	-78.006500
12403.125000	-78.008438
12408.508301	-78.390701
12413.891602	-78.628578
12419.274902	-78.806450
12424.658203	-79.623146
12430.041504	-81.172493
12435.424805	-82.469795
12440.808105	-83.234604
12446.191406	-84.115425
12451.574707	-84.953064
12456.958008	-85.216431
12462.341309	-85.607483
12467.724609	-86.302101
12473.107910	-85.936073
12478.491211	-84.878319
12483.874512	-84.082359
12489.257812	-83.977882
12494.641113	-83.478539
12500.024414	-82.035515
12505.407715	-80.518005
12510.791016	-79.407310
12516.174316	-78.758224
12521.557617	-77.996902
12526.940918	-77.118797
12532.324219	-76.451263
12537.707520	-76.340683
12543.090820	-76.600357
12548.474121	-76.607933
12553.857422	-76.343956
12559.240723	-76.403458
12564.624023	-77.320763
12570.007324	-79.034012
12575.390625	-81.092339
12580.773926	-83.116600
12586.157227	-86.545845
12591.540527	-95.893707
12596.923828	-89.797897
12602.307129	-85.342163
12607.690430	-84.491447
12613.073730	-85.251343
12618.457031	-85.947212
12623.840332	-86.641945
12629.223633	-88.416100
12634.606934	-89.686646
12639.990234	-87.803505
12645.373535	-85.031822
12650.756836	-82.638771
12656.140137	-80.710464
12661.523438	-79.255180
12666.906738	-78.486992
12672.290039	-78.283691
12677.673340	-78.799141
12683.056641	-80.215721
12688.439941	-81.726601
12693.823242	-82.632111
12699.206543	-83.608948
12704.589844	-84.561264
12709.973145	-84.681068
12715.356445	-84.059746
12720.739746	-83.384018
12726.123047	-82.965836
12731.506348	-83.387352
12736.889648	-84.616409
12742.272949	-85.401466
12747.656250	-85.533913
12753.039551	-85.406326
12758.422852	-85.260902
12763.806152	-85.402649
12769.189453	-85.824738
12774.572754	-86.144333
12779.956055	-86.686989
12785.339355	-87.240471
12790.722656	-87.735664
12796.105957	-87.755005
12801.489258	-86.324471
12806.872559	-84.043854
12812.255859	-81.848785
12817.639160	-79.860291
12823.022461	-78.083466
12828.405762	-77.023346
12833.789062	-76.675865
12839.172363	-77.257057
12844.555664	-78.392876
12849.938965	-79.481949
12855.322266	-81.042389
12860.705566	-83.309494
12866.088867	-84.897652
12871.472168	-83.596275
12876.855469	-80.849396
12882.238770	-78.828590
12887.622070	-77.478546
12893.005371	-76.619591
12898.388672	-76.155243
12903.771973	-76.061691
12909.155273	-76.447121
12914.538574	-77.370163
12919.921875	-78.671402
12925.305176	-79.921524
12930.688477	-80.672714
12936.071777	-81.348930
12941.455078	-81.360527
12946.838379	-80.338997
12952.221680	-79.597527
12957.604980	-79.536568
12962.988281	-80.073555
12968.371582	-80.705727
12973.754883	-81.185287
12979.138184	-82.039680
12984.521484	-82.457268
12989.904785	-81.273216
12995.288086	-78.868172
13000.671387	-77.002403
13006.054688	-75.789658
13011.437988	-74.795921
13016.821289	-74.117142
13022.204590	-73.752197
13027.587891	-73.541801
13032.971191	-73.605392
13038.354492	-73.844948
13043.737793	-73.998283
13049.121094	-74.084129
13054.504395	-74.152489
13059.887695	-74.001366
13065.270996	-73.813957
13070.654297	-73.655800
13076.037598	-73.562790
13081.420898	-73.541168
13086.804199	-73.652283
13092.187500	-74.164726
13097.570801	-75.012978
13102.954102	-76.092499
13108.337402	-77.494644
13113.720703	-79.168053
13119.104004	-81.070610
13124.487305	-82.351608
13129.870605	-82.569176
13135.253906	-82.266609
13140.637207	-82.386673
13146.020508	-82.364403
13151.403809	-81.631897
13156.787109	-81.273094
13162.170410	-81.440987
13167.553711	-81.802124
13172.937012	-81.829140
13178.320312	-81.659264
13183.703613	-82.395332
13189.086914	-82.603668
13194.470215	-82.478531
13199.853516	-82.510902
13205.236816	-83.089104
13210.620117	-83.704628
13216.003418	-83.250305
13221.386719	-82.805679
13226.770020	-83.039368
13232.153320	-83.575211
13237.536621	-84.049820
13242.919922	-84.286934
13248.303223	-84.717819
13253.686523	-86.077660
13259.069824	-87.694611
13264.453125	-87.909088
13269.836426	-86.595413
13275.219727	-84.830154
13280.603027	-82.961159
13285.986328	-81.182785
13291.369629	-80.296165
13296.752930	-80.467720
13302.136230	-80.651825
13307.519531	-79.738869
13312.902832	-78.790817
13318.286133	-78.829613
13323.669434	-79.596573
13329.052734	-80.400642
13334.436035	-80.985146
13339.819336	-82.056747
13345.202637	-84.578720
13350.585938	-89.621597
13355.969238	-101.407234
13361.352539	-93.203918
13366.735840	-88.272118
13372.119141	-85.037270
13377.502441	-82.332024
13382.885742	-80.633537
13388.269043	-79.818199
13393.652344	-79.532875
13399.035645	-79.413239
13404.418945	-79.551918
13409.802246	-79.925819
13415.185547	-80.796532
13420.568848	-82.471680
13425.952148	-85.213242
13431.335449	-87.245445
13436.718750	-88.169708
13442.102051	-90.190926
13447.485352	-90.520805
13452.868652	-87.572090
13458.251953	-84.917740
13463.635254	-83.417175
13469.018555	-82.569389
13474.401855	-82.222748
13479.785156	-81.686653
13485.168457	-80.985802
13490.551758	-80.818436
13495.935059	-81.360573
13501.318359	-82.382950
13506.701660	-83.100960
13512.084961	-82.977173
13517.468262	-82.639008
13522.851562	-82.626961
13528.234863	-82.865570
13533.618164	-82.455536
13539.001465	-80.911385
13544.384766	-79.333374
13549.768066	-78.345261
13555.151367	-78.003822
13560.534668	-77.675583
13565.917969	-77.099281
13571.301270	-76.487663
13576.684570	-76.255081
13582.067871	-76.368790
13587.451172	-76.696732
13592.834473	-77.399437
13598.217773	-78.328194
13603.601074	-79.283417
13608.984375	-80.484268
13614.367676	-81.313309
13619.750977	-82.070824
13625.134277	-83.539558
13630.517578	-85.426910
13635.900879	-87.313934
13641.284180	-89.209755
13646.667480	-90.551521
13652.050781	-90.567055
13657.434082	-89.366219
13662.817383	-88.088699
13668.200684	-86.697479
13673.583984	-85.610260
13678.967285	-84.529350
13684.350586	-83.554604
13689.733887	-83.070549
13695.117188	-82.944748
13700.500488	-82.754295
13705.883789	-82.108116
13711.267090	-81.541405
13716.650391	-81.185791
13722.033691	-80.932327
13727.416992	-80.916252
13732.800293	-80.749664
13738.183594	-80.546791
13743.566895	-80.289085
13748.950195	-80.364441
13754.333496	-80.895706
13759.716797	-81.788269
13765.100098	-83.218750
13770.483398	-85.346367
13775.866699	-88.850197
13781.250000	-95.294533
13786.633301	-99.856041
13792.016602	-89.899513
13797.399902	-85.752922
13802.783203	-83.151192
13808.166504	-81.015610
13813.549805	-79.459511
13818.933105	-78.262711
13824.316406	-77.340614
13829.699707	-76.638489
13835.083008	-76.075569
13840.466309	-75.353981
13845.849609	-74.736862
13851.232910	-74.532196
13856.616211	-74.367279
13861.999512	-74.364021
13867.382812	-74.737488
13872.766113	-75.492119
13878.149414	-76.345749
13883.532715	-77.176140
13888.916016	-77.539169
13894.299316	-77.664528
13899.682617	-77.717003
13905.065918	-77.704453
13910.449219	-77.409622
13915.832520	-76.872490
13921.215820	-76.650558
13926.599121	-76.923363
13931.982422	-77.288628
13937.365723	-77.844604
13942.749023	-78.787865
13948.132324	-79.905678
13953.515625	-80.980705
13958.898926	-82.092026
13964.282227	-83.365936
13969.665527	-84.240128
13975.048828	-84.956154
13980.432129	-85.413216
13985.815430	-85.337494
13991.198730	-85.235359
13996.582031	-85.503181
14001.965332	-85.207703
14007.348633	-84.289589
14012.731934	-83.348137
14018.115234	-82.701988
14023.498535	-82.257919
14028.881836	-82.104736
14034.265137	-82.612068
14039.648438	-83.052010
14045.031738	-83.372505
14050.415039	-83.878143
14055.798340	-84.110626
14061.181641	-84.146622
14066.564941	-83.799736
14071.948242	-82.626411
14077.331543	-81.186226
14082.714844	-80.503548
14088.098145	-80.521759
14093.481445	-80.616310
14098.864746	-80.518440
14104.248047	-80.725533
14109.631348	-81.550545
14115.014648	-83.104759
14120.397949	-85.356361
14125.781250	-88.539673
14131.164551	-93.749146
14136.547852	-101.899345
14141.931152	-102.732292
14147.314453	-97.377571
14152.697754	-97.915222
14158.081055	-95.027428
14163.464355	-90.149872
14168.847656	-87.231834
14174.230957	-84.909805
14179.614258	-83.108521
14184.997559	-81.531128
14190.380859	-80.232307
14195.764160	-79.723335
14201.147461	-79.782982
14206.530762	-79.803108
14211.914062	-79.501205
14217.297363	-79.315514
14222.680664	-79.492851
14228.063965	-80.043945
14233.447266	-80.689064
14238.830566	-80.727203
14244.213867	-80.890572
14249.597168	-81.732178
14254.980469	-82.175941
14260.363770	-81.735382
14265.747070	-81.280869
14271.130371	-81.139511
14276.513672	-81.300247
14281.896973	-81.454880
14287.280273	-81.929024
14292.663574	-82.859154
14298.046875	-84.053276
14303.430176	-85.489212
14308.813477	-85.991333
14314.196777	-85.905540
14319.580078	-86.162376
14324.963379	-86.584366
14330.346680	-87.863365
14335.729980	-89.337067
14341.113281	-90.549438
14346.496582	-90.434326
14351.879883	-89.098274
14357.263184	-86.883713
14362.646484	-84.720001
14368.029785	-83.045898
14373.413086	-82.038292
14378.796387	-81.001328
14384.179688	-80.073990
14389.562988	-79.677338
14394.946289	-79.515915
14400.329590	-79.862350
14405.712891	-80.813232
14411.096191	-82.245819
14416.479492	-84.416695
14421.862793	-87.771782
14427.246094	-94.295807
14432.629395	-101.472778
14438.012695	-93.122169
14443.395996	-88.391876
14448.779297	-85.082733
14454.162598	-83.001785
14459.545898	-81.767937
14464.929199	-80.853371
14470.312500	-80.315086
14475.695801	-80.190445
14481.079102	-80.126678
14486.462402	-80.378769
14491.845703	-80.959564
14497.229004	-81.921677
14502.612305	-83.253006
14507.995605	-84.890495
14513.378906	-86.535774
14518.762207	-89.360199
14524.145508	-93.590981
14529.528809	-96.320633
14534.912109	-91.689857
14540.295410	-87.816666
14545.678711	-85.090401
14551.062012	-83.622513
14556.445312	-83.001579
14561.828613	-82.510025
14567.211914	-82.453529
14572.595215	-83.268677
14577.978516	-84.580727
14583.361816	-86.582359
14588.745117	-89.835724
14594.128418	-96.241463
14599.511719	-100.943092
14604.895020	-92.082771
14610.278320	-87.703682
14615.661621	-85.240349
14621.044922	-83.518127
14626.428223	-82.408875
14631.811523	-81.675201
14637.194824	-81.224724
14642.578125	-81.370003
14647.961426	-82.000732
14653.344727	-82.783951
14658.728027	-83.857697
14664.111328	-84.969437
14669.494629	-85.477203
14674.877930	-84.703293
14680.261230	-83.366562
14685.644531	-81.942024
14691.027832	-80.200874
14696.411133	-78.624023
14701.794434	-77.596359
14707.177734	-76.870468
14712.561035	-76.209709
14717.944336	-75.565086
14723.327637	-75.112579
14728.710938	-74.911942
14734.094238	-75.008224
14739.477539	-75.375519
14744.860840	-75.991203
14750.244141	-76.998199
14755.627441	-78.550995
14761.010742	-80.347824
14766.394043	-81.750381
14771.777344	-82.747826
14777.160645	-83.378906
14782.543945	-84.135216
14787.927246	-85.427567
14793.310547	-85.763557
14798.693848	-84.683441
14804.077148	-84.072464
14809.460449	-85.086449
14814.843750	-86.939949
14820.227051	-89.239830
14825.610352	-92.282799
14830.993652	-93.807571
14836.376953	-90.362869
14841.760254	-87.097527
14847.143555	-84.780098
14852.526855	-83.180771
14857.910156	-82.287773
14863.293457	-81.818169
14868.676758	-81.812813
14874.060059	-82.958496
14879.443359	-84.539642
14884.826660	-85.033836
14890.209961	-84.342529
14895.593262	-83.747559
14900.976562	-83.147255
14906.359863	-82.460632
14911.743164	-81.601295
14917.126465	-81.284798
14922.509766	-81.915695
14927.893066	-83.096397
14933.276367	-84.426689
14938.659668	-85.956146
14944.042969	-86.989540
14949.426270	-87.176338
14954.809570	-86.868118
14960.192871	-86.118797
14965.576172	-85.529083
14970.959473	-85.390808
14976.342773	-85.137321
14981.726074	-84.879547
14987.109375	-84.872581
14992.492676	-85.414619
14997.875977	-85.292892
15003.259277	-84.344910
15008.642578	-83.275917
15014.025879	-82.467476
15019.409180	-81.485764
15024.792480	-80.265526
15030.175781	-79.603760
15035.559082	-80.110680
15040.942383	-81.590736
15046.325684	-83.481056
15051.708984	-84.711555
15057.092285	-85.771713
15062.475586	-88.321869
15067.858887	-91.006393
15073.242188	-89.390770
15078.625488	-87.522194
15084.008789	-86.222237
15089.392090	-84.914085
15094.775391	-83.850479
15100.158691	-83.258270
15105.541992	-83.287003
15110.925293	-83.487816
15116.308594	-84.094185
15121.691895	-85.319008
15127.075195	-87.234047
15132.458496	-89.866234
15137.841797	-91.888893
15143.225098	-90.193329
15148.608398	-87.470390
15153.991699	-85.590683
15159.375000	-84.340210
15164.758301	-83.492393
15170.141602	-83.150299
15175.524902	-83.124649
15180.908203	-83.565880
15186.291504	-84.662659
15191.674805	-86.640846
15197.058105	-89.843208
15202.441406	-92.606354
15207.824707	-95.356689
15213.208008	-98.068848
15218.591309	-94.382942
15223.974609	-90.988609
15229.357910	-89.403366
15234.741211	-87.616661
15240.124512	-85.445580
15245.507812	-83.496178
15250.891113	-82.328285
15256.274414	-80.981064
15261.657715	-79.192574
15267.041016	-77.397919
15272.424316	-76.277275
15277.807617	-75.683968
15283.190918	-75.359779
15288.574219	-75.105621
15293.957520	-75.046722
15299.340820	-75.294365
15304.724121	-75.717278
15310.107422	-76.298882
15315.490723	-77.032951
15320.874023	-78.056854
15326.257324	-79.277885
15331.640625	-79.811806
15337.023926	-80.023117
15342.407227	-80.438370
15347.790527	-80.747681
15353.173828	-80.653572
15358.557129	-80.798714
15363.940430	-81.345406
15369.323730	-81.922791
15374.707031	-82.158714
15380.090332	-81.944572
15385.473633	-81.864059
15390.856934	-81.325447
15396.240234	-80.381302
15401.623535	-79.860039
15407.006836	-80.256378
15412.390137	-81.487122
15417.773438	-82.790543
15423.156738	-83.770554
15428.540039	-84.050140
15433.923340	-84.237122
15439.306641	-84.580116
15444.689941	-85.176071
15450.073242	-85.764275
15455.456543	-85.593369
15460.839844	-85.162560
15466.223145	-85.293900
15471.606445	-85.288841
15476.989746	-85.053810
15482.373047	-86.032112
15487.756348	-87.756935
15493.139648	-88.902039
15498.522949	-89.716591
15503.906250	-90.110069
15509.289551	-91.359543
15514.672852	-94.984024
15520.056152	-103.246376
15525.439453	-94.063446
15530.822754	-86.465393
15536.206055	-82.452309
15541.589355	-80.677147
15546.972656	-80.036156
15552.355957	-79.904839
15557.739258	-79.782867
15563.122559	-79.828079
15568.505859	-80.583206
15573.889160	-82.367355
15579.272461	-84.866425
15584.655762	-87.871132
15590.039062	-91.419807
15595.422363	-91.863327
15600.805664	-89.120796
15606.188965	-86.045387
15611.572266	-84.119972
15616.955566	-82.962227
15622.338867	-81.984062
15627.722168	-81.364418
15633.105469	-81.076660
15638.488770	-81.047890
15643.872070	-81.602882
15649.255371	-82.930695
15654.638672	-84.082451
15660.021973	-84.494553
15665.405273	-85.297791
15670.788574	-86.004959
15676.171875	-86.787781
15681.555176	-87.678215
15686.938477	-88.201553
15692.321777	-88.957329
15697.705078	-89.491035
15703.088379	-89.447540
15708.471680	-88.452591
15713.854980	-86.543922
15719.238281	-84.344551
15724.621582	-83.420631
15730.004883	-83.043877
15735.388184	-83.443398
15740.771484	-84.641495
15746.154785	-85.645325
15751.538086	-86.679962
15756.921387	-88.659821
15762.304688	-87.637474
15767.687988	-84.388824
15773.071289	-82.068413
15778.454590	-80.575371
15783.837891	-79.269478
15789.221191	-78.214401
15794.604492	-77.639755
15799.987793	-77.516747
15805.371094	-77.770294
15810.754395	-78.308800
15816.137695	-79.290657
15821.520996	-80.918793
15826.904297	-83.094673
15832.287598	-86.617416
15837.670898	-92.066322
15843.054199	-96.036591
15848.437500	-92.149933
15853.820801	-88.484222
15859.204102	-87.060173
15864.587402	-86.054787
15869.970703	-84.854233
15875.354004	-83.743973
15880.737305	-83.130486
15886.120605	-82.772758
15891.503906	-82.222778
15896.887207	-82.000427
15902.270508	-81.677917
15907.653809	-81.429237
15913.037109	-81.412079
15918.420410	-81.463516
15923.803711	-81.555748
15929.187012	-81.555603
15934.570312	-81.664635
15939.953613	-81.757622
15945.336914	-81.874390
15950.720215	-81.947968
15956.103516	-82.023300
15961.486816	-82.297142
15966.870117	-82.657463
15972.253418	-82.963585
15977.636719	-82.975197
15983.020020	-83.269264
15988.403320	-83.297752
15993.786621	-82.629242
15999.169922	-81.896172
16004.553223	-80.962692
16009.936523	-79.911407
16015.319824	-78.765266
16020.703125	-77.566689
16026.086426	-76.703178
16031.469727	-76.138596
16036.853027	-75.751595
16042.236328	-75.316971
16047.619629	-75.074905
16053.002930	-75.055504
16058.386230	-75.278587
16063.769531	-75.622940
16069.152832	-75.894279
16074.536133	-76.127808
16079.919434	-76.211098
16085.302734	-76.127708
16090.686035	-76.028992
16096.069336	-75.878876
16101.452637	-75.454201
16106.835938	-75.181923
16112.219238	-74.966789
16117.602539	-74.956924
16122.985840	-75.400475
16128.369141	-75.806984
16133.752441	-76.213326
16139.135742	-76.813530
16144.519043	-77.568535
16149.902344	-78.431892
16155.285645	-78.937202
16160.668945	-78.896568
16166.052246	-78.277931
16171.435547	-77.613022
16176.818848	-77.034256
16182.202148	-76.486679
16187.585449	-76.508331
16192.968750	-76.731377
16198.352051	-77.187119
16203.735352	-78.187393
16209.118652	-79.368599
16214.501953	-80.814011
16219.885254	-82.407822
16225.268555	-83.300842
16230.651855	-83.814194
16236.035156	-83.492943
16241.418457	-83.293221
16246.801758	-83.838066
16252.185059	-84.881035
16257.568359	-85.986832
16262.951660	-87.525345
16268.334961	-90.071892
16273.718262	-92.822586
16279.101562	-93.427620
16284.484863	-91.773766
16289.868164	-90.197998
16295.251465	-89.667686
16300.634766	-89.349518
16306.018066	-88.905205
16311.401367	-87.552574
16316.784668	-85.847305
16322.167969	-84.741211
16327.551270	-84.267525
16332.934570	-83.868942
16338.317871	-83.658257
16343.701172	-83.638992
16349.084473	-84.087082
16354.467773	-84.929863
16359.851074	-86.242714
16365.234375	-88.186394
16370.617676	-89.789345
16376.000977	-89.289833
16381.384277	-86.748932
16386.767578	-84.006676
16392.150879	-81.832481
16397.534180	-80.362312
16402.917480	-79.550987
16408.300781	-79.175407
16413.684082	-78.826042
16419.067383	-78.709312
16424.450684	-78.946243
16429.833984	-79.086929
16435.217285	-79.498520
16440.600586	-80.257080
16445.983887	-80.996445
16451.367188	-81.831032
16456.750488	-82.335991
16462.133789	-82.670021
16467.517090	-83.543747
16472.900391	-84.944534
16478.283691	-86.272484
16483.666992	-87.996002
16489.050293	-89.544060
16494.433594	-89.789619
16499.816895	-88.538719
16505.200195	-87.177658
16510.583496	-85.119797
16515.966797	-84.074135
16521.350098	-83.551727
16526.733398	-83.343880
16532.116699	-82.839195
16537.500000	-82.596992
16542.883301	-81.915192
16548.266602	-81.235077
16553.649902	-80.380936
16559.033203	-79.508316
16564.416504	-78.904129
16569.799805	-78.422096
16575.183105	-78.476013
16580.566406	-78.912544
16585.949707	-79.586914
16591.333008	-80.628479
16596.716309	-82.150024
16602.099609	-84.333588
16607.482910	-86.577278
16612.866211	-86.770966
16618.249512	-85.599686
16623.632812	-83.766518
16629.016113	-82.445854
16634.399414	-81.512054
16639.782715	-81.089340
16645.166016	-81.368057
16650.549316	-81.676270
16655.932617	-81.703438
16661.315918	-81.472145
16666.699219	-80.928680
16672.082520	-80.449966
16677.465820	-79.910156
16682.849121	-79.194901
16688.232422	-79.083961
16693.615723	-79.643959
16698.999023	-80.452675
16704.382324	-81.314018
16709.765625	-82.322052
16715.148926	-83.829422
16720.532227	-85.576492
16725.915527	-86.372543
16731.298828	-86.754799
16736.682129	-87.297379
16742.065430	-85.701027
16747.448730	-84.328644
16752.832031	-83.919060
16758.215332	-83.806519
16763.598633	-83.701111
16768.981934	-83.804512
16774.365234	-83.596321
16779.748535	-83.027733
16785.131836	-81.715881
16790.515137	-80.307983
16795.898438	-79.183395
16801.281738	-78.389633
16806.665039	-77.877342
16812.048340	-77.663300
16817.431641	-77.719246
16822.814941	-77.947952
16828.198242	-78.468704
16833.581543	-78.720078
16838.964844	-78.702156
16844.348145	-78.153969
16849.731445	-77.397408
16855.114746	-76.618431
16860.498047	-75.887604
16865.881348	-75.342957
16871.264648	-75.003113
16876.647949	-74.915115
16882.031250	-75.138268
16887.414551	-75.790565
16892.797852	-76.777138
16898.181152	-77.970810
16903.564453	-78.915825
16908.947754	-79.516640
16914.331055	-79.563522
16919.714355	-78.853737
16925.097656	-77.904549
16930.480957	-77.146309
16935.864258	-76.658066
16941.247559	-76.438179
16946.630859	-76.440559
16952.014160	-76.690636
16957.397461	-76.898109
16962.780762	-77.134697
16968.164062	-77.377617
16973.547363	-77.615028
16978.930664	-77.953064
16984.313965	-78.455879
16989.697266	-79.263763
16995.080566	-80.358879
17000.463867	-81.496269
17005.847168	-83.067894
17011.230469	-84.990791
17016.613770	-87.116493
17021.997070	-90.771523
17027.380371	-96.731277
17032.763672	-103.571320
17038.146973	-98.678574
17043.530273	-93.773407
17048.913574	-91.348373
17054.296875	-90.079506
17059.680176	-89.485268
17065.063477	-89.545280
17070.446777	-90.206253
17075.830078	-90.478729
17081.213379	-90.949417
17086.596680	-92.236237
17091.979980	-94.208321
17097.363281	-96.998299
17102.746582	-99.663231
17108.129883	-98.929871
17113.513184	-97.928978
17118.896484	-97.733185
17124.279785	-96.898415
17129.663086	-96.989708
17135.046387	-96.338814
17140.429688	-94.186653
17145.812988	-92.498024
17151.196289	-91.500069
17156.579590	-90.363129
17161.962891	-88.925705
17167.346191	-87.696228
17172.729492	-87.038063
17178.112793	-86.413742
17183.496094	-86.018166
17188.879395	-85.939087
17194.262695	-85.670120
17199.645996	-85.452301
17205.029297	-85.364189
17210.412598	-85.006744
17215.795898	-84.712372
17221.179199	-84.342796
17226.562500	-83.990616
17231.945801	-84.060287
17237.329102	-84.488045
17242.712402	-85.623840
17248.095703	-87.399643
17253.479004	-88.498924
17258.862305	-88.870583
17264.245605	-89.167107
17269.628906	-88.599442
17275.012207	-87.885880
17280.395508	-87.558968
17285.778809	-87.047195
17291.162109	-86.841797
17296.545410	-86.913544
17301.928711	-86.944260
17307.312012	-87.421982
17312.695312	-87.909569
17318.078613	-88.804665
17323.461914	-89.950409
17328.845215	-90.666306
17334.228516	-91.358032
17339.611816	-91.029022
17344.995117	-89.729820
17350.378418	-88.893967
17355.761719	-88.690269
17361.145020	-89.450256
17366.528320	-90.613281
17371.911621	-90.095078
17377.294922	-88.979050
17382.678223	-88.411919
17388.061523	-86.883148
17393.444824	-85.305710
17398.828125	-84.272148
17404.211426	-83.284210
17409.594727	-82.658272
17414.978027	-82.653847
17420.361328	-82.913826
17425.744629	-83.211494
17431.127930	-83.738731
17436.511230	-84.796997
17441.894531	-86.115746
17447.277832	-87.474976
17452.661133	-88.195518
17458.044434	-88.478546
17463.427734	-89.236839
17468.811035	-90.849358
17474.194336	-92.525146
17479.577637	-94.849380
17484.960938	-96.382492
17490.344238	-95.911613
17495.727539	-97.690285
17501.110840	-97.455582
17506.494141	-96.175087
17511.877441	-96.235374
17517.260742	-94.875999
17522.644043	-92.771652
17528.027344	-90.334450
17533.410645	-87.909050
17538.793945	-86.108963
17544.177246	-84.497414
17549.560547	-82.889336
17554.943848	-81.216438
17560.327148	-79.867348
17565.710449	-78.996902
17571.093750	-78.523605
17576.477051	-78.421486
17581.860352	-78.713165
17587.243652	-79.550713
17592.626953	-80.861717
17598.010254	-82.902931
17603.393555	-85.656059
17608.776855	-89.180389
17614.160156	-92.295135
17619.543457	-89.748260
17624.926758	-86.022804
17630.310059	-83.720337
17635.693359	-82.446297
17641.076660	-81.727524
17646.459961	-81.526535
17651.843262	-81.522392
17657.226562	-81.480789
17662.609863	-81.497101
17667.993164	-81.204544
17673.376465	-80.892197
17678.759766	-80.869354
17684.143066	-80.747589
17689.526367	-80.526573
17694.909668	-80.403679
17700.292969	-80.059486
17705.676270	-79.899406
17711.059570	-79.768150
17716.442871	-79.373886
17721.826172	-78.886902
17727.209473	-78.535011
17732.592773	-77.982315
17737.976074	-77.418289
17743.359375	-77.069954
17748.742676	-77.275612
17754.125977	-77.674675
17759.509277	-78.270615
17764.892578	-78.895668
17770.275879	-79.640793
17775.659180	-80.385925
17781.042480	-81.069710
17786.425781	-81.493271
17791.809082	-81.683441
17797.192383	-82.026054
17802.575684	-81.918587
17807.958984	-81.417786
17813.342285	-81.118019
17818.725586	-81.290733
17824.108887	-82.048012
17829.492188	-83.154549
17834.875488	-84.811203
17840.258789	-86.939018
17845.642090	-88.062393
17851.025391	-88.700417
17856.408691	-88.401917
17861.791992	-86.857491
17867.175293	-86.107407
17872.558594	-85.394547
17877.941895	-85.344963
17883.325195	-86.125969
17888.708496	-87.687874
17894.091797	-90.295067
17899.475098	-94.194878
17904.858398	-99.572029
17910.241699	-101.036781
17915.625000	-95.350830
17921.008301	-91.528633
17926.391602	-90.038940
17931.774902	-89.889771
17937.158203	-90.111473
17942.541504	-90.612885
17947.924805	-92.159630
17953.308105	-96.314789
17958.691406	-105.052399
17964.074707	-102.502563
17969.458008	-97.390892
17974.841309	-94.339821
17980.224609	-92.489517
17985.607910	-91.504547
17990.991211	-92.196671
17996.374512	-93.485916
18001.757812	-92.696671
18007.141113	-90.397194
18012.524414	-88.400452
18017.907715	-86.661362
18023.291016	-84.942284
18028.674316	-83.741997
18034.057617	-83.032692
18039.440918	-82.461533
18044.824219	-82.383904
18050.207520	-82.908768
18055.590820	-83.562286
18060.974121	-84.794411
18066.357422	-87.039116
18071.740723	-91.445923
18077.124023	-95.973869
18082.507324	-91.711372
18087.890625	-87.365829
18093.273926	-84.726410
18098.657227	-82.786804
18104.040527	-81.109764
18109.423828	-80.473160
18114.807129	-80.353622
18120.190430	-80.218521
18125.573730	-80.567749
18130.957031	-81.250610
18136.340332	-82.145554
18141.723633	-83.465599
18147.106934	-85.078644
18152.490234	-86.715996
18157.873535	-87.862823
18163.256836	-88.769920
18168.640137	-89.314400
18174.023438	-89.595253
18179.406738	-89.893883
18184.790039	-89.709183
18190.173340	-89.987160
18195.556641	-90.056618
18200.939941	-89.136497
18206.323242	-87.907173
18211.706543	-86.621918
18217.089844	-86.005402
18222.473145	-85.853287
18227.856445	-85.640038
18233.239746	-85.918449
18238.623047	-86.956635
18244.006348	-88.543167
18249.389648	-90.347015
18254.772949	-90.370506
18260.156250	-89.097626
18265.539551	-87.389572
18270.922852	-85.282494
18276.306152	-83.342110
18281.689453	-81.936279
18287.072754	-81.058861
18292.456055	-80.275566
18297.839355	-79.773262
18303.222656	-79.727722
18308.605957	-80.082710
18313.989258	-80.689514
18319.372559	-81.363480
18324.755859	-82.143143
18330.139160	-83.030403
18335.522461	-84.011276
18340.905762	-84.736938
18346.289062	-85.357246
18351.672363	-85.787201
18357.055664	-85.692886
18362.438965	-85.290787
18367.822266	-85.164795
18373.205566	-85.355339
18378.588867	-85.108208
18383.972168	-84.759102
18389.355469	-84.319527
18394.738770	-83.959908
18400.122070	-83.417557
18405.505371	-82.638588
18410.888672	-82.002434
18416.271973	-81.574318
18421.655273	-81.404404
18427.038574	-81.568810
18432.421875	-81.622459
18437.805176	-81.907784
18443.188477	-82.568291
18448.571777	-83.363144
18453.955078	-84.736580
18459.338379	-85.838127
18464.721680	-86.116585
18470.104980	-86.179367
18475.488281	-85.856422
18480.871582	-85.806236
18486.254883	-86.018730
18491.638184	-86.549278
18497.021484	-87.658615
18502.404785	-88.731766
18507.788086	-89.032410
18513.171387	-88.932663
18518.554688	-87.494026
18523.937988	-85.476006
18529.321289	-84.049400
18534.704590	-82.671097
18540.087891	-81.528351
18545.471191	-80.983475
18550.854492	-80.472931
18556.237793	-80.234253
18561.621094	-80.693138
18567.004395	-81.268883
18572.387695	-81.949821
18577.770996	-82.829254
18583.154297	-83.707794
18588.537598	-84.568832
18593.920898	-85.720612
18599.304199	-86.939865
18604.687500	-87.606964
18610.070801	-88.057854
18615.454102	-87.700546
18620.837402	-86.883194
18626.220703	-86.526131
18631.604004	-86.114487
18636.987305	-85.554451
18642.370605	-84.894753
18647.753906	-84.378029
18653.137207	-84.402054
18658.520508	-84.676254
18663.903809	-85.112900
18669.287109	-85.878334
18674.670410	-86.749718
18680.053711	-88.126656
18685.437012	-90.468102
18690.820312	-94.351135
18696.203613	-96.836899
18701.586914	-94.325180
18706.970215	-92.090714
18712.353516	-89.549248
18717.736816	-87.381676
18723.120117	-86.171341
18728.503418	-85.697708
18733.886719	-85.821442
18739.270020	-86.230133
18744.653320	-86.608604
18750.036621	-87.864990
18755.419922	-90.065956
18760.803223	-92.732208
18766.186523	-94.985336
18771.569824	-97.192863
18776.953125	-97.831024
18782.336426	-95.031731
18787.719727	-91.346649
18793.103027	-89.325363
18798.486328	-88.046997
18803.869629	-87.560562
18809.252930	-87.024323
18814.636230	-86.873520
18820.019531	-87.726234
18825.402832	-89.046249
18830.786133	-89.933640
18836.169434	-91.425735
18841.552734	-94.162315
18846.936035	-98.238670
18852.319336	-102.894814
18857.702637	-100.718178
18863.085938	-95.634140
18868.469238	-93.475548
18873.852539	-92.388573
18879.235840	-90.953758
18884.619141	-89.833618
18890.002441	-89.625427
18895.385742	-89.638794
18900.769043	-89.509132
18906.152344	-89.720551
18911.535645	-89.944420
18916.918945	-89.788803
18922.302246	-88.355438
18927.685547	-86.604027
18933.068848	-85.263077
18938.452148	-84.248001
18943.835449	-83.865257
18949.218750	-83.550072
18954.602051	-83.559563
18959.985352	-84.055748
18965.368652	-85.170387
18970.751953	-86.609268
18976.135254	-87.684372
18981.518555	-88.275284
18986.901855	-88.252670
18992.285156	-87.624245
18997.668457	-87.162300
19003.051758	-87.166771
19008.435059	-87.187950
19013.818359	-87.328720
19019.201660	-87.883392
19024.584961	-88.678970
19029.968262	-88.589638
19035.351562	-88.909752
19040.734863	-89.492683
19046.118164	-88.759789
19051.501465	-86.996399
19056.884766	-85.098923
19062.268066	-83.669182
19067.651367	-82.790260
19073.034668	-82.230621
19078.417969	-81.850006
19083.801270	-81.939484
19089.184570	-82.686523
19094.567871	-83.726784
19099.951172	-84.735374
19105.334473	-85.535545
19110.717773	-85.203339
19116.101074	-83.788338
19121.484375	-82.436607
19126.867676	-81.247063
19132.250977	-80.302795
19137.634277	-80.034172
19143.017578	-80.165665
19148.400879	-80.372696
19153.784180	-80.718811
19159.167480	-81.435272
19164.550781	-82.544388
19169.934082	-83.970154
19175.317383	-85.376823
19180.700684	-86.293549
19186.083984	-86.821365
19191.467285	-86.815544
19196.850586	-86.169357
19202.233887	-85.736557
19207.617188	-85.159851
19213.000488	-84.814926
19218.383789	-84.882912
19223.767090	-84.845032
19229.150391	-84.985802
19234.533691	-85.651978
19239.916992	-86.322250
19245.300293	-86.825546
19250.683594	-87.209625
19256.066895	-87.603439
19261.450195	-88.396339
19266.833496	-88.857231
19272.216797	-89.093109
19277.600098	-88.870979
19282.983398	-88.255112
19288.366699	-88.031509
19293.750000	-87.810577
19299.133301	-87.243950
19304.516602	-87.233040
19309.899902	-87.902336
19315.283203	-88.627357
19320.666504	-89.515633
19326.049805	-91.057709
19331.433105	-92.397980
19336.816406	-92.692291
19342.199707	-93.745064
19347.583008	-92.720444
19352.966309	-91.753189
19358.349609	-91.597961
19363.732910	-91.695557
19369.116211	-92.648834
19374.499512	-94.436333
19379.882812	-96.770905
19385.266113	-102.605507
19390.649414	-103.884239
19396.032715	-97.636688
19401.416016	-93.048187
19406.799316	-90.083519
19412.182617	-87.967560
19417.565918	-86.382675
19422.949219	-85.325256
19428.332520	-84.339478
19433.715820	-83.492859
19439.099121	-83.174141
19444.482422	-83.079910
19449.865723	-83.249229
19455.249023	-83.509300
19460.632324	-84.117233
19466.015625	-84.763809
19471.398926	-85.638031
19476.782227	-86.548431
19482.165527	-88.154808
19487.548828	-90.691948
19492.932129	-94.922310
19498.315430	-103.748566
19503.698730	-100.306801
19509.082031	-94.728691
19514.465332	-91.030807
19519.848633	-88.950371
19525.231934	-88.399338
19530.615234	-88.489105
19535.998535	-88.834549
19541.381836	-90.079994
19546.765137	-90.771027
19552.148438	-90.485840
19557.531738	-89.446098
19562.915039	-86.700905
19568.298340	-84.669968
19573.681641	-83.228516
19579.064941	-82.160286
19584.448242	-81.273163
19589.831543	-80.544258
19595.214844	-80.453552
19600.598145	-80.705490
19605.981445	-81.069664
19611.364746	-81.477997
19616.748047	-82.204384
19622.131348	-82.736343
19627.514648	-83.132492
19632.897949	-83.250816
19638.281250	-83.671028
19643.664551	-84.383400
19649.047852	-84.584152
19654.431152	-84.819778
19659.814453	-85.551674
19665.197754	-86.440918
19670.581055	-86.769005
19675.964355	-85.777039
19681.347656	-84.694115
19686.730957	-83.916595
19692.114258	-82.918343
19697.497559	-82.097816
19702.880859	-81.853241
19708.264160	-81.875160
19713.647461	-82.336136
19719.030762	-83.080826
19724.414062	-83.999092
19729.797363	-85.657341
19735.180664	-87.533302
19740.563965	-87.271385
19745.947266	-85.589249
19751.330566	-85.003319
19756.713867	-84.568710
19762.097168	-84.321297
19767.480469	-84.402100
19772.863770	-84.522842
19778.247070	-85.433998
19783.630371	-87.940643
19789.013672	-92.967934
19794.396973	-103.539253
19799.780273	-93.538673
19805.163574	-87.553757
19810.546875	-83.767342
19815.930176	-81.123306
19821.313477	-79.399200
19826.696777	-78.384285
19832.080078	-77.852699
19837.463379	-77.660957
19842.846680	-77.687927
19848.229980	-78.140640
19853.613281	-79.041702
19858.996582	-80.394760
19864.379883	-81.683548
19869.763184	-82.653908
19875.146484	-83.129440
19880.529785	-82.771301
19885.913086	-81.916458
19891.296387	-81.220673
19896.679688	-80.725380
19902.062988	-80.225906
19907.446289	-79.935875
19912.829590	-79.698792
19918.212891	-79.806831
19923.596191	-80.244316
19928.979492	-80.846260
19934.362793	-81.484123
19939.746094	-81.941650
19945.129395	-82.032692
19950.512695	-81.959236
19955.895996	-81.734268
19961.279297	-81.332314
19966.662598	-80.987343
19972.045898	-80.807953
19977.429199	-80.696320
19982.812500	-80.684723
19988.195801	-80.833946
19993.579102	-80.579926
19998.962402	-80.448395
20004.345703	-80.470016
20009.729004	-80.190079
20015.112305	-79.967430
20020.495605	-80.237915
20025.878906	-80.909317
20031.262207	-82.167877
20036.645508	-83.804543
20042.028809	-85.377808
20047.412109	-86.954475
20052.795410	-88.716484
20058.178711	-91.095222
20063.562012	-91.707405
20068.945312	-90.695099
20074.328613	-89.639671
20079.711914	-88.932014
20085.095215	-88.668198
20090.478516	-88.955658
20095.861816	-90.272255
20101.245117	-91.302696
20106.628418	-91.485519
20112.011719	-90.508026
20117.395020	-89.971977
20122.778320	-89.217010
20128.161621	-88.354301
20133.544922	-88.853188
20138.928223	-90.487068
20144.311523	-92.654663
20149.694824	-95.634132
20155.078125	-99.839386
20160.461426	-98.419205
20165.844727	-95.430656
20171.228027	-93.917587
20176.611328	-92.780174
20181.994629	-92.694237
20187.377930	-92.806458
20192.761230	-92.252724
20198.144531	-92.086052
20203.527832	-92.069427
20208.911133	-90.453476
20214.294434	-88.670921
20219.677734	-87.105286
20225.061035	-86.337555
20230.444336	-86.460754
20235.827637	-86.549408
20241.210938	-86.348175
20246.594238	-86.440758
20251.977539	-87.523209
20257.360840	-89.047737
20262.744141	-90.455498
20268.127441	-91.972885
20273.510742	-91.295418
20278.894043	-89.744392
20284.277344	-88.109406
20289.660645	-86.930283
20295.043945	-86.475281
20300.427246	-85.267982
20305.810547	-84.109695
20311.193848	-83.528275
20316.577148	-83.297073
20321.960449	-82.914635
20327.343750	-82.143562
20332.727051	-81.324364
20338.110352	-80.612671
20343.493652	-80.124313
20348.876953	-79.815323
20354.260254	-79.653488
20359.643555	-79.794395
20365.026855	-80.156723
20370.410156	-80.455452
20375.793457	-80.875839
20381.176758	-81.745430
20386.560059	-82.534584
20391.943359	-83.331306
20397.326660	-84.000244
20402.709961	-84.216537
20408.093262	-84.550987
20413.476562	-84.649094
20418.859863	-84.761131
20424.243164	-85.219322
20429.626465	-85.379883
20435.009766	-85.924210
20440.393066	-86.691750
20445.776367	-87.597382
20451.159668	-87.342056
20456.542969	-86.298363
20461.926270	-85.012894
20467.309570	-84.037849
20472.692871	-83.915024
20478.076172	-83.829933
20483.459473	-83.771988
20488.842773	-84.174774
20494.226074	-84.481422
20499.609375	-84.740486
20504.992676	-85.132019
20510.375977	-85.179535
20515.759277	-85.477509
20521.142578	-86.108810
20526.525879	-86.940094
20531.909180	-88.494316
20537.292480	-91.170914
20542.675781	-95.455597
20548.059082	-98.908028
20553.442383	-95.949692
20558.825684	-91.418373
20564.208984	-88.483139
20569.592285	-85.931976
20574.975586	-83.895088
20580.358887	-82.774185
20585.742188	-81.867233
20591.125488	-81.123650
20596.508789	-80.961189
20601.892090	-81.372017
20607.275391	-82.139587
20612.658691	-82.922729
20618.041992	-83.605888
20623.425293	-84.204269
20628.808594	-84.678596
20634.191895	-85.364189
20639.575195	-85.937988
20644.958496	-86.535416
20650.341797	-87.263092
20655.725098	-87.532791
20661.108398	-87.551498
20666.491699	-87.769875
20671.875000	-88.041527
20677.258301	-88.707092
20682.641602	-90.114105
20688.024902	-91.724876
20693.408203	-94.029022
20698.791504	-95.553055
20704.174805	-96.503250
20709.558105	-95.580719
20714.941406	-95.372932
20720.324707	-94.473907
20725.708008	-93.417503
20731.091309	-92.027023
20736.474609	-89.826820
20741.857910	-88.007172
20747.241211	-86.834091
20752.624512	-84.964783
20758.007812	-83.443787
20763.391113	-82.484207
20768.774414	-81.950516
20774.157715	-81.728210
20779.541016	-81.683372
20784.924316	-81.929703
20790.307617	-82.551666
20795.690918	-83.530434
20801.074219	-84.325768
20806.457520	-85.394066
20811.840820	-87.199364
20817.224121	-89.030510
20822.607422	-90.027702
20827.990723	-89.801041
20833.374023	-89.320602
20838.757324	-88.875137
20844.140625	-88.335999
20849.523926	-87.632751
20854.907227	-86.868225
20860.290527	-86.648354
20865.673828	-86.234863
20871.057129	-85.788330
20876.440430	-85.454536
20881.823730	-84.877487
20887.207031	-84.304672
20892.590332	-83.891319
20897.973633	-83.445694
20903.356934	-83.213921
20908.740234	-83.257896
20914.123535	-83.196274
20919.506836	-83.092957
20924.890137	-83.214775
20930.273438	-83.633369
20935.656738	-84.029991
20941.040039	-84.469299
20946.423340	-84.764961
20951.806641	-85.112411
20957.189941	-85.873421
20962.573242	-86.214958
20967.956543	-87.250252
20973.339844	-89.469887
20978.723145	-92.543518
20984.106445	-98.769547
20989.489746	-107.411240
20994.873047	-97.800949
21000.256348	-92.667671
21005.639648	-89.535072
21011.022949	-87.834206
21016.406250	-86.691315
21021.789551	-85.684288
21027.172852	-85.372536
21032.556152	-85.563919
21037.939453	-85.832581
21043.322754	-86.654976
21048.706055	-88.159927
21054.089355	-89.882637
21059.472656	-91.723167
21064.855957	-94.464462
21070.239258	-99.016045
21075.622559	-104.682793
21081.005859	-110.517143
21086.389160	-101.608147
21091.772461	-95.958687
21097.155762	-93.412857
21102.539062	-91.099228
21107.922363	-89.506508
21113.305664	-88.050308
21118.688965	-86.950623
21124.072266	-86.089432
21129.455566	-85.621971
21134.838867	-85.404099
21140.222168	-85.488632
21145.605469	-85.536446
21150.988770	-86.157852
21156.372070	-86.939781
21161.755371	-87.708549
21167.138672	-88.723175
21172.521973	-90.314125
21177.905273	-92.457069
21183.288574	-95.382469
21188.671875	-98.802238
21194.055176	-105.080070
21199.438477	-99.353874
21204.821777	-93.217987
21210.205078	-89.579399
21215.588379	-86.962494
21220.971680	-84.714134
21226.354980	-82.829979
21231.738281	-81.472389
21237.121582	-80.778290
21242.504883	-80.449020
21247.888184	-80.315651
21253.271484	-80.407921
21258.654785	-80.700485
21264.038086	-81.262344
21269.421387	-82.110321
21274.804688	-83.262917
21280.187988	-84.288300
21285.571289	-84.906815
21290.954590	-85.160492
21296.337891	-85.138321
21301.721191	-84.521469
21307.104492	-84.062866
21312.487793	-83.981720
21317.871094	-84.384766
21323.254395	-84.887627
21328.637695	-85.698654
21334.020996	-86.881531
21339.404297	-88.669952
21344.787598	-90.464546
21350.170898	-91.080971
21355.554199	-90.411934
21360.937500	-89.091087
21366.320801	-87.247192
21371.704102	-86.113174
21377.087402	-85.201347
21382.470703	-84.381355
21387.854004	-83.937050
21393.237305	-83.523018
21398.620605	-83.371780
21404.003906	-83.557945
21409.387207	-83.802208
21414.770508	-83.874527
21420.153809	-83.885788
21425.537109	-84.150208
21430.920410	-84.729988
21436.303711	-85.658112
21441.687012	-87.339149
21447.070312	-89.832710
21452.453613	-93.215660
21457.836914	-97.920792
21463.220215	-97.445038
21468.603516	-92.118073
21473.986816	-88.964180
21479.370117	-86.411194
21484.753418	-84.683891
21490.136719	-83.721687
21495.520020	-83.011688
21500.903320	-82.713165
21506.286621	-82.716843
21511.669922	-82.729012
21517.053223	-82.919624
21522.436523	-83.141594
21527.819824	-83.148109
21533.203125	-83.067543
21538.586426	-82.758286
21543.969727	-82.493126
21549.353027	-82.244675
21554.736328	-82.332092
21560.119629	-82.585014
21565.502930	-83.182228
21570.886230	-84.246918
21576.269531	-85.565529
21581.652832	-87.060432
21587.036133	-88.240005
21592.419434	-88.957329
21597.802734	-88.289032
21603.186035	-87.229988
21608.569336	-85.935661
21613.952637	-85.017845
21619.335938	-84.606583
21624.719238	-84.103462
21630.102539	-83.931015
21635.485840	-84.022346
21640.869141	-84.018082
21646.252441	-83.593849
21651.635742	-82.829140
21657.019043	-82.143593
21662.402344	-81.545090
21667.785645	-81.072113
21673.168945	-80.598381
21678.552246	-80.236168
21683.935547	-80.116875
21689.318848	-80.063011
21694.702148	-80.383354
21700.085449	-80.930290
21705.468750	-81.410217
21710.852051	-82.229546
21716.235352	-83.078163
21721.618652	-84.458092
21727.001953	-86.407669
21732.385254	-88.625000
21737.768555	-92.335442
21743.151855	-99.870232
21748.535156	-102.347969
21753.918457	-92.830902
21759.301758	-88.390030
21764.685059	-85.903725
21770.068359	-83.849838
21775.451660	-82.381699
21780.834961	-81.596191
21786.218262	-81.103348
21791.601562	-81.104279
21796.984863	-81.370949
21802.368164	-81.685043
21807.751465	-82.323593
21813.134766	-83.431770
21818.518066	-84.630295
21823.901367	-85.859726
21829.284668	-87.079399
21834.667969	-87.929764
21840.051270	-88.509193
21845.434570	-88.718842
21850.817871	-88.325798
21856.201172	-88.494621
21861.584473	-89.339958
21866.967773	-90.358597
21872.351074	-91.615105
21877.734375	-92.809418
21883.117676	-94.190979
21888.500977	-95.612061
21893.884277	-96.345085
21899.267578	-95.664551
21904.650879	-94.231262
21910.034180	-91.954132
21915.417480	-90.737579
21920.800781	-90.021294
21926.184082	-88.881409
21931.567383	-87.511581
21936.950684	-86.309937
21942.333984	-85.737976
21947.717285	-85.436493
21953.100586	-85.453217
21958.483887	-86.057175
21963.867188	-87.100388
21969.250488	-88.877182
21974.633789	-91.392418
21980.017090	-94.483391
21985.400391	-95.850967
21990.783691	-91.805534
21996.166992	-88.319954
22001.550293	-86.107765
22006.933594	-84.382263
22012.316895	-83.274635
22017.700195	-82.761574
22023.083496	-82.608879
22028.466797	-82.846283
22033.850098	-83.378220
22039.233398	-84.155312
22044.616699	-84.590912
