Frequency (Hz)	Level (dB)
5.383301	-28.255051
10.766602	-25.047623
16.149902	-23.768440
21.533203	-23.363235
26.916504	-22.342171
32.299805	-22.624674
37.683105	-22.732063
43.066406	-22.830526
48.449707	-23.609524
53.833008	-23.511930
59.216309	-25.327126
64.599609	-27.192230
69.982910	-27.978195
75.366211	-31.360659
80.749512	-32.965370
86.132812	-35.580696
91.516113	-39.457951
96.899414	-39.212673
102.282715	-38.237286
107.666016	-36.208138
113.049316	-38.458145
118.432617	-36.191868
123.815918	-36.430023
129.199219	-39.373276
134.582520	-37.689583
139.965820	-41.125370
145.349121	-39.272110
150.732422	-38.425560
156.115723	-43.217464
161.499023	-43.683735
166.882324	-39.401661
172.265625	-39.426762
177.648926	-41.087463
183.032227	-37.871849
188.415527	-38.020023
193.798828	-35.694248
199.182129	-34.410091
204.565430	-38.874073
209.948730	-38.725697
215.332031	-34.710979
220.715332	-33.423637
226.098633	-36.069588
231.481934	-39.580311
236.865234	-39.968418
242.248535	-39.972446
247.631836	-37.158497
253.015137	-35.754551
258.398438	-35.944405
263.781738	-31.562790
269.165039	-31.660385
274.548340	-35.161194
279.931641	-33.382359
285.314941	-32.887215
290.698242	-30.817072
296.081543	-29.070444
301.464844	-29.923952
306.848145	-29.961412
312.231445	-32.276138
317.614746	-29.843023
322.998047	-28.611368
328.381348	-27.334820
333.764648	-20.718180
339.147949	-19.376856
344.531250	-21.735067
349.914551	-25.843012
355.297852	-30.557838
360.681152	-33.828178
366.064453	-35.983364
371.447754	-36.641369
376.831055	-37.586140
382.214355	-35.261906
387.597656	-34.627174
392.980957	-31.320061
398.364258	-30.559237
403.747559	-32.109653
409.130859	-37.186714
414.514160	-36.416092
419.897461	-36.247948
425.280762	-38.237827
430.664062	-36.768620
436.047363	-38.116543
441.430664	-36.355179
446.813965	-34.657909
452.197266	-34.471050
457.580566	-31.390162
462.963867	-32.804729
468.347168	-33.562191
473.730469	-36.689411
479.113770	-35.551838
484.497070	-38.429241
489.880371	-35.318325
495.263672	-31.447638
500.646973	-32.799763
506.030273	-29.751717
511.413574	-29.115139
516.796875	-30.332270
522.180176	-33.599468
527.563477	-24.594240
532.946777	-23.424809
538.330078	-28.997643
543.713379	-31.017921
549.096680	-27.562178
554.479980	-25.942764
559.863281	-21.074476
565.246582	-20.909811
570.629883	-23.426710
576.013184	-16.878368
581.396484	-16.146351
586.779785	-19.632214
592.163086	-23.352150
597.546387	-25.473877
602.929688	-23.956524
608.312988	-24.295496
613.696289	-25.978245
619.079590	-25.754349
624.462891	-23.380281
629.846191	-21.342447
635.229492	-20.608616
640.612793	-19.153009
645.996094	-18.863476
651.379395	-24.991035
656.762695	-30.491030
662.145996	-31.017748
667.529297	-33.201244
672.912598	-30.424753
678.295898	-34.072529
683.679199	-34.481045
689.062500	-35.918373
694.445801	-36.291100
699.829102	-32.815941
705.212402	-28.287251
710.595703	-26.673685
715.979004	-28.780390
721.362305	-33.518417
726.745605	-28.839975
732.128906	-34.231407
737.512207	-34.553303
742.895508	-33.596165
748.278809	-35.448399
753.662109	-37.574467
759.045410	-40.718163
764.428711	-40.677635
769.812012	-37.901600
775.195312	-39.587227
780.578613	-42.012474
785.961914	-36.067333
791.345215	-38.100933
796.728516	-44.303020
802.111816	-39.033470
807.495117	-40.518280
812.878418	-41.499992
818.261719	-37.907497
823.645020	-41.345684
829.028320	-39.729630
834.411621	-38.158905
839.794922	-39.676655
845.178223	-32.006145
850.561523	-32.925468
855.944824	-34.020897
861.328125	-36.186485
866.711426	-36.974579
872.094727	-36.050400
877.478027	-31.434244
882.861328	-32.604763
888.244629	-28.641405
893.627930	-33.844444
899.011230	-34.781265
904.394531	-40.212204
909.777832	-40.886311
915.161133	-40.834293
920.544434	-45.834797
925.927734	-42.904499
931.311035	-48.364952
936.694336	-45.383862
942.077637	-42.690838
947.460938	-37.052921
952.844238	-40.952263
958.227539	-47.139359
963.610840	-46.288078
968.994141	-46.930565
974.377441	-46.472134
979.760742	-44.504799
985.144043	-41.955147
990.527344	-42.990440
995.910645	-45.615078
1001.293945	-42.818439
1006.677246	-44.901241
1012.060547	-45.422104
1017.443848	-42.262444
1022.827148	-44.871639
1028.210449	-43.465302
1033.593750	-45.920650
1038.977051	-43.362724
1044.360352	-37.993172
1049.743652	-39.338078
1055.126953	-37.305954
1060.510254	-37.929401
1065.893555	-42.918037
1071.276855	-45.099106
1076.660156	-40.279518
1082.043457	-42.800323
1087.426758	-48.396946
1092.810059	-40.456211
1098.193359	-41.079182
1103.576660	-44.911858
1108.959961	-40.441658
1114.343262	-39.737873
1119.726562	-41.171284
1125.109863	-35.901543
1130.493164	-38.074009
1135.876465	-44.115288
1141.259766	-42.814674
1146.643066	-41.971920
1152.026367	-45.373585
1157.409668	-42.410904
1162.792969	-38.193626
1168.176270	-45.395348
1173.559570	-41.253712
1178.942871	-42.139599
1184.326172	-46.305603
1189.709473	-42.866070
1195.092773	-44.801815
1200.476074	-47.531780
1205.859375	-43.999191
1211.242676	-50.703964
1216.625977	-48.293232
1222.009277	-47.479530
1227.392578	-53.601742
1232.775879	-54.479347
1238.159180	-58.739666
1243.542480	-52.373821
1248.925781	-50.750584
1254.309082	-55.449272
1259.692383	-46.326244
1265.075684	-42.098400
1270.458984	-43.322945
1275.842285	-41.187332
1281.225586	-40.194912
1286.608887	-44.793976
1291.992188	-43.330391
1297.375488	-43.576077
1302.758789	-41.787380
1308.142090	-42.943928
1313.525391	-42.934052
1318.908691	-41.464706
1324.291992	-41.954174
1329.675293	-42.307026
1335.058594	-41.397751
1340.441895	-43.743195
1345.825195	-41.125767
1351.208496	-44.153599
1356.591797	-43.017227
1361.975098	-40.831635
1367.358398	-43.982410
1372.741699	-40.260536
1378.125000	-39.686474
1383.508301	-39.925922
1388.891602	-38.284214
1394.274902	-37.669266
1399.658203	-34.788654
1405.041504	-35.875385
1410.424805	-37.024014
1415.808105	-31.776640
1421.191406	-36.469131
1426.574707	-36.652515
1431.958008	-35.956772
1437.341309	-41.810993
1442.724609	-43.426662
1448.107910	-42.352715
1453.491211	-46.931351
1458.874512	-43.872379
1464.257812	-45.220158
1469.641113	-49.369236
1475.024414	-47.734741
1480.407715	-43.391376
1485.791016	-43.449699
1491.174316	-47.936726
1496.557617	-40.232655
1501.940918	-42.603302
1507.324219	-47.867973
1512.707520	-44.766647
1518.090820	-46.277653
1523.474121	-41.390804
1528.857422	-42.104824
1534.240723	-42.270905
1539.624023	-43.099777
1545.007324	-41.944981
1550.390625	-38.264881
1555.773926	-39.119389
1561.157227	-42.987514
1566.540527	-43.611088
1571.923828	-42.227634
1577.307129	-40.305973
1582.690430	-41.704113
1588.073730	-38.301231
1593.457031	-37.840271
1598.840332	-35.932186
1604.223633	-34.470749
1609.606934	-33.679119
1614.990234	-35.111897
1620.373535	-36.024876
1625.756836	-37.972607
1631.140137	-40.186260
1636.523438	-40.185295
1641.906738	-39.342445
1647.290039	-38.728931
1652.673340	-44.297672
1658.056641	-37.740269
1663.439941	-37.801834
1668.823242	-32.582859
1674.206543	-33.758694
1679.589844	-36.039413
1684.973145	-43.294979
1690.356445	-39.949158
1695.739746	-37.976913
1701.123047	-42.277260
1706.506348	-37.907909
1711.889648	-41.598534
1717.272949	-32.398010
1722.656250	-32.214600
1728.039551	-33.120193
1733.422852	-33.597076
1738.806152	-43.145969
1744.189453	-45.231174
1749.572754	-46.079304
1754.956055	-44.414974
1760.339355	-46.742542
1765.722656	-46.231915
1771.105957	-43.590977
1776.489258	-43.163185
1781.872559	-44.490364
1787.255859	-39.865143
1792.639160	-39.548519
1798.022461	-41.282917
1803.405762	-45.514580
1808.789062	-46.486778
1814.172363	-41.784157
1819.555664	-37.278179
1824.938965	-38.063419
1830.322266	-42.098343
1835.705566	-34.898094
1841.088867	-34.865704
1846.472168	-34.760521
1851.855469	-35.299492
1857.238770	-38.227272
1862.622070	-38.047390
1868.005371	-42.082100
1873.388672	-46.564026
1878.771973	-45.965118
1884.155273	-47.205200
1889.538574	-48.519234
1894.921875	-46.057518
1900.305176	-40.660614
1905.688477	-40.443756
1911.071777	-41.547600
1916.455078	-43.156719
1921.838379	-44.493622
1927.221680	-43.387146
1932.604980	-49.263691
1937.988281	-44.822037
1943.371582	-47.079433
1948.754883	-42.463821
1954.138184	-42.129581
1959.521484	-45.469666
1964.904785	-43.368679
1970.288086	-48.242664
1975.671387	-46.035156
1981.054688	-47.037853
1986.437988	-43.633472
1991.821289	-46.105171
1997.204590	-48.369331
2002.587891	-45.318161
2007.971191	-48.799911
2013.354492	-42.571289
2018.737793	-41.970409
2024.121094	-47.857162
2029.504395	-50.516483
2034.887695	-51.715141
2040.270996	-48.081013
2045.654297	-47.797230
2051.037598	-45.506668
2056.420898	-44.349728
2061.804199	-50.909309
2067.187500	-42.401894
2072.570801	-41.778996
2077.954102	-48.290398
2083.337402	-43.938164
2088.720703	-45.435432
2094.104004	-46.265175
2099.487305	-41.787449
2104.870605	-39.589615
2110.253906	-43.823776
2115.637207	-43.430496
2121.020508	-46.322933
2126.403809	-45.940521
2131.787109	-49.553062
2137.170410	-48.983620
2142.553711	-47.226177
2147.937012	-51.574562
2153.320312	-46.968258
2158.703613	-47.966068
2164.086914	-49.423920
2169.470215	-45.927601
2174.853516	-46.745918
2180.236816	-45.903191
2185.620117	-41.158257
2191.003418	-38.185749
2196.386719	-41.643372
2201.770020	-43.698818
2207.153320	-47.463230
2212.536621	-43.458038
2217.919922	-42.123894
2223.303223	-44.338181
2228.686523	-42.918530
2234.069824	-44.276859
2239.453125	-42.550343
2244.836426	-42.857491
2250.219727	-43.937157
2255.603027	-44.863625
2260.986328	-40.775265
2266.369629	-44.926239
2271.752930	-42.704418
2277.136230	-39.154747
2282.519531	-44.755047
2287.902832	-40.003952
2293.286133	-41.384254
2298.669434	-41.997623
2304.052734	-42.093437
2309.436035	-45.950073
2314.819336	-41.408539
2320.202637	-40.602428
2325.585938	-41.764870
2330.969238	-41.883900
2336.352539	-43.225079
2341.735840	-41.613403
2347.119141	-38.215530
2352.502441	-39.654171
2357.885742	-40.595318
2363.269043	-44.020550
2368.652344	-50.409187
2374.035645	-47.261070
2379.418945	-49.039276
2384.802246	-47.371998
2390.185547	-43.539742
2395.568848	-47.888874
2400.952148	-50.500137
2406.335449	-47.839741
2411.718750	-45.889877
2417.102051	-41.739708
2422.485352	-43.231052
2427.868652	-46.831810
2433.251953	-43.840096
2438.635254	-47.725716
2444.018555	-43.948925
2449.401855	-41.156071
2454.785156	-44.476082
2460.168457	-47.620888
2465.551758	-46.818405
2470.935059	-45.261299
2476.318359	-42.517418
2481.701660	-45.410767
2487.084961	-47.853409
2492.468262	-45.953522
2497.851562	-45.760376
2503.234863	-45.763573
2508.618164	-48.818890
2514.001465	-51.270267
2519.384766	-46.456287
2524.768066	-46.688099
2530.151367	-49.069855
2535.534668	-44.057209
2540.917969	-44.437080
2546.301270	-43.409367
2551.684570	-45.710133
2557.067871	-46.970985
2562.451172	-48.809433
2567.834473	-52.242039
2573.217773	-48.837826
2578.601074	-45.227184
2583.984375	-49.254238
2589.367676	-44.271278
2594.750977	-44.091801
2600.134277	-42.953194
2605.517578	-41.408371
2610.900879	-44.132568
2616.284180	-43.775143
2621.667480	-47.934914
2627.050781	-49.166389
2632.434082	-52.016129
2637.817383	-46.484665
2643.200684	-44.523235
2648.583984	-47.014290
2653.967285	-48.656303
2659.350586	-52.401031
2664.733887	-47.683918
2670.117188	-47.706272
2675.500488	-47.136467
2680.883789	-47.401672
2686.267090	-51.848701
2691.650391	-50.504181
2697.033691	-48.317722
2702.416992	-45.410553
2707.800293	-49.907234
2713.183594	-49.353043
2718.566895	-46.673855
2723.950195	-50.013042
2729.333496	-54.573921
2734.716797	-52.998745
2740.100098	-48.149723
2745.483398	-44.514580
2750.866699	-42.682285
2756.250000	-48.279446
2761.633301	-48.274921
2767.016602	-50.133678
2772.399902	-46.253098
2777.783203	-48.014122
2783.166504	-45.304295
2788.549805	-44.510052
2793.933105	-51.102051
2799.316406	-49.539486
2804.699707	-49.167389
2810.083008	-46.695442
2815.466309	-49.814922
2820.849609	-52.837315
2826.232910	-48.007233
2831.616211	-42.765366
2836.999512	-41.653160
2842.382812	-43.175983
2847.766113	-42.657463
2853.149414	-49.273697
2858.532715	-46.107887
2863.916016	-43.175159
2869.299316	-46.940235
2874.682617	-40.438805
2880.065918	-40.812115
2885.449219	-48.036015
2890.832520	-46.633034
2896.215820	-47.978928
2901.599121	-41.963017
2906.982422	-40.736874
2912.365723	-45.881248
2917.749023	-45.801094
2923.132324	-47.369427
2928.515625	-47.952888
2933.898926	-47.132278
2939.282227	-47.710812
2944.665527	-49.773300
2950.048828	-52.918541
2955.432129	-53.869747
2960.815430	-50.229790
2966.198730	-49.466896
2971.582031	-47.935181
2976.965332	-45.424747
2982.348633	-48.168358
2987.731934	-46.205730
2993.115234	-44.567528
2998.498535	-50.350834
3003.881836	-46.177391
3009.265137	-47.773415
3014.648438	-45.676182
3020.031738	-43.130005
3025.415039	-46.501259
3030.798340	-40.443295
3036.181641	-39.591145
3041.564941	-43.590214
3046.948242	-39.391884
3052.331543	-42.517693
3057.714844	-43.150051
3063.098145	-42.532829
3068.481445	-43.974957
3073.864746	-44.101929
3079.248047	-47.586433
3084.631348	-44.662258
3090.014648	-43.229652
3095.397949	-47.795876
3100.781250	-55.218784
3106.164551	-55.904915
3111.547852	-55.507668
3116.931152	-50.158951
3122.314453	-46.434521
3127.697754	-46.709839
3133.081055	-52.072266
3138.464355	-45.376389
3143.847656	-44.869835
3149.230957	-47.043423
3154.614258	-44.009556
3159.997559	-45.392857
3165.380859	-41.297787
3170.764160	-42.547371
3176.147461	-45.619816
3181.530762	-47.845139
3186.914062	-48.623905
3192.297363	-48.778141
3197.680664	-52.310249
3203.063965	-56.053558
3208.447266	-53.308414
3213.830566	-45.428722
3219.213867	-45.206467
3224.597168	-48.356373
3229.980469	-47.958546
3235.363770	-46.629051
3240.747070	-50.195068
3246.130371	-50.711063
3251.513672	-47.226833
3256.896973	-52.165642
3262.280273	-52.924931
3267.663574	-49.870621
3273.046875	-46.781368
3278.430176	-47.565929
3283.813477	-49.664555
3289.196777	-52.109905
3294.580078	-52.323761
3299.963379	-48.076424
3305.346680	-49.467579
3310.729980	-46.269394
3316.113281	-44.201374
3321.496582	-46.652294
3326.879883	-43.658791
3332.263184	-45.901279
3337.646484	-45.199429
3343.029785	-39.841908
3348.413086	-42.763706
3353.796387	-43.253883
3359.179688	-43.483891
3364.562988	-46.015305
3369.946289	-47.864620
3375.329590	-47.228313
3380.712891	-46.901966
3386.096191	-43.262173
3391.479492	-45.601318
3396.862793	-44.368919
3402.246094	-42.265545
3407.629395	-50.698586
3413.012695	-45.852047
3418.395996	-48.802273
3423.779297	-52.834290
3429.162598	-53.029205
3434.545898	-53.729546
3439.929199	-49.745018
3445.312500	-49.305504
3450.695801	-50.426231
3456.079102	-50.250866
3461.462402	-49.209675
3466.845703	-47.726582
3472.229004	-45.862698
3477.612305	-48.781826
3482.995605	-49.123055
3488.378906	-50.185108
3493.762207	-45.353340
3499.145508	-45.080200
3504.528809	-42.291428
3509.912109	-43.999630
3515.295410	-44.289581
3520.678711	-44.900860
3526.062012	-49.691105
3531.445312	-51.029530
3536.828613	-46.711441
3542.211914	-45.191681
3547.595215	-42.701820
3552.978516	-44.949497
3558.361816	-41.919647
3563.745117	-41.280815
3569.128418	-45.412331
3574.511719	-44.453041
3579.895020	-42.593681
3585.278320	-43.149387
3590.661621	-42.318668
3596.044922	-43.243416
3601.428223	-51.438282
3606.811523	-58.234627
3612.194824	-46.782600
3617.578125	-48.160419
3622.961426	-45.067421
3628.344727	-45.148533
3633.728027	-49.847168
3639.111328	-43.261604
3644.494629	-46.912853
3649.877930	-46.191528
3655.261230	-52.371464
3660.644531	-48.556408
3666.027832	-50.648182
3671.411133	-45.778996
3676.794434	-45.690533
3682.177734	-47.156887
3687.561035	-47.391644
3692.944336	-49.990398
3698.327637	-45.479553
3703.710938	-44.648430
3709.094238	-50.954517
3714.477539	-48.179340
3719.860840	-51.637791
3725.244141	-50.500435
3730.627441	-51.169373
3736.010742	-50.285564
3741.394043	-54.389832
3746.777344	-53.662945
3752.160645	-48.879814
3757.543945	-51.749317
3762.927246	-47.572403
3768.310547	-44.268051
3773.693848	-49.042141
3779.077148	-52.208763
3784.460449	-46.873898
3789.843750	-45.745335
3795.227051	-48.793915
3800.610352	-47.693684
3805.993652	-47.208107
3811.376953	-54.110012
3816.760254	-54.973911
3822.143555	-49.586292
3827.526855	-42.739517
3832.910156	-46.190464
3838.293457	-46.616386
3843.676758	-44.931656
3849.060059	-40.516853
3854.443359	-37.427921
3859.826660	-40.292488
3865.209961	-36.339458
3870.593262	-36.419998
3875.976562	-42.913757
3881.359863	-42.510597
3886.743164	-45.066994
3892.126465	-44.595814
3897.509766	-42.524529
3902.893066	-42.081635
3908.276367	-42.034153
3913.659668	-43.921017
3919.042969	-42.428631
3924.426270	-43.400272
3929.809570	-41.348465
3935.192871	-44.456142
3940.576172	-45.637169
3945.959473	-44.382683
3951.342773	-46.799538
3956.726074	-50.209072
3962.109375	-43.015774
3967.492676	-42.233734
3972.875977	-41.743191
3978.259277	-44.334911
3983.642578	-45.391819
3989.025879	-46.714855
3994.409180	-43.078884
3999.792480	-44.263908
4005.175781	-46.583199
4010.559082	-43.559727
4015.942383	-46.474678
4021.325684	-51.100712
4026.708984	-47.932415
4032.092285	-49.334064
4037.475586	-49.195858
4042.858887	-50.025593
4048.242188	-52.101685
4053.625488	-48.889275
4059.008789	-48.830296
4064.392090	-44.541779
4069.775391	-45.702007
4075.158691	-50.140388
4080.541992	-48.612194
4085.925293	-47.533844
4091.308594	-49.756859
4096.691895	-51.059494
4102.075195	-50.239185
4107.458496	-51.164822
4112.841797	-56.522617
4118.225098	-58.752773
4123.608398	-50.887180
4128.991699	-48.492603
4134.375000	-52.427727
4139.758301	-49.013432
4145.141602	-49.197712
4150.524902	-46.654312
4155.908203	-48.026711
4161.291504	-45.970112
4166.674805	-48.337631
4172.058105	-54.009235
4177.441406	-54.477177
4182.824707	-48.245193
4188.208008	-47.237522
4193.591309	-48.866413
4198.974609	-48.078476
4204.357910	-48.287121
4209.741211	-46.393604
4215.124512	-44.496849
4220.507812	-44.574825
4225.891113	-44.988743
4231.274414	-45.788780
4236.657715	-45.473343
4242.041016	-44.545460
4247.424316	-44.893841
4252.807617	-47.074886
4258.190918	-47.456589
4263.574219	-50.988197
4268.957520	-47.922562
4274.340820	-49.936363
4279.724121	-45.295788
4285.107422	-48.015888
4290.490723	-46.889660
4295.874023	-44.850967
4301.257324	-48.877804
4306.640625	-47.790382
4312.023926	-47.725571
4317.407227	-48.621101
4322.790527	-44.736950
4328.173828	-46.134613
4333.557129	-46.378117
4338.940430	-45.386246
4344.323730	-46.161755
4349.707031	-40.844257
4355.090332	-40.764023
4360.473633	-43.718868
4365.856934	-44.134262
4371.240234	-45.036751
4376.623535	-46.062450
4382.006836	-45.792969
4387.390137	-42.264458
4392.773438	-42.496296
4398.156738	-44.792126
4403.540039	-42.353958
4408.923340	-41.552269
4414.306641	-44.848991
4419.689941	-43.182224
4425.073242	-44.258480
4430.456543	-49.065525
4435.839844	-48.745461
4441.223145	-47.902622
4446.606445	-52.225456
4451.989746	-51.278252
4457.373047	-43.157234
4462.756348	-44.716034
4468.139648	-40.261967
4473.522949	-38.315990
4478.906250	-36.923359
4484.289551	-38.579449
4489.672852	-40.599457
4495.056152	-38.961777
4500.439453	-40.263470
4505.822754	-38.007465
4511.206055	-37.080639
4516.589355	-36.246983
4521.972656	-35.218349
4527.355957	-35.453876
4532.739258	-36.280666
4538.122559	-34.555187
4543.505859	-33.612202
4548.889160	-34.340633
4554.272461	-34.788868
4559.655762	-33.861954
4565.039062	-34.295063
4570.422363	-35.586666
4575.805664	-34.700390
4581.188965	-37.074612
4586.572266	-39.695518
4591.955566	-39.169571
4597.338867	-39.392136
4602.722168	-36.914337
4608.105469	-38.485718
4613.488770	-38.115459
4618.872070	-38.386311
4624.255371	-39.664539
4629.638672	-42.713158
4635.021973	-41.947430
4640.405273	-42.478580
4645.788574	-49.463745
4651.171875	-51.120319
4656.555176	-48.792213
4661.938477	-47.799435
4667.321777	-48.974098
4672.705078	-50.650520
4678.088379	-51.689449
4683.471680	-50.315739
4688.854980	-45.026928
4694.238281	-45.850899
4699.621582	-46.467258
4705.004883	-49.901566
4710.388184	-46.968189
4715.771484	-41.348579
4721.154785	-42.850723
4726.538086	-42.818253
4731.921387	-40.722519
4737.304688	-42.162296
4742.687988	-38.829582
4748.071289	-40.934002
4753.454590	-43.047634
4758.837891	-43.260811
4764.221191	-47.403702
4769.604492	-45.215385
4774.987793	-45.499111
4780.371094	-42.433899
4785.754395	-44.087799
4791.137695	-37.780582
4796.520996	-38.050945
4801.904297	-36.930084
4807.287598	-36.408764
4812.670898	-40.542786
4818.054199	-43.412006
4823.437500	-45.268627
4828.820801	-45.715351
4834.204102	-40.032013
4839.587402	-37.902187
4844.970703	-41.608315
4850.354004	-44.577564
4855.737305	-47.518379
4861.120605	-54.423790
4866.503906	-51.531013
4871.887207	-50.618996
4877.270508	-47.896278
4882.653809	-45.793365
4888.037109	-47.352379
4893.420410	-42.535378
4898.803711	-44.412540
4904.187012	-49.939526
4909.570312	-48.269135
4914.953613	-50.721817
4920.336914	-47.304264
4925.720215	-46.836815
4931.103516	-50.049271
4936.486816	-48.811192
4941.870117	-46.885826
4947.253418	-50.451645
4952.636719	-48.554035
4958.020020	-45.666218
4963.403320	-45.359287
4968.786621	-43.185215
4974.169922	-44.713715
4979.553223	-43.506123
4984.936523	-43.770061
4990.319824	-42.695000
4995.703125	-40.095043
5001.086426	-43.547943
5006.469727	-48.074696
5011.853027	-46.938343
5017.236328	-45.269844
5022.619629	-44.852798
5028.002930	-45.692406
5033.386230	-46.749039
5038.769531	-48.473579
5044.152832	-48.316124
5049.536133	-46.188133
5054.919434	-46.054035
5060.302734	-50.699940
5065.686035	-53.510090
5071.069336	-49.830730
5076.452637	-45.943119
5081.835938	-46.730965
5087.219238	-46.375885
5092.602539	-47.926411
5097.985840	-49.380768
5103.369141	-46.677685
5108.752441	-45.396969
5114.135742	-45.019154
5119.519043	-49.317600
5124.902344	-50.307102
5130.285645	-47.956619
5135.668945	-46.427536
5141.052246	-45.801960
5146.435547	-46.645962
5151.818848	-42.497154
5157.202148	-43.953575
5162.585449	-48.418987
5167.968750	-40.582233
5173.352051	-43.859756
5178.735352	-40.897297
5184.118652	-42.047844
5189.501953	-45.362621
5194.885254	-40.853008
5200.268555	-40.735527
5205.651855	-43.765797
5211.035156	-45.111885
5216.418457	-42.731960
5221.801758	-41.017818
5227.185059	-41.100632
5232.568359	-43.216286
5237.951660	-41.545998
5243.334961	-39.302734
5248.718262	-39.668324
5254.101562	-37.244633
5259.484863	-38.046829
5264.868164	-40.047993
5270.251465	-35.961304
5275.634766	-37.721279
5281.018066	-40.716965
5286.401367	-38.582706
5291.784668	-43.625927
5297.167969	-45.505596
5302.551270	-45.599899
5307.934570	-52.072029
5313.317871	-48.181011
5318.701172	-48.910629
5324.084473	-51.780960
5329.467773	-51.729736
5334.851074	-52.820190
5340.234375	-52.539989
5345.617676	-53.308285
5351.000977	-49.420902
5356.384277	-46.743668
5361.767578	-48.270432
5367.150879	-50.109844
5372.534180	-47.463123
5377.917480	-44.633961
5383.300781	-44.007393
5388.684082	-45.911854
5394.067383	-48.769436
5399.450684	-51.045486
5404.833984	-51.348648
5410.217285	-47.723564
5415.600586	-48.493118
5420.983887	-49.612957
5426.367188	-47.541996
5431.750488	-47.131477
5437.133789	-47.186081
5442.517090	-48.390060
5447.900391	-44.762115
5453.283691	-45.807144
5458.666992	-41.211571
5464.050293	-42.694141
5469.433594	-43.641247
5474.816895	-43.053654
5480.200195	-47.033943
5485.583496	-45.539497
5490.966797	-46.923397
5496.350098	-47.640015
5501.733398	-44.169952
5507.116699	-46.861202
5512.500000	-48.778198
5517.883301	-47.967289
5523.266602	-47.027306
5528.649902	-45.555065
5534.033203	-44.928928
5539.416504	-44.411304
5544.799805	-49.581482
5550.183105	-44.547386
5555.566406	-44.862591
5560.949707	-53.234028
5566.333008	-48.459221
5571.716309	-47.045322
5577.099609	-48.437458
5582.482910	-46.544010
5587.866211	-40.163742
5593.249512	-38.814037
5598.632812	-38.576488
5604.016113	-36.365330
5609.399414	-35.487762
5614.782715	-36.493294
5620.166016	-37.041054
5625.549316	-40.246494
5630.932617	-45.698364
5636.315918	-46.658890
5641.699219	-47.078018
5647.082520	-44.418133
5652.465820	-43.099091
5657.849121	-47.106602
5663.232422	-44.584976
5668.615723	-47.504826
5673.999023	-54.691002
5679.382324	-49.547428
5684.765625	-51.960777
5690.148926	-54.963257
5695.532227	-53.628227
5700.915527	-58.003185
5706.298828	-50.637943
5711.682129	-51.818455
5717.065430	-59.141293
5722.448730	-53.363678
5727.832031	-51.467331
5733.215332	-44.724388
5738.598633	-43.920132
5743.981934	-47.341244
5749.365234	-50.520134
5754.748535	-47.252274
5760.131836	-44.834511
5765.515137	-46.139755
5770.898438	-47.482941
5776.281738	-51.187168
5781.665039	-52.334660
5787.048340	-49.359039
5792.431641	-44.872391
5797.814941	-46.739113
5803.198242	-50.209526
5808.581543	-47.210770
5813.964844	-48.751209
5819.348145	-48.159588
5824.731445	-46.533852
5830.114746	-48.889416
5835.498047	-54.051529
5840.881348	-49.588135
5846.264648	-46.235226
5851.647949	-44.821751
5857.031250	-46.996094
5862.414551	-43.287724
5867.797852	-43.792202
5873.181152	-42.947712
5878.564453	-44.069134
5883.947754	-46.919521
5889.331055	-41.490952
5894.714355	-43.879608
5900.097656	-41.005177
5905.480957	-46.263317
5910.864258	-49.689991
5916.247559	-48.833046
5921.630859	-46.394962
5927.014160	-45.617363
5932.397461	-46.709690
5937.780762	-47.347446
5943.164062	-48.061981
5948.547363	-46.474934
5953.930664	-47.496456
5959.313965	-50.478077
5964.697266	-52.211636
5970.080566	-52.664394
5975.463867	-50.776627
5980.847168	-50.355423
5986.230469	-47.854210
5991.613770	-47.865257
5996.997070	-51.433666
6002.380371	-48.995827
6007.763672	-48.261703
6013.146973	-48.067673
6018.530273	-43.948753
6023.913574	-48.837513
6029.296875	-49.361973
6034.680176	-48.110023
6040.063477	-54.646488
6045.446777	-48.534912
6050.830078	-47.525574
6056.213379	-49.867588
6061.596680	-45.342468
6066.979980	-49.156536
6072.363281	-48.223660
6077.746582	-44.219669
6083.129883	-47.581120
6088.513184	-45.548775
6093.896484	-45.845871
6099.279785	-52.079231
6104.663086	-49.065395
6110.046387	-52.276859
6115.429688	-50.899460
6120.812988	-49.193501
6126.196289	-54.433537
6131.579590	-58.673519
6136.962891	-55.166359
6142.346191	-47.004864
6147.729492	-47.665051
6153.112793	-49.425903
6158.496094	-48.403526
6163.879395	-47.572208
6169.262695	-44.206203
6174.645996	-47.199917
6180.029297	-51.107834
6185.412598	-52.472866
6190.795898	-49.751854
6196.179199	-51.941429
6201.562500	-53.446354
6206.945801	-51.357601
6212.329102	-53.879532
6217.712402	-52.173359
6223.095703	-51.865448
6228.479004	-52.730667
6233.862305	-49.513145
6239.245605	-56.883549
6244.628906	-49.500534
6250.012207	-48.393543
6255.395508	-52.759228
6260.778809	-49.176361
6266.162109	-50.567898
6271.545410	-49.403088
6276.928711	-48.971600
6282.312012	-49.958282
6287.695312	-52.288368
6293.078613	-51.218895
6298.461914	-50.875256
6303.845215	-47.354145
6309.228516	-45.292057
6314.611816	-48.168816
6319.995117	-46.915413
6325.378418	-47.806576
6330.761719	-50.800426
6336.145020	-51.584053
6341.528320	-52.615154
6346.911621	-47.500122
6352.294922	-48.588398
6357.678223	-50.785542
6363.061523	-47.330994
6368.444824	-49.098709
6373.828125	-46.456207
6379.211426	-44.708797
6384.594727	-45.596985
6389.978027	-52.292732
6395.361328	-54.379749
6400.744629	-57.904152
6406.127930	-58.661121
6411.511230	-56.563751
6416.894531	-54.093891
6422.277832	-58.227131
6427.661133	-51.238605
6433.044434	-47.114906
6438.427734	-52.015831
6443.811035	-50.450680
6449.194336	-49.199646
6454.577637	-53.731430
6459.960938	-57.319500
6465.344238	-57.590668
6470.727539	-53.586758
6476.110840	-53.627071
6481.494141	-54.626369
6486.877441	-51.868366
6492.260742	-56.370705
6497.644043	-54.817986
6503.027344	-52.726517
6508.410645	-55.675350
6513.793945	-52.536709
6519.177246	-53.874969
6524.560547	-52.878769
6529.943848	-53.637455
6535.327148	-57.347351
6540.710449	-56.159885
6546.093750	-61.712948
6551.477051	-62.160328
6556.860352	-61.606079
6562.243652	-55.916672
6567.626953	-49.081852
6573.010254	-48.091438
6578.393555	-50.945152
6583.776855	-49.999485
6589.160156	-48.661850
6594.543457	-53.386948
6599.926758	-49.067394
6605.310059	-49.918972
6610.693359	-56.255169
6616.076660	-51.410358
6621.459961	-56.701218
6626.843262	-56.020874
6632.226562	-51.304081
6637.609863	-54.948929
6642.993164	-54.731384
6648.376465	-58.276073
6653.759766	-57.491596
6659.143066	-55.054604
6664.526367	-51.598377
6669.909668	-47.740334
6675.292969	-44.950726
6680.676270	-41.318348
6686.059570	-39.901714
6691.442871	-40.498287
6696.826172	-41.336060
6702.209473	-42.499023
6707.592773	-42.313210
6712.976074	-44.046581
6718.359375	-45.278965
6723.742676	-46.640064
6729.125977	-50.391453
6734.509277	-53.693470
6739.892578	-55.521748
6745.275879	-58.029171
6750.659180	-55.309555
6756.042480	-52.609718
6761.425781	-51.432652
6766.809082	-50.050827
6772.192383	-50.382931
6777.575684	-48.307884
6782.958984	-49.896286
6788.342285	-47.219311
6793.725586	-45.304710
6799.108887	-48.107090
6804.492188	-47.177540
6809.875488	-47.625412
6815.258789	-54.772083
6820.642090	-57.941818
6826.025391	-55.314148
6831.408691	-53.645069
6836.791992	-57.193974
6842.175293	-54.258690
6847.558594	-50.753792
6852.941895	-52.591244
6858.325195	-50.160164
6863.708496	-48.918671
6869.091797	-51.172848
6874.475098	-51.690575
6879.858398	-54.992565
6885.241699	-47.697449
6890.625000	-46.474827
6896.008301	-50.617359
6901.391602	-46.989811
6906.774902	-49.050179
6912.158203	-51.482971
6917.541504	-49.445320
6922.924805	-51.685791
6928.308105	-50.255661
6933.691406	-51.593365
6939.074707	-52.476406
6944.458008	-49.935261
6949.841309	-48.902531
6955.224609	-51.209389
6960.607910	-50.650234
6965.991211	-49.830368
6971.374512	-52.393978
6976.757812	-47.557049
6982.141113	-46.407314
6987.524414	-49.161072
6992.907715	-47.521008
6998.291016	-47.669319
7003.674316	-49.586449
7009.057617	-48.224319
7014.440918	-50.993038
7019.824219	-49.867512
7025.207520	-52.396416
7030.590820	-53.655468
7035.974121	-49.362984
7041.357422	-53.317799
7046.740723	-60.694950
7052.124023	-56.892403
7057.507324	-58.380547
7062.890625	-63.424328
7068.273926	-57.768093
7073.657227	-54.834064
7079.040527	-53.211830
7084.423828	-52.115845
7089.807129	-52.919888
7095.190430	-53.285942
7100.573730	-53.224358
7105.957031	-53.437519
7111.340332	-58.854492
7116.723633	-59.753273
7122.106934	-60.502800
7127.490234	-65.574577
7132.873535	-65.185921
7138.256836	-60.101532
7143.640137	-57.204563
7149.023438	-64.175690
7154.406738	-62.424904
7159.790039	-62.850910
7165.173340	-59.430798
7170.556641	-60.122711
7175.939941	-57.828724
7181.323242	-59.171619
7186.706543	-61.368755
7192.089844	-55.280045
7197.473145	-59.592232
7202.856445	-52.028339
7208.239746	-49.802143
7213.623047	-56.179802
7219.006348	-53.232510
7224.389648	-54.089348
7229.772949	-60.808411
7235.156250	-54.955997
7240.539551	-59.691441
7245.922852	-59.895565
7251.306152	-58.591244
7256.689453	-60.136433
7262.072754	-55.577477
7267.456055	-59.201778
7272.839355	-58.386261
7278.222656	-56.678066
7283.605957	-58.889595
7288.989258	-56.098598
7294.372559	-55.581120
7299.755859	-55.120361
7305.139160	-52.400234
7310.522461	-52.373856
7315.905762	-52.750244
7321.289062	-54.055481
7326.672363	-55.805458
7332.055664	-55.629871
7337.438965	-56.052616
7342.822266	-58.237144
7348.205566	-57.674095
7353.588867	-58.461952
7358.972168	-60.461529
7364.355469	-59.378021
7369.738770	-60.867752
7375.122070	-62.666534
7380.505371	-61.658920
7385.888672	-61.092857
7391.271973	-59.613758
7396.655273	-56.685158
7402.038574	-58.021133
7407.421875	-56.530922
7412.805176	-55.209492
7418.188477	-56.474060
7423.571777	-53.747894
7428.955078	-53.071255
7434.338379	-52.595200
7439.721680	-50.645241
7445.104980	-52.271996
7450.488281	-51.835327
7455.871582	-51.105568
7461.254883	-53.379150
7466.638184	-53.377506
7472.021484	-54.606224
7477.404785	-56.069427
7482.788086	-55.019283
7488.171387	-55.615337
7493.554688	-54.318897
7498.937988	-53.854038
7504.321289	-54.954418
7509.704590	-52.432957
7515.087891	-53.607456
7520.471191	-53.702362
7525.854492	-52.364090
7531.237793	-53.809971
7536.621094	-54.010708
7542.004395	-51.702011
7547.387695	-53.215462
7552.770996	-52.177887
7558.154297	-51.557796
7563.537598	-54.970966
7568.920898	-54.171860
7574.304199	-53.702541
7579.687500	-58.011738
7585.070801	-54.335350
7590.454102	-55.347229
7595.837402	-61.095558
7601.220703	-56.930534
7606.604004	-62.100170
7611.987305	-60.097874
7617.370605	-57.320896
7622.753906	-63.709511
7628.137207	-59.433090
7633.520508	-57.326038
7638.903809	-63.740139
7644.287109	-60.001881
7649.670410	-55.783371
7655.053711	-58.923977
7660.437012	-58.693874
7665.820312	-54.160130
7671.203613	-57.708706
7676.586914	-57.494110
7681.970215	-55.621700
7687.353516	-59.246502
7692.736816	-54.370140
7698.120117	-56.401096
7703.503418	-57.258003
7708.886719	-55.254646
7714.270020	-58.660080
7719.653320	-53.896416
7725.036621	-56.488026
7730.419922	-57.084904
7735.803223	-55.078854
7741.186523	-59.401497
7746.569824	-57.482227
7751.953125	-59.780155
7757.336426	-59.659523
7762.719727	-59.292294
7768.103027	-59.761623
7773.486328	-58.753002
7778.869629	-58.705032
7784.252930	-54.625801
7789.636230	-57.125950
7795.019531	-54.608158
7800.402832	-53.270805
7805.786133	-53.993320
7811.169434	-52.121044
7816.552734	-54.025639
7821.936035	-54.303162
7827.319336	-55.228905
7832.702637	-58.598179
7838.085938	-55.647728
7843.469238	-57.585495
7848.852539	-64.591133
7854.235840	-63.010178
7859.619141	-64.503036
7865.002441	-66.566605
7870.385742	-65.913712
7875.769043	-62.475101
7881.152344	-60.694805
7886.535645	-65.275902
7891.918945	-66.834465
7897.302246	-66.885094
7902.685547	-65.826607
7908.068848	-63.758644
7913.452148	-67.939354
7918.835449	-65.169991
7924.218750	-65.755325
7929.602051	-59.531570
7934.985352	-60.923294
7940.368652	-60.640186
7945.751953	-56.819759
7951.135254	-58.084957
7956.518555	-54.519901
7961.901855	-54.702698
7967.285156	-56.031631
7972.668457	-54.246811
7978.051758	-56.295635
7983.435059	-55.261711
7988.818359	-54.710529
7994.201660	-56.097305
7999.584961	-54.039154
8004.968262	-55.816799
8010.351562	-56.914852
8015.734863	-56.081192
8021.118164	-57.930134
8026.501465	-56.111191
8031.884766	-56.379906
8037.268066	-57.781193
8042.651367	-55.765347
8048.034668	-58.655857
8053.417969	-57.647202
8058.801270	-57.910675
8064.184570	-60.566483
8069.567871	-57.308800
8074.951172	-60.556549
8080.334473	-57.901779
8085.717773	-57.112545
8091.101074	-58.139309
8096.484375	-55.427322
8101.867676	-56.211533
8107.250977	-63.030331
8112.634277	-60.986805
8118.017578	-65.219666
8123.400879	-66.716698
8128.784180	-63.804588
8134.167480	-68.274948
8139.550781	-64.507339
8144.934082	-65.517517
8150.317383	-68.318512
8155.700684	-63.807083
8161.083984	-67.342957
8166.467285	-69.724655
8171.850586	-63.277328
8177.233887	-65.859596
8182.617188	-64.240181
8188.000488	-60.235645
8193.383789	-62.768543
8198.767090	-59.286301
8204.150391	-58.619881
8209.533691	-59.506607
8214.916992	-55.907619
8220.300293	-55.489979
8225.683594	-57.919704
8231.066895	-54.329960
8236.450195	-54.903851
8241.833496	-58.879471
8247.216797	-56.635262
8252.600098	-57.645748
8257.983398	-62.193089
8263.366699	-61.183689
8268.750000	-60.804871
8274.133301	-64.552719
8279.516602	-58.864727
8284.899902	-59.583813
8290.283203	-59.899265
8295.666504	-55.076038
8301.049805	-56.988045
8306.433105	-56.487564
8311.816406	-53.232491
8317.199707	-55.127010
8322.583008	-54.392372
8327.966309	-53.073658
8333.349609	-55.077724
8338.732910	-55.056686
8344.116211	-55.124306
8349.499512	-55.405376
8354.882812	-54.496799
8360.266113	-55.907593
8365.649414	-55.459881
8371.032715	-55.103840
8376.416016	-57.816666
8381.799316	-54.864784
8387.182617	-55.123943
8392.565918	-58.352867
8397.949219	-55.277325
8403.332520	-57.607342
8408.715820	-56.944576
8414.099121	-56.529591
8419.482422	-61.109035
8424.865723	-59.210194
8430.249023	-61.350204
8435.632324	-56.904655
8441.015625	-57.503746
8446.398926	-60.278812
8451.782227	-55.794235
8457.165527	-59.214161
8462.548828	-59.893776
8467.932129	-56.619965
8473.315430	-61.131512
8478.698730	-61.050198
8484.082031	-59.128891
8489.465332	-63.599659
8494.848633	-60.493080
8500.231934	-58.957855
8505.615234	-62.417625
8510.998535	-58.429043
8516.381836	-57.967159
8521.765137	-63.588840
8527.148438	-58.100807
8532.531738	-58.408283
8537.915039	-62.684277
8543.298340	-58.781002
8548.681641	-61.135910
8554.064941	-65.462807
8559.448242	-62.005070
8564.831543	-66.557976
8570.214844	-67.093689
8575.598145	-61.814507
8580.981445	-63.724735
8586.364746	-63.433037
8591.748047	-60.103252
8597.131348	-60.592888
8602.514648	-59.465061
8607.897949	-57.491455
8613.281250	-57.337547
8618.664551	-56.824291
8624.047852	-56.662674
8629.431152	-56.944580
8634.814453	-57.214764
8640.197754	-56.481922
8645.581055	-57.537247
8650.964355	-58.046295
8656.347656	-56.806854
8661.730957	-57.762314
8667.114258	-56.974754
8672.497559	-56.071754
8677.880859	-56.939571
8683.264160	-55.612797
8688.647461	-56.288269
8694.030762	-56.664288
8699.414062	-55.522560
8704.797363	-58.021130
8710.180664	-56.476971
8715.563965	-56.636227
8720.947266	-59.277306
8726.330566	-56.965870
8731.713867	-58.004242
8737.097168	-57.626717
8742.480469	-56.848934
8747.863770	-58.325954
8753.247070	-57.385384
8758.630371	-57.603161
8764.013672	-59.543995
8769.396973	-58.119164
8774.780273	-58.133026
8780.163574	-60.006439
8785.546875	-60.293442
8790.930176	-59.603058
8796.313477	-60.386482
8801.696777	-60.645767
8807.080078	-61.103378
8812.463379	-63.732697
8817.846680	-65.307831
8823.229980	-69.636574
8828.613281	-76.013229
8833.996582	-71.093620
8839.379883	-69.528488
8844.763184	-70.868065
8850.146484	-66.594543
8855.529785	-63.318127
8860.913086	-63.703999
8866.296387	-61.588009
8871.679688	-61.304119
8877.062988	-59.960098
8882.446289	-59.617496
8887.829590	-60.040363
8893.212891	-59.206348
8898.596191	-59.400387
8903.979492	-59.334396
8909.362793	-59.105656
8914.746094	-58.165886
8920.129395	-57.794201
8925.512695	-59.490177
8930.895996	-58.579823
8936.279297	-59.322140
8941.662598	-62.737358
8947.045898	-63.855434
8952.429199	-66.104935
8957.812500	-67.060486
8963.195801	-66.204468
8968.579102	-62.165962
8973.962402	-61.693417
8979.345703	-61.649693
8984.729004	-59.611832
8990.112305	-60.703411
8995.495605	-59.710991
9000.878906	-58.540836
9006.262207	-57.924965
9011.645508	-58.283112
9017.028809	-59.425907
9022.412109	-57.426395
9027.795410	-58.109612
9033.178711	-58.880478
9038.562012	-56.873562
9043.945312	-57.754734
9049.328613	-58.843517
9054.711914	-59.018459
9060.095215	-58.763573
9065.478516	-57.316097
9070.861816	-58.581139
9076.245117	-58.010353
9081.628418	-56.650875
9087.011719	-58.652626
9092.395020	-56.991665
9097.778320	-55.713833
9103.161621	-56.664600
9108.544922	-55.882282
9113.928223	-56.876335
9119.311523	-56.967384
9124.694824	-57.224724
9130.078125	-59.064560
9135.461426	-58.694107
9140.844727	-62.396088
9146.228027	-67.830719
9151.611328	-67.486374
9156.994629	-66.244873
9162.377930	-65.424522
9167.761230	-64.337952
9173.144531	-62.064980
9178.527832	-60.568020
9183.911133	-58.456379
9189.294434	-58.543209
9194.677734	-57.006294
9200.061035	-55.258636
9205.444336	-54.447315
9210.827637	-53.364243
9216.210938	-53.624226
9221.594238	-54.478176
9226.977539	-54.690647
9232.360840	-55.153324
9237.744141	-54.548088
9243.127441	-55.112350
9248.510742	-57.861843
9253.894043	-58.357258
9259.277344	-61.363789
9264.660645	-63.059742
9270.043945	-60.569229
9275.427246	-65.975693
9280.810547	-68.115448
9286.193848	-67.305763
9291.577148	-68.465469
9296.960449	-64.328499
9302.343750	-69.520973
9307.727051	-66.845161
9313.110352	-66.678734
9318.493652	-65.676208
9323.876953	-61.853317
9329.260254	-64.591133
9334.643555	-59.792496
9340.026855	-59.582752
9345.410156	-59.743210
9350.793457	-56.384991
9356.176758	-57.095093
9361.560059	-56.494381
9366.943359	-56.655640
9372.326660	-57.624855
9377.709961	-56.883678
9383.093262	-56.890411
9388.476562	-57.408180
9393.859863	-57.057796
9399.243164	-57.623894
9404.626465	-58.213505
9410.009766	-57.382271
9415.393066	-57.669941
9420.776367	-59.370224
9426.159668	-58.840599
9431.542969	-61.381725
9436.926270	-61.371235
9442.309570	-59.970833
9447.692871	-64.373878
9453.076172	-61.507763
9458.459473	-62.252884
9463.842773	-67.944420
9469.226074	-61.642483
9474.609375	-62.837292
9479.992676	-64.264725
9485.375977	-60.014297
9490.759277	-62.135555
9496.142578	-61.284672
9501.525879	-58.913712
9506.909180	-61.308262
9512.292480	-59.181839
9517.675781	-58.434887
9523.059082	-60.794392
9528.442383	-60.013134
9533.825684	-60.058964
9539.208984	-59.215446
9544.592285	-58.665478
9549.975586	-58.799419
9555.358887	-58.525318
9560.742188	-57.850868
9566.125488	-57.454632
9571.508789	-57.231583
9576.892090	-56.526806
9582.275391	-57.542168
9587.658691	-58.967896
9593.041992	-57.896961
9598.425293	-58.941399
9603.808594	-59.274990
9609.191895	-58.477669
9614.575195	-59.836536
9619.958496	-60.223988
9625.341797	-60.431541
9630.725098	-60.696838
9636.108398	-59.829853
9641.491699	-60.376766
9646.875000	-60.843788
9652.258301	-61.571724
9657.641602	-62.498882
9663.024902	-62.327824
9668.408203	-64.179779
9673.791504	-62.995247
9679.174805	-62.997807
9684.558105	-65.424828
9689.941406	-61.970558
9695.324707	-62.567989
9700.708008	-62.559063
9706.091309	-59.067074
9711.474609	-59.914875
9716.857910	-57.892223
9722.241211	-56.617428
9727.624512	-57.953342
9733.007812	-55.517513
9738.391113	-55.605522
9743.774414	-55.707321
9749.157715	-54.118610
9754.541016	-55.486599
9759.924316	-55.224110
9765.307617	-55.147942
9770.690918	-56.888680
9776.074219	-55.641857
9781.457520	-56.754837
9786.840820	-56.513557
9792.224121	-55.797569
9797.607422	-56.048439
9802.990723	-54.993431
9808.374023	-55.577267
9813.757324	-55.980770
9819.140625	-56.039356
9824.523926	-57.107494
9829.907227	-57.373512
9835.290527	-57.978153
9840.673828	-58.690468
9846.057129	-59.129692
9851.440430	-58.800770
9856.823730	-58.685661
9862.207031	-59.230347
9867.590332	-59.774822
9872.973633	-60.837276
9878.356934	-62.387447
9883.740234	-62.151314
9889.123535	-62.508907
9894.506836	-62.835159
9899.890137	-63.749073
9905.273438	-64.250748
9910.656738	-63.281437
9916.040039	-63.310501
9921.423340	-63.055904
9926.806641	-62.610886
9932.189941	-63.513668
9937.573242	-65.779015
9942.956543	-64.011780
9948.339844	-63.971405
9953.723145	-65.148079
9959.106445	-64.778381
9964.489746	-69.162231
9969.873047	-68.990570
9975.256348	-70.668327
9980.639648	-69.345619
9986.022949	-69.592094
9991.406250	-68.814087
9996.789551	-64.941437
10002.172852	-66.574722
10007.556152	-63.474346
10012.939453	-64.820236
10018.322754	-66.697563
10023.706055	-65.497673
10029.089355	-65.199020
10034.472656	-63.192810
10039.855957	-65.255478
10045.239258	-65.408661
10050.622559	-65.571106
10056.005859	-65.295692
10061.389160	-64.998169
10066.772461	-67.745232
10072.155762	-65.211075
10077.539062	-62.465260
10082.922363	-64.754242
10088.305664	-65.011375
10093.688965	-62.393093
10099.072266	-64.211815
10104.455566	-61.896782
10109.838867	-62.357643
10115.222168	-62.702858
10120.605469	-61.741032
10125.988770	-63.063934
10131.372070	-60.005146
10136.755371	-59.639740
10142.138672	-60.414406
10147.521973	-59.896198
10152.905273	-59.944477
10158.288574	-59.725643
10163.671875	-59.419552
10169.055176	-58.510193
10174.438477	-59.699421
10179.821777	-60.850750
10185.205078	-61.551155
10190.588379	-63.241875
10195.971680	-61.587822
10201.354980	-64.205299
10206.738281	-64.454659
10212.121582	-61.986526
10217.504883	-65.436615
10222.888184	-62.213482
10228.271484	-61.600349
10233.654785	-63.016289
10239.038086	-61.333206
10244.421387	-63.989731
10249.804688	-62.963165
10255.187988	-63.080505
10260.571289	-63.587963
10265.954590	-61.001785
10271.337891	-61.905205
10276.721191	-60.024708
10282.104492	-59.077457
10287.487793	-59.008930
10292.871094	-59.388466
10298.254395	-59.659134
10303.637695	-59.288177
10309.020996	-60.717098
10314.404297	-60.703560
10319.787598	-61.030029
10325.170898	-61.522346
10330.554199	-59.759876
10335.937500	-59.907383
10341.320801	-58.268299
10346.704102	-58.541546
10352.087402	-58.820717
10357.470703	-57.369556
10362.854004	-58.851410
10368.237305	-58.186905
10373.620605	-59.063080
10379.003906	-62.208103
10384.387207	-61.823551
10389.770508	-64.443893
10395.153809	-62.060608
10400.537109	-62.910233
10405.920410	-62.380081
10411.303711	-60.734634
10416.687012	-62.538143
10422.070312	-60.297729
10427.453613	-61.387234
10432.836914	-64.841141
10438.220215	-64.114754
10443.603516	-67.821808
10448.986816	-65.058899
10454.370117	-63.676250
10459.753418	-64.100060
10465.136719	-62.157333
10470.520020	-62.636723
10475.903320	-61.486679
10481.286621	-59.735428
10486.669922	-60.266369
10492.053223	-59.069469
10497.436523	-59.802670
10502.819824	-61.115028
10508.203125	-59.472939
10513.586426	-60.019772
10518.969727	-59.871155
10524.353027	-60.658241
10529.736328	-62.785583
10535.119629	-62.179245
10540.502930	-62.641262
10545.886230	-61.088924
10551.269531	-61.628742
10556.652832	-61.105690
10562.036133	-59.092342
10567.419434	-60.116032
10572.802734	-58.840332
10578.186035	-59.521328
10583.569336	-60.323013
10588.952637	-58.617657
10594.335938	-60.162651
10599.719238	-58.353649
10605.102539	-59.903500
10610.485840	-63.079975
10615.869141	-61.387424
10621.252441	-65.987885
10626.635742	-67.317451
10632.019043	-65.231522
10637.402344	-71.537079
10642.785645	-68.429878
10648.168945	-67.607971
10653.552246	-66.420158
10658.935547	-60.760220
10664.318848	-60.576942
10669.702148	-59.474163
10675.085449	-57.706829
10680.468750	-58.817127
10685.852051	-57.775677
10691.235352	-57.107426
10696.618652	-57.475567
10702.001953	-57.320545
10707.385254	-57.869671
10712.768555	-56.726139
10718.151855	-56.746128
10723.535156	-56.088509
10728.918457	-55.673927
10734.301758	-57.323738
10739.685059	-56.917110
10745.068359	-57.145374
10750.451660	-56.948429
10755.834961	-57.000481
10761.218262	-58.883251
10766.601562	-58.178322
10771.984863	-60.561222
10777.368164	-61.142353
10782.751465	-59.205437
10788.134766	-62.390556
10793.518066	-61.734482
10798.901367	-61.982906
10804.284668	-62.650326
10809.667969	-60.096924
10815.051270	-61.429970
10820.434570	-58.829670
10825.817871	-59.015804
10831.201172	-62.308395
10836.584473	-58.963284
10841.967773	-60.140488
10847.351074	-59.522770
10852.734375	-58.948147
10858.117676	-61.016254
10863.500977	-59.890976
10868.884277	-61.707275
10874.267578	-60.456333
10879.650879	-61.014904
10885.034180	-64.669250
10890.417480	-62.062824
10895.800781	-61.833717
10901.184082	-58.465202
10906.567383	-57.682819
10911.950684	-58.240246
10917.333984	-57.586273
10922.717285	-57.769024
10928.100586	-57.208107
10933.483887	-58.109852
10938.867188	-60.323223
10944.250488	-60.585625
10949.633789	-62.776684
10955.017090	-62.608639
10960.400391	-62.179695
10965.783691	-64.867386
10971.166992	-66.382935
10976.550293	-68.720726
10981.933594	-66.891289
10987.316895	-66.578674
10992.700195	-68.829697
10998.083496	-67.294235
11003.466797	-71.074913
11008.850098	-70.998383
11014.233398	-66.846062
11019.616699	-69.043343
11025.000000	-67.001038
11030.383301	-66.739372
11035.766602	-68.170761
11041.149902	-63.560966
11046.533203	-62.964779
11051.916504	-61.002892
11057.299805	-59.380642
11062.683105	-61.651852
11068.066406	-61.266426
11073.449707	-61.347610
11078.833008	-63.365925
11084.216309	-61.936348
11089.599609	-64.713577
11094.982910	-63.958744
11100.366211	-62.781158
11105.749512	-63.905125
11111.132812	-61.135342
11116.516113	-61.834862
11121.899414	-62.418133
11127.282715	-60.895088
11132.666016	-63.014557
11138.049316	-61.161182
11143.432617	-60.261398
11148.815918	-61.125278
11154.199219	-58.966461
11159.582520	-59.411652
11164.965820	-58.483555
11170.349121	-57.025143
11175.732422	-57.592754
11181.115723	-56.162918
11186.499023	-55.738964
11191.882324	-55.912182
11197.265625	-54.839897
11202.648926	-55.425171
11208.032227	-55.058674
11213.415527	-55.054047
11218.798828	-56.631718
11224.182129	-56.032177
11229.565430	-57.496960
11234.948730	-58.777424
11240.332031	-58.866096
11245.715332	-61.737415
11251.098633	-60.856724
11256.481934	-63.004959
11261.865234	-63.329288
11267.248535	-63.654762
11272.631836	-66.799324
11278.015137	-63.640236
11283.398438	-66.330284
11288.781738	-62.072197
11294.165039	-62.270054
11299.548340	-60.501015
11304.931641	-58.433697
11310.314941	-59.023739
11315.698242	-56.918430
11321.081543	-58.054127
11326.464844	-58.659405
11331.848145	-57.607174
11337.231445	-59.965103
11342.614746	-59.575581
11347.998047	-60.616322
11353.381348	-63.834942
11358.764648	-64.050682
11364.147949	-67.805374
11369.531250	-67.597824
11374.914551	-68.914894
11380.297852	-77.527916
11385.681152	-75.156090
11391.064453	-68.959427
11396.447754	-69.523277
11401.831055	-67.308350
11407.214355	-64.963058
11412.597656	-63.716331
11417.980957	-61.772587
11423.364258	-61.937134
11428.747559	-62.436623
11434.130859	-62.203835
11439.514160	-62.210827
11444.897461	-60.821304
11450.280762	-60.093693
11455.664062	-60.783878
11461.047363	-59.637104
11466.430664	-59.472588
11471.813965	-59.357246
11477.197266	-57.643696
11482.580566	-57.129070
11487.963867	-57.030022
11493.347168	-57.651154
11498.730469	-58.329525
11504.113770	-58.376324
11509.497070	-59.558994
11514.880371	-61.492493
11520.263672	-62.854485
11525.646973	-65.649605
11531.030273	-69.750603
11536.413574	-68.110313
11541.796875	-69.643578
11547.180176	-68.552795
11552.563477	-67.607559
11557.946777	-66.679237
11563.330078	-65.860603
11568.713379	-63.976841
11574.096680	-64.398743
11579.479980	-64.607193
11584.863281	-62.387043
11590.246582	-62.558712
11595.629883	-63.051342
11601.013184	-63.441185
11606.396484	-63.010197
11611.779785	-63.005466
11617.163086	-62.801842
11622.546387	-60.569901
11627.929688	-61.820080
11633.312988	-64.204056
11638.696289	-62.231911
11644.079590	-63.489510
11649.462891	-62.827457
11654.846191	-62.942123
11660.229492	-66.470291
11665.612793	-65.865288
11670.996094	-69.994904
11676.379395	-67.042992
11681.762695	-65.346054
11687.145996	-72.380493
11692.529297	-72.445747
11697.912598	-74.922966
11703.295898	-67.744232
11708.679199	-67.827408
11714.062500	-72.349815
11719.445801	-69.698982
11724.829102	-71.945671
11730.212402	-65.936729
11735.595703	-65.792152
11740.979004	-68.436989
11746.362305	-65.469131
11751.745605	-67.054230
11757.128906	-64.684387
11762.512207	-62.280384
11767.895508	-62.493477
11773.278809	-62.121410
11778.662109	-63.201096
11784.045410	-64.074112
11789.428711	-62.493668
11794.812012	-62.471394
11800.195312	-62.592934
11805.578613	-63.326748
11810.961914	-65.246750
11816.345215	-64.503128
11821.728516	-63.610928
11827.111816	-62.641800
11832.495117	-62.710968
11837.878418	-64.802322
11843.261719	-63.969307
11848.645020	-64.421608
11854.028320	-62.865082
11859.411621	-62.148537
11864.794922	-64.718613
11870.178223	-64.411491
11875.561523	-65.670326
11880.944824	-63.715446
11886.328125	-62.889893
11891.711426	-64.838196
11897.094727	-63.116341
11902.478027	-64.069702
11907.861328	-63.435848
11913.244629	-60.646523
11918.627930	-61.942219
11924.011230	-62.112541
11929.394531	-61.362858
11934.777832	-63.827339
11940.161133	-62.348259
11945.544434	-61.181168
11950.927734	-61.680241
11956.311035	-59.936531
11961.694336	-60.102757
11967.077637	-60.981903
11972.460938	-59.402363
11977.844238	-59.120403
11983.227539	-59.100975
11988.610840	-58.340809
11993.994141	-58.489006
11999.377441	-59.070942
12004.760742	-59.368034
12010.144043	-59.531769
12015.527344	-60.038921
12020.910645	-60.675613
12026.293945	-61.593727
12031.677246	-61.898155
12037.060547	-62.050743
12042.443848	-64.173859
12047.827148	-64.600533
12053.210449	-64.584602
12058.593750	-68.409058
12063.977051	-66.425140
12069.360352	-66.492279
12074.743652	-70.460983
12080.126953	-68.606476
12085.510254	-69.083267
12090.893555	-71.636421
12096.276855	-69.859421
12101.660156	-70.119316
12107.043457	-71.920815
12112.426758	-67.887184
12117.810059	-69.093346
12123.193359	-73.235214
12128.576660	-67.642052
12133.959961	-69.650650
12139.343262	-67.937782
12144.726562	-64.158157
12150.109863	-65.219383
12155.493164	-62.452679
12160.876465	-60.721264
12166.259766	-60.574802
12171.643066	-57.759529
12177.026367	-57.528717
12182.409668	-57.332329
12187.792969	-56.060421
12193.176270	-56.825920
12198.559570	-55.622971
12203.942871	-54.875019
12209.326172	-55.162655
12214.709473	-54.533310
12220.092773	-55.318119
12225.476074	-55.163090
12230.859375	-55.091457
12236.242676	-55.557632
12241.625977	-55.621952
12247.009277	-56.836586
12252.392578	-56.726372
12257.775879	-57.314331
12263.159180	-57.529758
12268.542480	-57.646973
12273.925781	-59.629391
12279.309082	-59.824074
12284.692383	-62.451378
12290.075684	-62.969284
12295.458984	-63.597618
12300.842285	-68.367691
12306.225586	-66.504211
12311.608887	-70.902779
12316.992188	-68.286880
12322.375488	-68.934502
12327.758789	-71.090385
12333.142090	-68.769035
12338.525391	-71.310402
12343.908691	-65.809242
12349.291992	-65.108078
12354.675293	-64.593903
12360.058594	-62.383156
12365.441895	-62.761139
12370.825195	-61.609890
12376.208496	-60.539768
12381.591797	-60.875324
12386.975098	-60.159203
12392.358398	-59.972519
12397.741699	-60.373352
12403.125000	-59.592785
12408.508301	-59.881432
12413.891602	-60.347702
12419.274902	-60.193188
12424.658203	-60.945244
12430.041504	-60.198021
12435.424805	-60.237991
12440.808105	-60.412811
12446.191406	-59.797501
12451.574707	-60.648132
12456.958008	-59.565891
12462.341309	-60.345413
12467.724609	-61.103241
12473.107910	-60.728333
12478.491211	-62.294037
12483.874512	-61.466919
12489.257812	-62.791893
12494.641113	-63.182358
12500.024414	-63.365963
12505.407715	-67.832153
12510.791016	-67.683189
12516.174316	-70.626480
12521.557617	-76.717026
12526.940918	-72.426147
12532.324219	-75.962364
12537.707520	-76.136452
12543.090820	-77.360771
12548.474121	-72.121750
12553.857422	-67.490295
12559.240723	-70.622032
12564.624023	-66.306046
12570.007324	-65.286095
12575.390625	-67.250351
12580.773926	-62.490479
12586.157227	-64.108734
12591.540527	-64.706924
12596.923828	-63.013016
12602.307129	-66.352150
12607.690430	-62.968102
12613.073730	-63.768330
12618.457031	-64.356697
12623.840332	-63.299042
12629.223633	-65.640320
12634.606934	-62.415356
12639.990234	-63.509651
12645.373535	-64.460800
12650.756836	-62.327568
12656.140137	-64.823441
12661.523438	-63.927189
12666.906738	-62.581642
12672.290039	-63.474060
12677.673340	-63.123329
12683.056641	-64.088593
12688.439941	-63.908691
12693.823242	-63.840008
12699.206543	-65.587914
12704.589844	-64.327705
12709.973145	-64.989845
12715.356445	-69.888603
12720.739746	-70.746201
12726.123047	-69.218864
12731.506348	-73.214882
12736.889648	-71.874252
12742.272949	-68.343239
12747.656250	-70.095810
12753.039551	-71.993820
12758.422852	-69.588539
12763.806152	-69.152641
12769.189453	-66.822662
12774.572754	-68.770638
12779.956055	-71.763550
12785.339355	-68.715378
12790.722656	-72.669098
12796.105957	-69.882088
12801.489258	-70.530769
12806.872559	-71.568390
12812.255859	-67.417366
12817.639160	-67.859505
12823.022461	-66.779289
12828.405762	-66.775452
12833.789062	-65.793060
12839.172363	-63.900806
12844.555664	-66.045952
12849.938965	-63.164219
12855.322266	-63.203014
12860.705566	-64.342812
12866.088867	-61.578766
12871.472168	-62.854446
12876.855469	-62.225811
12882.238770	-61.222088
12887.622070	-60.700417
12893.005371	-60.352646
12898.388672	-61.643536
12903.771973	-60.340000
12909.155273	-60.667114
12914.538574	-60.994392
12919.921875	-59.779411
12925.305176	-60.621227
12930.688477	-60.526924
12936.071777	-60.699448
12941.455078	-61.028606
12946.838379	-61.688465
12952.221680	-63.376663
12957.604980	-63.358109
12962.988281	-65.644203
12968.371582	-66.397820
12973.754883	-66.456078
12979.138184	-67.731789
12984.521484	-67.389206
12989.904785	-69.931122
12995.288086	-70.659660
13000.671387	-72.020950
13006.054688	-77.154282
13011.437988	-71.865349
13016.821289	-71.628227
13022.204590	-72.432121
13027.587891	-69.676178
13032.971191	-69.843887
13038.354492	-66.862366
13043.737793	-65.579895
13049.121094	-64.997223
13054.504395	-63.809280
13059.887695	-64.474045
13065.270996	-63.836914
13070.654297	-63.938660
13076.037598	-63.781841
13081.420898	-63.031033
13086.804199	-64.660706
13092.187500	-65.357170
13097.570801	-67.016289
13102.954102	-68.581894
13108.337402	-69.659988
13113.720703	-73.894470
13119.104004	-75.063675
13124.487305	-77.405899
13129.870605	-74.599106
13135.253906	-76.341820
13140.637207	-73.549385
13146.020508	-70.371017
13151.403809	-66.856987
13156.787109	-64.464333
13162.170410	-63.374718
13167.553711	-62.848412
13172.937012	-62.356808
13178.320312	-61.863632
13183.703613	-62.017628
13189.086914	-62.945087
13194.470215	-63.706825
13199.853516	-64.279282
13205.236816	-64.769958
13210.620117	-65.649292
13216.003418	-64.783386
13221.386719	-66.379669
13226.770020	-68.950264
13232.153320	-69.977600
13237.536621	-74.556984
13242.919922	-75.872871
13248.303223	-76.597298
13253.686523	-76.489952
13259.069824	-71.716309
13264.453125	-70.062294
13269.836426	-69.527039
13275.219727	-66.202583
13280.603027	-65.027748
13285.986328	-63.794083
13291.369629	-62.550652
13296.752930	-62.057884
13302.136230	-61.791245
13307.519531	-61.708443
13312.902832	-60.437885
13318.286133	-60.544067
13323.669434	-61.377934
13329.052734	-61.258701
13334.436035	-62.552555
13339.819336	-63.174732
13345.202637	-64.682205
13350.585938	-66.431801
13355.969238	-66.385826
13361.352539	-69.894394
13366.735840	-67.952385
13372.119141	-69.304489
13377.502441	-71.802399
13382.885742	-70.370514
13388.269043	-75.407211
13393.652344	-77.011055
13399.035645	-76.511337
13404.418945	-72.735695
13409.802246	-71.697815
13415.185547	-68.104927
13420.568848	-67.125328
13425.952148	-67.571289
13431.335449	-67.245323
13436.718750	-67.109879
13442.102051	-67.707230
13447.485352	-69.896950
13452.868652	-68.746796
13458.251953	-70.077995
13463.635254	-73.446350
13469.018555	-71.861069
13474.401855	-75.805946
13479.785156	-74.526115
13485.168457	-77.135818
13490.551758	-77.552689
13495.935059	-76.104317
13501.318359	-79.906464
13506.701660	-73.125862
13512.084961	-73.657799
13517.468262	-82.895950
13522.851562	-73.333611
13528.234863	-71.860603
13533.618164	-73.130135
13539.001465	-68.406723
13544.384766	-66.011597
13549.768066	-65.750137
13555.151367	-63.037884
13560.534668	-62.553471
13565.917969	-61.821476
13571.301270	-60.112080
13576.684570	-61.128624
13582.067871	-60.301510
13587.451172	-59.842228
13592.834473	-61.566589
13598.217773	-60.132092
13603.601074	-60.727982
13608.984375	-61.423031
13614.367676	-60.611858
13619.750977	-63.344387
13625.134277	-63.272186
13630.517578	-64.442047
13635.900879	-68.008339
13641.284180	-67.383255
13646.667480	-71.032585
13652.050781	-68.201920
13657.434082	-69.236603
13662.817383	-69.421021
13668.200684	-67.712753
13673.583984	-69.953690
13678.967285	-69.735825
13684.350586	-69.408577
13689.733887	-69.322304
13695.117188	-68.323143
13700.500488	-69.902748
13705.883789	-67.199287
13711.267090	-66.962616
13716.650391	-67.330139
13722.033691	-65.758011
13727.416992	-67.580505
13732.800293	-68.608871
13738.183594	-66.913246
13743.566895	-68.894592
13748.950195	-69.762039
13754.333496	-68.065506
13759.716797	-71.200516
13765.100098	-71.854378
13770.483398	-67.921410
13775.866699	-67.977592
13781.250000	-65.243340
13786.633301	-63.769985
13792.016602	-64.000648
13797.399902	-62.634647
13802.783203	-62.377811
13808.166504	-62.775745
13813.549805	-62.273384
13818.933105	-63.390076
13824.316406	-66.122505
13829.699707	-66.149719
13835.083008	-68.747742
13840.466309	-67.966988
13845.849609	-67.188812
13851.232910	-68.032135
13856.616211	-65.449982
13861.999512	-64.996887
13867.382812	-62.490723
13872.766113	-62.143353
13878.149414	-60.492184
13883.532715	-59.138351
13888.916016	-59.663277
13894.299316	-58.054588
13899.682617	-57.801086
13905.065918	-58.851589
13910.449219	-58.496922
13915.832520	-58.948280
13921.215820	-59.934948
13926.599121	-60.294510
13931.982422	-61.365383
13937.365723	-62.552830
13942.749023	-63.590012
13948.132324	-65.802849
13953.515625	-66.874809
13958.898926	-67.382202
13964.282227	-70.229439
13969.665527	-68.500351
13975.048828	-71.898300
13980.432129	-76.268211
13985.815430	-72.861107
13991.198730	-80.070396
13996.582031	-77.622948
14001.965332	-76.757561
14007.348633	-78.470985
14012.731934	-74.522545
14018.115234	-79.311096
14023.498535	-73.994446
14028.881836	-70.871758
14034.265137	-73.959229
14039.648438	-71.901611
14045.031738	-73.071442
14050.415039	-76.628502
14055.798340	-74.838417
14061.181641	-78.880211
14066.564941	-75.993690
14071.948242	-75.406982
14077.331543	-72.912903
14082.714844	-70.015579
14088.098145	-69.724876
14093.481445	-69.828987
14098.864746	-69.019417
14104.248047	-68.319687
14109.631348	-66.558167
14115.014648	-65.186707
14120.397949	-65.124565
14125.781250	-64.328087
14131.164551	-64.371590
14136.547852	-62.859627
14141.931152	-62.236095
14147.314453	-62.960106
14152.697754	-62.519653
14158.081055	-62.940384
14163.464355	-63.176544
14168.847656	-63.211647
14174.230957	-63.752708
14179.614258	-64.417580
14184.997559	-66.996704
14190.380859	-67.329376
14195.764160	-67.943359
14201.147461	-69.143806
14206.530762	-68.553917
14211.914062	-71.541733
14217.297363	-72.240822
14222.680664	-70.438477
14228.063965	-75.527710
14233.447266	-71.427689
14238.830566	-68.650467
14244.213867	-72.882286
14249.597168	-69.525322
14254.980469	-69.766563
14260.363770	-73.237961
14265.747070	-69.106224
14271.130371	-70.715630
14276.513672	-66.581497
14281.896973	-66.258186
14287.280273	-66.939148
14292.663574	-64.183006
14298.046875	-65.182465
14303.430176	-64.394638
14308.813477	-64.300323
14314.196777	-65.831856
14319.580078	-64.595703
14324.963379	-66.149910
14330.346680	-65.293221
14335.729980	-65.021759
14341.113281	-66.397675
14346.496582	-65.680862
14351.879883	-66.773064
14357.263184	-65.076920
14362.646484	-64.984375
14368.029785	-66.025238
14373.413086	-63.828911
14378.796387	-65.187370
14384.179688	-65.003540
14389.562988	-62.944584
14394.946289	-64.281586
14400.329590	-63.576656
14405.712891	-64.489075
14411.096191	-66.647331
14416.479492	-65.378426
14421.862793	-67.811714
14427.246094	-66.895035
14432.629395	-67.669746
14438.012695	-71.486374
14443.395996	-68.177086
14448.779297	-69.324547
14454.162598	-69.495041
14459.545898	-69.378670
14464.929199	-69.372627
14470.312500	-67.070221
14475.695801	-66.707672
14481.079102	-65.375618
14486.462402	-66.519524
14491.845703	-69.741844
14497.229004	-67.773270
14502.612305	-69.441231
14507.995605	-69.261063
14513.378906	-68.941864
14518.762207	-69.589012
14524.145508	-66.246544
14529.528809	-65.164444
14534.912109	-65.736664
14540.295410	-66.608788
14545.678711	-67.596703
14551.062012	-66.819824
14556.445312	-68.098541
14561.828613	-70.133965
14567.211914	-70.903244
14572.595215	-75.819916
14577.978516	-74.129852
14583.361816	-74.327675
14588.745117	-74.592499
14594.128418	-72.718079
14599.511719	-71.057365
14604.895020	-68.601959
14610.278320	-67.818970
14615.661621	-68.001236
14621.044922	-68.577011
14626.428223	-68.376007
14631.811523	-66.400475
14637.194824	-65.414978
14642.578125	-65.866997
14647.961426	-65.840988
14653.344727	-66.040565
14658.728027	-66.844337
14664.111328	-66.579308
14669.494629	-65.689636
14674.877930	-64.962303
14680.261230	-65.886909
14685.644531	-66.279938
14691.027832	-66.365257
14696.411133	-66.010002
14701.794434	-65.006134
14707.177734	-64.958427
14712.561035	-64.632812
14717.944336	-64.748169
14723.327637	-65.829025
14728.710938	-64.912239
14734.094238	-64.317558
14739.477539	-65.485054
14744.860840	-66.186134
14750.244141	-66.893646
14755.627441	-68.139671
14761.010742	-67.968010
14766.394043	-68.623756
14771.777344	-70.313499
14777.160645	-72.750198
14782.543945	-78.549156
14787.927246	-77.002258
14793.310547	-76.767220
14798.693848	-76.433548
14804.077148	-79.539124
14809.460449	-75.076553
14814.843750	-70.650856
14820.227051	-75.386574
14825.610352	-72.880615
14830.993652	-72.334206
14836.376953	-72.092247
14841.760254	-68.311348
14847.143555	-72.633232
14852.526855	-74.184906
14857.910156	-71.177666
14863.293457	-75.888580
14868.676758	-70.579399
14874.060059	-72.284645
14879.443359	-73.178802
14884.826660	-68.657310
14890.209961	-70.287590
14895.593262	-67.342842
14900.976562	-66.255478
14906.359863	-68.007729
14911.743164	-65.022034
14917.126465	-65.347755
14922.509766	-66.846519
14927.893066	-64.230614
14933.276367	-63.931370
14938.659668	-63.703156
14944.042969	-63.515675
14949.426270	-63.081650
14954.809570	-62.294323
14960.192871	-61.558086
14965.576172	-60.988426
14970.959473	-61.176037
14976.342773	-60.644650
14981.726074	-61.166698
14987.109375	-61.479027
14992.492676	-60.161903
14997.875977	-61.126308
15003.259277	-61.655167
15008.642578	-61.701172
15014.025879	-63.404457
15019.409180	-62.559902
15024.792480	-63.894115
15030.175781	-65.013321
15035.559082	-64.689209
15040.942383	-68.142647
15046.325684	-68.882225
15051.708984	-69.332077
15057.092285	-73.481323
15062.475586	-76.401482
15067.858887	-82.621857
15073.242188	-81.866074
15078.625488	-77.858109
15084.008789	-75.616013
15089.392090	-77.086044
15094.775391	-74.516846
15100.158691	-72.959969
15105.541992	-73.892738
15110.925293	-72.712364
15116.308594	-69.296738
15121.691895	-70.558029
15127.075195	-69.150673
15132.458496	-67.514641
15137.841797	-70.000175
15143.225098	-70.458229
15148.608398	-71.755440
15153.991699	-73.087181
15159.375000	-74.055862
15164.758301	-75.383308
15170.141602	-73.607208
15175.524902	-74.802498
15180.908203	-74.079002
15186.291504	-73.480637
15191.674805	-76.384369
15197.058105	-80.419968
15202.441406	-79.284874
15207.824707	-81.955589
15213.208008	-84.514656
15218.591309	-76.004852
15223.974609	-73.386887
15229.357910	-72.743866
15234.741211	-71.849289
15240.124512	-70.652634
15245.507812	-69.557205
15250.891113	-69.660400
15256.274414	-69.590187
15261.657715	-69.900505
15267.041016	-70.439392
15272.424316	-70.882736
15277.807617	-68.949768
15283.190918	-70.188332
15288.574219	-73.402733
15293.957520	-74.088516
15299.340820	-78.296051
15304.724121	-79.723442
15310.107422	-78.692627
15315.490723	-77.148514
15320.874023	-71.459938
15326.257324	-69.584030
15331.640625	-71.400124
15337.023926	-71.341011
15342.407227	-71.743431
15347.790527	-70.359879
15353.173828	-70.359726
15358.557129	-71.609474
15363.940430	-68.955185
15369.323730	-71.481529
15374.707031	-74.425301
15380.090332	-69.428703
15385.473633	-70.719063
15390.856934	-71.182335
15396.240234	-68.607460
15401.623535	-70.688126
15407.006836	-69.943024
15412.390137	-69.876816
15417.773438	-69.826332
15423.156738	-66.290520
15428.540039	-68.327675
15433.923340	-69.369766
15439.306641	-67.481476
15444.689941	-68.838966
15450.073242	-67.559265
15455.456543	-67.388412
15460.839844	-68.407715
15466.223145	-69.555305
15471.606445	-69.878555
15476.989746	-68.982147
15482.373047	-69.852867
15487.756348	-71.918533
15493.139648	-72.618111
15498.522949	-70.585182
15503.906250	-68.903915
15509.289551	-66.785805
15514.672852	-66.116798
15520.056152	-67.471619
15525.439453	-65.656303
15530.822754	-65.612572
15536.206055	-65.574928
15541.589355	-65.004471
15546.972656	-67.137062
15552.355957	-66.627922
15557.739258	-66.838852
15563.122559	-65.790977
15568.505859	-64.629448
15573.889160	-66.962883
15579.272461	-66.581734
15584.655762	-66.635139
15590.039062	-67.060196
15595.422363	-65.250107
15600.805664	-66.226402
15606.188965	-65.970734
15611.572266	-65.426933
15616.955566	-64.711067
15622.338867	-63.457897
15627.722168	-64.366249
15633.105469	-64.753426
15638.488770	-64.767540
15643.872070	-65.017471
15649.255371	-64.443970
15654.638672	-64.401985
15660.021973	-65.779236
15665.405273	-65.674675
15670.788574	-65.443008
15676.171875	-65.820328
15681.555176	-65.603897
15686.938477	-66.026947
15692.321777	-66.303589
15697.705078	-66.786476
15703.088379	-66.429665
15708.471680	-65.777306
15713.854980	-65.787712
15719.238281	-66.968819
15724.621582	-68.000870
15730.004883	-67.359116
15735.388184	-67.836235
15740.771484	-68.069427
15746.154785	-67.230049
15751.538086	-69.329620
15756.921387	-68.201668
15762.304688	-67.476898
15767.687988	-68.827873
15773.071289	-67.729630
15778.454590	-70.459076
15783.837891	-71.532249
15789.221191	-70.836205
15794.604492	-74.083321
15799.987793	-71.401550
15805.371094	-74.821739
15810.754395	-74.334694
15816.137695	-72.003799
15821.520996	-74.502525
15826.904297	-71.863342
15832.287598	-74.763901
15837.670898	-75.111977
15843.054199	-73.012024
15848.437500	-75.832970
15853.820801	-73.359428
15859.204102	-72.183800
15864.587402	-76.335419
15869.970703	-79.899368
15875.354004	-74.291924
15880.737305	-75.420967
15886.120605	-71.819504
15891.503906	-68.764122
15896.887207	-71.299965
15902.270508	-69.072960
15907.653809	-67.813347
15913.037109	-68.889008
15918.420410	-64.747116
15923.803711	-65.636566
15929.187012	-67.564041
15934.570312	-66.442101
15939.953613	-68.986504
15945.336914	-66.821548
15950.720215	-66.733925
15956.103516	-67.164047
15961.486816	-66.674927
15966.870117	-69.623253
15972.253418	-69.409042
15977.636719	-67.662384
15983.020020	-68.931145
15988.403320	-71.384247
15993.786621	-74.303123
15999.169922	-75.067337
16004.553223	-80.509186
16009.936523	-78.664482
16015.319824	-75.001389
16020.703125	-78.613144
16026.086426	-78.653435
16031.469727	-79.644501
16036.853027	-71.921364
16042.236328	-71.347733
16047.619629	-73.056679
16053.002930	-69.524994
16058.386230	-71.901077
16063.769531	-68.845535
16069.152832	-66.888695
16074.536133	-68.260620
16079.919434	-67.323898
16085.302734	-68.567421
16090.686035	-66.966095
16096.069336	-66.193535
16101.452637	-67.162254
16106.835938	-65.659157
16112.219238	-66.813141
16117.602539	-69.263580
16122.985840	-67.374146
16128.369141	-67.207024
16133.752441	-70.527481
16139.135742	-73.883598
16144.519043	-75.169884
16149.902344	-79.242165
16155.285645	-77.106453
16160.668945	-80.762878
16166.052246	-79.368156
16171.435547	-81.306961
16176.818848	-77.911201
16182.202148	-72.887924
16187.585449	-75.727890
16192.968750	-79.246719
16198.352051	-73.067505
16203.735352	-77.010063
16209.118652	-72.606239
16214.501953	-69.597351
16219.885254	-70.392113
16225.268555	-68.613579
16230.651855	-69.896629
16236.035156	-70.712898
16241.418457	-69.090790
16246.801758	-71.031929
16252.185059	-70.915291
16257.568359	-70.886833
16262.951660	-74.009041
16268.334961	-72.282829
16273.718262	-72.016953
16279.101562	-73.244812
16284.484863	-72.774612
16289.868164	-75.914040
16295.251465	-73.689262
16300.634766	-71.778793
16306.018066	-72.423409
16311.401367	-70.992226
16316.784668	-72.653915
16322.167969	-71.546669
16327.551270	-69.293747
16332.934570	-70.278000
16338.317871	-68.493271
16343.701172	-68.212952
16349.084473	-68.610077
16354.467773	-66.732437
16359.851074	-66.058189
16365.234375	-64.742950
16370.617676	-64.897491
16376.000977	-66.478905
16381.384277	-65.365753
16386.767578	-66.421112
16392.150879	-66.052635
16397.534180	-65.816643
16402.917480	-68.151695
16408.300781	-67.980568
16413.684082	-69.641136
16419.067383	-68.146523
16424.450684	-68.329323
16429.833984	-71.212830
16435.217285	-69.938324
16440.600586	-73.323318
16445.983887	-72.283051
16451.367188	-70.180176
16456.750488	-73.456871
16462.133789	-72.215202
16467.517090	-72.799835
16472.900391	-72.723000
16478.283691	-69.367912
16483.666992	-70.737137
16489.050293	-70.216354
16494.433594	-68.393890
16499.816895	-69.649490
16505.200195	-68.716759
16510.583496	-67.445206
16515.966797	-67.735039
16521.350098	-67.555916
16526.733398	-68.345558
16532.116699	-69.086174
16537.500000	-68.738388
16542.883301	-70.522614
16548.266602	-71.109612
16553.649902	-71.745628
16559.033203	-75.206848
16564.416504	-74.414192
16569.799805	-75.475685
16575.183105	-78.076332
16580.566406	-75.825844
16585.949707	-75.916527
16591.333008	-74.619415
16596.716309	-73.611542
16602.099609	-75.295517
16607.482910	-71.130142
16612.866211	-71.507477
16618.249512	-69.302727
16623.632812	-68.426735
16629.016113	-68.513130
16634.399414	-65.598534
16639.782715	-67.190025
16645.166016	-65.857353
16650.549316	-65.278931
16655.932617	-68.345818
16661.315918	-66.042076
16666.699219	-68.240379
16672.082520	-69.437790
16677.465820	-67.908356
16682.849121	-74.878036
16688.232422	-75.194298
16693.615723	-73.539528
16698.999023	-80.177742
16704.382324	-73.027649
16709.765625	-69.236542
16715.148926	-70.626907
16720.532227	-68.590958
16725.915527	-67.232056
16731.298828	-67.069908
16736.682129	-64.440483
16742.065430	-64.075066
16747.448730	-63.820900
16752.832031	-63.338509
16758.215332	-63.578392
16763.598633	-63.460987
16768.981934	-63.827118
16774.365234	-63.796829
16779.748535	-64.503609
16785.131836	-66.337418
16790.515137	-67.676132
16795.898438	-68.999977
16801.281738	-69.791527
16806.665039	-70.978851
16812.048340	-72.361168
16817.431641	-73.139313
16822.814941	-74.745514
16828.198242	-80.333664
16833.581543	-76.957603
16838.964844	-73.306084
16844.348145	-74.055481
16849.731445	-73.666237
16855.114746	-73.450546
16860.498047	-77.446747
16865.881348	-79.064781
16871.264648	-75.500084
16876.647949	-75.638039
16882.031250	-75.246582
16887.414551	-77.197037
16892.797852	-82.333008
16898.181152	-83.089020
16903.564453	-88.845703
16908.947754	-88.831108
16914.331055	-79.469643
16919.714355	-76.727051
16925.097656	-80.222961
16930.480957	-84.687881
16935.864258	-81.530769
16941.247559	-85.144791
16946.630859	-79.200462
16952.014160	-76.145210
16957.397461	-74.434631
16962.780762	-73.049843
16968.164062	-73.065605
16973.547363	-72.644066
16978.930664	-72.265190
16984.313965	-69.510315
16989.697266	-69.336578
16995.080566	-70.247978
17000.463867	-69.152107
17005.847168	-72.592461
17011.230469	-70.043190
17016.613770	-68.641098
17021.997070	-71.866188
17027.380371	-69.637093
17032.763672	-72.291695
17038.146973	-73.373817
17043.530273	-71.418488
17048.913574	-77.659744
17054.296875	-73.527885
17059.680176	-75.865219
17065.063477	-74.222572
17070.446777	-73.628273
17075.830078	-76.288597
17081.213379	-73.506905
17086.596680	-79.012131
17091.979980	-72.389198
17097.363281	-72.691154
17102.746582	-74.759453
17108.129883	-72.534225
17113.513184	-75.694923
17118.896484	-70.732872
17124.279785	-71.357849
17129.663086	-73.127472
17135.046387	-69.976959
17140.429688	-71.661758
17145.812988	-69.561539
17151.196289	-68.168434
17156.579590	-69.932182
17161.962891	-70.207420
17167.346191	-70.551483
17172.729492	-71.222778
17178.112793	-69.543106
17183.496094	-70.564766
17188.879395	-71.530151
17194.262695	-70.372810
17199.645996	-71.269218
17205.029297	-70.782143
17210.412598	-70.420975
17215.795898	-72.338127
17221.179199	-72.375847
17226.562500	-70.895859
17231.945801	-71.007637
17237.329102	-70.136726
17242.712402	-69.344673
17248.095703	-69.417053
17253.479004	-68.776108
17258.862305	-70.372162
17264.245605	-69.483467
17269.628906	-69.934143
17275.012207	-75.342758
17280.395508	-72.925316
17285.778809	-75.544472
17291.162109	-82.093521
17296.545410	-78.781952
17301.928711	-81.296577
17307.312012	-81.892761
17312.695312	-78.239319
17318.078613	-75.284996
17323.461914	-78.490501
17328.845215	-72.997528
17334.228516	-73.510628
17339.611816	-76.003624
17344.995117	-71.322540
17350.378418	-72.349686
17355.761719	-74.428604
17361.145020	-71.989983
17366.528320	-71.824738
17371.911621	-71.662453
17377.294922	-72.729042
17382.678223	-72.760315
17388.061523	-71.789818
17393.444824	-74.979683
17398.828125	-74.739639
17404.211426	-71.352333
17409.594727	-71.540924
17414.978027	-72.910393
17420.361328	-71.293617
17425.744629	-70.122574
17431.127930	-69.295609
17436.511230	-67.503296
17441.894531	-67.604202
17447.277832	-67.659073
17452.661133	-66.083900
17458.044434	-64.933563
17463.427734	-64.017334
17468.811035	-63.985237
17474.194336	-64.381287
17479.577637	-64.022339
17484.960938	-64.464211
17490.344238	-63.920322
17495.727539	-63.925892
17501.110840	-66.256798
17506.494141	-66.124969
17511.877441	-66.693306
17517.260742	-67.582100
17522.644043	-66.621086
17528.027344	-68.710297
17533.410645	-69.832291
17538.793945	-69.990044
17544.177246	-71.273384
17549.560547	-68.666473
17554.943848	-69.115257
17560.327148	-69.991028
17565.710449	-68.521339
17571.093750	-70.257210
17576.477051	-69.463112
17581.860352	-68.135818
17587.243652	-71.129883
17592.626953	-73.070381
17598.010254	-74.493225
17603.393555	-74.064972
17608.776855	-74.309319
17614.160156	-72.570351
17619.543457	-71.424416
17624.926758	-70.383278
17630.310059	-67.900009
17635.693359	-68.316078
17641.076660	-67.302200
17646.459961	-66.400688
17651.843262	-65.295013
17657.226562	-64.503029
17662.609863	-64.633362
17667.993164	-64.103691
17673.376465	-64.928047
17678.759766	-63.999691
17684.143066	-63.836811
17689.526367	-65.369705
17694.909668	-64.756264
17700.292969	-65.768181
17705.676270	-65.318062
17711.059570	-65.285683
17716.442871	-66.312477
17721.826172	-65.349129
17727.209473	-67.331398
17732.592773	-66.838020
17737.976074	-65.796349
17743.359375	-67.654167
17748.742676	-66.474976
17754.125977	-67.518394
17759.509277	-68.879219
17764.892578	-67.698189
17770.275879	-69.023567
17775.659180	-67.981155
17781.042480	-68.638443
17786.425781	-70.704666
17791.809082	-69.111908
17797.192383	-69.966415
17802.575684	-69.834320
17807.958984	-69.156029
17813.342285	-70.355721
17818.725586	-71.925224
17824.108887	-73.612610
17829.492188	-72.925903
17834.875488	-74.427666
17840.258789	-75.253517
17845.642090	-76.749519
17851.025391	-78.050560
17856.408691	-77.536133
17861.791992	-78.997047
17867.175293	-75.786385
17872.558594	-78.880051
17877.941895	-87.611214
17883.325195	-86.733971
17888.708496	-81.230545
17894.091797	-80.712791
17899.475098	-82.695274
17904.858398	-77.990021
17910.241699	-78.402916
17915.625000	-74.383347
17921.008301	-74.666550
17926.391602	-78.884598
17931.774902	-77.371140
17937.158203	-79.486206
17942.541504	-78.704521
17947.924805	-79.002129
17953.308105	-81.172142
17958.691406	-79.605942
17964.074707	-78.795547
17969.458008	-85.121254
17974.841309	-78.242401
17980.224609	-76.890274
17985.607910	-76.386345
17990.991211	-72.185501
17996.374512	-73.901337
18001.757812	-72.720924
18007.141113	-72.126907
18012.524414	-72.712334
18017.907715	-69.778320
18023.291016	-72.033134
18028.674316	-73.914474
18034.057617	-72.642776
18039.440918	-77.770012
18044.824219	-75.944962
18050.207520	-76.665154
18055.590820	-76.452705
18060.974121	-78.202965
18066.357422	-75.851990
18071.740723	-73.549927
18077.124023	-74.255737
18082.507324	-71.581833
18087.890625	-70.807930
18093.273926	-69.743767
18098.657227	-68.096527
18104.040527	-66.314079
18109.423828	-65.902260
18114.807129	-66.111015
18120.190430	-64.778824
18125.573730	-65.079803
18130.957031	-65.341400
18136.340332	-64.643402
18141.723633	-65.346100
18147.106934	-65.810265
18152.490234	-67.039337
18157.873535	-67.462677
18163.256836	-67.473709
18168.640137	-70.125267
18174.023438	-70.294418
18179.406738	-71.049797
18184.790039	-76.020851
18190.173340	-75.348915
18195.556641	-75.478645
18200.939941	-79.048874
18206.323242	-79.861572
18211.706543	-78.465729
18217.089844	-79.383278
18222.473145	-78.372589
18227.856445	-78.126381
18233.239746	-81.091202
18238.623047	-78.684410
18244.006348	-78.272720
18249.389648	-84.406746
18254.772949	-80.768036
18260.156250	-74.969147
18265.539551	-74.376053
18270.922852	-72.223572
18276.306152	-69.944870
18281.689453	-67.712631
18287.072754	-66.057457
18292.456055	-65.214668
18297.839355	-63.567581
18303.222656	-63.072090
18308.605957	-62.741241
18313.989258	-62.193653
18319.372559	-62.083664
18324.755859	-61.945045
18330.139160	-62.338299
18335.522461	-62.409775
18340.905762	-62.662849
18346.289062	-63.276825
18351.672363	-63.318489
18357.055664	-64.327606
18362.438965	-65.444031
18367.822266	-65.985306
18373.205566	-67.484268
18378.588867	-69.269051
18383.972168	-71.006607
18389.355469	-72.939514
18394.738770	-75.885590
18400.122070	-76.706169
18405.505371	-74.976486
18410.888672	-74.519661
18416.271973	-72.902603
18421.655273	-71.882339
18427.038574	-72.116859
18432.421875	-71.182404
18437.805176	-70.622063
18443.188477	-70.984474
18448.571777	-70.957542
18453.955078	-71.079842
18459.338379	-70.245033
18464.721680	-69.788391
18470.104980	-70.065041
18475.488281	-69.536079
18480.871582	-69.803780
18486.254883	-70.671066
18491.638184	-70.803528
18497.021484	-70.659149
18502.404785	-70.888138
18507.788086	-72.998138
18513.171387	-73.261948
18518.554688	-73.843391
18523.937988	-74.191124
18529.321289	-73.086685
18534.704590	-73.277100
18540.087891	-71.835434
18545.471191	-73.932220
18550.854492	-71.255173
18556.237793	-70.202393
18561.621094	-72.333153
18567.004395	-69.617569
18572.387695	-71.119530
18577.770996	-70.910225
18583.154297	-69.976486
18588.537598	-71.670929
18593.920898	-69.539528
18599.304199	-72.181007
18604.687500	-73.040070
18610.070801	-71.458008
18615.454102	-75.833778
18620.837402	-74.214066
18626.220703	-75.865311
18631.604004	-78.365990
18636.987305	-78.349594
18642.370605	-78.279106
18647.753906	-74.211761
18653.137207	-77.102425
18658.520508	-74.121063
18663.903809	-74.537338
18669.287109	-75.767647
18674.670410	-73.672218
18680.053711	-75.129074
18685.437012	-73.382759
18690.820312	-76.789330
18696.203613	-76.006035
18701.586914	-74.280548
18706.970215	-79.844452
18712.353516	-80.314957
18717.736816	-78.671257
18723.120117	-82.263626
18728.503418	-75.687759
18733.886719	-71.680984
18739.270020	-73.032486
18744.653320	-69.146744
18750.036621	-67.831589
18755.419922	-68.790825
18760.803223	-67.866394
18766.186523	-68.749786
18771.569824	-68.921959
18776.953125	-69.033913
18782.336426	-71.026421
18787.719727	-70.674278
18793.103027	-72.620987
18798.486328	-76.125893
18803.869629	-76.141129
18809.252930	-80.307686
18814.636230	-85.727913
18820.019531	-86.459503
18825.402832	-80.072357
18830.786133	-76.633415
18836.169434	-73.976166
18841.552734	-72.426018
18846.936035	-72.500175
18852.319336	-69.989159
18857.702637	-70.385864
18863.085938	-71.665306
18868.469238	-70.196632
18873.852539	-72.736336
18879.235840	-75.362221
18884.619141	-75.500534
18890.002441	-79.303322
18895.385742	-79.524506
18900.769043	-85.854698
18906.152344	-85.401680
18911.535645	-82.786491
18916.918945	-81.632370
18922.302246	-81.809982
18927.685547	-74.743141
18933.068848	-74.126144
18938.452148	-73.083237
18943.835449	-72.001472
18949.218750	-72.628410
18954.602051	-70.832230
18959.985352	-73.147507
18965.368652	-72.498085
18970.751953	-70.946259
18976.135254	-76.686317
18981.518555	-74.522858
18986.901855	-75.751244
18992.285156	-78.660767
18997.668457	-75.062965
19003.051758	-79.649933
19008.435059	-79.090576
19013.818359	-74.162231
19019.201660	-78.610672
19024.584961	-74.771759
19029.968262	-71.369217
19035.351562	-77.096733
19040.734863	-73.219727
19046.118164	-73.006264
19051.501465	-76.308502
19056.884766	-73.274292
19062.268066	-77.824547
19067.651367	-73.793335
19073.034668	-75.642296
19078.417969	-74.266388
19083.801270	-72.165459
19089.184570	-74.548134
19094.567871	-71.004997
19099.951172	-73.400223
19105.334473	-74.736740
19110.717773	-74.005569
19116.101074	-75.251984
19121.484375	-73.303276
19126.867676	-74.876808
19132.250977	-73.582443
19137.634277	-71.850372
19143.017578	-72.034126
19148.400879	-72.426598
19153.784180	-73.706909
19159.167480	-76.897888
19164.550781	-75.946663
19169.934082	-76.863792
19175.317383	-82.912361
19180.700684	-85.347481
19186.083984	-82.966454
19191.467285	-77.475792
19196.850586	-75.791672
19202.233887	-72.596596
19207.617188	-70.401596
19213.000488	-68.438309
19218.383789	-66.812401
19223.767090	-67.356270
19229.150391	-66.938309
19234.533691	-66.271385
19239.916992	-67.268059
19245.300293	-66.588928
19250.683594	-67.407806
19256.066895	-69.882980
19261.450195	-69.864052
19266.833496	-72.144531
19272.216797	-74.075691
19277.600098	-74.772644
19282.983398	-80.430489
19288.366699	-80.000381
19293.750000	-80.216011
19299.133301	-76.173828
19304.516602	-78.399376
19309.899902	-74.418907
19315.283203	-72.628250
19320.666504	-74.047882
19326.049805	-72.480515
19331.433105	-73.618828
19336.816406	-74.744957
19342.199707	-74.375824
19347.583008	-78.766655
19352.966309	-83.621941
19358.349609	-78.656288
19363.732910	-77.682991
19369.116211	-76.176720
19374.499512	-75.197159
19379.882812	-74.282425
19385.266113	-73.838699
19390.649414	-72.919029
19396.032715	-70.980736
19401.416016	-71.611931
19406.799316	-71.118515
19412.182617	-70.739372
19417.565918	-72.704803
19422.949219	-71.016434
19428.332520	-71.943146
19433.715820	-75.426826
19439.099121	-74.207672
19444.482422	-78.864410
19449.865723	-79.310356
19455.249023	-77.986412
19460.632324	-83.930534
19466.015625	-81.099312
19471.398926	-82.797165
19476.782227	-76.946129
19482.165527	-77.501793
19487.548828	-78.740852
19492.932129	-72.899384
19498.315430	-74.101768
19503.698730	-74.029556
19509.082031	-71.899223
19514.465332	-74.447525
19519.848633	-71.368835
19525.231934	-71.577354
19530.615234	-73.602409
19535.998535	-70.687988
19541.381836	-73.417274
19546.765137	-74.218353
19552.148438	-73.272552
19557.531738	-79.028229
19562.915039	-80.645874
19568.298340	-83.999931
19573.681641	-79.373413
19579.064941	-81.061707
19584.448242	-77.694695
19589.831543	-77.120232
19595.214844	-76.343735
19600.598145	-75.287651
19605.981445	-76.724945
19611.364746	-76.318298
19616.748047	-75.157227
19622.131348	-73.992737
19627.514648	-77.058731
19632.897949	-75.313499
19638.281250	-76.730614
19643.664551	-83.835098
19649.047852	-80.542595
19654.431152	-82.117554
19659.814453	-84.483719
19665.197754	-79.085831
19670.581055	-73.738914
19675.964355	-77.228554
19681.347656	-73.796432
19686.730957	-72.682693
19692.114258	-76.751923
19697.497559	-73.210938
19702.880859	-76.577515
19708.264160	-79.169197
19713.647461	-78.316772
19719.030762	-80.886642
19724.414062	-78.310173
19729.797363	-80.518738
19735.180664	-77.572144
19740.563965	-78.420456
19745.947266	-73.557526
19751.330566	-72.624321
19756.713867	-72.430717
19762.097168	-69.239822
19767.480469	-68.803764
19772.863770	-67.857803
19778.247070	-66.803604
19783.630371	-66.934898
19789.013672	-66.505577
19794.396973	-65.956978
19799.780273	-65.793182
19805.163574	-65.362259
19810.546875	-65.060684
19815.930176	-65.908241
19821.313477	-66.326355
19826.696777	-66.893929
19832.080078	-67.850342
19837.463379	-68.933266
19842.846680	-71.544785
19848.229980	-72.165291
19853.613281	-73.400085
19858.996582	-75.709473
19864.379883	-73.920341
19869.763184	-76.896385
19875.146484	-78.125732
19880.529785	-75.706718
19885.913086	-78.923630
19891.296387	-78.481323
19896.679688	-80.036446
19902.062988	-81.085236
19907.446289	-79.180557
19912.829590	-79.209335
19918.212891	-76.506104
19923.596191	-80.337776
19928.979492	-76.858421
19934.362793	-75.418274
19939.746094	-83.457619
19945.129395	-83.150940
19950.512695	-79.334190
19955.895996	-78.926300
19961.279297	-81.358170
19966.662598	-78.269440
19972.045898	-79.318443
19977.429199	-76.111244
19982.812500	-73.821159
19988.195801	-77.644730
19993.579102	-75.050415
19998.962402	-74.939545
20004.345703	-74.188194
20009.729004	-71.331902
20015.112305	-71.507629
20020.495605	-71.918648
20025.878906	-71.889389
20031.262207	-71.162758
20036.645508	-70.957466
20042.028809	-70.580070
20047.412109	-70.655449
20052.795410	-70.749893
20058.178711	-70.304558
20063.562012	-69.648895
20068.945312	-69.137009
20074.328613	-70.210251
20079.711914	-71.338043
20085.095215	-71.044128
20090.478516	-71.970024
20095.861816	-71.200684
20101.245117	-71.051155
20106.628418	-73.229019
20112.011719	-72.852844
20117.395020	-73.496986
20122.778320	-73.742485
20128.161621	-72.615135
20133.544922	-74.060997
20138.928223	-75.596008
20144.311523	-75.294006
20149.694824	-75.449165
20155.078125	-72.917175
20160.461426	-73.512573
20165.844727	-74.047699
20171.228027	-71.844650
20176.611328	-72.324181
20181.994629	-70.168404
20187.377930	-69.453720
20192.761230	-69.915108
20198.144531	-68.427200
20203.527832	-69.631187
20208.911133	-69.019508
20214.294434	-68.681595
20219.677734	-70.305412
20225.061035	-69.358719
20230.444336	-70.870163
20235.827637	-70.768570
20241.210938	-70.916115
20246.594238	-72.003365
20251.977539	-70.408798
20257.360840	-72.428192
20262.744141	-72.150940
20268.127441	-71.895164
20273.510742	-74.394890
20278.894043	-72.498596
20284.277344	-74.772728
20289.660645	-73.400108
20295.043945	-73.772690
20300.427246	-74.607910
20305.810547	-71.670540
20311.193848	-74.507858
20316.577148	-72.178116
20321.960449	-72.176308
20327.343750	-74.039360
20332.727051	-71.048103
20338.110352	-73.429321
20343.493652	-72.137398
20348.876953	-72.907532
20354.260254	-73.990967
20359.643555	-71.848679
20365.026855	-75.686928
20370.410156	-75.446854
20375.793457	-75.075569
20381.176758	-80.253517
20386.560059	-77.756920
20391.943359	-79.272301
20397.326660	-85.719734
20402.709961	-79.076591
20408.093262	-79.031136
20413.476562	-76.585106
20418.859863	-74.105515
20424.243164	-74.351654
20429.626465	-72.009369
20435.009766	-71.669342
20440.393066	-70.471680
20445.776367	-68.995804
20451.159668	-68.889809
20456.542969	-68.808929
20461.926270	-68.999138
20467.309570	-69.807663
20472.692871	-70.108986
20478.076172	-71.378052
20483.459473	-72.665588
20488.842773	-74.892265
20494.226074	-75.447975
20499.609375	-75.174088
20504.992676	-75.216034
20510.375977	-72.859528
20515.759277	-74.007896
20521.142578	-72.171417
20526.525879	-71.103088
20531.909180	-70.637573
20537.292480	-70.776108
20542.675781	-71.884041
20548.059082	-70.130974
20553.442383	-70.847511
20558.825684	-71.215721
20564.208984	-70.385307
20569.592285	-73.591125
20574.975586	-73.579414
20580.358887	-73.840820
20585.742188	-75.441338
20591.125488	-74.716957
20596.508789	-80.018349
20601.892090	-77.733147
20607.275391	-78.587196
20612.658691	-84.623680
20618.041992	-76.746964
20623.425293	-78.805931
20628.808594	-86.240662
20634.191895	-84.176620
20639.575195	-84.081726
20644.958496	-82.096146
20650.341797	-80.400887
20655.725098	-77.309784
20661.108398	-79.696358
20666.491699	-73.373009
20671.875000	-73.174080
20677.258301	-74.581093
20682.641602	-71.398125
20688.024902	-72.402443
20693.408203	-71.831810
20698.791504	-72.149307
20704.174805	-72.679039
20709.558105	-71.343361
20714.941406	-73.769104
20720.324707	-73.072479
20725.708008	-72.788452
20731.091309	-75.876907
20736.474609	-76.520622
20741.857910	-78.204491
20747.241211	-81.925697
20752.624512	-82.550713
20758.007812	-84.427650
20763.391113	-89.074837
20768.774414	-86.354324
20774.157715	-89.555252
20779.541016	-83.971642
20784.924316	-84.556602
20790.307617	-87.839676
20795.690918	-84.359398
20801.074219	-80.878151
20806.457520	-85.153854
20811.840820	-80.273262
20817.224121	-78.337090
20822.607422	-81.584824
20827.990723	-77.856270
20833.374023	-79.656158
20838.757324	-82.573296
20844.140625	-78.778923
20849.523926	-82.835457
20854.907227	-82.552399
20860.290527	-80.911430
20865.673828	-84.742111
20871.057129	-86.790894
20876.440430	-86.268776
20881.823730	-94.477913
20887.207031	-84.024666
20892.590332	-79.658379
20897.973633	-85.978882
20903.356934	-84.498688
20908.740234	-82.240509
20914.123535	-84.351440
20919.506836	-78.693344
20924.890137	-81.471741
20930.273438	-81.946861
20935.656738	-79.553917
20941.040039	-82.331558
20946.423340	-77.026436
20951.806641	-78.965385
20957.189941	-81.632973
20962.573242	-79.990608
20967.956543	-81.178314
20973.339844	-76.022575
20978.723145	-78.616173
20984.106445	-78.373512
20989.489746	-76.719704
20994.873047	-80.305962
21000.256348	-75.371819
21005.639648	-75.960022
21011.022949	-79.814575
21016.406250	-77.961716
21021.789551	-78.819687
21027.172852	-75.912689
21032.556152	-75.183708
21037.939453	-76.038437
21043.322754	-73.636002
21048.706055	-73.306999
21054.089355	-71.769730
21059.472656	-70.431992
21064.855957	-71.678131
21070.239258	-70.617302
21075.622559	-70.335457
21081.005859	-71.813637
21086.389160	-70.264473
21091.772461	-70.630905
21097.155762	-72.140259
21102.539062	-70.719185
21107.922363	-71.713394
21113.305664	-72.364830
21118.688965	-71.454483
21124.072266	-72.405106
21129.455566	-71.694687
21134.838867	-72.340607
21140.222168	-73.920738
21145.605469	-71.804810
21150.988770	-72.699059
21156.372070	-73.020653
21161.755371	-71.159676
21167.138672	-72.484505
21172.521973	-71.919296
21177.905273	-70.639481
21183.288574	-71.739464
21188.671875	-71.674057
21194.055176	-71.891357
21199.438477	-71.851860
21204.821777	-72.082130
21210.205078	-74.561890
21215.588379	-73.306984
21220.971680	-74.234802
21226.354980	-76.617912
21231.738281	-75.894524
21237.121582	-78.883255
21242.504883	-82.061859
21247.888184	-87.080818
21253.271484	-85.806671
21258.654785	-84.017799
21264.038086	-79.815056
21269.421387	-79.929329
21274.804688	-74.808975
21280.187988	-74.593597
21285.571289	-77.063164
21290.954590	-74.426979
21296.337891	-76.339783
21301.721191	-74.983688
21307.104492	-73.701195
21312.487793	-76.804390
21317.871094	-73.586937
21323.254395	-72.696175
21328.637695	-75.497818
21334.020996	-71.249847
21339.404297	-70.254028
21344.787598	-70.782372
21350.170898	-68.866364
21355.554199	-69.533371
21360.937500	-69.947227
21366.320801	-69.230049
21371.704102	-69.817505
21377.087402	-70.055260
21382.470703	-71.093056
21387.854004	-73.589134
21393.237305	-75.776756
21398.620605	-76.695442
21404.003906	-81.326149
21409.387207	-79.957886
21414.770508	-81.781792
21420.153809	-79.216820
21425.537109	-80.175667
21430.920410	-80.705414
21436.303711	-77.216698
21441.687012	-81.832413
21447.070312	-79.425659
21452.453613	-80.368179
21457.836914	-82.377823
21463.220215	-79.193069
21468.603516	-73.020454
21473.986816	-75.096390
21479.370117	-72.312279
21484.753418	-69.423691
21490.136719	-72.078575
21495.520020	-67.548775
21500.903320	-67.444641
21506.286621	-68.636200
21511.669922	-66.739426
21517.053223	-68.534126
21522.436523	-67.358597
21527.819824	-67.454704
21533.203125	-69.046677
21538.586426	-67.951607
21543.969727	-69.692963
21549.353027	-69.615387
21554.736328	-68.928436
21560.119629	-70.259689
21565.502930	-70.928658
21570.886230	-71.722130
21576.269531	-73.395142
21581.652832	-73.601151
21587.036133	-74.215157
21592.419434	-76.957504
21597.802734	-75.001846
21603.186035	-77.027550
21608.569336	-74.212387
21613.952637	-72.906990
21619.335938	-75.679008
21624.719238	-71.961555
21630.102539	-73.399719
21635.485840	-72.883369
21640.869141	-69.956261
21646.252441	-72.001404
21651.635742	-70.467232
21657.019043	-70.178238
21662.402344	-70.568176
21667.785645	-68.973396
21673.168945	-70.452011
21678.552246	-70.294250
21683.935547	-69.700890
21689.318848	-71.765892
21694.702148	-71.944244
21700.085449	-71.660980
21705.468750	-74.105949
21710.852051	-74.719414
21716.235352	-75.997520
21721.618652	-79.013855
21727.001953	-77.331329
21732.385254	-81.425957
21737.768555	-82.233017
21743.151855	-83.335770
21748.535156	-80.669075
21753.918457	-79.899193
21759.301758	-82.621307
21764.685059	-77.812096
21770.068359	-81.069527
21775.451660	-81.694443
21780.834961	-77.843727
21786.218262	-81.993317
21791.601562	-85.756683
21796.984863	-82.828094
21802.368164	-84.710068
21807.751465	-79.708664
21813.134766	-78.058144
21818.518066	-79.564613
21823.901367	-76.555260
21829.284668	-75.563087
21834.667969	-76.117470
21840.051270	-73.380470
21845.434570	-72.739143
21850.817871	-73.964256
21856.201172	-73.096718
21861.584473	-72.964584
21866.967773	-74.909256
21872.351074	-75.334808
21877.734375	-75.969444
21883.117676	-78.890671
21888.500977	-80.794266
21893.884277	-83.480721
21899.267578	-82.172958
21904.650879	-76.271194
21910.034180	-74.754440
21915.417480	-74.597572
21920.800781	-72.058388
21926.184082	-71.110527
21931.567383	-71.128906
21936.950684	-69.958679
21942.333984	-69.508507
21947.717285	-69.283722
21953.100586	-68.913620
21958.483887	-68.927864
21963.867188	-68.224472
21969.250488	-67.852623
21974.633789	-67.572838
21980.017090	-66.819199
21985.400391	-67.006203
21990.783691	-66.736961
21996.166992	-65.829659
22001.550293	-66.374870
22006.933594	-66.616867
22012.316895	-66.418991
22017.700195	-67.473450
22023.083496	-67.810394
22028.466797	-68.493813
22033.850098	-69.958664
22039.233398	-69.894333
22044.616699	-70.763786
