Frequency (Hz)	Level (dB)
5.383301	-29.522095
10.766602	-26.917639
16.149902	-25.738001
21.533203	-25.091204
26.916504	-26.065115
32.299805	-27.363621
37.683105	-26.656414
43.066406	-26.677485
48.449707	-28.000919
53.833008	-28.818468
59.216309	-28.091515
64.599609	-28.679743
69.982910	-30.658331
75.366211	-30.866442
80.749512	-30.755259
86.132812	-32.293278
91.516113	-33.517799
96.899414	-32.900143
102.282715	-32.408321
107.666016	-33.292160
113.049316	-35.955902
118.432617	-35.323711
123.815918	-34.425552
129.199219	-38.457882
134.582520	-41.449516
139.965820	-37.646896
145.349121	-40.699852
150.732422	-41.837479
156.115723	-36.823792
161.499023	-37.439896
166.882324	-39.494461
172.265625	-38.933418
177.648926	-38.442448
183.032227	-39.711384
188.415527	-41.585289
193.798828	-44.044132
199.182129	-48.281315
204.565430	-45.960350
209.948730	-51.184139
215.332031	-44.621670
220.715332	-40.668495
226.098633	-43.242184
231.481934	-47.226963
236.865234	-41.354126
242.248535	-40.936584
247.631836	-42.437828
253.015137	-44.574051
258.398438	-46.484047
263.781738	-46.831390
269.165039	-47.993099
274.548340	-46.591057
279.931641	-46.547806
285.314941	-47.259296
290.698242	-42.180016
296.081543	-38.515404
301.464844	-39.786320
306.848145	-41.407051
312.231445	-40.185936
317.614746	-36.549232
322.998047	-34.759804
328.381348	-35.724804
333.764648	-36.475086
339.147949	-33.751591
344.531250	-29.775822
349.914551	-28.909950
355.297852	-27.694981
360.681152	-24.374809
366.064453	-20.585049
371.447754	-15.278651
376.831055	-14.298146
382.214355	-21.151283
387.597656	-24.819811
392.980957	-28.829945
398.364258	-33.828388
403.747559	-34.354069
409.130859	-32.368015
414.514160	-31.734152
419.897461	-36.429871
425.280762	-33.195927
430.664062	-29.587523
436.047363	-31.048672
441.430664	-33.321739
446.813965	-32.711693
452.197266	-30.626999
457.580566	-33.831257
462.963867	-34.626530
468.347168	-31.775215
473.730469	-30.838938
479.113770	-32.341469
484.497070	-32.039555
489.880371	-29.447182
495.263672	-33.189880
500.646973	-31.039745
506.030273	-30.827810
511.413574	-31.655987
516.796875	-30.136303
522.180176	-27.484711
527.563477	-24.242231
532.946777	-23.635790
538.330078	-19.570898
543.713379	-16.082560
549.096680	-18.268761
554.479980	-25.619423
559.863281	-36.393337
565.246582	-37.351902
570.629883	-34.588760
576.013184	-33.904221
581.396484	-36.141590
586.779785	-39.845699
592.163086	-34.940018
597.546387	-31.482819
602.929688	-30.973598
608.312988	-29.784798
613.696289	-34.018723
619.079590	-37.748482
624.462891	-40.090656
629.846191	-39.718792
635.229492	-37.619434
640.612793	-37.115143
645.996094	-36.948311
651.379395	-37.554386
656.762695	-36.933098
662.145996	-34.447716
667.529297	-35.188366
672.912598	-34.975201
678.295898	-37.071388
683.679199	-34.844994
689.062500	-33.032467
694.445801	-34.118290
699.829102	-41.683750
705.212402	-34.547562
710.595703	-32.078770
715.979004	-34.554115
721.362305	-32.022957
726.745605	-30.956709
732.128906	-33.642563
737.512207	-33.272282
742.895508	-26.584997
748.278809	-26.211853
753.662109	-25.210089
759.045410	-31.399038
764.428711	-28.805555
769.812012	-26.816280
775.195312	-28.819395
780.578613	-34.005810
785.961914	-37.358925
791.345215	-32.615810
796.728516	-25.617903
802.111816	-22.537146
807.495117	-25.431192
812.878418	-30.746618
818.261719	-34.391319
823.645020	-39.968266
829.028320	-41.778599
834.411621	-35.082092
839.794922	-31.983625
845.178223	-30.134613
850.561523	-30.838932
855.944824	-24.836149
861.328125	-20.610371
866.711426	-17.545605
872.094727	-17.714676
877.478027	-23.118635
882.861328	-29.258657
888.244629	-22.145807
893.627930	-18.004391
899.011230	-18.469860
904.394531	-24.140745
909.777832	-29.577694
915.161133	-28.788725
920.544434	-28.243587
925.927734	-35.729050
931.311035	-31.741913
936.694336	-27.932472
942.077637	-29.815786
947.460938	-35.870743
952.844238	-31.002785
958.227539	-32.347687
963.610840	-34.748329
968.994141	-27.555342
974.377441	-25.623156
979.760742	-28.790340
985.144043	-33.614952
990.527344	-33.085972
995.910645	-32.352375
1001.293945	-33.258709
1006.677246	-39.738384
1012.060547	-33.219612
1017.443848	-33.245636
1022.827148	-38.372978
1028.210449	-36.978962
1033.593750	-33.847485
1038.977051	-34.110497
1044.360352	-39.784367
1049.743652	-40.823853
1055.126953	-35.820602
1060.510254	-36.683514
1065.893555	-39.330227
1071.276855	-36.998650
1076.660156	-44.435173
1082.043457	-41.210110
1087.426758	-39.696495
1092.810059	-39.522141
1098.193359	-40.841217
1103.576660	-43.473579
1108.959961	-49.010189
1114.343262	-47.829136
1119.726562	-45.126785
1125.109863	-42.610775
1130.493164	-42.332932
1135.876465	-42.450260
1141.259766	-40.669910
1146.643066	-42.378567
1152.026367	-46.116249
1157.409668	-42.695278
1162.792969	-46.324471
1168.176270	-45.225929
1173.559570	-38.558311
1178.942871	-40.803978
1184.326172	-39.503166
1189.709473	-39.739086
1195.092773	-43.594902
1200.476074	-32.289257
1205.859375	-31.982374
1211.242676	-36.042534
1216.625977	-31.340893
1222.009277	-32.850388
1227.392578	-32.906319
1232.775879	-34.456806
1238.159180	-31.589954
1243.542480	-28.954712
1248.925781	-32.238560
1254.309082	-35.177753
1259.692383	-32.712082
1265.075684	-28.002699
1270.458984	-27.408484
1275.842285	-29.641939
1281.225586	-32.731182
1286.608887	-32.178780
1291.992188	-31.611837
1297.375488	-35.512512
1302.758789	-38.522247
1308.142090	-38.040142
1313.525391	-37.362869
1318.908691	-39.517307
1324.291992	-43.736889
1329.675293	-41.273724
1335.058594	-40.505169
1340.441895	-46.308537
1345.825195	-46.659046
1351.208496	-37.770607
1356.591797	-36.269073
1361.975098	-38.330658
1367.358398	-41.150837
1372.741699	-44.861404
1378.125000	-45.577572
1383.508301	-42.053940
1388.891602	-46.793076
1394.274902	-48.661797
1399.658203	-46.893852
1405.041504	-47.078587
1410.424805	-51.341759
1415.808105	-52.402802
1421.191406	-49.749271
1426.574707	-51.691521
1431.958008	-50.634468
1437.341309	-43.074692
1442.724609	-40.127396
1448.107910	-42.951866
1453.491211	-47.667347
1458.874512	-48.144615
1464.257812	-45.935429
1469.641113	-51.471077
1475.024414	-48.886295
1480.407715	-45.275227
1485.791016	-45.499569
1491.174316	-48.561855
1496.557617	-47.692638
1501.940918	-44.944763
1507.324219	-47.063244
1512.707520	-48.938107
1518.090820	-50.211140
1523.474121	-46.766708
1528.857422	-44.250191
1534.240723	-45.460594
1539.624023	-46.225010
1545.007324	-46.525974
1550.390625	-46.568329
1555.773926	-41.531769
1561.157227	-40.919308
1566.540527	-39.830296
1571.923828	-39.181522
1577.307129	-35.451847
1582.690430	-35.350224
1588.073730	-33.746738
1593.457031	-29.835238
1598.840332	-29.886042
1604.223633	-30.493877
1609.606934	-31.223896
1614.990234	-32.114624
1620.373535	-35.310146
1625.756836	-36.721733
1631.140137	-36.274158
1636.523438	-37.667622
1641.906738	-41.250519
1647.290039	-39.692337
1652.673340	-44.624962
1658.056641	-40.809830
1663.439941	-40.194935
1668.823242	-43.241768
1674.206543	-41.122589
1679.589844	-42.881134
1684.973145	-49.724327
1690.356445	-53.177067
1695.739746	-50.551105
1701.123047	-55.733597
1706.506348	-47.704731
1711.889648	-43.865005
1717.272949	-44.769936
1722.656250	-45.638657
1728.039551	-48.390884
1733.422852	-46.031113
1738.806152	-44.857784
1744.189453	-49.974136
1749.572754	-49.542736
1754.956055	-45.819855
1760.339355	-52.466743
1765.722656	-48.060650
1771.105957	-41.312851
1776.489258	-41.568180
1781.872559	-47.231743
1787.255859	-45.149014
1792.639160	-42.871582
1798.022461	-45.604210
1803.405762	-54.823273
1808.789062	-51.769688
1814.172363	-50.885857
1819.555664	-49.423038
1824.938965	-46.751022
1830.322266	-50.818996
1835.705566	-51.046616
1841.088867	-48.069664
1846.472168	-49.120441
1851.855469	-54.598736
1857.238770	-59.939640
1862.622070	-53.470234
1868.005371	-50.687244
1873.388672	-52.459572
1878.771973	-55.951401
1884.155273	-55.240356
1889.538574	-55.709316
1894.921875	-56.122066
1900.305176	-58.290810
1905.688477	-53.168526
1911.071777	-47.918659
1916.455078	-48.747105
1921.838379	-48.365124
1927.221680	-43.150181
1932.604980	-43.693737
1937.988281	-49.095341
1943.371582	-57.967190
1948.754883	-49.244892
1954.138184	-51.993313
1959.521484	-60.256550
1964.904785	-56.649582
1970.288086	-59.622971
1975.671387	-53.609993
1981.054688	-52.376606
1986.437988	-55.564789
1991.821289	-55.670761
1997.204590	-58.221851
2002.587891	-49.478977
2007.971191	-44.283405
2013.354492	-44.860012
2018.737793	-46.242489
2024.121094	-41.108501
2029.504395	-40.636909
2034.887695	-45.955509
2040.270996	-49.746723
2045.654297	-43.303104
2051.037598	-44.118015
2056.420898	-48.011017
2061.804199	-42.394123
2067.187500	-43.445919
2072.570801	-46.323845
2077.954102	-47.557850
2083.337402	-50.121780
2088.720703	-46.316303
2094.104004	-46.086723
2099.487305	-54.231926
2104.870605	-49.201172
2110.253906	-44.425201
2115.637207	-49.440090
2121.020508	-53.678272
2126.403809	-45.271057
2131.787109	-45.613880
2137.170410	-51.679840
2142.553711	-49.456978
2147.937012	-47.241997
2153.320312	-49.597603
2158.703613	-57.825127
2164.086914	-48.894768
2169.470215	-46.234791
2174.853516	-46.049988
2180.236816	-53.365967
2185.620117	-48.163578
2191.003418	-41.857594
2196.386719	-41.025948
2201.770020	-45.453457
2207.153320	-52.323223
2212.536621	-43.854675
2217.919922	-40.858299
2223.303223	-40.062916
2228.686523	-43.187813
2234.069824	-45.210484
2239.453125	-44.116646
2244.836426	-47.715202
2250.219727	-49.749489
2255.603027	-56.096462
2260.986328	-54.734627
2266.369629	-49.984146
2271.752930	-53.992527
2277.136230	-55.658741
2282.519531	-47.724072
2287.902832	-45.934429
2293.286133	-57.902706
2298.669434	-48.806789
2304.052734	-46.115112
2309.436035	-50.138031
2314.819336	-55.231297
2320.202637	-49.105705
2325.585938	-49.440361
2330.969238	-54.472633
2336.352539	-50.811958
2341.735840	-48.980820
2347.119141	-48.201271
2352.502441	-49.117519
2357.885742	-49.430241
2363.269043	-51.276890
2368.652344	-50.350155
2374.035645	-47.694698
2379.418945	-48.338379
2384.802246	-49.469223
2390.185547	-46.993656
2395.568848	-46.498699
2400.952148	-44.032223
2406.335449	-40.882008
2411.718750	-39.269409
2417.102051	-43.631275
2422.485352	-45.420773
2427.868652	-41.399860
2433.251953	-43.252789
2438.635254	-46.925991
2444.018555	-41.514832
2449.401855	-40.495987
2454.785156	-41.049854
2460.168457	-42.752430
2465.551758	-45.133804
2470.935059	-49.986206
2476.318359	-45.422222
2481.701660	-45.010353
2487.084961	-46.877804
2492.468262	-51.041027
2497.851562	-50.709061
2503.234863	-49.140900
2508.618164	-43.708954
2514.001465	-44.994003
2519.384766	-45.087666
2524.768066	-53.486336
2530.151367	-45.250507
2535.534668	-43.403793
2540.917969	-45.074844
2546.301270	-47.113697
2551.684570	-44.475071
2557.067871	-40.123661
2562.451172	-39.784824
2567.834473	-39.388840
2573.217773	-35.431225
2578.601074	-32.784851
2583.984375	-34.074696
2589.367676	-34.830040
2594.750977	-34.774754
2600.134277	-36.488983
2605.517578	-40.454147
2610.900879	-40.351074
2616.284180	-39.957218
2621.667480	-43.932472
2627.050781	-45.824020
2632.434082	-40.636524
2637.817383	-38.094002
2643.200684	-39.788914
2648.583984	-44.562107
2653.967285	-43.737404
2659.350586	-43.669647
2664.733887	-44.947437
2670.117188	-48.012215
2675.500488	-48.953964
2680.883789	-45.306595
2686.267090	-48.336266
2691.650391	-53.626343
2697.033691	-49.013222
2702.416992	-46.789597
2707.800293	-53.790516
2713.183594	-50.769474
2718.566895	-46.899303
2723.950195	-49.091244
2729.333496	-48.808216
2734.716797	-49.626678
2740.100098	-49.127007
2745.483398	-50.046268
2750.866699	-51.231388
2756.250000	-54.185699
2761.633301	-49.479073
2767.016602	-43.337002
2772.399902	-43.975967
2777.783203	-42.078537
2783.166504	-42.842216
2788.549805	-44.985470
2793.933105	-44.026089
2799.316406	-41.470997
2804.699707	-42.292824
2810.083008	-42.623920
2815.466309	-42.376144
2820.849609	-40.122608
2826.232910	-40.714802
2831.616211	-40.027527
2836.999512	-36.831028
2842.382812	-37.577469
2847.766113	-43.406616
2853.149414	-48.536083
2858.532715	-49.134624
2863.916016	-46.065853
2869.299316	-50.676414
2874.682617	-49.458439
2880.065918	-48.297501
2885.449219	-45.565178
2890.832520	-44.642921
2896.215820	-47.302795
2901.599121	-43.831612
2906.982422	-40.003918
2912.365723	-43.406902
2917.749023	-47.493996
2923.132324	-43.767040
2928.515625	-46.099972
2933.898926	-41.644604
2939.282227	-40.485245
2944.665527	-37.474789
2950.048828	-40.171406
2955.432129	-45.961834
2960.815430	-46.283630
2966.198730	-49.002037
2971.582031	-50.511673
2976.965332	-49.246059
2982.348633	-49.153793
2987.731934	-51.740284
2993.115234	-51.733150
2998.498535	-53.268154
3003.881836	-57.418827
3009.265137	-50.467819
3014.648438	-49.557232
3020.031738	-58.613449
3025.415039	-48.833229
3030.798340	-44.442280
3036.181641	-45.636295
3041.564941	-43.672871
3046.948242	-43.001163
3052.331543	-45.412388
3057.714844	-46.405247
3063.098145	-46.168526
3068.481445	-49.200138
3073.864746	-59.706902
3079.248047	-51.665039
3084.631348	-49.150524
3090.014648	-50.564514
3095.397949	-47.839157
3100.781250	-46.534637
3106.164551	-50.447960
3111.547852	-48.490044
3116.931152	-46.557224
3122.314453	-49.053158
3127.697754	-47.526009
3133.081055	-44.538349
3138.464355	-45.706421
3143.847656	-48.178856
3149.230957	-47.730343
3154.614258	-43.818127
3159.997559	-45.366428
3165.380859	-49.533619
3170.764160	-42.683968
3176.147461	-41.897861
3181.530762	-45.683270
3186.914062	-52.788467
3192.297363	-48.059433
3197.680664	-45.523552
3203.063965	-45.855896
3208.447266	-48.333950
3213.830566	-52.712059
3219.213867	-48.435955
3224.597168	-45.340031
3229.980469	-45.173199
3235.363770	-51.061863
3240.747070	-51.576801
3246.130371	-44.800240
3251.513672	-44.736900
3256.896973	-49.588455
3262.280273	-55.877987
3267.663574	-53.341209
3273.046875	-52.610943
3278.430176	-48.664314
3283.813477	-51.170654
3289.196777	-53.138794
3294.580078	-52.608479
3299.963379	-51.671764
3305.346680	-54.787575
3310.729980	-53.098263
3316.113281	-53.711697
3321.496582	-52.094635
3326.879883	-53.481789
3332.263184	-55.422108
3337.646484	-57.134575
3343.029785	-54.750431
3348.413086	-57.814415
3353.796387	-55.156960
3359.179688	-51.335312
3364.562988	-54.521717
3369.946289	-55.074345
3375.329590	-53.666878
3380.712891	-51.975574
3386.096191	-54.525723
3391.479492	-49.692978
3396.862793	-47.444633
3402.246094	-47.972637
3407.629395	-49.793697
3413.012695	-48.411854
3418.395996	-48.096519
3423.779297	-44.765240
3429.162598	-44.079338
3434.545898	-47.138351
3439.929199	-58.874126
3445.312500	-52.162674
3450.695801	-56.481522
3456.079102	-58.420834
3461.462402	-52.592255
3466.845703	-50.979370
3472.229004	-52.389233
3477.612305	-49.171417
3482.995605	-49.340069
3488.378906	-52.743320
3493.762207	-53.637447
3499.145508	-47.768536
3504.528809	-42.356792
3509.912109	-43.181023
3515.295410	-45.539265
3520.678711	-49.236847
3526.062012	-46.207363
3531.445312	-44.752972
3536.828613	-46.741669
3542.211914	-48.300289
3547.595215	-48.058281
3552.978516	-47.111259
3558.361816	-47.630272
3563.745117	-48.720661
3569.128418	-52.976299
3574.511719	-50.559185
3579.895020	-49.215492
3585.278320	-49.900574
3590.661621	-50.879398
3596.044922	-49.567291
3601.428223	-49.532597
3606.811523	-48.776432
3612.194824	-50.570599
3617.578125	-49.724648
3622.961426	-46.211193
3628.344727	-46.725765
3633.728027	-51.942383
3639.111328	-53.103699
3644.494629	-50.446064
3649.877930	-50.001598
3655.261230	-49.778271
3660.644531	-50.228439
3666.027832	-47.056965
3671.411133	-45.618950
3676.794434	-44.055813
3682.177734	-45.346550
3687.561035	-45.879059
3692.944336	-48.614944
3698.327637	-50.872021
3703.710938	-48.608303
3709.094238	-46.769451
3714.477539	-48.920738
3719.860840	-49.567009
3725.244141	-49.612019
3730.627441	-47.631058
3736.010742	-45.528934
3741.394043	-46.713596
3746.777344	-48.844734
3752.160645	-48.335396
3757.543945	-46.929859
3762.927246	-49.794136
3768.310547	-46.307331
3773.693848	-46.492924
3779.077148	-45.577526
3784.460449	-52.652020
3789.843750	-50.696255
3795.227051	-48.056347
3800.610352	-48.704506
3805.993652	-52.529320
3811.376953	-50.443451
3816.760254	-49.139515
3822.143555	-50.791786
3827.526855	-48.730438
3832.910156	-47.074139
3838.293457	-45.892372
3843.676758	-45.897537
3849.060059	-46.904243
3854.443359	-50.942940
3859.826660	-49.668106
3865.209961	-46.555477
3870.593262	-46.457150
3875.976562	-49.569172
3881.359863	-48.378014
3886.743164	-50.202805
3892.126465	-56.910248
3897.509766	-51.362846
3902.893066	-55.124237
3908.276367	-56.470970
3913.659668	-51.315662
3919.042969	-49.006176
3924.426270	-52.682449
3929.809570	-52.391319
3935.192871	-49.129189
3940.576172	-47.939190
3945.959473	-50.096268
3951.342773	-50.227497
3956.726074	-49.258266
3962.109375	-51.100677
3967.492676	-49.689350
3972.875977	-45.344948
3978.259277	-44.688747
3983.642578	-41.050613
3989.025879	-36.863834
3994.409180	-37.805187
3999.792480	-45.362732
4005.175781	-49.190075
4010.559082	-45.624439
4015.942383	-48.584305
4021.325684	-55.204357
4026.708984	-49.514816
4032.092285	-49.402378
4037.475586	-47.237934
4042.858887	-47.065792
4048.242188	-50.874428
4053.625488	-59.535500
4059.008789	-48.783737
4064.392090	-49.202049
4069.775391	-52.683052
4075.158691	-52.596184
4080.541992	-51.553394
4085.925293	-52.431988
4091.308594	-51.045116
4096.691895	-48.025448
4102.075195	-49.327225
4107.458496	-46.784351
4112.841797	-50.787460
4118.225098	-54.254452
4123.608398	-57.577957
4128.991699	-58.887680
4134.375000	-55.145390
4139.758301	-54.834137
4145.141602	-54.326927
4150.524902	-55.515106
4155.908203	-54.357609
4161.291504	-50.112637
4166.674805	-50.497318
4172.058105	-50.188015
4177.441406	-48.731407
4182.824707	-43.846046
4188.208008	-43.947701
4193.591309	-44.884861
4198.974609	-41.658436
4204.357910	-37.903755
4209.741211	-40.931992
4215.124512	-47.148495
4220.507812	-46.719219
4225.891113	-45.463024
4231.274414	-49.873486
4236.657715	-51.897686
4242.041016	-49.475159
4247.424316	-48.767315
4252.807617	-54.014889
4258.190918	-57.598019
4263.574219	-53.886753
4268.957520	-52.567657
4274.340820	-53.567818
4279.724121	-54.258560
4285.107422	-51.805660
4290.490723	-50.401966
4295.874023	-51.684643
4301.257324	-51.550022
4306.640625	-49.371693
4312.023926	-48.601875
4317.407227	-47.790070
4322.790527	-52.410107
4328.173828	-55.551849
4333.557129	-53.061268
4338.940430	-50.750420
4344.323730	-52.195198
4349.707031	-53.461800
4355.090332	-44.498085
4360.473633	-41.134178
4365.856934	-44.064457
4371.240234	-47.995762
4376.623535	-46.043163
4382.006836	-43.890244
4387.390137	-45.207413
4392.773438	-46.926891
4398.156738	-47.945362
4403.540039	-44.307697
4408.923340	-44.040627
4414.306641	-45.786957
4419.689941	-47.166321
4425.073242	-45.174992
4430.456543	-49.491230
4435.839844	-53.992615
4441.223145	-50.427631
4446.606445	-50.885479
4451.989746	-53.815971
4457.373047	-50.026440
4462.756348	-48.626045
4468.139648	-51.243015
4473.522949	-52.175320
4478.906250	-49.949532
4484.289551	-48.157349
4489.672852	-52.543537
4495.056152	-58.179531
4500.439453	-59.069489
4505.822754	-57.443649
4511.206055	-54.994980
4516.589355	-54.006115
4521.972656	-53.335674
4527.355957	-48.906029
4532.739258	-51.965038
4538.122559	-56.962971
4543.505859	-51.901474
4548.889160	-49.347710
4554.272461	-52.375587
4559.655762	-51.626236
4565.039062	-49.073032
4570.422363	-49.086952
4575.805664	-52.070427
4581.188965	-56.842014
4586.572266	-55.194397
4591.955566	-53.236458
4597.338867	-52.337708
4602.722168	-49.706955
4608.105469	-48.626907
4613.488770	-47.580029
4618.872070	-45.352665
4624.255371	-42.755421
4629.638672	-42.993927
4635.021973	-44.412823
4640.405273	-43.404274
4645.788574	-42.549820
4651.171875	-45.336040
4656.555176	-53.859337
4661.938477	-49.949421
4667.321777	-47.661942
4672.705078	-51.082924
4678.088379	-53.852859
4683.471680	-49.842815
4688.854980	-48.449242
4694.238281	-49.371475
4699.621582	-50.125710
4705.004883	-53.293217
4710.388184	-52.714958
4715.771484	-46.728622
4721.154785	-44.901299
4726.538086	-43.710327
4731.921387	-44.037422
4737.304688	-44.763863
4742.687988	-48.001724
4748.071289	-50.191685
4753.454590	-53.997826
4758.837891	-60.141701
4764.221191	-56.228851
4769.604492	-56.316296
4774.987793	-52.768547
4780.371094	-51.146191
4785.754395	-49.424461
4791.137695	-48.849895
4796.520996	-52.821110
4801.904297	-54.329891
4807.287598	-49.317425
4812.670898	-52.940094
4818.054199	-55.356979
4823.437500	-50.607281
4828.820801	-48.872684
4834.204102	-50.320450
4839.587402	-57.116108
4844.970703	-57.255859
4850.354004	-56.010426
4855.737305	-54.377815
4861.120605	-56.762348
4866.503906	-57.349617
4871.887207	-51.079437
4877.270508	-49.322491
4882.653809	-47.748466
4888.037109	-45.691578
4893.420410	-47.328236
4898.803711	-48.167202
4904.187012	-44.473858
4909.570312	-45.682529
4914.953613	-49.199059
4920.336914	-52.145905
4925.720215	-54.957138
4931.103516	-56.984058
4936.486816	-51.507561
4941.870117	-47.718613
4947.253418	-44.455502
4952.636719	-44.345764
4958.020020	-52.602684
4963.403320	-51.435486
4968.786621	-47.932709
4974.169922	-50.678989
4979.553223	-52.309494
4984.936523	-51.440666
4990.319824	-50.777641
4995.703125	-47.255375
5001.086426	-47.427612
5006.469727	-53.077347
5011.853027	-48.481468
5017.236328	-46.029999
5022.619629	-52.761223
5028.002930	-49.471352
5033.386230	-44.746914
5038.769531	-45.511448
5044.152832	-48.251644
5049.536133	-49.867512
5054.919434	-50.665783
5060.302734	-53.937229
5065.686035	-52.311329
5071.069336	-54.684879
5076.452637	-59.789047
5081.835938	-52.701973
5087.219238	-51.580795
5092.602539	-49.950161
5097.985840	-45.806782
5103.369141	-42.817562
5108.752441	-42.280415
5114.135742	-41.661232
5119.519043	-41.729752
5124.902344	-39.462654
5130.285645	-37.831375
5135.668945	-41.268211
5141.052246	-49.841785
5146.435547	-42.354244
5151.818848	-40.279217
5157.202148	-38.476521
5162.585449	-37.018143
5167.968750	-36.735744
5173.352051	-37.911320
5178.735352	-39.392384
5184.118652	-38.313126
5189.501953	-38.111767
5194.885254	-38.810802
5200.268555	-38.821136
5205.651855	-40.338707
5211.035156	-42.893913
5216.418457	-41.374763
5221.801758	-44.247883
5227.185059	-53.050461
5232.568359	-43.032700
5237.951660	-43.548046
5243.334961	-48.289658
5248.718262	-44.945633
5254.101562	-45.271999
5259.484863	-46.911999
5264.868164	-46.557064
5270.251465	-46.862782
5275.634766	-46.656925
5281.018066	-47.171806
5286.401367	-49.085102
5291.784668	-50.682804
5297.167969	-57.804623
5302.551270	-54.254414
5307.934570	-50.149696
5313.317871	-52.135681
5318.701172	-49.121365
5324.084473	-44.254814
5329.467773	-43.873055
5334.851074	-47.051895
5340.234375	-48.808853
5345.617676	-50.826942
5351.000977	-60.099106
5356.384277	-53.485325
5361.767578	-52.928761
5367.150879	-52.518219
5372.534180	-50.392525
5377.917480	-46.880257
5383.300781	-46.133064
5388.684082	-44.121342
5394.067383	-42.991589
5399.450684	-41.612808
5404.833984	-43.629204
5410.217285	-47.021935
5415.600586	-46.339897
5420.983887	-44.710938
5426.367188	-45.204117
5431.750488	-46.847157
5437.133789	-47.477917
5442.517090	-46.196678
5447.900391	-46.899925
5453.283691	-50.312283
5458.666992	-52.839100
5464.050293	-49.532589
5469.433594	-49.258270
5474.816895	-52.642368
5480.200195	-56.648102
5485.583496	-59.953403
5490.966797	-52.369461
5496.350098	-50.433052
5501.733398	-53.008755
5507.116699	-51.950321
5512.500000	-47.505692
5517.883301	-46.511646
5523.266602	-48.612068
5528.649902	-47.261024
5534.033203	-40.830730
5539.416504	-39.169083
5544.799805	-40.885605
5550.183105	-41.123463
5555.566406	-37.525620
5560.949707	-35.140678
5566.333008	-36.345943
5571.716309	-39.526157
5577.099609	-43.009460
5582.482910	-39.613434
5587.866211	-38.041737
5593.249512	-40.314735
5598.632812	-40.180897
5604.016113	-35.868717
5609.399414	-36.722355
5614.782715	-40.096497
5620.166016	-41.034260
5625.549316	-41.363491
5630.932617	-37.731144
5636.315918	-34.286762
5641.699219	-35.339245
5647.082520	-38.523125
5652.465820	-38.240261
5657.849121	-38.153557
5663.232422	-42.391129
5668.615723	-46.472015
5673.999023	-44.342274
5679.382324	-44.088036
5684.765625	-47.769894
5690.148926	-48.433632
5695.532227	-50.692898
5700.915527	-50.687824
5706.298828	-52.891262
5711.682129	-54.642422
5717.065430	-49.462467
5722.448730	-52.951237
5727.832031	-49.770554
5733.215332	-45.885689
5738.598633	-44.422501
5743.981934	-47.392159
5749.365234	-52.336849
5754.748535	-50.337135
5760.131836	-50.773445
5765.515137	-57.106926
5770.898438	-54.733353
5776.281738	-53.100826
5781.665039	-54.556381
5787.048340	-54.839699
5792.431641	-54.538227
5797.814941	-53.042244
5803.198242	-52.447342
5808.581543	-52.909218
5813.964844	-58.625084
5819.348145	-57.544018
5824.731445	-53.639500
5830.114746	-54.034271
5835.498047	-57.527596
5840.881348	-66.589523
5846.264648	-60.807491
5851.647949	-63.649349
5857.031250	-61.827847
5862.414551	-54.270767
5867.797852	-53.695549
5873.181152	-56.610725
5878.564453	-58.826332
5883.947754	-54.799122
5889.331055	-51.856575
5894.714355	-54.837593
5900.097656	-53.535622
5905.480957	-46.505299
5910.864258	-45.364937
5916.247559	-48.399467
5921.630859	-54.887913
5927.014160	-51.546497
5932.397461	-47.050533
5937.780762	-46.993504
5943.164062	-51.918354
5948.547363	-58.291576
5953.930664	-54.898434
5959.313965	-59.852493
5964.697266	-51.661667
5970.080566	-46.499752
5975.463867	-47.584538
5980.847168	-50.599056
5986.230469	-46.941921
5991.613770	-49.829185
5996.997070	-59.294106
6002.380371	-52.281548
6007.763672	-50.843029
6013.146973	-56.356651
6018.530273	-52.545784
6023.913574	-48.705441
6029.296875	-49.038670
6034.680176	-52.531876
6040.063477	-57.975380
6045.446777	-54.280113
6050.830078	-52.801868
6056.213379	-54.938904
6061.596680	-55.721420
6066.979980	-53.619328
6072.363281	-55.462158
6077.746582	-59.759541
6083.129883	-60.914360
6088.513184	-61.092899
6093.896484	-62.934589
6099.279785	-56.655464
6104.663086	-52.973373
6110.046387	-53.102776
6115.429688	-58.559662
6120.812988	-51.055763
6126.196289	-49.513996
6131.579590	-51.832767
6136.962891	-55.690941
6142.346191	-51.725857
6147.729492	-48.611790
6153.112793	-51.163391
6158.496094	-58.045982
6163.879395	-51.937256
6169.262695	-50.389702
6174.645996	-51.975258
6180.029297	-55.750130
6185.412598	-59.465076
6190.795898	-59.099422
6196.179199	-54.919792
6201.562500	-53.532562
6206.945801	-55.486664
6212.329102	-55.681103
6217.712402	-51.778950
6223.095703	-52.026215
6228.479004	-54.216133
6233.862305	-57.616459
6239.245605	-54.787697
6244.628906	-54.334499
6250.012207	-53.883087
6255.395508	-54.555664
6260.778809	-54.732594
6266.162109	-53.490829
6271.545410	-55.356216
6276.928711	-58.499851
6282.312012	-58.554951
6287.695312	-55.426506
6293.078613	-54.153736
6298.461914	-54.857750
6303.845215	-60.356995
6309.228516	-60.263569
6314.611816	-57.805367
6319.995117	-63.530933
6325.378418	-66.276093
6330.761719	-63.290428
6336.145020	-66.556000
6341.528320	-71.246353
6346.911621	-66.076828
6352.294922	-65.383873
6357.678223	-64.959984
6363.061523	-66.907578
6368.444824	-65.887375
6373.828125	-64.468048
6379.211426	-64.218491
6384.594727	-63.245956
6389.978027	-61.150040
6395.361328	-57.845310
6400.744629	-56.467224
6406.127930	-57.187019
6411.511230	-57.540630
6416.894531	-55.761463
6422.277832	-55.232765
6427.661133	-56.030937
6433.044434	-56.300961
6438.427734	-55.251823
6443.811035	-55.385368
6449.194336	-57.893414
6454.577637	-58.895191
6459.960938	-59.652283
6465.344238	-61.871403
6470.727539	-61.335640
6476.110840	-62.374260
6481.494141	-62.727570
6486.877441	-59.660362
6492.260742	-57.656353
6497.644043	-59.757580
6503.027344	-65.768669
6508.410645	-61.858009
6513.793945	-59.380688
6519.177246	-63.432247
6524.560547	-74.884224
6529.943848	-65.500771
6535.327148	-62.712936
6540.710449	-61.960613
6546.093750	-61.800381
6551.477051	-64.263901
6556.860352	-62.763981
6562.243652	-58.236988
6567.626953	-57.619755
6573.010254	-60.133579
6578.393555	-58.905807
6583.776855	-59.644371
6589.160156	-61.799259
6594.543457	-64.467842
6599.926758	-64.111771
6605.310059	-66.260323
6610.693359	-63.329502
6616.076660	-62.520775
6621.459961	-63.461224
6626.843262	-62.246639
6632.226562	-62.660660
6637.609863	-67.710335
6642.993164	-68.278328
6648.376465	-64.485168
6653.759766	-63.264130
6659.143066	-65.798958
6664.526367	-69.713608
6669.909668	-70.955101
6675.292969	-68.936722
6680.676270	-64.036209
6686.059570	-60.695080
6691.442871	-61.475647
6696.826172	-66.437943
6702.209473	-67.875282
6707.592773	-66.022507
6712.976074	-69.457008
6718.359375	-63.346252
6723.742676	-58.624325
6729.125977	-58.969280
6734.509277	-63.318287
6739.892578	-63.174210
6745.275879	-61.127926
6750.659180	-60.474480
6756.042480	-64.020676
6761.425781	-64.020393
6766.809082	-58.323677
6772.192383	-57.262005
6777.575684	-60.695545
6782.958984	-59.826759
6788.342285	-56.892826
6793.725586	-55.127354
6799.108887	-58.370094
6804.492188	-65.219185
6809.875488	-56.540897
6815.258789	-56.830990
6820.642090	-64.797447
6826.025391	-68.260178
6831.408691	-62.189461
6836.791992	-65.321442
6842.175293	-63.342068
6847.558594	-59.025257
6852.941895	-57.635448
6858.325195	-58.523392
6863.708496	-63.899406
6869.091797	-57.600018
6874.475098	-55.768902
6879.858398	-58.472874
6885.241699	-58.960083
6890.625000	-55.074757
6896.008301	-55.453724
6901.391602	-58.663086
6906.774902	-57.446606
6912.158203	-55.236477
6917.541504	-56.208572
6922.924805	-59.836163
6928.308105	-58.401466
6933.691406	-56.810246
6939.074707	-57.622757
6944.458008	-59.407394
6949.841309	-58.638496
6955.224609	-58.633991
6960.607910	-59.856045
6965.991211	-59.984428
6971.374512	-57.693817
6976.757812	-57.063473
6982.141113	-58.003807
6987.524414	-59.921940
6992.907715	-59.747013
6998.291016	-60.114727
7003.674316	-62.452366
7009.057617	-67.900650
7014.440918	-72.652405
7019.824219	-73.062492
7025.207520	-68.655510
7030.590820	-65.841232
7035.974121	-66.082214
7041.357422	-71.383057
7046.740723	-66.240303
7052.124023	-65.527153
7057.507324	-68.218277
7062.890625	-64.521088
7068.273926	-60.078270
7073.657227	-61.221333
7079.040527	-65.159950
7084.423828	-63.228306
7089.807129	-59.121552
7095.190430	-59.953365
7100.573730	-67.612732
7105.957031	-58.815411
7111.340332	-57.755821
7116.723633	-61.726902
7122.106934	-64.555984
7127.490234	-59.857090
7132.873535	-61.349045
7138.256836	-65.626289
7143.640137	-64.623070
7149.023438	-61.414036
7154.406738	-60.030792
7159.790039	-62.428192
7165.173340	-69.232719
7170.556641	-67.099060
7175.939941	-64.381744
7181.323242	-67.402802
7186.706543	-68.000114
7192.089844	-65.547310
7197.473145	-66.966881
7202.856445	-65.554214
7208.239746	-59.474606
7213.623047	-57.002018
7219.006348	-58.058132
7224.389648	-58.681484
7229.772949	-58.916912
7235.156250	-58.681774
7240.539551	-58.421524
7245.922852	-62.021572
7251.306152	-68.189323
7256.689453	-61.028336
7262.072754	-64.278107
7267.456055	-73.125023
7272.839355	-60.744694
7278.222656	-58.390038
7283.605957	-61.952557
7288.989258	-66.104759
7294.372559	-57.763268
7299.755859	-57.502979
7305.139160	-64.784294
7310.522461	-63.639530
7315.905762	-57.426022
7321.289062	-59.916286
7326.672363	-68.086601
7332.055664	-58.133808
7337.438965	-55.501762
7342.822266	-57.990936
7348.205566	-64.425529
7353.588867	-63.265514
7358.972168	-61.296017
7364.355469	-62.949432
7369.738770	-63.280113
7375.122070	-63.969978
7380.505371	-70.479622
7385.888672	-67.214607
7391.271973	-60.536037
7396.655273	-61.246506
7402.038574	-63.679077
7407.421875	-64.690872
7412.805176	-62.432632
7418.188477	-59.685646
7423.571777	-59.844738
7428.955078	-66.879509
7434.338379	-60.513607
7439.721680	-57.509197
7445.104980	-60.717880
7450.488281	-69.064728
7455.871582	-60.596130
7461.254883	-60.546448
7466.638184	-66.892456
7472.021484	-62.609695
7477.404785	-59.244621
7482.788086	-61.066181
7488.171387	-71.354080
7493.554688	-62.182316
7498.937988	-58.876339
7504.321289	-61.637165
7509.704590	-70.238503
7515.087891	-60.523735
7520.471191	-59.129669
7525.854492	-63.643970
7531.237793	-61.041210
7536.621094	-58.791309
7542.004395	-63.210850
7547.387695	-69.189957
7552.770996	-60.718784
7558.154297	-59.607697
7563.537598	-64.260040
7568.920898	-68.305496
7574.304199	-61.509773
7579.687500	-60.901009
7585.070801	-68.171494
7590.454102	-65.741386
7595.837402	-61.275879
7601.220703	-63.815716
7606.604004	-67.899620
7611.987305	-63.921196
7617.370605	-66.715187
7622.753906	-65.696884
7628.137207	-61.774994
7633.520508	-64.716515
7638.903809	-72.850784
7644.287109	-63.565178
7649.670410	-62.600483
7655.053711	-69.901009
7660.437012	-66.785233
7665.820312	-64.357468
7671.203613	-67.289917
7676.586914	-72.377045
7681.970215	-65.861000
7687.353516	-63.430328
7692.736816	-63.535973
7698.120117	-67.893913
7703.503418	-68.536873
7708.886719	-66.546173
7714.270020	-66.919861
7719.653320	-71.322937
7725.036621	-70.299271
7730.419922	-69.169296
7735.803223	-66.699730
7741.186523	-64.618599
7746.569824	-67.760330
7751.953125	-69.338196
7757.336426	-63.275410
7762.719727	-62.922436
7768.103027	-64.910362
7773.486328	-64.651627
7778.869629	-62.414650
7784.252930	-62.345989
7789.636230	-63.277603
7795.019531	-63.684017
7800.402832	-61.872692
7805.786133	-63.225510
7811.169434	-64.553345
7816.552734	-63.617138
7821.936035	-63.188908
7827.319336	-62.749847
7832.702637	-62.107807
7838.085938	-61.077633
7843.469238	-62.727154
7848.852539	-63.781666
7854.235840	-63.794361
7859.619141	-63.279739
7865.002441	-63.949959
7870.385742	-63.944408
7875.769043	-61.983372
7881.152344	-62.757545
7886.535645	-64.088852
7891.918945	-65.451790
7897.302246	-67.790413
7902.685547	-70.122299
7908.068848	-66.617752
7913.452148	-66.411781
7918.835449	-63.885468
7924.218750	-61.470642
7929.602051	-64.436050
7934.985352	-65.449120
7940.368652	-62.738316
7945.751953	-65.543472
7951.135254	-68.750420
7956.518555	-62.139400
7961.901855	-61.922874
7967.285156	-65.304733
7972.668457	-62.437519
7978.051758	-62.409534
7983.435059	-67.756317
7988.818359	-71.220413
7994.201660	-66.727829
7999.584961	-70.900627
8004.968262	-70.487747
8010.351562	-65.252586
8015.734863	-67.323158
8021.118164	-68.036888
8026.501465	-64.098587
8031.884766	-64.392319
8037.268066	-70.252014
8042.651367	-68.202477
8048.034668	-65.865852
8053.417969	-69.519707
8058.801270	-66.315102
8064.184570	-63.581306
8069.567871	-63.003479
8074.951172	-61.831455
8080.334473	-61.774593
8085.717773	-60.975037
8091.101074	-60.007439
8096.484375	-62.104092
8101.867676	-66.283981
8107.250977	-65.607155
8112.634277	-66.447678
8118.017578	-75.311676
8123.400879	-78.504898
8128.784180	-75.337906
8134.167480	-77.425674
8139.550781	-70.679642
8144.934082	-68.184380
8150.317383	-67.520668
8155.700684	-67.847740
8161.083984	-72.065926
8166.467285	-67.385284
8171.850586	-67.141891
8177.233887	-73.186325
8182.617188	-67.304886
8188.000488	-64.224709
8193.383789	-66.315018
8198.767090	-76.468361
8204.150391	-66.280617
8209.533691	-65.650375
8214.916992	-73.466293
8220.300293	-61.352600
8225.683594	-57.638546
8231.066895	-59.296227
8236.450195	-61.217445
8241.833496	-58.032574
8247.216797	-58.599625
8252.600098	-62.475380
8257.983398	-65.815369
8263.366699	-64.873833
8268.750000	-64.542000
8274.133301	-65.619354
8279.516602	-65.717590
8284.899902	-61.930241
8290.283203	-60.938187
8295.666504	-63.137722
8301.049805	-62.610371
8306.433105	-60.570087
8311.816406	-60.354557
8317.199707	-63.592407
8322.583008	-65.570328
8327.966309	-61.856258
8333.349609	-63.012436
8338.732910	-74.710129
8344.116211	-66.990273
8349.499512	-64.287178
8354.882812	-71.604523
8360.266113	-69.069946
8365.649414	-62.840542
8371.032715	-63.945099
8376.416016	-69.556503
8381.799316	-66.287949
8387.182617	-62.941803
8392.565918	-65.119324
8397.949219	-72.186516
8403.332520	-64.827797
8408.715820	-63.441429
8414.099121	-70.624992
8419.482422	-71.627121
8424.865723	-67.281837
8430.249023	-73.143295
8435.632324	-69.426796
8441.015625	-65.474792
8446.398926	-64.609589
8451.782227	-63.748188
8457.165527	-64.300323
8462.548828	-65.480034
8467.932129	-64.240967
8473.315430	-65.149315
8478.698730	-74.083633
8484.082031	-68.559509
8489.465332	-66.372879
8494.848633	-69.983040
8500.231934	-67.639191
8505.615234	-63.828743
8510.998535	-64.457024
8516.381836	-70.800606
8521.765137	-69.220871
8527.148438	-65.322441
8532.531738	-68.403099
8537.915039	-77.154457
8543.298340	-67.195427
8548.681641	-68.467514
8554.064941	-78.010895
8559.448242	-66.897614
8564.831543	-66.792892
8570.214844	-75.322884
8575.598145	-68.403603
8580.981445	-66.429451
8586.364746	-69.164429
8591.748047	-67.372345
8597.131348	-65.701523
8602.514648	-67.435646
8607.897949	-70.390518
8613.281250	-68.733841
8618.664551	-69.547676
8624.047852	-73.574226
8629.431152	-76.084557
8634.814453	-72.220634
8640.197754	-69.531380
8645.581055	-67.581802
8650.964355	-68.164688
8656.347656	-66.077133
8661.730957	-64.170906
8667.114258	-63.321407
8672.497559	-63.516666
8677.880859	-63.244946
8683.264160	-64.328476
8688.647461	-65.105812
8694.030762	-64.881203
8699.414062	-67.419052
8704.797363	-71.724632
8710.180664	-69.072258
8715.563965	-71.262474
8720.947266	-77.144035
8726.330566	-70.531776
8731.713867	-71.406227
8737.097168	-73.170517
8742.480469	-71.446701
8747.863770	-74.479904
8753.247070	-80.248627
8758.630371	-79.859169
8764.013672	-85.439484
8769.396973	-73.358353
8774.780273	-72.499504
8780.163574	-82.151772
8785.546875	-76.682953
8790.930176	-73.077545
8796.313477	-81.082550
8801.696777	-72.157356
8807.080078	-67.852165
8812.463379	-69.000214
8817.846680	-72.827477
8823.229980	-68.217377
8828.613281	-67.486916
8833.996582	-73.114899
8839.379883	-67.578957
8844.763184	-63.933296
8850.146484	-65.464485
8855.529785	-67.593567
8860.913086	-63.013332
8866.296387	-62.878647
8871.679688	-67.711494
8877.062988	-66.024597
8882.446289	-63.622715
8887.829590	-67.081146
8893.212891	-69.972328
8898.596191	-64.654419
8903.979492	-64.702805
8909.362793	-67.630180
8914.746094	-68.234390
8920.129395	-66.920395
8925.512695	-68.947296
8930.895996	-76.087929
8936.279297	-81.051697
8941.662598	-78.792336
8947.045898	-90.325195
8952.429199	-76.282822
8957.812500	-73.093895
8963.195801	-74.055901
8968.579102	-76.511238
8973.962402	-79.241707
8979.345703	-74.926826
8984.729004	-74.076088
8990.112305	-83.966408
8995.495605	-74.239876
9000.878906	-72.452431
9006.262207	-82.111961
9011.645508	-71.990379
9017.028809	-69.851021
9022.412109	-75.190742
9027.795410	-71.487465
9033.178711	-68.864319
9038.562012	-69.423492
9043.945312	-67.378006
9049.328613	-69.156693
9054.711914	-69.885391
9060.095215	-65.653091
9065.478516	-67.680992
9070.861816	-73.075386
9076.245117	-64.655090
9081.628418	-64.159370
9087.011719	-72.911591
9092.395020	-66.659210
9097.778320	-63.796116
9103.161621	-68.415573
9108.544922	-69.561165
9113.928223	-64.097511
9119.311523	-65.064240
9124.694824	-71.470322
9130.078125	-67.491310
9135.461426	-66.608582
9140.844727	-72.026535
9146.228027	-75.205833
9151.611328	-71.535431
9156.994629	-79.138054
9162.377930	-76.341469
9167.761230	-72.073898
9173.144531	-75.855522
9178.527832	-68.993042
9183.911133	-68.411400
9189.294434	-75.666573
9194.677734	-67.735130
9200.061035	-67.103806
9205.444336	-74.229439
9210.827637	-67.597763
9216.210938	-64.291077
9221.594238	-66.983475
9226.977539	-69.660736
9232.360840	-65.313568
9237.744141	-65.043411
9243.127441	-68.328468
9248.510742	-73.671768
9253.894043	-74.403206
9259.277344	-73.459465
9264.660645	-75.337807
9270.043945	-77.528633
9275.427246	-75.570114
9280.810547	-72.721527
9286.193848	-72.679001
9291.577148	-80.931847
9296.960449	-71.725044
9302.343750	-66.096115
9307.727051	-65.730263
9313.110352	-70.093323
9318.493652	-70.319923
9323.876953	-65.298798
9329.260254	-65.523697
9334.643555	-71.920830
9340.026855	-68.320915
9345.410156	-64.875252
9350.793457	-67.779289
9356.176758	-73.082191
9361.560059	-66.950813
9366.943359	-67.709328
9372.326660	-72.515709
9377.709961	-68.009598
9383.093262	-67.146904
9388.476562	-68.210167
9393.859863	-66.895851
9399.243164	-67.134995
9404.626465	-70.010178
9410.009766	-69.815933
9415.393066	-71.391357
9420.776367	-78.289177
9426.159668	-71.254898
9431.542969	-68.712311
9436.926270	-70.406372
9442.309570	-70.900551
9447.692871	-67.693840
9453.076172	-69.804512
9458.459473	-77.726913
9463.842773	-68.585419
9469.226074	-68.287102
9474.609375	-70.473526
9479.992676	-64.863472
9485.375977	-63.374104
9490.759277	-65.275688
9496.142578	-63.310719
9501.525879	-62.435917
9506.909180	-65.508858
9512.292480	-66.059586
9517.675781	-63.995850
9523.059082	-68.184860
9528.442383	-71.553894
9533.825684	-65.763290
9539.208984	-67.995811
9544.592285	-73.499084
9549.975586	-67.420731
9555.358887	-66.889801
9560.742188	-69.270538
9566.125488	-68.620979
9571.508789	-67.445183
9576.892090	-65.300194
9582.275391	-65.575531
9587.658691	-69.482285
9593.041992	-66.661194
9598.425293	-64.021187
9603.808594	-66.256126
9609.191895	-74.892601
9614.575195	-68.485481
9619.958496	-66.926636
9625.341797	-71.956718
9630.725098	-77.575012
9636.108398	-71.037514
9641.491699	-74.468750
9646.875000	-81.775703
9652.258301	-70.742256
9657.641602	-70.705635
9663.024902	-77.454414
9668.408203	-77.213158
9673.791504	-73.198578
9679.174805	-76.163986
9684.558105	-77.181946
9689.941406	-77.650589
9695.324707	-85.464386
9700.708008	-77.767807
9706.091309	-80.342041
9711.474609	-78.408859
9716.857910	-69.293884
9722.241211	-68.081612
9727.624512	-73.008438
9733.007812	-71.906441
9738.391113	-67.544594
9743.774414	-67.836105
9749.157715	-73.556801
9754.541016	-76.671539
9759.924316	-70.313148
9765.307617	-70.875610
9770.690918	-81.329437
9776.074219	-71.162582
9781.457520	-66.987549
9786.840820	-69.622681
9792.224121	-74.111794
9797.607422	-69.084145
9802.990723	-68.324539
9808.374023	-73.508492
9813.757324	-74.638039
9819.140625	-72.026329
9824.523926	-70.473282
9829.907227	-67.087273
9835.290527	-66.552063
9840.673828	-66.244530
9846.057129	-64.358513
9851.440430	-62.643116
9856.823730	-63.570309
9862.207031	-65.329292
9867.590332	-65.530258
9872.973633	-64.129326
9878.356934	-65.152565
9883.740234	-68.645309
9889.123535	-69.795647
9894.506836	-67.194130
9899.890137	-69.476395
9905.273438	-80.413696
9910.656738	-74.324478
9916.040039	-73.707916
9921.423340	-80.874237
9926.806641	-72.619553
9932.189941	-67.873413
9937.573242	-67.941948
9942.956543	-71.379135
9948.339844	-69.108742
9953.723145	-66.590942
9959.106445	-68.742256
9964.489746	-75.754425
9969.873047	-68.527237
9975.256348	-69.005836
9980.639648	-75.768646
9986.022949	-68.863297
9991.406250	-68.150536
9996.789551	-70.258904
10002.172852	-67.081772
10007.556152	-66.436882
10012.939453	-65.622803
10018.322754	-62.919174
10023.706055	-63.680786
10029.089355	-64.405670
10034.472656	-62.438820
10039.855957	-62.785336
10045.239258	-66.431541
10050.622559	-66.378632
10056.005859	-65.033745
10061.389160	-68.057915
10066.772461	-70.038506
10072.155762	-67.065392
10077.539062	-66.966026
10082.922363	-71.239708
10088.305664	-70.543671
10093.688965	-68.293358
10099.072266	-72.245308
10104.455566	-74.474991
10109.838867	-68.646751
10115.222168	-69.702560
10120.605469	-72.891663
10125.988770	-67.323334
10131.372070	-66.881035
10136.755371	-70.380363
10142.138672	-71.255699
10147.521973	-70.013824
10152.905273	-72.451408
10158.288574	-80.690926
10163.671875	-72.404427
10169.055176	-69.630447
10174.438477	-71.836731
10179.821777	-72.720146
10185.205078	-68.302086
10190.588379	-68.417130
10195.971680	-73.793739
10201.354980	-84.177673
10206.738281	-79.827675
10212.121582	-76.133942
10217.504883	-70.417938
10222.888184	-69.312569
10228.271484	-71.117180
10233.654785	-71.967819
10239.038086	-68.508942
10244.421387	-67.157875
10249.804688	-68.440544
10255.187988	-73.666595
10260.571289	-72.095909
10265.954590	-69.407043
10271.337891	-69.523926
10276.721191	-71.935249
10282.104492	-73.527504
10287.487793	-73.817390
10292.871094	-70.298149
10298.254395	-67.994896
10303.637695	-69.999313
10309.020996	-80.751205
10314.404297	-68.110466
10319.787598	-67.037415
10325.170898	-77.110527
10330.554199	-67.058548
10335.937500	-62.943260
10341.320801	-65.705276
10346.704102	-72.038155
10352.087402	-63.667946
10357.470703	-63.022404
10362.854004	-67.404167
10368.237305	-65.684174
10373.620605	-61.871109
10379.003906	-62.354786
10384.387207	-64.734978
10389.770508	-63.839962
10395.153809	-62.293480
10400.537109	-63.414146
10405.920410	-66.771805
10411.303711	-68.251099
10416.687012	-67.737556
10422.070312	-69.317757
10427.453613	-76.242058
10432.836914	-73.295700
10438.220215	-69.794800
10443.603516	-72.698593
10448.986816	-82.376511
10454.370117	-72.872910
10459.753418	-75.421249
10465.136719	-75.585327
10470.520020	-68.936722
10475.903320	-70.698509
10481.286621	-76.710167
10486.669922	-68.423447
10492.053223	-67.599518
10497.436523	-71.471222
10502.819824	-70.674355
10508.203125	-68.484344
10513.586426	-69.697861
10518.969727	-70.418945
10524.353027	-71.174088
10529.736328	-69.361351
10535.119629	-68.176598
10540.502930	-69.985115
10545.886230	-72.282204
10551.269531	-69.039238
10556.652832	-67.779854
10562.036133	-71.640282
10567.419434	-77.815994
10572.802734	-70.756310
10578.186035	-69.435608
10583.569336	-74.929977
10588.952637	-76.791260
10594.335938	-71.498878
10599.719238	-71.821861
10605.102539	-74.747261
10610.485840	-72.202377
10615.869141	-70.452690
10621.252441	-73.103493
10626.635742	-79.601715
10632.019043	-73.088051
10637.402344	-69.698120
10642.785645	-70.405426
10648.168945	-74.269577
10653.552246	-75.891792
10658.935547	-73.257294
10664.318848	-70.080246
10669.702148	-68.321045
10675.085449	-69.312096
10680.468750	-76.616928
10685.852051	-76.533928
10691.235352	-69.751602
10696.618652	-68.904633
10702.001953	-72.925629
10707.385254	-79.479897
10712.768555	-74.028656
10718.151855	-73.454155
10723.535156	-79.189133
10728.918457	-77.944656
10734.301758	-71.667534
10739.685059	-70.258575
10745.068359	-72.685265
10750.451660	-81.142914
10755.834961	-74.867752
10761.218262	-70.173004
10766.601562	-69.261719
10771.984863	-71.386452
10777.368164	-79.141899
10782.751465	-79.621773
10788.134766	-70.638863
10793.518066	-67.625710
10798.901367	-69.030945
10804.284668	-76.931953
10809.667969	-70.575943
10815.051270	-65.431145
10820.434570	-65.971069
10825.817871	-72.408195
10831.201172	-71.367630
10836.584473	-66.277901
10841.967773	-67.462021
10847.351074	-75.005852
10852.734375	-72.719635
10858.117676	-69.427490
10863.500977	-71.968735
10868.884277	-75.088181
10874.267578	-71.208977
10879.650879	-71.103844
10885.034180	-70.931114
10890.417480	-71.594559
10895.800781	-72.645325
10901.184082	-71.882050
10906.567383	-71.005310
10911.950684	-73.483566
10917.333984	-74.427338
10922.717285	-70.604866
10928.100586	-69.765961
10933.483887	-72.279236
10938.867188	-73.783218
10944.250488	-70.371513
10949.633789	-73.267059
10955.017090	-84.257248
10960.400391	-74.242210
10965.783691	-74.574661
10971.166992	-84.060982
10976.550293	-75.292526
10981.933594	-72.881371
10987.316895	-76.909813
10992.700195	-81.501251
10998.083496	-80.559166
11003.466797	-83.991989
11008.850098	-78.026344
11014.233398	-72.494514
11019.616699	-70.838341
11025.000000	-72.032616
11030.383301	-68.044495
11035.766602	-65.433983
11041.149902	-65.694183
11046.533203	-68.080315
11051.916504	-66.700401
11057.299805	-65.652466
11062.683105	-67.375946
11068.066406	-72.226051
11073.449707	-70.744942
11078.833008	-68.124374
11084.216309	-70.462372
11089.599609	-82.127731
11094.982910	-72.315285
11100.366211	-68.925804
11105.749512	-71.798805
11111.132812	-87.520233
11116.516113	-74.474922
11121.899414	-69.280479
11127.282715	-69.924744
11132.666016	-72.886650
11138.049316	-70.788544
11143.432617	-67.749947
11148.815918	-66.765259
11154.199219	-65.814354
11159.582520	-66.778664
11164.965820	-67.285507
11170.349121	-65.246483
11175.732422	-64.658096
11181.115723	-68.918724
11186.499023	-71.807213
11191.882324	-67.785278
11197.265625	-68.467339
11202.648926	-76.685310
11208.032227	-81.591095
11213.415527	-73.901634
11218.798828	-75.896927
11224.182129	-83.938896
11229.565430	-75.755157
11234.948730	-75.603271
11240.332031	-81.236794
11245.715332	-72.814545
11251.098633	-70.060623
11256.481934	-72.235977
11261.865234	-81.301392
11267.248535	-76.014816
11272.631836	-71.080208
11278.015137	-70.268417
11283.398438	-72.316002
11288.781738	-75.610573
11294.165039	-73.160683
11299.548340	-69.206337
11304.931641	-69.138405
11310.314941	-72.530113
11315.698242	-72.088463
11321.081543	-68.736824
11326.464844	-68.447174
11331.848145	-71.119682
11337.231445	-72.817902
11342.614746	-73.161606
11347.998047	-73.597488
11353.381348	-78.336243
11358.764648	-86.409332
11364.147949	-73.392410
11369.531250	-72.567085
11374.914551	-75.872009
11380.297852	-71.777939
11385.681152	-68.712975
11391.064453	-70.740135
11396.447754	-75.478127
11401.831055	-76.326668
11407.214355	-74.717865
11412.597656	-77.823189
11417.980957	-85.642166
11423.364258	-78.472977
11428.747559	-76.303764
11434.130859	-80.041183
11439.514160	-76.051025
11444.897461	-74.038757
11450.280762	-83.934204
11455.664062	-75.872559
11461.047363	-69.998222
11466.430664	-72.088493
11471.813965	-83.661339
11477.197266	-72.521545
11482.580566	-70.429199
11487.963867	-75.457260
11493.347168	-75.562103
11498.730469	-71.115532
11504.113770	-70.804169
11509.497070	-72.745667
11514.880371	-72.709442
11520.263672	-72.298759
11525.646973	-71.601753
11531.030273	-71.257263
11536.413574	-75.458168
11541.796875	-73.136154
11547.180176	-69.130013
11552.563477	-70.144142
11557.946777	-78.418190
11563.330078	-70.908493
11568.713379	-68.518364
11574.096680	-71.379364
11579.479980	-80.408005
11584.863281	-71.644638
11590.246582	-69.930901
11595.629883	-73.123886
11601.013184	-78.738838
11606.396484	-72.659660
11611.779785	-70.796593
11617.163086	-71.397827
11622.546387	-73.311966
11627.929688	-73.261620
11633.312988	-69.868027
11638.696289	-68.656250
11644.079590	-71.050369
11649.462891	-73.813560
11654.846191	-69.189308
11660.229492	-68.691391
11665.612793	-72.719597
11670.996094	-76.081131
11676.379395	-71.408768
11681.762695	-72.525536
11687.145996	-78.830444
11692.529297	-77.421967
11697.912598	-72.060951
11703.295898	-73.077507
11708.679199	-78.422493
11714.062500	-75.738609
11719.445801	-73.220131
11724.829102	-76.714798
11730.212402	-85.266075
11735.595703	-80.879417
11740.979004	-85.097427
11746.362305	-80.993355
11751.745605	-76.009972
11757.128906	-75.446678
11762.512207	-75.085014
11767.895508	-75.112389
11773.278809	-80.484543
11778.662109	-80.154282
11784.045410	-76.720123
11789.428711	-81.819489
11794.812012	-80.641922
11800.195312	-76.014709
11805.578613	-78.661934
11810.961914	-82.495117
11816.345215	-75.158600
11821.728516	-74.360466
11827.111816	-81.372154
11832.495117	-77.765007
11837.878418	-72.254066
11843.261719	-73.279419
11848.645020	-82.118225
11854.028320	-74.158936
11859.411621	-72.691269
11864.794922	-79.893677
11870.178223	-76.198402
11875.561523	-71.504150
11880.944824	-73.263428
11886.328125	-75.380836
11891.711426	-71.769203
11897.094727	-71.342789
11902.478027	-71.300316
11907.861328	-71.801781
11913.244629	-75.453003
11918.627930	-79.428322
11924.011230	-73.551331
11929.394531	-75.300591
11934.777832	-84.983360
11940.161133	-75.530457
11945.544434	-73.671677
11950.927734	-80.468399
11956.311035	-83.326874
11961.694336	-75.839317
11967.077637	-77.912193
11972.460938	-87.344437
11977.844238	-84.027306
11983.227539	-84.647316
11988.610840	-79.533066
11993.994141	-76.530891
11999.377441	-79.502625
12004.760742	-75.255058
12010.144043	-71.829475
12015.527344	-73.039558
12020.910645	-78.488373
12026.293945	-72.435783
12031.677246	-70.302490
12037.060547	-75.212547
12042.443848	-78.254211
12047.827148	-72.277855
12053.210449	-74.074715
12058.593750	-83.486496
12063.977051	-75.126297
12069.360352	-77.729645
12074.743652	-83.294952
12080.126953	-74.407501
12085.510254	-78.612572
12090.893555	-78.306717
12096.276855	-71.691605
12101.660156	-72.576485
12107.043457	-73.697289
12112.426758	-69.877296
12117.810059	-70.195534
12123.193359	-72.501274
12128.576660	-70.239342
12133.959961	-70.001877
12139.343262	-70.898346
12144.726562	-69.896065
12150.109863	-68.477081
12155.493164	-68.139610
12160.876465	-68.042847
12166.259766	-68.126190
12171.643066	-67.498718
12177.026367	-67.605766
12182.409668	-68.751038
12187.792969	-68.903893
12193.176270	-68.517647
12198.559570	-68.919266
12203.942871	-70.464088
12209.326172	-71.480316
12214.709473	-71.774132
12220.092773	-72.226357
12225.476074	-76.697838
12230.859375	-77.228218
12236.242676	-74.937706
12241.625977	-76.317085
12247.009277	-78.110458
12252.392578	-77.185036
12257.775879	-77.576790
12263.159180	-78.976349
12268.542480	-76.715492
12273.925781	-74.614555
12279.309082	-76.681831
12284.692383	-80.362976
12290.075684	-75.516891
12295.458984	-74.073036
12300.842285	-79.691177
12306.225586	-81.547371
12311.608887	-73.501999
12316.992188	-74.136574
12322.375488	-79.711098
12327.758789	-77.367485
12333.142090	-72.818626
12338.525391	-73.768021
12343.908691	-79.169640
12349.291992	-85.952126
12354.675293	-78.373177
12360.058594	-77.122986
12365.441895	-79.066170
12370.825195	-85.729744
12376.208496	-80.171425
12381.591797	-79.529961
12386.975098	-86.980064
12392.358398	-78.225410
12397.741699	-76.175316
12403.125000	-79.641022
12408.508301	-74.095009
12413.891602	-73.123680
12419.274902	-77.369400
12424.658203	-72.882111
12430.041504	-70.645630
12435.424805	-72.835762
12440.808105	-72.277374
12446.191406	-69.137871
12451.574707	-69.765572
12456.958008	-70.917221
12462.341309	-70.878044
12467.724609	-70.235123
12473.107910	-69.923714
12478.491211	-71.355751
12483.874512	-73.321823
12489.257812	-71.499168
12494.641113	-71.806580
12500.024414	-77.401268
12505.407715	-75.112167
12510.791016	-73.469673
12516.174316	-76.523842
12521.557617	-75.351707
12526.940918	-71.617188
12532.324219	-71.982887
12537.707520	-75.139420
12543.090820	-73.214409
12548.474121	-73.194405
12553.857422	-77.759720
12559.240723	-80.552010
12564.624023	-77.486694
12570.007324	-81.589043
12575.390625	-78.910973
12580.773926	-75.631706
12586.157227	-76.894951
12591.540527	-76.270409
12596.923828	-78.122742
12602.307129	-82.298233
12607.690430	-78.789848
12613.073730	-81.008957
12618.457031	-79.051521
12623.840332	-72.431641
12629.223633	-71.496010
12634.606934	-74.312004
12639.990234	-71.536919
12645.373535	-69.209366
12650.756836	-70.127441
12656.140137	-75.191994
12661.523438	-76.299477
12666.906738	-73.142799
12672.290039	-74.631569
12677.673340	-87.721687
12683.056641	-78.024948
12688.439941	-73.962555
12693.823242	-76.480751
12699.206543	-86.502419
12704.589844	-80.385979
12709.973145	-74.280998
12715.356445	-73.337051
12720.739746	-76.323265
12726.123047	-79.931442
12731.506348	-74.556412
12736.889648	-72.830925
12742.272949	-74.158897
12747.656250	-78.441795
12753.039551	-78.637611
12758.422852	-77.282394
12763.806152	-79.150085
12769.189453	-89.226585
12774.572754	-81.286674
12779.956055	-77.047722
12785.339355	-78.588043
12790.722656	-79.574081
12796.105957	-73.346878
12801.489258	-71.479004
12806.872559	-75.823097
12812.255859	-83.614372
12817.639160	-75.349800
12823.022461	-76.169006
12828.405762	-79.287674
12833.789062	-75.637375
12839.172363	-77.001854
12844.555664	-83.766312
12849.938965	-75.425125
12855.322266	-72.907066
12860.705566	-74.849174
12866.088867	-82.657173
12871.472168	-74.233528
12876.855469	-70.626694
12882.238770	-72.728340
12887.622070	-74.899323
12893.005371	-68.947960
12898.388672	-67.812531
12903.771973	-71.840347
12909.155273	-75.074989
12914.538574	-71.326233
12919.921875	-72.479782
12925.305176	-81.377281
12930.688477	-77.888565
12936.071777	-74.149925
12941.455078	-75.528030
12946.838379	-78.139717
12952.221680	-76.259865
12957.604980	-74.549629
12962.988281	-76.815147
12968.371582	-83.228554
12973.754883	-87.417274
12979.138184	-85.815094
12984.521484	-89.820137
12989.904785	-85.665253
12995.288086	-80.056595
13000.671387	-80.779953
13006.054688	-88.643631
13011.437988	-79.245697
13016.821289	-76.112190
13022.204590	-78.021858
13027.587891	-78.135033
13032.971191	-76.892258
13038.354492	-81.414299
13043.737793	-78.177513
13049.121094	-73.975609
13054.504395	-75.771202
13059.887695	-88.418930
13065.270996	-81.350807
13070.654297	-77.758179
13076.037598	-80.846466
13081.420898	-91.742050
13086.804199	-84.585533
13092.187500	-81.920006
13097.570801	-86.137169
13102.954102	-85.915047
13108.337402	-79.574310
13113.720703	-78.368523
13119.104004	-79.269264
13124.487305	-81.341179
13129.870605	-83.333000
13135.253906	-81.339600
13140.637207	-78.626122
13146.020508	-76.919884
13151.403809	-78.551186
13156.787109	-80.992294
13162.170410	-79.492035
13167.553711	-78.564972
13172.937012	-81.915741
13178.320312	-86.556587
13183.703613	-85.648033
13189.086914	-81.090660
13194.470215	-78.749481
13199.853516	-80.673729
13205.236816	-76.695374
13210.620117	-73.082855
13216.003418	-73.965080
13221.386719	-79.051117
13226.770020	-74.968056
13232.153320	-73.337730
13237.536621	-77.806763
13242.919922	-79.235619
13248.303223	-74.101257
13253.686523	-74.764900
13259.069824	-78.534996
13264.453125	-74.622955
13269.836426	-73.245361
13275.219727	-75.313164
13280.603027	-77.426620
13285.986328	-75.707161
13291.369629	-76.683731
13296.752930	-78.864494
13302.136230	-78.405273
13307.519531	-79.286041
13312.902832	-86.677841
13318.286133	-83.648567
13323.669434	-80.829872
13329.052734	-82.987946
13334.436035	-81.683289
13339.819336	-82.072281
13345.202637	-84.419853
13350.585938	-81.278702
13355.969238	-81.185097
13361.352539	-82.139801
13366.735840	-79.330040
13372.119141	-79.873680
13377.502441	-83.110825
13382.885742	-79.441162
13388.269043	-75.011482
13393.652344	-73.816010
13399.035645	-75.762062
13404.418945	-80.028748
13409.802246	-75.131760
13415.185547	-73.415283
13420.568848	-76.762558
13425.952148	-78.087898
13431.335449	-72.191971
13436.718750	-71.447357
13442.102051	-74.866768
13447.485352	-76.516624
13452.868652	-72.566429
13458.251953	-72.682709
13463.635254	-79.448967
13469.018555	-78.267647
13474.401855	-74.227173
13479.785156	-76.481842
13485.168457	-81.642593
13490.551758	-77.552887
13495.935059	-77.581474
13501.318359	-80.292412
13506.701660	-79.539421
13512.084961	-77.368332
13517.468262	-80.175713
13522.851562	-81.333862
13528.234863	-74.323944
13533.618164	-73.034012
13539.001465	-78.245560
13544.384766	-76.880661
13549.768066	-72.683090
13555.151367	-74.221764
13560.534668	-80.903915
13565.917969	-76.629929
13571.301270	-76.756241
13576.684570	-82.832954
13582.067871	-81.089005
13587.451172	-82.695770
13592.834473	-84.050484
13598.217773	-79.850525
13603.601074	-81.116577
13608.984375	-81.899414
13614.367676	-77.182930
13619.750977	-76.557671
13625.134277	-80.160339
13630.517578	-78.229553
13635.900879	-75.619194
13641.284180	-76.920280
13646.667480	-83.730049
13652.050781	-81.307777
13657.434082	-78.889389
13662.817383	-82.925728
13668.200684	-89.703926
13673.583984	-80.486763
13678.967285	-79.443901
13684.350586	-87.371765
13689.733887	-79.641365
13695.117188	-73.664062
13700.500488	-74.517090
13705.883789	-82.557877
13711.267090	-74.012711
13716.650391	-71.184578
13722.033691	-75.211205
13727.416992	-86.924866
13732.800293	-75.565491
13738.183594	-76.479912
13743.566895	-89.359985
13748.950195	-79.217743
13754.333496	-75.671562
13759.716797	-76.486092
13765.100098	-80.454285
13770.483398	-79.794823
13775.866699	-75.062584
13781.250000	-75.299599
13786.633301	-83.610992
13792.016602	-80.828979
13797.399902	-74.736816
13802.783203	-74.691833
13808.166504	-79.043747
13813.549805	-92.465599
13818.933105	-78.867531
13824.316406	-74.171722
13829.699707	-73.875931
13835.083008	-79.067612
13840.466309	-85.131233
13845.849609	-75.243019
13851.232910	-75.071808
13856.616211	-85.654915
13861.999512	-76.721054
13867.382812	-71.611206
13872.766113	-72.771996
13878.149414	-78.923569
13883.532715	-73.551186
13888.916016	-70.536621
13894.299316	-72.461517
13899.682617	-79.320618
13905.065918	-74.269028
13910.449219	-72.197197
13915.832520	-75.531967
13921.215820	-79.508934
13926.599121	-75.011505
13931.982422	-74.437607
13937.365723	-77.403481
13942.749023	-82.159454
13948.132324	-80.810562
13953.515625	-78.945473
13958.898926	-81.308784
13964.282227	-88.506668
13969.665527	-90.860283
13975.048828	-83.243721
13980.432129	-80.010880
13985.815430	-82.177376
13991.198730	-91.536018
13996.582031	-81.387085
14001.965332	-79.980148
14007.348633	-87.090630
14012.731934	-85.868332
14018.115234	-80.743141
14023.498535	-81.893814
14028.881836	-82.764755
14034.265137	-78.705162
14039.648438	-75.077095
14045.031738	-74.663193
14050.415039	-78.093712
14055.798340	-77.951523
14061.181641	-73.256577
14066.564941	-73.420494
14071.948242	-80.095993
14077.331543	-80.004982
14082.714844	-74.104103
14088.098145	-74.639473
14093.481445	-80.476860
14098.864746	-86.121819
14104.248047	-77.628708
14109.631348	-76.446869
14115.014648	-79.543510
14120.397949	-92.109444
14125.781250	-82.157516
14131.164551	-77.972832
14136.547852	-78.662193
14141.931152	-84.569565
14147.314453	-85.908768
14152.697754	-79.435394
14158.081055	-77.685814
14163.464355	-78.614624
14168.847656	-83.648727
14174.230957	-94.011017
14179.614258	-82.124214
14184.997559	-79.383141
14190.380859	-79.679359
14195.764160	-81.594673
14201.147461	-81.502075
14206.530762	-84.309433
14211.914062	-88.900566
14217.297363	-78.960747
14222.680664	-76.970108
14228.063965	-79.758148
14233.447266	-88.615532
14238.830566	-78.932289
14244.213867	-74.977837
14249.597168	-76.455215
14254.980469	-82.691658
14260.363770	-73.683800
14265.747070	-71.055626
14271.130371	-74.600754
14276.513672	-79.041641
14281.896973	-72.148689
14287.280273	-72.015594
14292.663574	-78.897781
14298.046875	-76.035355
14303.430176	-72.843758
14308.813477	-74.620941
14314.196777	-78.677338
14319.580078	-77.026962
14324.963379	-74.843307
14330.346680	-76.718323
14335.729980	-83.359268
14341.113281	-77.460938
14346.496582	-74.938286
14351.879883	-80.843964
14357.263184	-84.379021
14362.646484	-76.708977
14368.029785	-79.990623
14373.413086	-84.405602
14378.796387	-75.436424
14384.179688	-75.526108
14389.562988	-83.344185
14394.946289	-76.481544
14400.329590	-74.077583
14405.712891	-77.202660
14411.096191	-86.424812
14416.479492	-82.753075
14421.862793	-85.528923
14427.246094	-91.344604
14432.629395	-88.273170
14438.012695	-84.469070
14443.395996	-82.468269
14448.779297	-86.543076
14454.162598	-84.524506
14459.545898	-77.756996
14464.929199	-78.342010
14470.312500	-88.635521
14475.695801	-83.901428
14481.079102	-78.149864
14486.462402	-77.023682
14491.845703	-79.577782
14497.229004	-90.663025
14502.612305	-76.510445
14507.995605	-73.406059
14513.378906	-75.282600
14518.762207	-77.748390
14524.145508	-72.885025
14529.528809	-71.024269
14534.912109	-71.983742
14540.295410	-73.514214
14545.678711	-70.523445
14551.062012	-69.446754
14556.445312	-71.264786
14561.828613	-72.729050
14567.211914	-70.109627
14572.595215	-69.673393
14577.978516	-71.758034
14583.361816	-72.275070
14588.745117	-70.251045
14594.128418	-70.231499
14599.511719	-73.482361
14604.895020	-72.785065
14610.278320	-70.343872
14615.661621	-71.406395
14621.044922	-74.560585
14626.428223	-72.439491
14631.811523	-72.138885
14637.194824	-76.008141
14642.578125	-79.626053
14647.961426	-79.137154
14653.344727	-80.049187
14658.728027	-80.732773
14664.111328	-76.861465
14669.494629	-73.937866
14674.877930	-74.186966
14680.261230	-75.845894
14685.644531	-73.889053
14691.027832	-72.693794
14696.411133	-75.505020
14701.794434	-76.357910
14707.177734	-73.596024
14712.561035	-73.976929
14717.944336	-77.548409
14723.327637	-75.701385
14728.710938	-72.939278
14734.094238	-75.072746
14739.477539	-76.997101
14744.860840	-72.489281
14750.244141	-71.914513
14755.627441	-76.079872
14761.010742	-75.749481
14766.394043	-73.540375
14771.777344	-77.250481
14777.160645	-82.323891
14782.543945	-77.979019
14787.927246	-79.176384
14793.310547	-79.746750
14798.693848	-78.275154
14804.077148	-80.883614
14809.460449	-81.113945
14814.843750	-80.686195
14820.227051	-84.605400
14825.610352	-88.308655
14830.993652	-88.982918
14836.376953	-85.297859
14841.760254	-83.312317
14847.143555	-88.914085
14852.526855	-82.458099
14857.910156	-79.112228
14863.293457	-81.074677
14868.676758	-78.695473
14874.060059	-74.956375
14879.443359	-75.047325
14884.826660	-75.540390
14890.209961	-75.082985
14895.593262	-75.651825
14900.976562	-76.174423
14906.359863	-75.979309
14911.743164	-78.679680
14917.126465	-81.704353
14922.509766	-78.365028
14927.893066	-81.995499
14933.276367	-86.895477
14938.659668	-77.869186
14944.042969	-78.981873
14949.426270	-86.433472
14954.809570	-78.488739
14960.192871	-77.797310
14965.576172	-85.868965
14970.959473	-79.636963
14976.342773	-77.630905
14981.726074	-81.015465
14987.109375	-78.654510
14992.492676	-76.382225
14997.875977	-78.181267
15003.259277	-81.042961
15008.642578	-80.312927
15014.025879	-81.640785
15019.409180	-80.097008
15024.792480	-78.379791
15030.175781	-75.585632
15035.559082	-72.828804
15040.942383	-72.793846
15046.325684	-72.997177
15051.708984	-71.442482
15057.092285	-70.513832
15062.475586	-72.535484
15067.858887	-73.961960
15073.242188	-72.147522
15078.625488	-72.252884
15084.008789	-75.762856
15089.392090	-75.307869
15094.775391	-72.331444
15100.158691	-73.446823
15105.541992	-75.413307
15110.925293	-73.536568
15116.308594	-72.191589
15121.691895	-73.463753
15127.075195	-76.285103
15132.458496	-77.670891
15137.841797	-77.400414
15143.225098	-80.218399
15148.608398	-89.904533
15153.991699	-82.229271
15159.375000	-81.580093
15164.758301	-90.163330
15170.141602	-80.285591
15175.524902	-76.671448
15180.908203	-80.254745
15186.291504	-96.559090
15191.674805	-82.182007
15197.058105	-82.971001
15202.441406	-88.106705
15207.824707	-79.810242
15213.208008	-76.026001
15218.591309	-76.410439
15223.974609	-80.507004
15229.357910	-80.678459
15234.741211	-76.929359
15240.124512	-79.346031
15245.507812	-92.413322
15250.891113	-80.656212
15256.274414	-79.689911
15261.657715	-85.196487
15267.041016	-79.799805
15272.424316	-75.553978
15277.807617	-75.298248
15283.190918	-76.458656
15288.574219	-77.475899
15293.957520	-75.160835
15299.340820	-74.470726
15304.724121	-77.246643
15310.107422	-84.777870
15315.490723	-80.635445
15320.874023	-77.614586
15326.257324	-78.229057
15331.640625	-84.334671
15337.023926	-88.275467
15342.407227	-80.191719
15347.790527	-80.179695
15353.173828	-91.297737
15358.557129	-80.364197
15363.940430	-75.433479
15369.323730	-75.864479
15374.707031	-79.395676
15380.090332	-76.767769
15385.473633	-73.487305
15390.856934	-75.014778
15396.240234	-83.345726
15401.623535	-78.043472
15407.006836	-74.445122
15412.390137	-78.672836
15417.773438	-82.450363
15423.156738	-73.951904
15428.540039	-73.308144
15433.923340	-78.665070
15439.306641	-79.169991
15444.689941	-73.765129
15450.073242	-74.823639
15455.456543	-83.076805
15460.839844	-81.639267
15466.223145	-78.579514
15471.606445	-85.684883
15476.989746	-84.368866
15482.373047	-81.343414
15487.756348	-83.792450
15493.139648	-82.809196
15498.522949	-80.791374
15503.906250	-79.462784
15509.289551	-80.510643
15514.672852	-78.809052
15520.056152	-74.147217
15525.439453	-73.318062
15530.822754	-74.212029
15536.206055	-72.857330
15541.589355	-70.795235
15546.972656	-72.438110
15552.355957	-74.864822
15557.739258	-72.473427
15563.122559	-71.981895
15568.505859	-74.334396
15573.889160	-73.444412
15579.272461	-70.717613
15584.655762	-71.571915
15590.039062	-73.318352
15595.422363	-72.360733
15600.805664	-71.260963
15606.188965	-73.616585
15611.572266	-76.539291
15616.955566	-75.017128
15622.338867	-75.750999
15627.722168	-80.541504
15633.105469	-79.932220
15638.488770	-76.692223
15643.872070	-79.964783
15649.255371	-79.615112
15654.638672	-76.225136
15660.021973	-78.203438
15665.405273	-82.991409
15670.788574	-80.315567
15676.171875	-80.011475
15681.555176	-79.771133
15686.938477	-75.420197
15692.321777	-73.701363
15697.705078	-73.198418
15703.088379	-72.537971
15708.471680	-72.942696
15713.854980	-72.298599
15719.238281	-73.170479
15724.621582	-75.748688
15730.004883	-75.933395
15735.388184	-73.399673
15740.771484	-75.340958
15746.154785	-78.384666
15751.538086	-74.662766
15756.921387	-74.374207
15762.304688	-79.164871
15767.687988	-84.284508
15773.071289	-78.816322
15778.454590	-81.979416
15783.837891	-93.176033
15789.221191	-81.539619
15794.604492	-80.664307
15799.987793	-87.018517
15805.371094	-90.141350
15810.754395	-84.214729
15816.137695	-86.823235
15821.520996	-90.096931
15826.904297	-88.679619
15832.287598	-88.208633
15837.670898	-83.196213
15843.054199	-78.979210
15848.437500	-76.178040
15853.820801	-76.405846
15859.204102	-77.213707
15864.587402	-75.037766
15869.970703	-73.819229
15875.354004	-76.157425
15880.737305	-78.333664
15886.120605	-74.889923
15891.503906	-75.425186
15896.887207	-78.282600
15902.270508	-78.003899
15907.653809	-76.471992
15913.037109	-77.541931
15918.420410	-79.451485
15923.803711	-83.806976
15929.187012	-81.850952
15934.570312	-80.744560
15939.953613	-86.042442
15945.336914	-86.015968
15950.720215	-82.420822
15956.103516	-84.573448
15961.486816	-86.523109
15966.870117	-84.001305
15972.253418	-87.958252
15977.636719	-87.752846
15983.020020	-80.843742
15988.403320	-80.838020
15993.786621	-83.675453
15999.169922	-83.775505
16004.553223	-79.679222
16009.936523	-77.821152
16015.319824	-81.099983
16020.703125	-83.759018
16026.086426	-79.114571
16031.469727	-79.244499
16036.853027	-87.939735
16042.236328	-81.026192
16047.619629	-78.242508
16053.002930	-79.898628
16058.386230	-80.166191
16063.769531	-77.055641
16069.152832	-76.157280
16074.536133	-78.936050
16079.919434	-79.252724
16085.302734	-77.744972
16090.686035	-77.458832
16096.069336	-78.348480
16101.452637	-77.618645
16106.835938	-76.873260
16112.219238	-76.092392
16117.602539	-76.773880
16122.985840	-78.948067
16128.369141	-79.095268
16133.752441	-78.692993
16139.135742	-82.216721
16144.519043	-86.872215
16149.902344	-84.626007
16155.285645	-90.405754
16160.668945	-90.834717
16166.052246	-91.007339
16171.435547	-91.821442
16176.818848	-84.109604
16182.202148	-85.021194
16187.585449	-88.052017
16192.968750	-79.989029
16198.352051	-76.853027
16203.735352	-79.119713
16209.118652	-81.285492
16214.501953	-75.685791
16219.885254	-74.167831
16225.268555	-76.940895
16230.651855	-79.238297
16236.035156	-74.088158
16241.418457	-73.623917
16246.801758	-77.462166
16252.185059	-80.788490
16257.568359	-76.289589
16262.951660	-76.879753
16268.334961	-83.345970
16273.718262	-82.512337
16279.101562	-77.716293
16284.484863	-80.071815
16289.868164	-89.524048
16295.251465	-80.271996
16300.634766	-81.010750
16306.018066	-89.366592
16311.401367	-83.090675
16316.784668	-79.031654
16322.167969	-78.180374
16327.551270	-80.359566
16332.934570	-78.132271
16338.317871	-75.022408
16343.701172	-75.695343
16349.084473	-81.663002
16354.467773	-78.638786
16359.851074	-76.135956
16365.234375	-79.041870
16370.617676	-86.019791
16376.000977	-78.286545
16381.384277	-78.260330
16386.767578	-86.646057
16392.150879	-81.946518
16397.534180	-79.459969
16402.917480	-81.669479
16408.300781	-87.773285
16413.684082	-80.950340
16419.067383	-78.206146
16424.450684	-83.371101
16429.833984	-84.796555
16435.217285	-77.439209
16440.600586	-77.413445
16445.983887	-84.720978
16451.367188	-85.532829
16456.750488	-82.218246
16462.133789	-84.849907
16467.517090	-82.629066
16472.900391	-81.435394
16478.283691	-81.290176
16483.666992	-80.388481
16489.050293	-80.238182
16494.433594	-77.374832
16499.816895	-77.123787
16505.200195	-82.265274
16510.583496	-79.176056
16515.966797	-74.835625
16521.350098	-78.260651
16526.733398	-80.933418
16532.116699	-74.615715
16537.500000	-74.268585
16542.883301	-79.377419
16548.266602	-78.294540
16553.649902	-74.710136
16559.033203	-78.035057
16564.416504	-84.708916
16569.799805	-79.284988
16575.183105	-79.821999
16580.566406	-93.120827
16585.949707	-83.490433
16591.333008	-81.637360
16596.716309	-85.569031
16602.099609	-80.405708
16607.482910	-77.884903
16612.866211	-78.407722
16618.249512	-82.656410
16623.632812	-81.051346
16629.016113	-77.643539
16634.399414	-80.871399
16639.782715	-81.770668
16645.166016	-76.035378
16650.549316	-76.140724
16655.932617	-82.023010
16661.315918	-77.204102
16666.699219	-75.097137
16672.082520	-78.473686
16677.465820	-75.176849
16682.849121	-72.411064
16688.232422	-72.362389
16693.615723	-72.323120
16698.999023	-71.402718
16704.382324	-71.391548
16709.765625	-71.605331
16715.148926	-72.481941
16720.532227	-74.182831
16725.915527	-73.186264
16731.298828	-73.323677
16736.682129	-76.675766
16742.065430	-76.106613
16747.448730	-73.884705
16752.832031	-77.110825
16758.215332	-81.132973
16763.598633	-75.885017
16768.981934	-77.182655
16774.365234	-85.558823
16779.748535	-79.244781
16785.131836	-77.957825
16790.515137	-83.787880
16795.898438	-84.841476
16801.281738	-79.737396
16806.665039	-80.643074
16812.048340	-85.946571
16817.431641	-79.901611
16822.814941	-77.359428
16828.198242	-81.366653
16833.581543	-84.193451
16838.964844	-78.250038
16844.348145	-79.414314
16849.731445	-87.135307
16855.114746	-78.998833
16860.498047	-78.112000
16865.881348	-83.143997
16871.264648	-81.378532
16876.647949	-78.557167
16882.031250	-80.607697
16887.414551	-83.117821
16892.797852	-79.074821
16898.181152	-78.324501
16903.564453	-80.223267
16908.947754	-82.057098
16914.331055	-79.749580
16919.714355	-79.483574
16925.097656	-82.309135
16930.480957	-85.149712
16935.864258	-81.938179
16941.247559	-80.871178
16946.630859	-83.474045
16952.014160	-88.631660
16957.397461	-84.851067
16962.780762	-81.634270
16968.164062	-82.059708
16973.547363	-86.468330
16978.930664	-86.283546
16984.313965	-82.103256
16989.697266	-82.839043
16995.080566	-84.753159
17000.463867	-83.536026
17005.847168	-78.670181
17011.230469	-79.422218
17016.613770	-83.375626
17021.997070	-79.749695
17027.380371	-77.700203
17032.763672	-81.231689
17038.146973	-84.346146
17043.530273	-77.939217
17048.913574	-78.893196
17054.296875	-86.208847
17059.680176	-81.846664
17065.063477	-79.924072
17070.446777	-88.421730
17075.830078	-83.460999
17081.213379	-78.533234
17086.596680	-80.581596
17091.979980	-80.801392
17097.363281	-77.615891
17102.746582	-77.756172
17108.129883	-80.527428
17113.513184	-79.218292
17118.896484	-78.265259
17124.279785	-78.006203
17129.663086	-77.223732
17135.046387	-76.487694
17140.429688	-74.984055
17145.812988	-75.020187
17151.196289	-77.260986
17156.579590	-77.527298
17161.962891	-75.502342
17167.346191	-78.650085
17172.729492	-82.015022
17178.112793	-75.685432
17183.496094	-75.029564
17188.879395	-78.572319
17194.262695	-75.551064
17199.645996	-73.045593
17205.029297	-74.511971
17210.412598	-75.712845
17215.795898	-74.865303
17221.179199	-74.304649
17226.562500	-74.216049
17231.945801	-74.316994
17237.329102	-76.914215
17242.712402	-75.323036
17248.095703	-73.145561
17253.479004	-75.551003
17258.862305	-80.605247
17264.245605	-74.194321
17269.628906	-72.879128
17275.012207	-77.594643
17280.395508	-79.524391
17285.778809	-74.486359
17291.162109	-74.344254
17296.545410	-80.559006
17301.928711	-92.085266
17307.312012	-80.802231
17312.695312	-82.307549
17318.078613	-83.372459
17323.461914	-77.505737
17328.845215	-77.221245
17334.228516	-87.185196
17339.611816	-80.858078
17344.995117	-76.122986
17350.378418	-79.572525
17355.761719	-88.002922
17361.145020	-76.768219
17366.528320	-75.713226
17371.911621	-82.400574
17377.294922	-80.603081
17382.678223	-74.849419
17388.061523	-74.893799
17393.444824	-80.710251
17398.828125	-82.608620
17404.211426	-77.187599
17409.594727	-77.901993
17414.978027	-86.336189
17420.361328	-85.671883
17425.744629	-79.140839
17431.127930	-81.431732
17436.511230	-92.441216
17441.894531	-79.648209
17447.277832	-76.165665
17452.661133	-77.581871
17458.044434	-84.224411
17463.427734	-81.953682
17468.811035	-76.927872
17474.194336	-77.455109
17479.577637	-83.092262
17484.960938	-84.463470
17490.344238	-78.720741
17495.727539	-79.283607
17501.110840	-84.659111
17506.494141	-79.597168
17511.877441	-76.529152
17517.260742	-77.533691
17522.644043	-79.597923
17528.027344	-76.997269
17533.410645	-76.222252
17538.793945	-78.657555
17544.177246	-81.758965
17549.560547	-78.596054
17554.943848	-79.301819
17560.327148	-86.587807
17565.710449	-82.828926
17571.093750	-80.402000
17576.477051	-86.962723
17581.860352	-85.189140
17587.243652	-79.602730
17592.626953	-82.813759
17598.010254	-89.398613
17603.393555	-83.385406
17608.776855	-84.996193
17614.160156	-93.846436
17619.543457	-84.806458
17624.926758	-80.694252
17630.310059	-79.348312
17635.693359	-79.001991
17641.076660	-79.161400
17646.459961	-77.440506
17651.843262	-78.094978
17657.226562	-85.051682
17662.609863	-81.742584
17667.993164	-78.734535
17673.376465	-80.896103
17678.759766	-78.690254
17684.143066	-74.424919
17689.526367	-74.369415
17694.909668	-77.450500
17700.292969	-77.493782
17705.676270	-75.425758
17711.059570	-76.199402
17716.442871	-81.026077
17721.826172	-77.087433
17727.209473	-74.164238
17732.592773	-75.848763
17737.976074	-79.025780
17743.359375	-75.244423
17748.742676	-74.329018
17754.125977	-77.561203
17759.509277	-81.551834
17764.892578	-79.831085
17770.275879	-80.455627
17775.659180	-85.215561
17781.042480	-96.247559
17786.425781	-92.347847
17791.809082	-90.669075
17797.192383	-100.448196
17802.575684	-88.159576
17807.958984	-83.347923
17813.342285	-86.031548
17818.725586	-92.662132
17824.108887	-86.409676
17829.492188	-89.516045
17834.875488	-91.713181
17840.258789	-82.383110
17845.642090	-79.426491
17851.025391	-81.128578
17856.408691	-85.083954
17861.791992	-84.980988
17867.175293	-82.008972
17872.558594	-82.501976
17877.941895	-86.242897
17883.325195	-94.653717
17888.708496	-94.410027
17894.091797	-89.375237
17899.475098	-87.911919
17904.858398	-93.385315
17910.241699	-97.732445
17915.625000	-88.619850
17921.008301	-86.361481
17926.391602	-88.395966
17931.774902	-85.829163
17937.158203	-82.602516
17942.541504	-81.653656
17947.924805	-81.395088
17953.308105	-83.169678
17958.691406	-87.690659
17964.074707	-85.615067
17969.458008	-83.961288
17974.841309	-90.530197
17980.224609	-83.041313
17985.607910	-79.474991
17990.991211	-83.055176
17996.374512	-86.899681
18001.757812	-78.751404
18007.141113	-78.096687
18012.524414	-84.261086
18017.907715	-91.196701
18023.291016	-85.396004
18028.674316	-88.717644
18034.057617	-93.237541
18039.440918	-86.161568
18044.824219	-83.925179
18050.207520	-88.492920
18055.590820	-93.441574
18060.974121	-84.183502
18066.357422	-85.260078
18071.740723	-91.963127
18077.124023	-81.167534
18082.507324	-78.384514
18087.890625	-81.034927
18093.273926	-84.654022
18098.657227	-80.547462
18104.040527	-78.904701
18109.423828	-81.603943
18114.807129	-82.357605
18120.190430	-80.162575
18125.573730	-79.862106
18130.957031	-81.335007
18136.340332	-83.711449
18141.723633	-85.661743
18147.106934	-83.350189
18152.490234	-82.496284
18157.873535	-90.048477
18163.256836	-87.374481
18168.640137	-82.015221
18174.023438	-82.655571
18179.406738	-89.177414
18184.790039	-93.216431
18190.173340	-87.380409
18195.556641	-87.891533
18200.939941	-87.409828
18206.323242	-83.717216
18211.706543	-82.954140
18217.089844	-86.717995
18222.473145	-86.092865
18227.856445	-81.914391
18233.239746	-80.341354
18238.623047	-80.690971
18244.006348	-82.513580
18249.389648	-87.872749
18254.772949	-82.269814
18260.156250	-79.975212
18265.539551	-84.644135
18270.922852	-84.116791
18276.306152	-77.280312
18281.689453	-77.292160
18287.072754	-84.313042
18292.456055	-81.806816
18297.839355	-77.671715
18303.222656	-79.180305
18308.605957	-88.156998
18313.989258	-89.435608
18319.372559	-86.988602
18324.755859	-85.983665
18330.139160	-81.947075
18335.522461	-81.780861
18340.905762	-86.746071
18346.289062	-84.473404
18351.672363	-78.774330
18357.055664	-79.194984
18362.438965	-87.179573
18367.822266	-80.299744
18373.205566	-77.006241
18378.588867	-78.925957
18383.972168	-80.668709
18389.355469	-76.302170
18394.738770	-75.668938
18400.122070	-77.974121
18405.505371	-79.943459
18410.888672	-78.032661
18416.271973	-78.028648
18421.655273	-82.345329
18427.038574	-83.909088
18432.421875	-80.373207
18437.805176	-81.594917
18443.188477	-89.172691
18448.571777	-85.431953
18453.955078	-84.216293
18459.338379	-89.166969
18464.721680	-94.060852
18470.104980	-89.473640
18475.488281	-91.062553
18480.871582	-97.271698
18486.254883	-89.465813
18491.638184	-87.421158
18497.021484	-95.566116
18502.404785	-86.158669
18507.788086	-82.621986
18513.171387	-86.103729
18518.554688	-88.041710
18523.937988	-81.069344
18529.321289	-81.931686
18534.704590	-89.015373
18540.087891	-80.140663
18545.471191	-77.758080
18550.854492	-80.368332
18556.237793	-84.001610
18561.621094	-80.305328
18567.004395	-80.285187
18572.387695	-85.812912
18577.770996	-88.957054
18583.154297	-82.165138
18588.537598	-82.206245
18593.920898	-85.677078
18599.304199	-83.343819
18604.687500	-81.544090
18610.070801	-83.479004
18615.454102	-91.013855
18620.837402	-96.007141
18626.220703	-95.497238
18631.604004	-92.140167
18636.987305	-85.117165
18642.370605	-82.401680
18647.753906	-84.702751
18653.137207	-95.717110
18658.520508	-90.202164
18663.903809	-89.696724
18669.287109	-90.902710
18674.670410	-85.815369
18680.053711	-85.722198
18685.437012	-89.139931
18690.820312	-88.802246
18696.203613	-85.886879
18701.586914	-85.471497
18706.970215	-89.562386
18712.353516	-92.374138
18717.736816	-84.789001
18723.120117	-87.137032
18728.503418	-88.982193
18733.886719	-79.460007
18739.270020	-79.318169
18744.653320	-86.052544
18750.036621	-78.989502
18755.419922	-75.804420
18760.803223	-79.332726
18766.186523	-89.757561
18771.569824	-79.229416
18776.953125	-80.981606
18782.336426	-97.479668
18787.719727	-79.316841
18793.103027	-78.143478
18798.486328	-84.238396
18803.869629	-80.693230
18809.252930	-77.228249
18814.636230	-79.809006
18820.019531	-84.882217
18825.402832	-80.498108
18830.786133	-78.300056
18836.169434	-80.572021
18841.552734	-81.531219
18846.936035	-77.380959
18852.319336	-76.320892
18857.702637	-78.838890
18863.085938	-80.763924
18868.469238	-77.738503
18873.852539	-77.881516
18879.235840	-80.745979
18884.619141	-85.550659
18890.002441	-84.390419
18895.385742	-83.441910
18900.769043	-84.864410
18906.152344	-93.665176
18911.535645	-88.676949
18916.918945	-83.140068
18922.302246	-82.374664
18927.685547	-85.940964
18933.068848	-98.782433
18938.452148	-82.267204
18943.835449	-78.551720
18949.218750	-80.891335
18954.602051	-90.260155
18959.985352	-83.552505
18965.368652	-80.704903
18970.751953	-85.068527
18976.135254	-97.128456
18981.518555	-85.936195
18986.901855	-86.521469
18992.285156	-93.189667
18997.668457	-91.725609
19003.051758	-88.620842
19008.435059	-91.485718
19013.818359	-89.064156
19019.201660	-88.331955
19024.584961	-90.658875
19029.968262	-87.593330
19035.351562	-85.610985
19040.734863	-86.314133
19046.118164	-87.959717
19051.501465	-86.047546
19056.884766	-83.453186
19062.268066	-84.268433
19067.651367	-82.627762
19073.034668	-82.052574
19078.417969	-82.942604
19083.801270	-82.479866
19089.184570	-79.956581
19094.567871	-80.650124
19099.951172	-79.906517
19105.334473	-76.241257
19110.717773	-76.553116
19116.101074	-79.384750
19121.484375	-78.152977
19126.867676	-76.828896
19132.250977	-81.545258
19137.634277	-84.690926
19143.017578	-80.821129
19148.400879	-82.025772
19153.784180	-82.756409
19159.167480	-81.029953
19164.550781	-81.318253
19169.934082	-82.616554
19175.317383	-83.467133
19180.700684	-90.116516
19186.083984	-94.286980
19191.467285	-93.881523
19196.850586	-93.677200
19202.233887	-85.822105
19207.617188	-86.261406
19213.000488	-87.032341
19218.383789	-88.476013
19223.767090	-89.840874
19229.150391	-87.545311
19234.533691	-86.329651
19239.916992	-93.466507
19245.300293	-88.963745
19250.683594	-84.550163
19256.066895	-88.196182
19261.450195	-93.551422
19266.833496	-85.932426
19272.216797	-85.283241
19277.600098	-94.368599
19282.983398	-89.162918
19288.366699	-87.043221
19293.750000	-89.614449
19299.133301	-95.163528
19304.516602	-99.925774
19309.899902	-96.687622
19315.283203	-88.634186
19320.666504	-86.910072
19326.049805	-88.847206
19331.433105	-87.812088
19336.816406	-83.143684
19342.199707	-82.465775
19347.583008	-84.557999
19352.966309	-82.962540
19358.349609	-80.198959
19363.732910	-80.543144
19369.116211	-82.858902
19374.499512	-81.217293
19379.882812	-78.697548
19385.266113	-80.816010
19390.649414	-84.741203
19396.032715	-79.938904
19401.416016	-78.189293
19406.799316	-82.502472
19412.182617	-81.689232
19417.565918	-77.217293
19422.949219	-77.742561
19428.332520	-83.575874
19433.715820	-80.651482
19439.099121	-78.794991
19444.482422	-82.946320
19449.865723	-86.937027
19455.249023	-83.136261
19460.632324	-86.395668
19466.015625	-88.330261
19471.398926	-83.435776
19476.782227	-88.687073
19482.165527	-91.569199
19487.548828	-82.981964
19492.932129	-85.653618
19498.315430	-88.918602
19503.698730	-80.837234
19509.082031	-80.563423
19514.465332	-89.494713
19519.848633	-83.784866
19525.231934	-80.470421
19530.615234	-82.847481
19535.998535	-89.326035
19541.381836	-82.183990
19546.765137	-81.420609
19552.148438	-86.900681
19557.531738	-84.755585
19562.915039	-81.755875
19568.298340	-81.435326
19573.681641	-84.160049
19579.064941	-90.794716
19584.448242	-87.139046
19589.831543	-84.049484
19595.214844	-91.973198
19600.598145	-84.126213
19605.981445	-78.524765
19611.364746	-79.890678
19616.748047	-84.102348
19622.131348	-78.081680
19627.514648	-77.233574
19632.897949	-83.787460
19638.281250	-79.896233
19643.664551	-76.907715
19649.047852	-79.775772
19654.431152	-81.111221
19659.814453	-76.666878
19665.197754	-78.005791
19670.581055	-82.576859
19675.964355	-80.806602
19681.347656	-80.573921
19686.730957	-82.652412
19692.114258	-82.946587
19697.497559	-80.814926
19702.880859	-79.065254
19708.264160	-78.591476
19713.647461	-79.998314
19719.030762	-77.798546
19724.414062	-76.147774
19729.797363	-77.495171
19735.180664	-77.849785
19740.563965	-75.393112
19745.947266	-74.295959
19751.330566	-76.437294
19756.713867	-76.486084
19762.097168	-74.035355
19767.480469	-74.067520
19772.863770	-76.607162
19778.247070	-75.342308
19783.630371	-72.981445
19789.013672	-74.222557
19794.396973	-77.203186
19799.780273	-76.108521
19805.163574	-75.067146
19810.546875	-78.815224
19815.930176	-84.282906
19821.313477	-79.198708
19826.696777	-78.880615
19832.080078	-84.961197
19837.463379	-81.334915
19842.846680	-77.303482
19848.229980	-79.699097
19853.613281	-86.943153
19858.996582	-81.985603
19864.379883	-80.256401
19869.763184	-85.974899
19875.146484	-94.692047
19880.529785	-84.627983
19885.913086	-85.753716
19891.296387	-92.819061
19896.679688	-88.383179
19902.062988	-83.187325
19907.446289	-82.724091
19912.829590	-83.593040
19918.212891	-83.255577
19923.596191	-80.655655
19928.979492	-79.601082
19934.362793	-79.680031
19939.746094	-80.617073
19945.129395	-82.065865
19950.512695	-85.313736
19955.895996	-83.739204
19961.279297	-85.831261
19966.662598	-87.237251
19972.045898	-80.060402
19977.429199	-78.724113
19982.812500	-83.184265
19988.195801	-80.941177
19993.579102	-77.361076
19998.962402	-81.023895
20004.345703	-85.486336
20009.729004	-78.349045
20015.112305	-79.323135
20020.495605	-84.505302
20025.878906	-77.435432
20031.262207	-76.846451
20036.645508	-80.441032
20042.028809	-76.862968
20047.412109	-75.367287
20052.795410	-76.779732
20058.178711	-76.069901
20063.562012	-74.733994
20068.945312	-76.563438
20074.328613	-76.685143
20079.711914	-76.013222
20085.095215	-77.403893
20090.478516	-76.192284
20095.861816	-74.582909
20101.245117	-74.922958
20106.628418	-75.702599
20112.011719	-74.899628
20117.395020	-75.431061
20122.778320	-76.271286
20128.161621	-76.963913
20133.544922	-76.211960
20138.928223	-74.781937
20144.311523	-75.391899
20149.694824	-75.883644
20155.078125	-74.681168
20160.461426	-74.829155
20165.844727	-78.477585
20171.228027	-79.813438
20176.611328	-79.211220
20181.994629	-81.918854
20187.377930	-85.209511
20192.761230	-82.145584
20198.144531	-81.925987
20203.527832	-85.585335
20208.911133	-87.865143
20214.294434	-88.458801
20219.677734	-91.117683
20225.061035	-87.231911
20230.444336	-83.523903
20235.827637	-81.319107
20241.210938	-81.335091
20246.594238	-80.846024
20251.977539	-81.104164
20257.360840	-80.266190
20262.744141	-81.729454
20268.127441	-86.290215
20273.510742	-84.168648
20278.894043	-82.598145
20284.277344	-89.973656
20289.660645	-86.292847
20295.043945	-80.517105
20300.427246	-83.552444
20305.810547	-96.296555
20311.193848	-82.647781
20316.577148	-81.469337
20321.960449	-86.808304
20327.343750	-87.820358
20332.727051	-85.237450
20338.110352	-92.925049
20343.493652	-84.311188
20348.876953	-78.934944
20354.260254	-80.080948
20359.643555	-90.660759
20365.026855	-83.982445
20370.410156	-79.754364
20375.793457	-81.852753
20381.176758	-91.602219
20386.560059	-92.292542
20391.943359	-87.682869
20397.326660	-86.498955
20402.709961	-86.397888
20408.093262	-87.872192
20413.476562	-90.686180
20418.859863	-87.110931
20424.243164	-85.311874
20429.626465	-85.310333
20435.009766	-89.989365
20440.393066	-85.354347
20445.776367	-81.453575
20451.159668	-82.587601
20456.542969	-82.414864
20461.926270	-80.002029
20467.309570	-79.274635
20472.692871	-81.253212
20478.076172	-83.012375
20483.459473	-84.994507
20488.842773	-85.517288
20494.226074	-89.439430
20499.609375	-93.435547
20504.992676	-84.178886
20510.375977	-82.511765
20515.759277	-86.423645
20521.142578	-87.785660
20526.525879	-81.396561
20531.909180	-82.465019
20537.292480	-89.916527
20542.675781	-84.904373
20548.059082	-82.941681
20553.442383	-89.310318
20558.825684	-85.530685
20564.208984	-80.551140
20569.592285	-82.113640
20574.975586	-88.244598
20580.358887	-86.087967
20585.742188	-84.373055
20591.125488	-86.512177
20596.508789	-83.381264
20601.892090	-82.212936
20607.275391	-89.193901
20612.658691	-88.416168
20618.041992	-82.549423
20623.425293	-83.947739
20628.808594	-92.646027
20634.191895	-83.725838
20639.575195	-81.038506
20644.958496	-83.221046
20650.341797	-84.329018
20655.725098	-81.540131
20661.108398	-79.356949
20666.491699	-80.203094
20671.875000	-82.903824
20677.258301	-80.903114
20682.641602	-77.585426
20688.024902	-79.252037
20693.408203	-87.374435
20698.791504	-83.108513
20704.174805	-81.193031
20709.558105	-89.260048
20714.941406	-82.791153
20720.324707	-78.158989
20725.708008	-80.302292
20731.091309	-83.760078
20736.474609	-77.503746
20741.857910	-75.624130
20747.241211	-78.730888
20752.624512	-86.119942
20758.007812	-77.547081
20763.391113	-76.187057
20768.774414	-81.617706
20774.157715	-78.474213
20779.541016	-73.546524
20784.924316	-74.521408
20790.307617	-80.026627
20795.690918	-77.179253
20801.074219	-74.791870
20806.457520	-78.055901
20811.840820	-88.676239
20817.224121	-82.298767
20822.607422	-82.910637
20827.990723	-96.664833
20833.374023	-83.961349
20838.757324	-80.799332
20844.140625	-83.413551
20849.523926	-85.472099
20854.907227	-82.894875
20860.290527	-85.001022
20865.673828	-89.351105
20871.057129	-86.186958
20876.440430	-83.411140
20881.823730	-80.679901
20887.207031	-79.863037
20892.590332	-80.759735
20897.973633	-78.992203
20903.356934	-77.999359
20908.740234	-82.530685
20914.123535	-85.099945
20919.506836	-80.969383
20924.890137	-84.947914
20930.273438	-88.293053
20935.656738	-81.271019
20941.040039	-84.332253
20946.423340	-88.301971
20951.806641	-80.330490
20957.189941	-81.491791
20962.573242	-87.033012
20967.956543	-80.564461
20973.339844	-79.550972
20978.723145	-85.193726
20984.106445	-84.092857
20989.489746	-79.796242
20994.873047	-82.807594
21000.256348	-85.858849
21005.639648	-79.070503
21011.022949	-79.152359
21016.406250	-85.703453
21021.789551	-81.211388
21027.172852	-78.254364
21032.556152	-81.691139
21037.939453	-81.739716
21043.322754	-75.894104
21048.706055	-75.532211
21054.089355	-79.956444
21059.472656	-78.232056
21064.855957	-75.131409
21070.239258	-77.580833
21075.622559	-85.206345
21081.005859	-76.182671
21086.389160	-74.840019
21091.772461	-79.047409
21097.155762	-76.846695
21102.539062	-73.701477
21107.922363	-75.242073
21113.305664	-81.175133
21118.688965	-79.039818
21124.072266	-78.424767
21129.455566	-81.006371
21134.838867	-80.462700
21140.222168	-78.130493
21145.605469	-75.804169
21150.988770	-76.609993
21156.372070	-80.949577
21161.755371	-79.587898
21167.138672	-76.658829
21172.521973	-80.841103
21177.905273	-89.490501
21183.288574	-78.202934
21188.671875	-79.365067
21194.055176	-89.580437
21199.438477	-79.730309
21204.821777	-78.553146
21210.205078	-84.490143
21215.588379	-82.894333
21220.971680	-81.603905
21226.354980	-88.807907
21231.738281	-80.377647
21237.121582	-77.079964
21242.504883	-79.255402
21247.888184	-80.436775
21253.271484	-75.324455
21258.654785	-73.599190
21264.038086	-75.775177
21269.421387	-78.429420
21274.804688	-76.175148
21280.187988	-75.695206
21285.571289	-79.817490
21290.954590	-81.822990
21296.337891	-78.092972
21301.721191	-77.984589
21307.104492	-80.003357
21312.487793	-79.896965
21317.871094	-77.710068
21323.254395	-78.082260
21328.637695	-82.004990
21334.020996	-83.292633
21339.404297	-79.710602
21344.787598	-81.578056
21350.170898	-85.180672
21355.554199	-79.006088
21360.937500	-77.048996
21366.320801	-78.398048
21371.704102	-80.186813
21377.087402	-76.826721
21382.470703	-75.724846
21387.854004	-78.569138
21393.237305	-83.833046
21398.620605	-78.429222
21404.003906	-78.078850
21409.387207	-85.613976
21414.770508	-82.232483
21420.153809	-77.599709
21425.537109	-79.533485
21430.920410	-88.240288
21436.303711	-82.157654
21441.687012	-80.304710
21447.070312	-84.105049
21452.453613	-94.589027
21457.836914	-86.884552
21463.220215	-87.941200
21468.603516	-96.763863
21473.986816	-87.105125
21479.370117	-85.560936
21484.753418	-89.761719
21490.136719	-100.949631
21495.520020	-94.590164
21500.903320	-97.585625
21506.286621	-102.980782
21511.669922	-93.989075
21517.053223	-93.960655
21522.436523	-88.819534
21527.819824	-85.779770
21533.203125	-87.122063
21538.586426	-94.999001
21543.969727	-87.129143
21549.353027	-83.344124
21554.736328	-85.613365
21560.119629	-93.920860
21565.502930	-86.462616
21570.886230	-85.118683
21576.269531	-90.904449
21581.652832	-91.080246
21587.036133	-86.823311
21592.419434	-89.182579
21597.802734	-100.472908
21603.186035	-88.985527
21608.569336	-84.841637
21613.952637	-85.083588
21619.335938	-90.580986
21624.719238	-82.592094
21630.102539	-78.831230
21635.485840	-80.707504
21640.869141	-93.067749
21646.252441	-82.218353
21651.635742	-80.285622
21657.019043	-88.630226
21662.402344	-82.233864
21667.785645	-77.095284
21673.168945	-78.888329
21678.552246	-84.060791
21683.935547	-77.660789
21689.318848	-76.106987
21694.702148	-79.610886
21700.085449	-84.342415
21705.468750	-81.250351
21710.852051	-82.445000
21716.235352	-86.972885
21721.618652	-86.689690
21727.001953	-83.587173
21732.385254	-82.068535
21737.768555	-83.982933
21743.151855	-85.371155
21748.535156	-80.125931
21753.918457	-79.401039
21759.301758	-85.411026
21764.685059	-80.725746
21770.068359	-76.641602
21775.451660	-78.961632
21780.834961	-83.154816
21786.218262	-75.899208
21791.601562	-74.481575
21796.984863	-78.560410
21802.368164	-78.839493
21807.751465	-73.974419
21813.134766	-74.647964
21818.518066	-82.206909
21823.901367	-79.004883
21829.284668	-75.689590
21834.667969	-80.041489
21840.051270	-88.297684
21845.434570	-78.128204
21850.817871	-79.256355
21856.201172	-91.450462
21861.584473	-79.190186
21866.967773	-76.972282
21872.351074	-80.724533
21877.734375	-80.713234
21883.117676	-76.210060
21888.500977	-76.422150
21893.884277	-80.211777
21899.267578	-78.799339
21904.650879	-75.994171
21910.034180	-76.656120
21915.417480	-78.724937
21920.800781	-76.444237
21926.184082	-74.484024
21931.567383	-75.996864
21936.950684	-79.384750
21942.333984	-77.510353
21947.717285	-76.550056
21953.100586	-80.299011
21958.483887	-82.547531
21963.867188	-78.277374
21969.250488	-79.225372
21974.633789	-85.154182
21980.017090	-82.938911
21985.400391	-80.827103
21990.783691	-82.761520
21996.166992	-86.240982
22001.550293	-80.774475
22006.933594	-78.253464
22012.316895	-81.241585
22017.700195	-92.103798
22023.083496	-81.656006
22028.466797	-81.340111
22033.850098	-84.466003
22039.233398	-80.757843
22044.616699	-81.535606
