Frequency (Hz)	Level (dB)
5.383301	-29.078339
10.766602	-26.861170
16.149902	-25.194109
21.533203	-24.409653
26.916504	-24.330851
32.299805	-24.481823
37.683105	-24.764851
43.066406	-25.712296
48.449707	-26.450375
53.833008	-27.210133
59.216309	-28.095921
64.599609	-29.075190
69.982910	-30.119513
75.366211	-30.550802
80.749512	-31.002316
86.132812	-32.060421
91.516113	-32.909054
96.899414	-33.420914
102.282715	-34.348553
107.666016	-34.733101
113.049316	-34.714401
118.432617	-35.203651
123.815918	-35.793682
129.199219	-36.130566
134.582520	-36.296787
139.965820	-36.110310
145.349121	-35.369007
150.732422	-33.489262
156.115723	-30.504278
161.499023	-25.354931
166.882324	-22.060457
172.265625	-26.764145
177.648926	-30.418371
183.032227	-30.276567
188.415527	-30.604784
193.798828	-30.327267
199.182129	-29.922119
204.565430	-30.613239
209.948730	-30.568653
215.332031	-29.104939
220.715332	-23.399548
226.098633	-15.707896
231.481934	-11.977639
236.865234	-15.338100
242.248535	-19.410273
247.631836	-21.879219
253.015137	-24.323032
258.398438	-26.641251
263.781738	-27.152233
269.165039	-29.691360
274.548340	-32.290936
279.931641	-30.178486
285.314941	-26.977232
290.698242	-25.018270
296.081543	-24.496536
301.464844	-25.538845
306.848145	-29.386415
312.231445	-31.451153
317.614746	-29.618177
322.998047	-27.819992
328.381348	-28.391958
333.764648	-30.362413
339.147949	-29.675146
344.531250	-28.985699
349.914551	-28.549717
355.297852	-28.287359
360.681152	-27.983599
366.064453	-27.666395
371.447754	-27.541388
376.831055	-28.759281
382.214355	-30.138405
387.597656	-30.523907
392.980957	-31.183765
398.364258	-32.489212
403.747559	-34.625809
409.130859	-38.557285
414.514160	-36.798950
419.897461	-35.082684
425.280762	-34.186592
430.664062	-33.442616
436.047363	-32.849403
441.430664	-31.733280
446.813965	-29.526924
452.197266	-26.177238
457.580566	-23.114117
462.963867	-19.816257
468.347168	-19.195311
473.730469	-19.692522
479.113770	-21.890615
484.497070	-23.728428
489.880371	-23.831236
495.263672	-28.081032
500.646973	-28.041142
506.030273	-27.309076
511.413574	-25.553816
516.796875	-26.327238
522.180176	-27.014801
527.563477	-27.401184
532.946777	-27.344561
538.330078	-27.360121
543.713379	-28.395918
549.096680	-28.954748
554.479980	-30.229002
559.863281	-28.718710
565.246582	-28.735220
570.629883	-27.038927
576.013184	-25.474028
581.396484	-25.499121
586.779785	-27.920380
592.163086	-28.586330
597.546387	-28.018959
602.929688	-27.796879
608.312988	-27.612144
613.696289	-28.169071
619.079590	-27.807867
624.462891	-28.110842
629.846191	-28.719343
635.229492	-36.084808
640.612793	-38.323463
645.996094	-36.575623
651.379395	-32.601509
656.762695	-29.650202
662.145996	-26.742340
667.529297	-28.190290
672.912598	-29.819460
678.295898	-30.424757
683.679199	-31.274199
689.062500	-30.427843
694.445801	-28.391773
699.829102	-27.972427
705.212402	-29.679386
710.595703	-31.937798
715.979004	-32.769077
721.362305	-34.909760
726.745605	-36.522453
732.128906	-34.603771
737.512207	-34.224747
742.895508	-33.876244
748.278809	-33.360596
753.662109	-31.826145
759.045410	-30.705034
764.428711	-29.994070
769.812012	-27.644478
775.195312	-26.210392
780.578613	-26.053833
785.961914	-24.973255
791.345215	-24.235317
796.728516	-25.339361
802.111816	-28.281712
807.495117	-30.860880
812.878418	-30.430916
818.261719	-27.838469
823.645020	-27.878824
829.028320	-28.434454
834.411621	-28.190151
839.794922	-26.273233
845.178223	-27.856894
850.561523	-28.446671
855.944824	-27.118063
861.328125	-30.967115
866.711426	-30.079773
872.094727	-29.817673
877.478027	-33.418812
882.861328	-32.877167
888.244629	-28.661600
893.627930	-26.549204
899.011230	-24.649969
904.394531	-24.916428
909.777832	-27.058872
915.161133	-28.581074
920.544434	-30.910093
925.927734	-34.412708
931.311035	-31.687239
936.694336	-33.848911
942.077637	-33.176956
947.460938	-36.235050
952.844238	-38.940392
958.227539	-32.929104
963.610840	-33.778412
968.994141	-34.997513
974.377441	-27.453337
979.760742	-28.868950
985.144043	-24.609610
990.527344	-19.258602
995.910645	-19.162868
1001.293945	-20.701567
1006.677246	-21.500330
1012.060547	-24.229115
1017.443848	-25.817677
1022.827148	-29.191618
1028.210449	-33.028145
1033.593750	-32.865997
1038.977051	-31.970148
1044.360352	-33.357178
1049.743652	-33.532722
1055.126953	-33.290783
1060.510254	-33.757030
1065.893555	-33.919640
1071.276855	-33.063950
1076.660156	-33.805492
1082.043457	-35.065712
1087.426758	-33.052193
1092.810059	-34.331451
1098.193359	-37.351665
1103.576660	-36.934185
1108.959961	-36.132153
1114.343262	-37.076241
1119.726562	-37.709721
1125.109863	-36.983269
1130.493164	-34.684044
1135.876465	-33.229958
1141.259766	-33.629910
1146.643066	-33.095394
1152.026367	-35.363701
1157.409668	-36.247105
1162.792969	-33.677574
1168.176270	-32.638214
1173.559570	-35.109070
1178.942871	-32.749302
1184.326172	-29.404417
1189.709473	-28.075174
1195.092773	-27.077358
1200.476074	-28.357033
1205.859375	-31.317915
1211.242676	-31.231939
1216.625977	-34.528294
1222.009277	-37.558876
1227.392578	-34.967453
1232.775879	-36.172810
1238.159180	-35.412109
1243.542480	-33.478195
1248.925781	-34.429401
1254.309082	-35.681656
1259.692383	-34.666309
1265.075684	-34.165592
1270.458984	-34.447651
1275.842285	-34.504627
1281.225586	-34.770306
1286.608887	-35.985477
1291.992188	-37.867065
1297.375488	-39.597847
1302.758789	-40.666893
1308.142090	-39.027946
1313.525391	-36.927853
1318.908691	-35.211830
1324.291992	-34.027969
1329.675293	-33.468533
1335.058594	-33.148479
1340.441895	-32.878490
1345.825195	-32.524086
1351.208496	-32.588531
1356.591797	-32.705708
1361.975098	-32.682632
1367.358398	-32.752010
1372.741699	-33.382843
1378.125000	-34.402092
1383.508301	-36.344631
1388.891602	-36.961205
1394.274902	-36.537193
1399.658203	-35.418991
1405.041504	-34.371578
1410.424805	-34.124493
1415.808105	-34.287830
1421.191406	-34.798248
1426.574707	-36.680435
1431.958008	-38.882481
1437.341309	-42.765808
1442.724609	-45.591503
1448.107910	-45.716873
1453.491211	-43.716877
1458.874512	-41.639965
1464.257812	-40.194180
1469.641113	-38.751221
1475.024414	-37.748207
1480.407715	-37.624668
1485.791016	-37.493595
1491.174316	-37.428493
1496.557617	-37.911106
1501.940918	-38.240433
1507.324219	-37.888443
1512.707520	-38.914555
1518.090820	-39.139297
1523.474121	-38.823677
1528.857422	-39.720890
1534.240723	-37.525120
1539.624023	-35.863548
1545.007324	-35.577610
1550.390625	-36.157330
1555.773926	-36.010483
1561.157227	-35.976917
1566.540527	-35.109249
1571.923828	-35.993637
1577.307129	-35.895351
1582.690430	-35.985844
1588.073730	-37.521645
1593.457031	-39.271915
1598.840332	-38.426632
1604.223633	-37.506523
1609.606934	-37.104141
1614.990234	-36.892879
1620.373535	-36.965553
1625.756836	-36.759335
1631.140137	-39.512104
1636.523438	-43.858795
1641.906738	-49.365147
1647.290039	-45.352459
1652.673340	-41.434662
1658.056641	-39.594677
1663.439941	-38.543266
1668.823242	-38.125374
1674.206543	-39.126369
1679.589844	-39.656506
1684.973145	-39.713562
1690.356445	-41.793140
1695.739746	-40.710129
1701.123047	-38.389763
1706.506348	-35.735386
1711.889648	-34.511486
1717.272949	-34.392761
1722.656250	-34.211739
1728.039551	-34.197994
1733.422852	-35.188900
1738.806152	-36.375557
1744.189453	-37.783649
1749.572754	-42.061970
1754.956055	-46.091995
1760.339355	-46.210663
1765.722656	-43.984711
1771.105957	-42.384651
1776.489258	-41.760273
1781.872559	-41.290310
1787.255859	-39.037231
1792.639160	-37.296707
1798.022461	-36.728668
1803.405762	-35.796532
1808.789062	-35.245789
1814.172363	-35.913788
1819.555664	-36.086525
1824.938965	-37.002251
1830.322266	-38.612148
1835.705566	-39.737686
1841.088867	-42.028374
1846.472168	-40.480083
1851.855469	-40.330364
1857.238770	-42.040066
1862.622070	-46.285885
1868.005371	-42.957550
1873.388672	-43.549549
1878.771973	-42.689129
1884.155273	-39.066792
1889.538574	-36.450657
1894.921875	-35.601089
1900.305176	-32.269787
1905.688477	-30.383114
1911.071777	-30.740988
1916.455078	-31.956896
1921.838379	-32.141735
1927.221680	-33.264671
1932.604980	-33.328457
1937.988281	-33.122231
1943.371582	-34.392033
1948.754883	-35.243229
1954.138184	-35.246552
1959.521484	-37.286652
1964.904785	-39.353275
1970.288086	-41.520924
1975.671387	-43.911201
1981.054688	-44.161854
1986.437988	-40.682190
1991.821289	-40.610691
1997.204590	-40.473522
2002.587891	-40.098953
2007.971191	-38.339134
2013.354492	-34.920956
2018.737793	-36.084393
2024.121094	-37.760933
2029.504395	-37.590145
2034.887695	-37.189888
2040.270996	-37.377419
2045.654297	-39.706120
2051.037598	-41.241768
2056.420898	-40.787067
2061.804199	-42.575531
2067.187500	-43.809662
2072.570801	-43.678268
2077.954102	-43.430859
2083.337402	-44.175301
2088.720703	-40.029453
2094.104004	-39.822807
2099.487305	-42.116627
2104.870605	-39.968983
2110.253906	-38.786587
2115.637207	-38.315098
2121.020508	-41.442909
2126.403809	-38.951347
2131.787109	-38.872959
2137.170410	-41.138126
2142.553711	-39.917774
2147.937012	-39.258282
2153.320312	-39.841030
2158.703613	-39.374142
2164.086914	-39.896648
2169.470215	-42.012913
2174.853516	-41.127651
2180.236816	-39.323200
2185.620117	-39.411839
2191.003418	-39.698235
2196.386719	-39.258259
2201.770020	-39.015087
2207.153320	-39.005699
2212.536621	-39.816742
2217.919922	-40.276718
2223.303223	-41.501820
2228.686523	-41.871513
2234.069824	-41.560261
2239.453125	-40.725815
2244.836426	-40.701912
2250.219727	-40.821697
2255.603027	-41.363857
2260.986328	-41.764668
2266.369629	-42.325157
2271.752930	-41.914822
2277.136230	-41.359879
2282.519531	-41.987759
2287.902832	-41.862095
2293.286133	-42.115780
2298.669434	-42.599319
2304.052734	-43.904510
2309.436035	-47.965405
2314.819336	-50.816483
2320.202637	-45.019547
2325.585938	-41.710587
2330.969238	-44.704205
2336.352539	-45.746773
2341.735840	-43.948265
2347.119141	-44.215084
2352.502441	-44.312138
2357.885742	-43.005131
2363.269043	-42.736778
2368.652344	-43.125217
2374.035645	-41.800457
2379.418945	-40.297550
2384.802246	-39.738297
2390.185547	-40.407635
2395.568848	-40.512238
2400.952148	-40.668148
2406.335449	-42.856449
2411.718750	-44.428265
2417.102051	-45.598804
2422.485352	-49.107334
2427.868652	-48.586750
2433.251953	-46.994244
2438.635254	-45.614319
2444.018555	-44.764374
2449.401855	-42.833893
2454.785156	-43.777496
2460.168457	-44.005486
2465.551758	-43.021374
2470.935059	-44.157768
2476.318359	-44.107594
2481.701660	-44.173969
2487.084961	-44.384766
2492.468262	-43.846062
2497.851562	-41.705254
2503.234863	-44.804771
2508.618164	-45.097656
2514.001465	-41.410236
2519.384766	-38.554478
2524.768066	-37.977047
2530.151367	-38.312595
2535.534668	-38.120216
2540.917969	-36.812893
2546.301270	-35.678001
2551.684570	-35.966652
2557.067871	-36.573322
2562.451172	-38.682564
2567.834473	-38.479679
2573.217773	-37.340298
2578.601074	-37.757343
2583.984375	-40.164623
2589.367676	-41.998436
2594.750977	-41.245598
2600.134277	-40.413765
2605.517578	-40.447247
2610.900879	-40.809994
2616.284180	-41.265911
2621.667480	-40.858654
2627.050781	-40.606373
2632.434082	-42.044910
2637.817383	-43.774223
2643.200684	-43.819611
2648.583984	-43.041428
2653.967285	-42.360008
2659.350586	-44.426624
2664.733887	-45.047729
2670.117188	-43.290859
2675.500488	-43.447281
2680.883789	-43.792686
2686.267090	-41.220345
2691.650391	-40.146095
2697.033691	-41.208397
2702.416992	-41.126442
2707.800293	-40.074398
2713.183594	-40.465740
2718.566895	-40.475502
2723.950195	-40.952557
2729.333496	-41.382450
2734.716797	-42.109608
2740.100098	-42.684055
2745.483398	-43.085964
2750.866699	-43.749264
2756.250000	-43.530918
2761.633301	-44.038895
2767.016602	-45.355267
2772.399902	-41.571236
2777.783203	-43.001984
2783.166504	-43.051937
2788.549805	-41.928459
2793.933105	-42.087727
2799.316406	-42.569405
2804.699707	-42.708591
2810.083008	-43.314190
2815.466309	-42.629196
2820.849609	-42.614330
2826.232910	-43.766575
2831.616211	-44.089993
2836.999512	-42.996712
2842.382812	-42.557968
2847.766113	-42.026920
2853.149414	-43.004814
2858.532715	-43.926777
2863.916016	-44.958450
2869.299316	-46.539577
2874.682617	-47.927380
2880.065918	-50.339855
2885.449219	-50.665684
2890.832520	-48.849236
2896.215820	-50.371048
2901.599121	-51.126930
2906.982422	-48.479248
2912.365723	-46.894928
2917.749023	-45.639099
2923.132324	-46.325947
2928.515625	-47.808224
2933.898926	-50.210880
2939.282227	-51.737160
2944.665527	-49.316284
2950.048828	-47.717037
2955.432129	-45.309658
2960.815430	-42.937923
2966.198730	-40.934708
2971.582031	-40.152618
2976.965332	-39.429100
2982.348633	-40.751698
2987.731934	-41.269348
2993.115234	-41.058922
2998.498535	-42.717812
3003.881836	-43.428558
3009.265137	-43.032112
3014.648438	-42.830490
3020.031738	-42.769104
3025.415039	-41.538021
3030.798340	-41.816345
3036.181641	-43.811146
3041.564941	-41.707874
3046.948242	-39.787827
3052.331543	-39.963070
3057.714844	-40.445679
3063.098145	-40.956036
3068.481445	-39.328773
3073.864746	-39.427139
3079.248047	-40.716198
3084.631348	-40.790668
3090.014648	-39.250790
3095.397949	-38.372883
3100.781250	-38.352917
3106.164551	-36.926155
3111.547852	-37.174252
3116.931152	-35.933422
3122.314453	-37.052349
3127.697754	-39.399372
3133.081055	-39.629471
3138.464355	-40.907803
3143.847656	-41.303963
3149.230957	-41.368603
3154.614258	-42.806324
3159.997559	-44.819244
3165.380859	-44.026489
3170.764160	-42.144608
3176.147461	-42.444462
3181.530762	-43.677231
3186.914062	-42.768208
3192.297363	-42.197834
3197.680664	-42.213139
3203.063965	-42.244465
3208.447266	-41.817272
3213.830566	-40.938862
3219.213867	-40.912579
3224.597168	-41.102718
3229.980469	-42.027042
3235.363770	-42.471409
3240.747070	-42.251965
3246.130371	-43.366917
3251.513672	-44.263142
3256.896973	-45.654453
3262.280273	-46.012527
3267.663574	-46.250320
3273.046875	-48.152946
3278.430176	-50.037697
3283.813477	-48.174507
3289.196777	-50.528923
3294.580078	-50.787247
3299.963379	-52.031475
3305.346680	-53.143002
3310.729980	-47.994274
3316.113281	-46.835125
3321.496582	-46.984600
3326.879883	-46.254208
3332.263184	-47.105652
3337.646484	-46.786030
3343.029785	-45.797329
3348.413086	-46.505318
3353.796387	-45.410664
3359.179688	-44.978111
3364.562988	-45.221546
3369.946289	-45.266766
3375.329590	-46.809032
3380.712891	-43.430653
3386.096191	-42.220806
3391.479492	-45.034946
3396.862793	-43.149906
3402.246094	-40.935780
3407.629395	-41.563293
3413.012695	-42.066181
3418.395996	-39.648460
3423.779297	-39.605995
3429.162598	-41.033669
3434.545898	-41.652374
3439.929199	-41.604790
3445.312500	-42.801987
3450.695801	-44.233418
3456.079102	-44.947502
3461.462402	-45.608566
3466.845703	-45.926071
3472.229004	-44.346611
3477.612305	-43.390251
3482.995605	-44.153164
3488.378906	-47.381851
3493.762207	-45.639748
3499.145508	-43.576698
3504.528809	-44.367687
3509.912109	-44.886089
3515.295410	-44.023796
3520.678711	-43.169178
3526.062012	-42.393574
3531.445312	-41.688881
3536.828613	-40.474133
3542.211914	-40.560944
3547.595215	-41.795765
3552.978516	-42.123650
3558.361816	-40.556496
3563.745117	-40.794434
3569.128418	-44.401062
3574.511719	-43.103329
3579.895020	-38.210785
3585.278320	-35.367466
3590.661621	-34.048088
3596.044922	-34.748375
3601.428223	-35.970406
3606.811523	-38.470791
3612.194824	-41.715263
3617.578125	-43.744846
3622.961426	-44.598301
3628.344727	-41.219975
3633.728027	-39.969570
3639.111328	-41.725319
3644.494629	-39.986122
3649.877930	-39.467815
3655.261230	-42.338932
3660.644531	-41.353302
3666.027832	-40.227024
3671.411133	-42.130100
3676.794434	-44.162994
3682.177734	-42.229469
3687.561035	-42.362614
3692.944336	-43.274250
3698.327637	-43.993454
3703.710938	-44.336929
3709.094238	-44.723999
3714.477539	-44.835770
3719.860840	-44.015179
3725.244141	-44.773582
3730.627441	-44.488857
3736.010742	-44.426289
3741.394043	-44.944798
3746.777344	-45.313290
3752.160645	-43.569324
3757.543945	-43.889904
3762.927246	-44.525848
3768.310547	-42.712463
3773.693848	-43.750256
3779.077148	-42.685226
3784.460449	-40.781494
3789.843750	-39.362118
3795.227051	-40.034298
3800.610352	-38.477814
3805.993652	-37.354649
3811.376953	-37.991154
3816.760254	-36.686153
3822.143555	-37.045143
3827.526855	-38.747955
3832.910156	-40.317493
3838.293457	-38.713985
3843.676758	-40.198051
3849.060059	-41.851871
3854.443359	-41.440968
3859.826660	-41.942791
3865.209961	-43.484074
3870.593262	-43.106815
3875.976562	-43.285404
3881.359863	-43.780819
3886.743164	-42.643593
3892.126465	-42.306236
3897.509766	-43.767933
3902.893066	-43.503727
3908.276367	-43.962681
3913.659668	-42.805508
3919.042969	-42.219543
3924.426270	-42.643944
3929.809570	-42.101345
3935.192871	-40.725605
3940.576172	-40.592060
3945.959473	-41.640854
3951.342773	-42.672997
3956.726074	-42.528797
3962.109375	-41.615112
3967.492676	-41.199207
3972.875977	-40.951920
3978.259277	-40.667034
3983.642578	-40.093418
3989.025879	-38.074657
3994.409180	-36.808723
3999.792480	-36.756134
4005.175781	-39.334156
4010.559082	-40.905502
4015.942383	-40.632565
4021.325684	-40.809216
4026.708984	-42.563915
4032.092285	-43.853935
4037.475586	-44.388832
4042.858887	-46.703941
4048.242188	-45.685390
4053.625488	-45.040592
4059.008789	-45.422443
4064.392090	-46.375637
4069.775391	-45.740097
4075.158691	-44.552639
4080.541992	-45.122471
4085.925293	-46.699360
4091.308594	-47.001450
4096.691895	-46.929447
4102.075195	-45.506790
4107.458496	-44.868313
4112.841797	-44.610085
4118.225098	-44.796566
4123.608398	-44.310402
4128.991699	-44.243309
4134.375000	-45.009007
4139.758301	-47.060543
4145.141602	-48.945065
4150.524902	-49.682610
4155.908203	-50.631508
4161.291504	-49.480541
4166.674805	-48.856606
4172.058105	-47.291882
4177.441406	-45.862347
4182.824707	-45.565933
4188.208008	-46.581390
4193.591309	-45.730988
4198.974609	-43.518230
4204.357910	-42.765709
4209.741211	-44.538651
4215.124512	-44.455151
4220.507812	-44.058125
4225.891113	-46.243496
4231.274414	-44.215679
4236.657715	-43.122353
4242.041016	-49.349236
4247.424316	-48.579571
4252.807617	-46.285904
4258.190918	-48.772686
4263.574219	-51.995785
4268.957520	-50.379360
4274.340820	-52.527462
4279.724121	-47.294857
4285.107422	-46.571522
4290.490723	-50.401276
4295.874023	-56.507305
4301.257324	-52.517464
4306.640625	-49.037056
4312.023926	-46.039974
4317.407227	-43.734905
4322.790527	-42.375931
4328.173828	-41.122242
4333.557129	-40.102268
4338.940430	-39.724018
4344.323730	-39.508675
4349.707031	-39.249081
4355.090332	-39.497040
4360.473633	-39.851543
4365.856934	-40.011837
4371.240234	-41.092758
4376.623535	-42.112137
4382.006836	-42.137444
4387.390137	-42.973301
4392.773438	-45.278145
4398.156738	-45.091526
4403.540039	-44.139389
4408.923340	-44.407974
4414.306641	-44.664936
4419.689941	-43.795593
4425.073242	-44.010902
4430.456543	-44.510166
4435.839844	-44.421894
4441.223145	-45.205189
4446.606445	-45.225716
4451.989746	-45.404358
4457.373047	-46.665497
4462.756348	-45.636879
4468.139648	-45.551014
4473.522949	-46.322491
4478.906250	-45.338825
4484.289551	-43.967976
4489.672852	-44.918812
4495.056152	-45.091637
4500.439453	-46.600128
4505.822754	-47.675217
4511.206055	-46.875664
4516.589355	-50.064461
4521.972656	-52.242409
4527.355957	-51.392437
4532.739258	-55.985798
4538.122559	-49.613266
4543.505859	-46.839306
4548.889160	-47.303238
4554.272461	-45.792233
4559.655762	-44.401131
4565.039062	-44.083023
4570.422363	-43.348270
4575.805664	-42.439152
4581.188965	-42.522938
4586.572266	-42.276264
4591.955566	-42.197105
4597.338867	-43.336208
4602.722168	-44.236683
4608.105469	-44.719948
4613.488770	-45.059711
4618.872070	-44.739658
4624.255371	-44.873894
4629.638672	-47.311028
4635.021973	-47.973980
4640.405273	-44.485191
4645.788574	-45.107273
4651.171875	-48.166325
4656.555176	-46.734325
4661.938477	-46.426388
4667.321777	-49.176647
4672.705078	-48.752640
4678.088379	-46.461445
4683.471680	-48.493633
4688.854980	-46.723965
4694.238281	-44.441872
4699.621582	-44.219971
4705.004883	-44.003609
4710.388184	-44.444965
4715.771484	-43.236412
4721.154785	-42.874832
4726.538086	-44.114048
4731.921387	-45.569996
4737.304688	-44.606594
4742.687988	-44.609741
4748.071289	-46.990562
4753.454590	-46.715389
4758.837891	-46.348072
4764.221191	-46.854153
4769.604492	-45.358246
4774.987793	-45.150776
4780.371094	-45.117863
4785.754395	-45.428329
4791.137695	-43.807129
4796.520996	-43.399494
4801.904297	-44.267429
4807.287598	-43.914646
4812.670898	-43.274765
4818.054199	-44.004444
4823.437500	-43.660526
4828.820801	-41.585751
4834.204102	-41.913692
4839.587402	-42.056030
4844.970703	-39.770535
4850.354004	-39.150944
4855.737305	-40.753586
4861.120605	-41.866272
4866.503906	-41.107079
4871.887207	-41.115818
4877.270508	-43.425343
4882.653809	-47.940056
4888.037109	-47.509079
4893.420410	-44.717373
4898.803711	-45.567894
4904.187012	-48.091549
4909.570312	-43.473778
4914.953613	-42.653965
4920.336914	-45.531277
4925.720215	-48.575371
4931.103516	-49.440598
4936.486816	-50.257217
4941.870117	-47.921978
4947.253418	-48.587688
4952.636719	-51.964893
4958.020020	-52.858292
4963.403320	-49.604790
4968.786621	-52.103470
4974.169922	-54.579826
4979.553223	-56.277309
4984.936523	-52.927971
4990.319824	-52.610638
4995.703125	-53.753719
5001.086426	-52.041527
5006.469727	-48.488430
5011.853027	-47.246971
5017.236328	-45.875195
5022.619629	-42.829567
5028.002930	-43.451878
5033.386230	-42.236916
5038.769531	-41.565517
5044.152832	-41.105011
5049.536133	-41.151955
5054.919434	-42.497704
5060.302734	-41.727413
5065.686035	-43.563744
5071.069336	-45.673443
5076.452637	-48.507133
5081.835938	-43.358391
5087.219238	-46.294605
5092.602539	-50.380970
5097.985840	-46.479557
5103.369141	-47.709602
5108.752441	-48.177422
5114.135742	-47.466778
5119.519043	-47.612198
5124.902344	-48.217117
5130.285645	-48.275791
5135.668945	-48.821281
5141.052246	-48.736263
5146.435547	-48.124355
5151.818848	-49.392120
5157.202148	-49.777863
5162.585449	-45.983162
5167.968750	-47.322239
5173.352051	-48.838707
5178.735352	-47.464783
5184.118652	-48.426899
5189.501953	-47.309349
5194.885254	-45.863163
5200.268555	-45.547592
5205.651855	-49.675129
5211.035156	-46.713604
5216.418457	-49.041821
5221.801758	-45.068539
5227.185059	-43.381477
5232.568359	-44.612751
5237.951660	-41.867790
5243.334961	-41.817642
5248.718262	-42.327393
5254.101562	-41.842113
5259.484863	-41.997326
5264.868164	-43.442822
5270.251465	-43.770378
5275.634766	-43.060875
5281.018066	-44.846813
5286.401367	-45.832916
5291.784668	-46.097820
5297.167969	-46.071075
5302.551270	-45.603092
5307.934570	-45.627720
5313.317871	-46.549110
5318.701172	-47.120392
5324.084473	-47.542606
5329.467773	-46.322807
5334.851074	-44.811028
5340.234375	-47.485466
5345.617676	-47.279396
5351.000977	-44.469696
5356.384277	-45.008572
5361.767578	-46.100147
5367.150879	-45.480335
5372.534180	-45.288097
5377.917480	-45.420769
5383.300781	-43.542950
5388.684082	-43.902031
5394.067383	-44.681267
5399.450684	-43.869026
5404.833984	-43.371193
5410.217285	-44.684708
5415.600586	-46.005199
5420.983887	-46.119465
5426.367188	-45.937443
5431.750488	-47.708771
5437.133789	-46.866425
5442.517090	-46.384270
5447.900391	-50.675751
5453.283691	-45.718830
5458.666992	-43.301979
5464.050293	-45.882156
5469.433594	-48.920383
5474.816895	-45.799206
5480.200195	-44.491764
5485.583496	-44.532467
5490.966797	-45.924564
5496.350098	-46.984219
5501.733398	-46.397327
5507.116699	-44.186180
5512.500000	-43.440842
5517.883301	-44.846889
5523.266602	-47.252609
5528.649902	-45.852577
5534.033203	-43.807526
5539.416504	-44.107807
5544.799805	-47.104340
5550.183105	-47.546951
5555.566406	-47.239880
5560.949707	-45.299095
5566.333008	-46.246384
5571.716309	-48.506935
5577.099609	-48.410889
5582.482910	-47.839939
5587.866211	-49.140884
5593.249512	-47.323288
5598.632812	-48.130772
5604.016113	-54.154140
5609.399414	-51.770107
5614.782715	-48.535122
5620.166016	-51.605133
5625.549316	-55.049980
5630.932617	-53.516125
5636.315918	-52.787231
5641.699219	-50.734577
5647.082520	-50.028976
5652.465820	-49.354382
5657.849121	-48.002892
5663.232422	-48.924530
5668.615723	-51.716930
5673.999023	-51.724113
5679.382324	-47.757320
5684.765625	-46.746445
5690.148926	-46.535824
5695.532227	-46.015221
5700.915527	-44.878109
5706.298828	-44.110683
5711.682129	-43.182713
5717.065430	-42.524609
5722.448730	-42.692795
5727.832031	-42.640858
5733.215332	-41.791203
5738.598633	-41.699757
5743.981934	-42.125507
5749.365234	-42.525593
5754.748535	-42.764835
5760.131836	-43.753944
5765.515137	-45.376835
5770.898438	-46.903095
5776.281738	-50.383411
5781.665039	-53.278759
5787.048340	-51.777966
5792.431641	-53.802719
5797.814941	-58.817703
5803.198242	-55.032539
5808.581543	-54.141781
5813.964844	-54.590607
5819.348145	-56.289539
5824.731445	-57.768932
5830.114746	-55.488163
5835.498047	-52.098618
5840.881348	-50.413883
5846.264648	-50.185127
5851.647949	-48.990078
5857.031250	-47.425301
5862.414551	-48.070988
5867.797852	-48.135784
5873.181152	-49.281055
5878.564453	-51.031651
5883.947754	-51.591972
5889.331055	-49.655266
5894.714355	-49.819736
5900.097656	-50.113873
5905.480957	-48.712364
5910.864258	-47.187160
5916.247559	-46.361507
5921.630859	-45.983826
5927.014160	-45.801945
5932.397461	-45.618561
5937.780762	-44.930923
5943.164062	-44.608654
5948.547363	-44.258053
5953.930664	-43.796051
5959.313965	-44.381046
5964.697266	-45.009121
5970.080566	-45.204693
5975.463867	-45.592327
5980.847168	-46.182377
5986.230469	-47.555576
5991.613770	-48.125538
5996.997070	-47.486706
6002.380371	-47.939945
6007.763672	-48.752850
6013.146973	-48.399872
6018.530273	-49.840656
6023.913574	-51.256714
6029.296875	-50.808582
6034.680176	-51.561035
6040.063477	-55.263603
6045.446777	-56.001904
6050.830078	-54.530434
6056.213379	-54.896252
6061.596680	-54.493973
6066.979980	-52.613064
6072.363281	-51.044315
6077.746582	-50.580231
6083.129883	-49.574135
6088.513184	-48.355335
6093.896484	-47.397324
6099.279785	-46.369274
6104.663086	-46.016586
6110.046387	-45.654648
6115.429688	-45.417648
6120.812988	-45.150417
6126.196289	-45.382584
6131.579590	-45.736816
6136.962891	-45.843410
6142.346191	-46.306561
6147.729492	-46.553356
6153.112793	-47.573650
6158.496094	-49.309238
6163.879395	-50.090572
6169.262695	-50.610996
6174.645996	-51.902668
6180.029297	-53.735306
6185.412598	-53.441158
6190.795898	-52.366428
6196.179199	-54.772945
6201.562500	-55.907631
6206.945801	-55.826435
6212.329102	-54.740940
6217.712402	-58.378403
6223.095703	-55.462776
6228.479004	-54.657150
6233.862305	-57.806648
6239.245605	-55.972122
6244.628906	-53.815033
6250.012207	-54.280956
6255.395508	-55.574295
6260.778809	-52.514965
6266.162109	-53.474693
6271.545410	-54.600288
6276.928711	-51.885075
6282.312012	-53.130699
6287.695312	-54.884010
6293.078613	-53.156445
6298.461914	-51.884159
6303.845215	-52.448818
6309.228516	-51.752472
6314.611816	-50.883976
6319.995117	-51.099327
6325.378418	-49.811131
6330.761719	-48.402180
6336.145020	-48.481041
6341.528320	-49.991474
6346.911621	-48.638451
6352.294922	-48.043419
6357.678223	-49.258896
6363.061523	-49.117603
6368.444824	-48.803650
6373.828125	-49.597252
6379.211426	-50.057350
6384.594727	-50.651394
6389.978027	-52.305820
6395.361328	-53.871128
6400.744629	-54.198734
6406.127930	-56.924103
6411.511230	-61.732605
6416.894531	-58.361523
6422.277832	-56.432083
6427.661133	-58.258244
6433.044434	-57.027328
6438.427734	-58.534473
6443.811035	-55.884418
6449.194336	-58.164837
6454.577637	-62.150131
6459.960938	-60.821537
6465.344238	-58.109470
6470.727539	-56.681076
6476.110840	-55.813221
6481.494141	-55.506699
6486.877441	-53.728878
6492.260742	-52.026287
6497.644043	-52.464577
6503.027344	-52.487293
6508.410645	-51.120037
6513.793945	-50.033028
6519.177246	-50.525585
6524.560547	-53.680183
6529.943848	-50.920071
6535.327148	-50.197044
6540.710449	-52.305538
6546.093750	-53.632290
6551.477051	-53.603573
6556.860352	-57.106205
6562.243652	-53.342548
6567.626953	-52.030930
6573.010254	-58.214703
6578.393555	-59.915703
6583.776855	-59.436695
6589.160156	-58.507057
6594.543457	-62.327477
6599.926758	-64.727333
6605.310059	-61.167122
6610.693359	-60.465065
6616.076660	-60.002625
6621.459961	-58.791695
6626.843262	-57.843952
6632.226562	-57.246986
6637.609863	-57.084087
6642.993164	-57.570042
6648.376465	-58.537197
6653.759766	-60.083576
6659.143066	-63.597427
6664.526367	-66.022949
6669.909668	-60.766079
6675.292969	-58.167374
6680.676270	-55.646370
6686.059570	-53.924259
6691.442871	-52.853580
6696.826172	-51.976315
6702.209473	-51.839153
6707.592773	-51.874722
6712.976074	-51.723412
6718.359375	-51.246262
6723.742676	-50.528713
6729.125977	-50.533585
6734.509277	-50.177750
6739.892578	-49.516155
6745.275879	-50.106312
6750.659180	-50.831192
6756.042480	-50.533775
6761.425781	-50.417942
6766.809082	-51.868942
6772.192383	-53.656353
6777.575684	-53.256390
6782.958984	-53.282505
6788.342285	-54.931232
6793.725586	-55.537140
6799.108887	-55.085072
6804.492188	-56.687527
6809.875488	-54.449486
6815.258789	-52.356934
6820.642090	-52.407036
6826.025391	-52.260204
6831.408691	-50.778137
6836.791992	-49.870945
6842.175293	-49.435047
6847.558594	-48.905666
6852.941895	-48.561428
6858.325195	-48.824162
6863.708496	-49.217541
6869.091797	-49.809788
6874.475098	-51.032852
6879.858398	-52.601669
6885.241699	-54.155239
6890.625000	-56.047848
6896.008301	-58.516918
6901.391602	-59.767849
6906.774902	-59.317341
6912.158203	-59.060555
6917.541504	-58.735603
6922.924805	-58.385647
6928.308105	-58.272495
6933.691406	-56.755348
6939.074707	-54.455753
6944.458008	-53.398762
6949.841309	-52.843479
6955.224609	-52.101772
6960.607910	-51.330910
6965.991211	-51.081192
6971.374512	-51.203079
6976.757812	-51.534515
6982.141113	-52.534863
6987.524414	-53.704964
6992.907715	-54.538864
6998.291016	-55.115219
7003.674316	-56.341675
7009.057617	-57.798271
7014.440918	-59.864475
7019.824219	-61.796703
7025.207520	-62.190872
7030.590820	-60.295002
7035.974121	-61.110752
7041.357422	-61.721027
7046.740723	-59.808487
7052.124023	-57.544556
7057.507324	-56.203728
7062.890625	-55.125160
7068.273926	-53.671410
7073.657227	-52.946434
7079.040527	-52.956959
7084.423828	-52.490788
7089.807129	-51.816788
7095.190430	-51.315285
7100.573730	-50.502655
7105.957031	-49.880306
7111.340332	-49.507610
7116.723633	-49.209171
7122.106934	-49.022633
7127.490234	-48.962193
7132.873535	-48.864441
7138.256836	-49.493671
7143.640137	-50.233147
7149.023438	-50.131393
7154.406738	-50.450886
7159.790039	-51.304691
7165.173340	-51.777157
7170.556641	-51.820587
7175.939941	-51.988556
7181.323242	-52.658134
7186.706543	-53.539452
7192.089844	-54.322514
7197.473145	-55.527889
7202.856445	-57.663609
7208.239746	-58.502411
7213.623047	-59.214962
7219.006348	-60.910473
7224.389648	-62.631718
7229.772949	-62.003925
7235.156250	-61.076099
7240.539551	-60.131676
7245.922852	-59.372425
7251.306152	-58.724110
7256.689453	-57.963547
7262.072754	-58.099056
7267.456055	-58.608177
7272.839355	-58.797508
7278.222656	-57.868664
7283.605957	-57.627323
7288.989258	-59.073872
7294.372559	-58.883015
7299.755859	-57.539574
7305.139160	-57.750721
7310.522461	-57.482178
7315.905762	-55.974121
7321.289062	-56.040653
7326.672363	-55.865231
7332.055664	-54.332096
7337.438965	-53.859325
7342.822266	-53.788303
7348.205566	-52.830887
7353.588867	-52.513214
7358.972168	-52.441437
7364.355469	-52.132690
7369.738770	-51.498093
7375.122070	-51.521233
7380.505371	-52.023113
7385.888672	-52.321022
7391.271973	-52.131596
7396.655273	-52.833256
7402.038574	-54.766766
7407.421875	-54.520805
7412.805176	-54.356743
7418.188477	-54.792809
7423.571777	-55.306240
7428.955078	-55.971786
7434.338379	-57.387493
7439.721680	-58.113956
7445.104980	-59.533039
7450.488281	-59.800735
7455.871582	-58.031494
7461.254883	-58.359627
7466.638184	-58.126671
7472.021484	-56.614834
7477.404785	-56.287834
7482.788086	-55.583576
7488.171387	-54.830936
7493.554688	-55.065655
7498.937988	-55.229744
7504.321289	-53.970741
7509.704590	-53.399246
7515.087891	-54.158932
7520.471191	-53.738297
7525.854492	-52.974335
7531.237793	-53.494579
7536.621094	-54.329742
7542.004395	-54.183517
7547.387695	-53.867023
7552.770996	-54.148373
7558.154297	-54.011845
7563.537598	-53.287025
7568.920898	-52.811913
7574.304199	-52.774815
7579.687500	-52.476128
7585.070801	-52.524624
7590.454102	-52.461403
7595.837402	-52.762306
7601.220703	-54.056076
7606.604004	-54.389530
7611.987305	-55.195667
7617.370605	-56.813332
7622.753906	-58.013565
7628.137207	-58.861691
7633.520508	-61.082043
7638.903809	-62.937099
7644.287109	-63.654045
7649.670410	-67.192192
7655.053711	-68.213387
7660.437012	-71.246101
7665.820312	-72.553444
7671.203613	-67.659363
7676.586914	-66.365219
7681.970215	-63.772125
7687.353516	-61.354023
7692.736816	-59.272202
7698.120117	-57.974033
7703.503418	-56.794537
7708.886719	-55.702324
7714.270020	-55.116116
7719.653320	-54.768124
7725.036621	-54.403831
7730.419922	-54.424454
7735.803223	-54.787304
7741.186523	-54.888237
7746.569824	-54.569958
7751.953125	-54.528568
7757.336426	-54.609875
7762.719727	-54.206097
7768.103027	-53.721176
7773.486328	-53.451939
7778.869629	-53.456993
7784.252930	-53.516796
7789.636230	-53.489086
7795.019531	-53.791519
7800.402832	-54.019688
7805.786133	-53.939194
7811.169434	-53.585190
7816.552734	-52.907795
7821.936035	-52.275543
7827.319336	-51.753799
7832.702637	-51.451454
7838.085938	-51.409973
7843.469238	-51.702259
7848.852539	-52.265759
7854.235840	-52.705868
7859.619141	-53.012474
7865.002441	-53.235195
7870.385742	-53.446014
7875.769043	-53.820019
7881.152344	-54.226570
7886.535645	-54.928524
7891.918945	-56.242481
7897.302246	-57.780071
7902.685547	-59.385750
7908.068848	-60.672520
7913.452148	-60.790573
7918.835449	-60.105339
7924.218750	-59.194683
7929.602051	-58.293724
7934.985352	-58.126801
7940.368652	-58.576744
7945.751953	-58.721245
7951.135254	-59.056423
7956.518555	-59.976395
7961.901855	-60.369045
7967.285156	-60.343460
7972.668457	-60.170818
7978.051758	-61.281464
7983.435059	-62.106064
7988.818359	-61.976742
7994.201660	-62.594753
7999.584961	-62.413177
8004.968262	-61.521542
8010.351562	-61.107174
8015.734863	-60.279598
8021.118164	-58.634415
8026.501465	-57.494492
8031.884766	-57.278164
8037.268066	-56.864307
8042.651367	-56.157547
8048.034668	-56.371719
8053.417969	-56.964752
8058.801270	-57.010471
8064.184570	-56.530277
8069.567871	-56.323399
8074.951172	-55.873730
8080.334473	-55.321850
8085.717773	-54.550613
8091.101074	-54.239151
8096.484375	-54.396473
8101.867676	-54.168377
8107.250977	-53.779453
8112.634277	-53.864174
8118.017578	-53.830994
8123.400879	-53.671963
8128.784180	-53.208099
8134.167480	-53.103088
8139.550781	-53.407078
8144.934082	-53.334656
8150.317383	-53.300098
8155.700684	-53.940235
8161.083984	-54.722378
8166.467285	-55.032257
8171.850586	-55.647766
8177.233887	-56.470005
8182.617188	-57.511440
8188.000488	-57.643089
8193.383789	-58.161587
8198.767090	-59.427860
8204.150391	-59.899212
8209.533691	-59.809086
8214.916992	-60.462284
8220.300293	-60.958748
8225.683594	-60.458363
8231.066895	-60.443974
8236.450195	-61.461914
8241.833496	-61.858662
8247.216797	-62.146935
8252.600098	-62.802288
8257.983398	-62.967384
8263.366699	-62.497528
8268.750000	-61.023479
8274.133301	-58.955135
8279.516602	-58.005196
8284.899902	-57.449936
8290.283203	-56.398724
8295.666504	-56.216156
8301.049805	-56.604603
8306.433105	-56.427139
8311.816406	-56.454155
8317.199707	-56.424534
8322.583008	-56.271984
8327.966309	-55.692242
8333.349609	-54.993141
8338.732910	-54.778557
8344.116211	-55.152634
8349.499512	-55.639317
8354.882812	-56.058094
8360.266113	-56.831490
8365.649414	-57.470119
8371.032715	-57.745831
8376.416016	-57.468464
8381.799316	-57.018753
8387.182617	-57.513237
8392.565918	-58.001232
8397.949219	-58.206436
8403.332520	-58.273270
8408.715820	-58.271759
8414.099121	-57.631458
8419.482422	-56.631092
8424.865723	-56.041206
8430.249023	-56.001816
8435.632324	-55.746929
8441.015625	-55.763695
8446.398926	-56.584862
8451.782227	-57.295414
8457.165527	-57.648678
8462.548828	-58.153473
8467.932129	-58.535919
8473.315430	-58.812412
8478.698730	-59.108860
8484.082031	-59.005482
8489.465332	-58.468704
8494.848633	-58.257351
8500.231934	-58.035389
8505.615234	-57.441975
8510.998535	-57.126938
8516.381836	-57.072979
8521.765137	-57.220898
8527.148438	-57.447006
8532.531738	-57.578426
8537.915039	-57.960369
8543.298340	-58.354969
8548.681641	-58.691963
8554.064941	-59.046902
8559.448242	-59.718758
8564.831543	-61.816917
8570.214844	-64.364830
8575.598145	-65.564743
8580.981445	-66.298645
8586.364746	-65.011665
8591.748047	-62.166191
8597.131348	-60.688934
8602.514648	-59.810131
8607.897949	-58.780121
8613.281250	-58.063900
8618.664551	-57.884369
8624.047852	-57.728451
8629.431152	-57.406075
8634.814453	-56.848415
8640.197754	-56.355316
8645.581055	-56.118675
8650.964355	-55.667976
8656.347656	-55.300114
8661.730957	-55.398155
8667.114258	-55.837082
8672.497559	-56.409340
8677.880859	-56.935528
8683.264160	-57.923668
8688.647461	-59.110691
8694.030762	-59.639893
8699.414062	-60.061504
8704.797363	-60.975826
8710.180664	-62.368683
8715.563965	-63.266563
8720.947266	-63.459187
8726.330566	-63.206768
8731.713867	-62.543041
8737.097168	-61.891525
8742.480469	-61.192162
8747.863770	-61.150013
8753.247070	-61.677422
8758.630371	-61.991680
8764.013672	-62.281734
8769.396973	-62.489162
8774.780273	-62.444576
8780.163574	-62.333893
8785.546875	-62.098797
8790.930176	-62.738258
8796.313477	-63.396645
8801.696777	-63.297268
8807.080078	-63.029419
8812.463379	-61.713036
8817.846680	-60.790085
8823.229980	-60.331886
8828.613281	-59.288418
8833.996582	-59.336441
8839.379883	-60.551704
8844.763184	-61.421600
8850.146484	-63.092953
8855.529785	-66.147888
8860.913086	-67.150208
8866.296387	-66.132858
8871.679688	-64.244110
8877.062988	-62.101978
8882.446289	-61.131081
8887.829590	-60.546429
8893.212891	-59.490421
8898.596191	-58.947643
8903.979492	-58.881317
8909.362793	-58.453224
8914.746094	-58.072716
8920.129395	-57.975395
8925.512695	-58.376881
8930.895996	-58.676682
8936.279297	-58.779186
8941.662598	-59.290604
8947.045898	-59.701939
8952.429199	-59.674667
8957.812500	-60.014008
8963.195801	-60.988216
8968.579102	-61.679119
8973.962402	-62.375618
8979.345703	-63.446991
8984.729004	-64.542641
8990.112305	-65.344193
8995.495605	-65.973297
9000.878906	-65.849861
9006.262207	-65.630806
9011.645508	-65.312546
9017.028809	-65.069321
9022.412109	-63.483780
9027.795410	-61.447128
9033.178711	-60.561485
9038.562012	-59.991058
9043.945312	-58.879818
9049.328613	-57.941002
9054.711914	-57.174809
9060.095215	-56.394157
9065.478516	-55.519714
9070.861816	-54.834118
9076.245117	-54.403961
9081.628418	-53.849873
9087.011719	-53.388920
9092.395020	-53.302380
9097.778320	-53.219372
9103.161621	-53.094578
9108.544922	-53.206425
9113.928223	-53.594524
9119.311523	-53.987427
9124.694824	-54.286995
9130.078125	-54.733429
9135.461426	-55.364197
9140.844727	-55.837963
9146.228027	-56.345493
9151.611328	-57.079643
9156.994629	-57.888496
9162.377930	-58.808380
9167.761230	-59.615334
9173.144531	-60.567261
9178.527832	-61.306355
9183.911133	-61.245434
9189.294434	-60.682796
9194.677734	-59.582092
9200.061035	-58.545139
9205.444336	-57.656174
9210.827637	-56.987839
9216.210938	-56.810398
9221.594238	-56.835255
9226.977539	-57.122658
9232.360840	-57.638771
9237.744141	-57.991318
9243.127441	-58.172230
9248.510742	-58.008606
9253.894043	-57.855118
9259.277344	-57.933216
9264.660645	-57.760307
9270.043945	-57.843494
9275.427246	-58.481323
9280.810547	-58.992329
9286.193848	-59.218365
9291.577148	-59.396526
9296.960449	-59.921677
9302.343750	-60.266491
9307.727051	-59.940483
9313.110352	-60.006809
9318.493652	-60.470959
9323.876953	-60.368832
9329.260254	-60.204227
9334.643555	-60.440128
9340.026855	-60.576149
9345.410156	-60.400532
9350.793457	-59.834892
9356.176758	-59.349174
9361.560059	-58.914459
9366.943359	-58.140522
9372.326660	-57.446739
9377.709961	-56.968552
9383.093262	-56.672676
9388.476562	-56.400513
9393.859863	-55.909626
9399.243164	-55.788963
9404.626465	-56.069561
9410.009766	-56.119717
9415.393066	-56.246258
9420.776367	-56.774963
9426.159668	-57.509754
9431.542969	-58.225719
9436.926270	-58.977451
9442.309570	-60.291336
9447.692871	-61.743946
9453.076172	-62.757797
9458.459473	-63.541328
9463.842773	-63.903896
9469.226074	-64.202698
9474.609375	-63.851940
9479.992676	-62.993359
9485.375977	-62.388741
9490.759277	-61.670967
9496.142578	-60.864922
9501.525879	-60.124725
9506.909180	-59.770798
9512.292480	-59.529896
9517.675781	-58.651459
9523.059082	-57.704216
9528.442383	-57.040565
9533.825684	-56.382183
9539.208984	-55.596058
9544.592285	-55.113590
9549.975586	-55.263863
9555.358887	-55.265656
9560.742188	-55.046032
9566.125488	-55.163803
9571.508789	-55.524834
9576.892090	-55.581001
9582.275391	-55.243744
9587.658691	-55.280293
9593.041992	-55.978252
9598.425293	-56.433674
9603.808594	-56.680676
9609.191895	-57.156799
9614.575195	-57.731918
9619.958496	-58.225452
9625.341797	-58.264954
9630.725098	-58.188797
9636.108398	-58.407856
9641.491699	-58.583542
9646.875000	-58.605301
9652.258301	-58.677586
9657.641602	-59.166386
9663.024902	-59.691109
9668.408203	-60.039204
9673.791504	-60.656284
9679.174805	-60.747704
9684.558105	-60.205265
9689.941406	-59.276985
9695.324707	-58.367100
9700.708008	-57.739441
9706.091309	-57.029743
9711.474609	-56.569763
9716.857910	-56.589775
9722.241211	-56.791374
9727.624512	-56.977917
9733.007812	-56.827194
9738.391113	-56.485584
9743.774414	-56.071896
9749.157715	-55.367977
9754.541016	-54.667492
9759.924316	-54.299896
9765.307617	-54.268600
9770.690918	-54.263351
9776.074219	-54.386833
9781.457520	-54.902813
9786.840820	-55.362198
9792.224121	-55.575203
9797.607422	-55.757244
9802.990723	-55.945389
9808.374023	-56.146141
9813.757324	-56.272541
9819.140625	-56.599705
9824.523926	-57.219997
9829.907227	-57.801495
9835.290527	-58.796715
9840.673828	-60.388714
9846.057129	-61.910568
9851.440430	-63.611046
9856.823730	-65.522057
9862.207031	-67.088913
9867.590332	-68.007164
9872.973633	-68.103951
9878.356934	-68.241707
9883.740234	-67.227020
9889.123535	-64.769325
9894.506836	-63.118389
9899.890137	-61.967834
9905.273438	-60.602352
9910.656738	-59.582001
9916.040039	-58.768925
9921.423340	-57.990784
9926.806641	-57.274147
9932.189941	-56.757763
9937.573242	-56.548679
9942.956543	-56.369240
9948.339844	-56.234886
9953.723145	-56.332447
9959.106445	-56.347389
9964.489746	-56.196064
9969.873047	-55.953339
9975.256348	-55.830650
9980.639648	-55.851295
9986.022949	-55.754917
9991.406250	-55.848618
9996.789551	-56.241367
10002.172852	-56.538204
10007.556152	-56.858402
10012.939453	-57.293823
10018.322754	-57.741352
10023.706055	-58.061996
10029.089355	-58.107059
10034.472656	-58.373341
10039.855957	-58.764072
10045.239258	-58.783619
10050.622559	-58.973309
10056.005859	-59.493626
10061.389160	-59.812237
10066.772461	-60.030033
10072.155762	-59.994431
10077.539062	-59.743591
10082.922363	-59.244347
10088.305664	-58.288082
10093.688965	-57.468773
10099.072266	-56.855255
10104.455566	-56.247959
10109.838867	-55.741150
10115.222168	-55.346066
10120.605469	-55.150745
10125.988770	-54.944214
10131.372070	-54.693611
10136.755371	-54.725010
10142.138672	-54.915920
10147.521973	-55.120930
10152.905273	-55.326366
10158.288574	-55.666634
10163.671875	-56.204166
10169.055176	-56.629532
10174.438477	-57.029705
10179.821777	-57.916935
10185.205078	-59.164227
10190.588379	-60.477604
10195.971680	-62.070160
10201.354980	-64.497894
10206.738281	-66.748611
10212.121582	-67.169571
10217.504883	-66.840523
10222.888184	-65.726585
10228.271484	-63.899948
10233.654785	-61.982399
10239.038086	-60.496101
10244.421387	-59.002655
10249.804688	-57.377014
10255.187988	-55.945469
10260.571289	-54.828697
10265.954590	-54.009594
10271.337891	-53.262783
10276.721191	-52.696060
10282.104492	-52.405830
10287.487793	-52.122852
10292.871094	-51.836262
10298.254395	-51.599327
10303.637695	-51.381008
10309.020996	-51.227535
10314.404297	-51.122265
10319.787598	-51.197239
10325.170898	-51.450954
10330.554199	-51.760262
10335.937500	-52.250191
10341.320801	-52.831310
10346.704102	-53.319695
10352.087402	-53.704781
10357.470703	-53.978996
10362.854004	-54.303154
10368.237305	-54.530582
10373.620605	-54.610554
10379.003906	-54.889862
10384.387207	-55.433353
10389.770508	-56.037643
10395.153809	-56.487263
10400.537109	-56.986038
10405.920410	-57.790253
10411.303711	-58.458588
10416.687012	-58.952583
10422.070312	-59.537052
10427.453613	-60.482834
10432.836914	-61.484085
10438.220215	-61.781353
10443.603516	-61.997375
10448.986816	-62.533802
10454.370117	-63.238960
10459.753418	-63.993069
10465.136719	-65.149193
10470.520020	-67.350395
10475.903320	-69.387871
10481.286621	-70.569122
10486.669922	-71.487518
10492.053223	-70.528252
10497.436523	-68.272476
10502.819824	-66.255432
10508.203125	-64.298828
10513.586426	-62.354988
10518.969727	-61.246964
10524.353027	-60.442764
10529.736328	-59.575062
10535.119629	-59.301407
10540.502930	-59.431828
10545.886230	-59.441257
10551.269531	-59.392654
10556.652832	-59.482292
10562.036133	-59.745964
10567.419434	-59.657108
10572.802734	-59.342182
10578.186035	-59.293167
10583.569336	-59.564766
10588.952637	-59.843475
10594.335938	-59.921658
10599.719238	-60.345104
10605.102539	-61.062408
10610.485840	-61.329716
10615.869141	-61.354137
10621.252441	-61.343109
10626.635742	-61.303787
10632.019043	-61.284344
10637.402344	-61.061859
10642.785645	-61.096142
10648.168945	-61.250053
10653.552246	-61.189850
10658.935547	-61.273125
10664.318848	-61.385872
10669.702148	-61.638092
10675.085449	-62.152542
10680.468750	-62.813694
10685.852051	-63.735382
10691.235352	-64.889603
10696.618652	-66.263168
10702.001953	-67.642944
10707.385254	-68.262840
10712.768555	-68.160919
10718.151855	-67.309196
10723.535156	-66.542877
10728.918457	-65.899704
10734.301758	-64.858253
10739.685059	-64.564110
10745.068359	-64.756508
10750.451660	-64.485237
10755.834961	-64.462921
10761.218262	-64.490677
10766.601562	-64.182243
10771.984863	-63.615036
10777.368164	-63.086292
10782.751465	-63.072208
10788.134766	-62.863354
10793.518066	-62.879818
10798.901367	-63.746159
10804.284668	-64.495384
10809.667969	-64.862808
10815.051270	-65.599747
10820.434570	-66.477386
10825.817871	-66.957352
10831.201172	-66.803291
10836.584473	-67.560272
10841.967773	-68.541214
10847.351074	-67.420280
10852.734375	-66.744690
10858.117676	-66.001740
10863.500977	-64.201775
10868.884277	-63.085468
10874.267578	-62.550541
10879.650879	-61.603905
10885.034180	-60.553013
10890.417480	-59.949429
10895.800781	-59.358829
10901.184082	-58.640656
10906.567383	-58.114140
10911.950684	-57.847015
10917.333984	-57.703476
10922.717285	-57.473289
10928.100586	-57.399551
10933.483887	-57.420643
10938.867188	-57.151459
10944.250488	-56.861263
10949.633789	-56.605984
10955.017090	-56.227802
10960.400391	-55.753922
10965.783691	-55.365482
10971.166992	-55.304810
10976.550293	-55.253250
10981.933594	-55.130013
10987.316895	-55.393208
10992.700195	-55.883705
10998.083496	-56.323921
11003.466797	-56.919830
11008.850098	-57.829178
11014.233398	-58.866070
11019.616699	-59.490742
11025.000000	-59.819252
11030.383301	-60.090405
11035.766602	-60.097198
11041.149902	-60.002541
11046.533203	-60.007401
11051.916504	-60.680145
11057.299805	-61.720142
11062.683105	-62.593647
11068.066406	-64.017761
11073.449707	-65.658409
11078.833008	-66.686089
11084.216309	-67.613571
11089.599609	-67.782257
11094.982910	-68.299141
11100.366211	-69.263306
11105.749512	-69.460106
11111.132812	-70.139732
11116.516113	-72.370209
11121.899414	-73.124207
11127.282715	-71.715736
11132.666016	-71.005493
11138.049316	-68.505356
11143.432617	-66.235680
11148.815918	-64.800247
11154.199219	-63.612179
11159.582520	-62.532726
11164.965820	-61.405460
11170.349121	-60.620068
11175.732422	-60.006783
11181.115723	-59.387722
11186.499023	-58.993778
11191.882324	-58.676708
11197.265625	-58.577129
11202.648926	-58.649689
11208.032227	-58.599670
11213.415527	-58.690411
11218.798828	-58.997444
11224.182129	-59.385784
11229.565430	-59.835648
11234.948730	-60.335068
11240.332031	-61.388435
11245.715332	-62.794971
11251.098633	-64.054214
11256.481934	-65.991371
11261.865234	-68.523033
11267.248535	-70.997887
11272.631836	-72.449081
11278.015137	-72.135498
11283.398438	-69.783821
11288.781738	-67.346756
11294.165039	-65.653465
11299.548340	-63.981098
11304.931641	-62.659779
11310.314941	-61.775505
11315.698242	-61.217323
11321.081543	-61.057987
11326.464844	-61.061684
11331.848145	-61.280598
11337.231445	-61.577896
11342.614746	-61.645393
11347.998047	-61.809422
11353.381348	-61.853722
11358.764648	-61.818668
11364.147949	-62.240520
11369.531250	-62.974964
11374.914551	-63.849087
11380.297852	-64.625130
11385.681152	-65.514450
11391.064453	-66.354668
11396.447754	-66.553642
11401.831055	-66.500107
11407.214355	-66.573608
11412.597656	-67.628853
11417.980957	-68.726311
11423.364258	-69.100975
11428.747559	-70.970589
11434.130859	-72.174095
11439.514160	-70.951859
11444.897461	-70.528099
11450.280762	-69.571732
11455.664062	-68.079308
11461.047363	-67.298615
11466.430664	-67.418335
11471.813965	-67.275887
11477.197266	-67.234093
11482.580566	-68.283302
11487.963867	-69.624237
11493.347168	-71.076012
11498.730469	-73.885429
11504.113770	-76.989899
11509.497070	-78.621101
11514.880371	-77.140617
11520.263672	-74.322678
11525.646973	-72.840561
11531.030273	-71.422958
11536.413574	-70.956085
11541.796875	-70.955704
11547.180176	-70.520393
11552.563477	-70.495720
11557.946777	-69.879097
11563.330078	-69.122658
11568.713379	-68.223358
11574.096680	-66.803993
11579.479980	-66.000053
11584.863281	-65.521248
11590.246582	-65.027184
11595.629883	-64.751465
11601.013184	-64.630623
11606.396484	-64.813301
11611.779785	-64.910416
11617.163086	-64.736427
11622.546387	-64.585732
11627.929688	-63.981220
11633.312988	-63.225365
11638.696289	-62.252960
11644.079590	-61.061710
11649.462891	-60.183434
11654.846191	-59.611736
11660.229492	-59.264793
11665.612793	-59.077919
11670.996094	-59.169323
11676.379395	-59.630333
11681.762695	-59.981445
11687.145996	-60.186535
11692.529297	-60.467415
11697.912598	-60.497765
11703.295898	-60.268513
11708.679199	-60.070179
11714.062500	-60.069843
11719.445801	-60.161930
11724.829102	-60.102024
11730.212402	-60.423550
11735.595703	-61.119389
11740.979004	-61.389702
11746.362305	-61.724846
11751.745605	-62.482983
11757.128906	-62.923233
11762.512207	-63.048122
11767.895508	-63.352402
11773.278809	-63.910435
11778.662109	-64.227234
11784.045410	-63.949268
11789.428711	-64.230446
11794.812012	-64.970901
11800.195312	-64.749397
11805.578613	-64.586967
11810.961914	-65.353241
11816.345215	-65.919762
11821.728516	-65.966270
11827.111816	-66.154778
11832.495117	-67.186729
11837.878418	-68.061089
11843.261719	-67.877922
11848.645020	-68.348381
11854.028320	-69.374176
11859.411621	-69.517387
11864.794922	-69.277451
11870.178223	-69.777176
11875.561523	-70.241516
11880.944824	-69.996170
11886.328125	-69.498871
11891.711426	-69.463394
11897.094727	-68.917435
11902.478027	-67.909668
11907.861328	-67.464622
11913.244629	-67.095833
11918.627930	-66.565605
11924.011230	-66.172363
11929.394531	-65.964714
11934.777832	-65.787163
11940.161133	-65.165733
11945.544434	-64.846367
11950.927734	-64.999916
11956.311035	-64.822517
11961.694336	-65.040161
11967.077637	-65.884132
11972.460938	-66.667671
11977.844238	-67.432037
11983.227539	-67.961281
11988.610840	-68.654678
11993.994141	-69.174850
11999.377441	-68.948471
12004.760742	-69.322792
12010.144043	-69.841873
12015.527344	-69.123871
12020.910645	-68.440323
12026.293945	-67.976891
12031.677246	-67.256927
12037.060547	-67.003456
12042.443848	-67.008568
12047.827148	-66.896622
12053.210449	-66.895042
12058.593750	-66.318130
12063.977051	-65.501854
12069.360352	-64.426460
12074.743652	-63.275215
12080.126953	-62.412106
12085.510254	-61.495892
12090.893555	-60.690559
12096.276855	-60.079754
12101.660156	-59.550163
12107.043457	-59.196045
12112.426758	-58.910770
12117.810059	-58.836658
12123.193359	-58.990070
12128.576660	-59.104622
12133.959961	-59.377117
12139.343262	-59.690716
12144.726562	-59.897255
12150.109863	-60.169907
12155.493164	-60.486725
12160.876465	-61.112442
12166.259766	-61.830318
12171.643066	-62.789906
12177.026367	-64.207436
12182.409668	-65.259827
12187.792969	-65.973541
12193.176270	-65.808823
12198.559570	-65.244766
12203.942871	-65.137650
12209.326172	-64.701302
12214.709473	-64.131035
12220.092773	-63.602234
12225.476074	-63.094322
12230.859375	-62.602070
12236.242676	-61.654663
12241.625977	-61.158535
12247.009277	-61.373055
12252.392578	-61.597446
12257.775879	-61.715820
12263.159180	-62.393322
12268.542480	-63.794556
12273.925781	-65.004791
12279.309082	-65.946732
12284.692383	-67.964401
12290.075684	-69.798103
12295.458984	-70.537552
12300.842285	-71.789093
12306.225586	-72.208405
12311.608887	-70.898727
12316.992188	-70.245491
12322.375488	-70.218628
12327.758789	-69.273705
12333.142090	-68.727509
12338.525391	-68.468460
12343.908691	-68.467041
12349.291992	-68.495216
12354.675293	-68.515259
12360.058594	-69.042397
12365.441895	-69.014450
12370.825195	-68.954353
12376.208496	-69.149391
12381.591797	-69.035622
12386.975098	-69.031517
12392.358398	-68.352028
12397.741699	-67.505043
12403.125000	-66.692680
12408.508301	-65.861320
12413.891602	-64.962692
12419.274902	-64.014404
12424.658203	-63.732708
12430.041504	-63.689175
12435.424805	-63.222054
12440.808105	-62.623215
12446.191406	-62.058788
12451.574707	-61.724182
12456.958008	-61.230373
12462.341309	-60.549656
12467.724609	-60.303436
12473.107910	-60.313671
12478.491211	-60.288715
12483.874512	-60.137932
12489.257812	-60.031124
12494.641113	-60.074196
12500.024414	-59.902611
12505.407715	-59.799919
12510.791016	-60.025669
12516.174316	-60.478783
12521.557617	-61.149384
12526.940918	-62.007137
12532.324219	-63.215359
12537.707520	-64.650444
12543.090820	-65.760567
12548.474121	-67.141426
12553.857422	-68.616783
12559.240723	-69.880356
12564.624023	-72.049026
12570.007324	-74.862480
12575.390625	-77.590706
12580.773926	-78.327866
12586.157227	-78.964119
12591.540527	-77.088554
12596.923828	-75.277992
12602.307129	-74.024765
12607.690430	-73.141960
12613.073730	-72.322968
12618.457031	-70.702103
12623.840332	-70.140724
12629.223633	-69.927017
12634.606934	-69.246910
12639.990234	-69.466614
12645.373535	-70.046364
12650.756836	-69.761726
12656.140137	-69.426537
12661.523438	-69.128876
12666.906738	-68.026207
12672.290039	-67.054192
12677.673340	-66.347061
12683.056641	-65.703491
12688.439941	-65.302170
12693.823242	-64.880409
12699.206543	-64.872398
12704.589844	-65.364708
12709.973145	-65.764877
12715.356445	-66.417885
12720.739746	-67.335190
12726.123047	-67.931854
12731.506348	-68.289619
12736.889648	-67.520844
12742.272949	-66.615486
12747.656250	-65.981224
12753.039551	-65.441200
12758.422852	-65.173851
12763.806152	-65.213211
12769.189453	-66.178581
12774.572754	-67.263062
12779.956055	-68.155289
12785.339355	-69.437553
12790.722656	-69.968307
12796.105957	-69.824364
12801.489258	-68.942596
12806.872559	-68.186432
12812.255859	-68.158180
12817.639160	-67.983490
12823.022461	-67.853844
12828.405762	-67.485565
12833.789062	-67.095566
12839.172363	-66.877922
12844.555664	-66.026459
12849.938965	-65.656212
12855.322266	-65.886986
12860.705566	-66.144783
12866.088867	-66.767662
12871.472168	-67.948540
12876.855469	-69.342163
12882.238770	-70.357857
12887.622070	-70.217896
12893.005371	-69.967728
12898.388672	-69.589935
12903.771973	-68.793602
12909.155273	-68.286209
12914.538574	-68.289665
12919.921875	-68.353188
12925.305176	-67.924362
12930.688477	-67.754196
12936.071777	-67.796371
12941.455078	-67.211205
12946.838379	-66.675949
12952.221680	-66.724548
12957.604980	-66.557777
12962.988281	-66.334221
12968.371582	-66.564568
12973.754883	-66.520523
12979.138184	-66.242111
12984.521484	-65.663216
12989.904785	-64.809311
12995.288086	-63.939087
13000.671387	-62.780254
13006.054688	-62.049992
13011.437988	-61.718323
13016.821289	-61.367401
13022.204590	-61.310223
13027.587891	-61.583473
13032.971191	-61.957344
13038.354492	-62.307194
13043.737793	-62.652786
13049.121094	-63.215633
13054.504395	-63.537376
13059.887695	-63.543682
13065.270996	-63.505707
13070.654297	-63.330002
13076.037598	-63.141533
13081.420898	-62.522842
13086.804199	-61.839622
13092.187500	-61.627380
13097.570801	-61.337704
13102.954102	-60.996258
13108.337402	-60.973919
13113.720703	-61.278851
13119.104004	-61.694695
13124.487305	-61.931793
13129.870605	-62.573540
13135.253906	-63.539577
13140.637207	-64.261665
13146.020508	-65.113304
13151.403809	-66.200439
13156.787109	-67.278625
13162.170410	-68.373474
13167.553711	-69.276619
13172.937012	-70.593880
13178.320312	-71.837273
13183.703613	-73.290771
13189.086914	-75.995781
13194.470215	-76.435135
13199.853516	-75.381821
13205.236816	-73.973488
13210.620117	-71.287811
13216.003418	-69.383698
13221.386719	-68.649445
13226.770020	-67.746712
13232.153320	-66.789726
13237.536621	-66.489365
13242.919922	-66.318947
13248.303223	-65.820099
13253.686523	-65.057053
13259.069824	-64.375336
13264.453125	-64.084152
13269.836426	-63.467087
13275.219727	-62.688419
13280.603027	-62.468044
13285.986328	-62.730343
13291.369629	-62.945892
13296.752930	-63.164513
13302.136230	-64.090744
13307.519531	-65.335342
13312.902832	-65.893867
13318.286133	-66.371788
13323.669434	-66.714951
13329.052734	-66.968651
13334.436035	-67.214912
13339.819336	-67.028320
13345.202637	-67.903534
13350.585938	-69.370720
13355.969238	-70.191124
13361.352539	-71.315636
13366.735840	-71.685516
13372.119141	-71.643860
13377.502441	-71.423157
13382.885742	-70.663895
13388.269043	-70.961281
13393.652344	-71.306747
13399.035645	-71.245781
13404.418945	-72.206451
13409.802246	-72.774338
13415.185547	-72.267181
13420.568848	-72.387787
13425.952148	-72.146851
13431.335449	-71.388420
13436.718750	-70.863152
13442.102051	-71.202171
13447.485352	-71.170158
13452.868652	-70.859825
13458.251953	-70.705872
13463.635254	-69.980843
13469.018555	-69.433945
13474.401855	-68.535675
13479.785156	-67.112999
13485.168457	-66.566010
13490.551758	-66.751854
13495.935059	-66.416801
13501.318359	-66.627724
13506.701660	-67.625641
13512.084961	-68.409149
13517.468262	-69.243790
13522.851562	-70.307800
13528.234863	-71.610397
13533.618164	-72.808228
13539.001465	-72.748314
13544.384766	-72.973877
13549.768066	-73.686134
13555.151367	-72.563431
13560.534668	-71.495628
13565.917969	-70.751129
13571.301270	-69.735924
13576.684570	-68.575439
13582.067871	-67.759171
13587.451172	-67.276970
13592.834473	-67.114532
13598.217773	-66.831940
13603.601074	-66.809006
13608.984375	-67.329529
13614.367676	-67.617996
13619.750977	-68.053925
13625.134277	-68.605431
13630.517578	-68.940826
13635.900879	-69.618446
13641.284180	-70.466667
13646.667480	-71.190483
13652.050781	-72.120087
13657.434082	-72.994522
13662.817383	-72.575378
13668.200684	-70.798363
13673.583984	-69.475922
13678.967285	-68.418594
13684.350586	-67.294640
13689.733887	-66.359360
13695.117188	-65.875778
13700.500488	-65.410988
13705.883789	-64.506317
13711.267090	-64.105232
13716.650391	-64.060776
13722.033691	-63.778107
13727.416992	-63.683960
13732.800293	-63.799294
13738.183594	-64.112206
13743.566895	-64.172096
13748.950195	-63.861908
13754.333496	-63.891647
13759.716797	-64.021072
13765.100098	-64.006447
13770.483398	-64.019180
13775.866699	-64.235130
13781.250000	-64.686668
13786.633301	-64.836716
13792.016602	-64.968315
13797.399902	-65.245956
13802.783203	-65.517174
13808.166504	-65.969215
13813.549805	-66.157806
13818.933105	-66.260628
13824.316406	-66.169037
13829.699707	-65.551048
13835.083008	-64.936897
13840.466309	-64.245003
13845.849609	-63.872631
13851.232910	-63.662148
13856.616211	-63.473347
13861.999512	-63.604855
13867.382812	-63.730179
13872.766113	-63.856236
13878.149414	-64.003288
13883.532715	-64.150368
13888.916016	-64.589279
13894.299316	-64.968826
13899.682617	-65.446289
13905.065918	-66.167290
13910.449219	-66.969322
13915.832520	-68.075935
13921.215820	-68.770752
13926.599121	-69.182335
13931.982422	-69.198006
13937.365723	-68.315758
13942.749023	-67.327141
13948.132324	-66.019791
13953.515625	-65.264801
13958.898926	-64.946274
13964.282227	-64.605553
13969.665527	-64.552986
13975.048828	-64.553123
13980.432129	-64.484299
13985.815430	-64.108932
13991.198730	-63.428192
13996.582031	-62.895191
14001.965332	-62.497898
14007.348633	-62.345718
14012.731934	-62.467216
14018.115234	-62.647072
14023.498535	-63.132381
14028.881836	-63.847439
14034.265137	-64.507347
14039.648438	-65.288010
14045.031738	-66.022293
14050.415039	-67.261780
14055.798340	-68.691628
14061.181641	-69.838013
14066.564941	-72.254662
14071.948242	-75.189430
14077.331543	-75.501999
14082.714844	-76.241188
14088.098145	-76.883171
14093.481445	-74.758995
14098.864746	-73.622803
14104.248047	-73.427917
14109.631348	-72.138809
14115.014648	-71.182510
14120.397949	-70.935608
14125.781250	-71.097595
14131.164551	-71.419571
14136.547852	-71.625465
14141.931152	-72.535149
14147.314453	-72.862579
14152.697754	-72.169556
14158.081055	-71.416702
14163.464355	-70.309967
14168.847656	-69.635620
14174.230957	-68.947899
14179.614258	-68.417862
14184.997559	-68.116943
14190.380859	-67.348648
14195.764160	-66.649422
14201.147461	-66.105339
14206.530762	-65.680244
14211.914062	-65.365929
14217.297363	-65.149475
14222.680664	-65.519135
14228.063965	-65.951271
14233.447266	-65.917618
14238.830566	-65.828812
14244.213867	-65.623398
14249.597168	-65.460663
14254.980469	-65.036499
14260.363770	-64.662254
14265.747070	-64.726967
14271.130371	-64.566193
14276.513672	-64.379128
14281.896973	-64.175301
14287.280273	-64.104271
14292.663574	-64.162468
14298.046875	-63.996906
14303.430176	-64.244087
14308.813477	-64.837708
14314.196777	-65.247383
14319.580078	-65.747429
14324.963379	-66.093231
14330.346680	-66.549217
14335.729980	-67.108688
14341.113281	-67.508560
14346.496582	-68.135773
14351.879883	-68.868752
14357.263184	-69.864182
14362.646484	-71.255608
14368.029785	-72.128357
14373.413086	-73.595520
14378.796387	-75.426567
14384.179688	-76.509842
14389.562988	-78.233124
14394.946289	-79.635834
14400.329590	-79.851265
14405.712891	-80.380722
14411.096191	-79.306679
14416.479492	-77.818787
14421.862793	-76.488937
14427.246094	-75.641869
14432.629395	-74.433044
14438.012695	-72.669266
14443.395996	-71.768829
14448.779297	-71.127625
14454.162598	-70.063156
14459.545898	-69.551903
14464.929199	-69.601410
14470.312500	-69.729050
14475.695801	-69.884209
14481.079102	-70.065063
14486.462402	-70.336754
14491.845703	-69.800255
14497.229004	-68.767944
14502.612305	-68.071075
14507.995605	-67.334656
14513.378906	-66.934769
14518.762207	-66.984116
14524.145508	-67.748909
14529.528809	-69.030945
14534.912109	-70.415146
14540.295410	-73.145554
14545.678711	-76.491753
14551.062012	-77.447403
14556.445312	-77.770805
14561.828613	-76.114723
14567.211914	-74.264969
14572.595215	-72.391304
14577.978516	-70.737740
14583.361816	-68.662186
14588.745117	-67.022789
14594.128418	-66.258942
14599.511719	-65.452705
14604.895020	-64.781029
14610.278320	-64.381836
14615.661621	-64.175522
14621.044922	-63.984112
14626.428223	-63.397007
14631.811523	-63.062256
14637.194824	-62.961163
14642.578125	-62.633579
14647.961426	-62.362209
14653.344727	-62.066021
14658.728027	-61.851551
14664.111328	-61.533119
14669.494629	-61.036819
14674.877930	-60.987106
14680.261230	-61.181129
14685.644531	-61.417225
14691.027832	-62.079861
14696.411133	-63.383320
14701.794434	-65.010651
14707.177734	-66.680321
14712.561035	-68.989441
14717.944336	-71.254723
14723.327637	-71.943314
14728.710938	-72.073959
14734.094238	-71.174202
14739.477539	-70.555428
14744.860840	-69.699326
14750.244141	-68.696579
14755.627441	-67.603508
14761.010742	-66.194336
14766.394043	-65.458565
14771.777344	-64.922028
14777.160645	-64.341339
14782.543945	-64.160812
14787.927246	-64.227089
14793.310547	-64.225037
14798.693848	-63.872189
14804.077148	-63.647297
14809.460449	-63.624405
14814.843750	-63.368397
14820.227051	-63.089161
14825.610352	-62.864769
14830.993652	-62.959217
14836.376953	-63.242458
14841.760254	-63.148251
14847.143555	-63.301559
14852.526855	-63.549473
14857.910156	-63.510780
14863.293457	-63.288559
14868.676758	-62.908619
14874.060059	-62.892719
14879.443359	-62.808521
14884.826660	-62.594166
14890.209961	-62.594543
14895.593262	-62.741821
14900.976562	-63.031029
14906.359863	-63.178719
14911.743164	-63.599628
14917.126465	-64.499741
14922.509766	-65.225624
14927.893066	-65.996254
14933.276367	-66.625084
14938.659668	-67.111740
14944.042969	-67.405563
14949.426270	-67.244545
14954.809570	-67.500053
14960.192871	-67.765694
14965.576172	-67.863480
14970.959473	-67.674263
14976.342773	-66.836990
14981.726074	-66.246201
14987.109375	-65.538498
14992.492676	-64.877899
14997.875977	-64.501663
15003.259277	-64.157112
15008.642578	-63.958427
15014.025879	-63.616516
15019.409180	-63.347240
15024.792480	-63.120552
15030.175781	-62.728546
15035.559082	-62.503807
15040.942383	-62.348949
15046.325684	-62.259495
15051.708984	-62.427753
15057.092285	-62.821644
15062.475586	-63.432167
15067.858887	-63.955433
15073.242188	-64.438873
15078.625488	-65.127182
15084.008789	-65.428795
15089.392090	-65.459778
15094.775391	-65.558716
15100.158691	-65.719986
15105.541992	-65.843460
15110.925293	-65.565598
15116.308594	-65.626480
15121.691895	-65.927742
15127.075195	-65.722771
15132.458496	-65.802856
15137.841797	-66.182777
15143.225098	-66.358864
15148.608398	-66.665932
15153.991699	-66.813309
15159.375000	-66.770096
15164.758301	-66.458275
15170.141602	-65.753700
15175.524902	-65.361908
15180.908203	-64.994019
15186.291504	-64.420280
15191.674805	-64.544975
15197.058105	-64.860092
15202.441406	-65.036530
15207.824707	-65.657219
15213.208008	-66.621933
15218.591309	-67.422188
15223.974609	-68.164833
15229.357910	-69.095940
15234.741211	-70.058983
15240.124512	-70.455551
15245.507812	-70.201530
15250.891113	-70.132111
15256.274414	-70.731094
15261.657715	-70.428886
15267.041016	-69.819305
15272.424316	-70.293633
15277.807617	-70.707008
15283.190918	-70.270096
15288.574219	-70.074501
15293.957520	-70.201981
15299.340820	-69.504852
15304.724121	-68.731140
15310.107422	-67.912949
15315.490723	-67.205109
15320.874023	-66.499382
15326.257324	-65.486549
15331.640625	-65.018944
15337.023926	-64.973091
15342.407227	-64.453461
15347.790527	-64.215462
15353.173828	-64.270409
15358.557129	-64.268906
15363.940430	-64.325531
15369.323730	-64.358864
15374.707031	-64.525383
15380.090332	-64.771553
15385.473633	-64.739288
15390.856934	-64.846115
15396.240234	-65.098984
15401.623535	-65.301628
15407.006836	-65.544624
15412.390137	-65.681091
15417.773438	-66.146973
15423.156738	-66.869492
15428.540039	-67.524025
15433.923340	-68.735207
15439.306641	-70.360802
15444.689941	-71.944572
15450.073242	-74.039795
15455.456543	-75.838615
15460.839844	-76.307320
15466.223145	-75.812828
15471.606445	-74.413673
15476.989746	-73.089607
15482.373047	-71.906624
15487.756348	-70.313232
15493.139648	-69.263802
15498.522949	-68.745781
15503.906250	-68.151863
15509.289551	-67.929619
15514.672852	-67.523598
15520.056152	-66.940186
15525.439453	-66.394547
15530.822754	-65.578850
15536.206055	-65.060425
15541.589355	-64.602257
15546.972656	-64.135536
15552.355957	-63.829830
15557.739258	-63.518028
15563.122559	-63.353073
15568.505859	-63.119320
15573.889160	-62.890949
15579.272461	-62.960289
15584.655762	-62.985519
15590.039062	-62.992683
15595.422363	-63.036900
15600.805664	-63.194313
15606.188965	-63.482212
15611.572266	-63.488625
15616.955566	-63.688126
15622.338867	-64.073563
15627.722168	-64.199745
15633.105469	-64.291039
15638.488770	-64.310204
15643.872070	-64.382515
15649.255371	-64.292091
15654.638672	-63.811344
15660.021973	-63.618587
15665.405273	-63.622128
15670.788574	-63.609974
15676.171875	-63.656586
15681.555176	-63.785069
15686.938477	-64.230103
15692.321777	-64.667023
15697.705078	-64.917320
15703.088379	-65.375740
15708.471680	-66.049339
15713.854980	-66.950897
15719.238281	-67.982231
15724.621582	-69.667053
15730.004883	-72.335808
15735.388184	-75.197922
15740.771484	-80.197731
15746.154785	-85.683640
15751.538086	-78.921814
15756.921387	-75.117897
15762.304688	-72.651443
15767.687988	-70.443787
15773.071289	-69.044075
15778.454590	-68.588699
15783.837891	-68.102577
15789.221191	-67.970749
15794.604492	-68.535248
15799.987793	-68.838547
15805.371094	-68.886459
15810.754395	-68.515060
15816.137695	-68.354530
15821.520996	-68.499611
15826.904297	-68.195580
15832.287598	-68.617119
15837.670898	-69.891281
15843.054199	-71.029068
15848.437500	-72.613358
15853.820801	-74.892494
15859.204102	-76.938438
15864.587402	-77.917984
15869.970703	-77.623688
15875.354004	-76.460167
15880.737305	-74.156837
15886.120605	-72.723938
15891.503906	-71.486717
15896.887207	-70.458076
15902.270508	-69.456963
15907.653809	-68.598335
15913.037109	-68.217194
15918.420410	-67.700363
15923.803711	-67.246864
15929.187012	-67.269371
15934.570312	-67.259659
15939.953613	-67.414352
15945.336914	-67.661919
15950.720215	-67.933113
15956.103516	-68.515701
15961.486816	-68.860420
15966.870117	-68.996262
15972.253418	-69.382614
15977.636719	-69.425415
15983.020020	-69.299423
15988.403320	-69.226402
15993.786621	-69.004349
15999.169922	-68.891853
16004.553223	-68.539879
16009.936523	-68.345558
16015.319824	-68.387718
16020.703125	-67.981804
16026.086426	-67.678253
16031.469727	-67.541245
16036.853027	-66.941841
16042.236328	-66.442009
16047.619629	-66.180466
16053.002930	-66.153831
16058.386230	-66.244080
16063.769531	-66.331787
16069.152832	-67.038879
16074.536133	-67.779076
16079.919434	-67.779213
16085.302734	-68.088348
16090.686035	-68.932137
16096.069336	-69.265373
16101.452637	-69.016411
16106.835938	-69.625725
16112.219238	-70.580399
16117.602539	-70.651337
16122.985840	-70.840134
16128.369141	-71.409851
16133.752441	-71.537941
16139.135742	-71.055977
16144.519043	-70.959999
16149.902344	-71.289093
16155.285645	-71.039368
16160.668945	-70.793739
16166.052246	-70.991547
16171.435547	-71.486771
16176.818848	-70.690536
16182.202148	-69.498528
16187.585449	-68.362320
16192.968750	-67.114326
16198.352051	-65.864967
16203.735352	-64.733658
16209.118652	-64.094101
16214.501953	-63.620895
16219.885254	-62.932949
16225.268555	-62.628288
16230.651855	-62.604546
16236.035156	-62.226284
16241.418457	-61.898701
16246.801758	-61.916092
16252.185059	-62.022354
16257.568359	-61.919983
16262.951660	-61.786095
16268.334961	-62.081318
16273.718262	-62.446659
16279.101562	-62.471630
16284.484863	-62.678528
16289.868164	-63.218349
16295.251465	-63.945850
16300.634766	-64.472481
16306.018066	-65.140274
16311.401367	-66.421829
16316.784668	-67.457413
16322.167969	-68.096893
16327.551270	-68.664337
16332.934570	-69.618393
16338.317871	-71.003227
16343.701172	-71.932938
16349.084473	-74.003044
16354.467773	-75.570526
16359.851074	-75.105019
16365.234375	-74.150208
16370.617676	-72.058800
16376.000977	-71.296440
16381.384277	-71.325813
16386.767578	-71.475945
16392.150879	-72.440681
16397.534180	-73.918182
16402.917480	-75.544708
16408.300781	-77.078606
16413.684082	-78.508156
16419.067383	-77.740532
16424.450684	-75.342110
16429.833984	-74.260475
16435.217285	-73.468575
16440.600586	-73.635262
16445.983887	-74.085876
16451.367188	-74.080307
16456.750488	-76.154823
16462.133789	-78.535362
16467.517090	-77.906197
16472.900391	-78.195175
16478.283691	-76.542480
16483.666992	-74.571686
16489.050293	-74.234367
16494.433594	-73.884384
16499.816895	-72.515228
16505.200195	-72.128708
16510.583496	-72.473007
16515.966797	-71.535805
16521.350098	-71.290688
16526.733398	-71.734772
16532.116699	-71.719528
16537.500000	-72.049416
16542.883301	-72.383202
16548.266602	-72.755463
16553.649902	-73.091972
16559.033203	-72.347542
16564.416504	-71.805634
16569.799805	-71.437759
16575.183105	-70.871948
16580.566406	-70.303375
16585.949707	-70.121834
16591.333008	-70.401810
16596.716309	-70.527092
16602.099609	-70.615173
16607.482910	-71.023834
16612.866211	-71.495003
16618.249512	-72.146202
16623.632812	-73.293678
16629.016113	-75.354752
16634.399414	-78.610115
16639.782715	-80.351875
16645.166016	-81.200134
16650.549316	-78.696297
16655.932617	-77.024078
16661.315918	-77.393890
16666.699219	-77.332878
16672.082520	-78.896873
16677.465820	-82.802467
16682.849121	-84.448471
16688.232422	-82.716690
16693.615723	-79.499153
16698.999023	-78.014999
16704.382324	-77.700874
16709.765625	-78.245697
16715.148926	-79.208405
16720.532227	-79.973701
16725.915527	-80.555771
16731.298828	-78.524895
16736.682129	-76.704170
16742.065430	-74.828903
16747.448730	-73.373566
16752.832031	-72.226677
16758.215332	-70.846642
16763.598633	-69.865685
16768.981934	-68.869072
16774.365234	-67.895729
16779.748535	-67.178413
16785.131836	-66.502762
16790.515137	-66.154556
16795.898438	-65.807556
16801.281738	-65.487190
16806.665039	-65.496414
16812.048340	-65.379066
16817.431641	-65.191498
16822.814941	-65.120750
16828.198242	-65.120697
16833.581543	-65.203209
16838.964844	-65.138618
16844.348145	-65.215263
16849.731445	-65.570847
16855.114746	-65.548668
16860.498047	-65.509407
16865.881348	-65.637978
16871.264648	-65.716927
16876.647949	-65.850426
16882.031250	-65.882179
16887.414551	-66.272217
16892.797852	-66.922905
16898.181152	-67.198364
16903.564453	-67.872108
16908.947754	-68.762199
16914.331055	-69.345222
16919.714355	-69.987457
16925.097656	-70.170952
16930.480957	-70.290848
16935.864258	-70.409294
16941.247559	-69.700333
16946.630859	-69.037842
16952.014160	-68.729042
16957.397461	-68.451790
16962.780762	-68.236084
16968.164062	-68.280243
16973.547363	-68.890678
16978.930664	-69.662781
16984.313965	-70.114265
16989.697266	-70.772232
16995.080566	-71.192879
17000.463867	-71.018700
17005.847168	-70.684532
17011.230469	-70.740433
17016.613770	-71.198509
17021.997070	-71.375427
17027.380371	-72.008553
17032.763672	-73.484390
17038.146973	-74.019592
17043.530273	-74.648499
17048.913574	-75.564430
17054.296875	-75.339401
17059.680176	-74.995300
17065.063477	-75.014938
17070.446777	-74.787407
17075.830078	-74.141449
17081.213379	-73.205910
17086.596680	-72.517029
17091.979980	-72.313171
17097.363281	-71.141068
17102.746582	-70.306938
17108.129883	-70.344963
17113.513184	-70.034363
17118.896484	-69.930435
17124.279785	-70.084610
17129.663086	-70.301147
17135.046387	-70.653389
17140.429688	-70.105446
17145.812988	-69.514069
17151.196289	-69.105484
17156.579590	-68.468994
17161.962891	-68.028122
17167.346191	-67.821480
17172.729492	-68.096054
17178.112793	-68.769241
17183.496094	-69.510864
17188.879395	-70.712257
17194.262695	-72.046158
17199.645996	-73.298935
17205.029297	-74.767059
17210.412598	-75.112297
17215.795898	-75.558601
17221.179199	-76.405891
17226.562500	-76.981659
17231.945801	-77.169861
17237.329102	-76.581825
17242.712402	-76.551888
17248.095703	-76.769821
17253.479004	-77.135178
17258.862305	-77.686028
17264.245605	-78.585091
17269.628906	-78.940735
17275.012207	-78.243683
17280.395508	-78.716568
17285.778809	-77.841660
17291.162109	-77.593513
17296.545410	-78.149689
17301.928711	-78.404984
17307.312012	-79.541901
17312.695312	-80.395020
17318.078613	-81.554436
17323.461914	-83.856567
17328.845215	-84.501129
17334.228516	-83.276314
17339.611816	-79.609558
17344.995117	-77.596939
17350.378418	-75.512634
17355.761719	-73.790199
17361.145020	-72.857094
17366.528320	-71.561592
17371.911621	-70.466301
17377.294922	-69.651100
17382.678223	-69.092010
17388.061523	-68.882164
17393.444824	-68.447952
17398.828125	-68.448730
17404.211426	-68.703430
17409.594727	-68.487793
17414.978027	-68.471794
17420.361328	-68.423096
17425.744629	-68.416733
17431.127930	-68.401855
17436.511230	-68.320656
17441.894531	-68.537109
17447.277832	-68.457161
17452.661133	-68.089928
17458.044434	-67.646820
17463.427734	-67.113541
17468.811035	-66.760315
17474.194336	-66.167015
17479.577637	-65.775711
17484.960938	-65.866913
17490.344238	-65.801987
17495.727539	-65.917351
17501.110840	-66.432159
17506.494141	-66.900642
17511.877441	-67.363503
17517.260742	-67.472275
17522.644043	-67.692734
17528.027344	-68.111794
17533.410645	-67.875717
17538.793945	-67.884827
17544.177246	-68.333534
17549.560547	-68.836578
17554.943848	-69.009926
17560.327148	-68.849701
17565.710449	-69.100754
17571.093750	-69.262543
17576.477051	-68.804886
17581.860352	-68.605682
17587.243652	-68.843887
17592.626953	-69.060242
17598.010254	-68.849297
17603.393555	-68.655548
17608.776855	-69.109947
17614.160156	-69.126717
17619.543457	-68.973244
17624.926758	-69.727661
17630.310059	-70.345802
17635.693359	-70.626717
17641.076660	-71.358536
17646.459961	-71.661087
17651.843262	-71.684311
17657.226562	-71.189651
17662.609863	-70.707039
17667.993164	-70.348007
17673.376465	-69.287750
17678.759766	-68.781311
17684.143066	-68.799454
17689.526367	-68.206551
17694.909668	-67.868317
17700.292969	-68.173073
17705.676270	-68.327332
17711.059570	-68.552269
17716.442871	-69.192497
17721.826172	-70.090866
17727.209473	-70.935654
17732.592773	-71.275352
17737.976074	-71.601669
17743.359375	-71.476196
17748.742676	-70.984955
17754.125977	-70.686661
17759.509277	-70.410919
17764.892578	-70.672722
17770.275879	-70.851967
17775.659180	-71.055901
17781.042480	-72.130508
17786.425781	-72.958145
17791.809082	-73.568794
17797.192383	-75.012123
17802.575684	-76.250458
17807.958984	-76.992401
17813.342285	-77.219582
17818.725586	-77.006462
17824.108887	-75.908447
17829.492188	-74.562325
17834.875488	-73.765060
17840.258789	-73.170753
17845.642090	-72.593460
17851.025391	-72.410965
17856.408691	-72.670929
17861.791992	-72.314194
17867.175293	-71.727379
17872.558594	-71.230591
17877.941895	-70.321014
17883.325195	-69.586845
17888.708496	-69.207352
17894.091797	-69.014870
17899.475098	-69.082489
17904.858398	-69.220467
17910.241699	-69.685638
17915.625000	-70.308395
17921.008301	-70.639313
17926.391602	-71.498222
17931.774902	-72.661667
17937.158203	-72.808578
17942.541504	-73.396393
17947.924805	-74.346603
17953.308105	-74.670555
17958.691406	-74.792130
17964.074707	-74.458183
17969.458008	-74.800858
17974.841309	-75.004074
17980.224609	-74.654007
17985.607910	-75.088577
17990.991211	-75.741554
17996.374512	-75.682755
18001.757812	-75.365135
18007.141113	-75.123825
18012.524414	-75.009346
18017.907715	-73.985580
18023.291016	-73.225967
18028.674316	-72.783562
18034.057617	-72.393463
18039.440918	-72.010979
18044.824219	-71.107269
18050.207520	-70.696022
18055.590820	-70.543770
18060.974121	-69.674973
18066.357422	-69.163933
18071.740723	-69.010719
18077.124023	-68.727890
18082.507324	-68.425606
18087.890625	-68.283127
18093.273926	-68.738556
18098.657227	-68.929588
18104.040527	-69.112801
18109.423828	-70.136024
18114.807129	-71.334671
18120.190430	-72.252533
18125.573730	-73.706871
18130.957031	-74.862312
18136.340332	-74.525284
18141.723633	-73.985756
18147.106934	-73.264488
18152.490234	-72.244118
18157.873535	-72.748756
18163.256836	-73.767235
18168.640137	-74.275536
18174.023438	-76.126167
18179.406738	-76.955978
18184.790039	-76.545204
18190.173340	-75.576012
18195.556641	-74.069534
18200.939941	-73.287071
18206.323242	-72.603394
18211.706543	-72.034431
18217.089844	-71.448898
18222.473145	-71.114960
18227.856445	-71.333031
18233.239746	-71.186890
18238.623047	-71.235062
18244.006348	-71.279823
18249.389648	-70.994659
18254.772949	-70.926003
18260.156250	-70.663261
18265.539551	-71.219681
18270.922852	-72.270004
18276.306152	-73.067398
18281.689453	-74.670868
18287.072754	-75.311058
18292.456055	-74.866821
18297.839355	-73.619637
18303.222656	-72.424393
18308.605957	-72.046921
18313.989258	-71.874619
18319.372559	-72.191025
18324.755859	-72.088730
18330.139160	-72.145607
18335.522461	-72.333992
18340.905762	-71.739426
18346.289062	-71.198143
18351.672363	-70.742317
18357.055664	-70.802788
18362.438965	-71.466064
18367.822266	-71.849792
18373.205566	-73.228806
18378.588867	-75.067619
18383.972168	-76.334984
18389.355469	-77.562401
18394.738770	-77.284592
18400.122070	-77.228333
18405.505371	-77.007927
18410.888672	-76.769341
18416.271973	-76.746513
18421.655273	-76.439781
18427.038574	-76.702141
18432.421875	-76.463623
18437.805176	-76.754372
18443.188477	-77.755531
18448.571777	-77.635246
18453.955078	-77.889992
18459.338379	-77.389801
18464.721680	-77.275299
18470.104980	-77.666687
18475.488281	-77.610985
18480.871582	-78.555794
18486.254883	-78.698364
18491.638184	-78.374908
18497.021484	-78.124878
18502.404785	-77.288033
18507.788086	-76.682732
18513.171387	-75.893295
18518.554688	-75.347977
18523.937988	-74.462082
18529.321289	-73.144852
18534.704590	-71.763710
18540.087891	-70.824982
18545.471191	-70.452454
18550.854492	-69.739059
18556.237793	-69.158722
18561.621094	-69.328651
18567.004395	-69.273766
18572.387695	-69.246078
18577.770996	-69.615456
18583.154297	-70.289429
18588.537598	-71.225220
18593.920898	-72.151215
18599.304199	-73.534668
18604.687500	-75.720901
18610.070801	-77.401047
18615.454102	-78.534592
18620.837402	-79.161179
18626.220703	-78.365509
18631.604004	-77.762703
18636.987305	-77.057381
18642.370605	-76.018898
18647.753906	-75.680969
18653.137207	-75.618988
18658.520508	-75.635414
18663.903809	-75.951340
18669.287109	-76.407814
18674.670410	-77.173897
18680.053711	-77.776016
18685.437012	-77.948776
18690.820312	-78.400238
18696.203613	-79.021088
18701.586914	-78.696457
18706.970215	-78.597855
18712.353516	-79.377701
18717.736816	-79.206810
18723.120117	-79.742767
18728.503418	-80.197441
18733.886719	-80.146103
18739.270020	-80.254654
18744.653320	-79.033112
18750.036621	-77.828468
18755.419922	-76.798889
18760.803223	-75.293823
18766.186523	-74.379616
18771.569824	-73.698448
18776.953125	-73.479034
18782.336426	-73.782463
18787.719727	-73.223938
18793.103027	-72.858215
18798.486328	-72.461853
18803.869629	-71.749268
18809.252930	-71.228340
18814.636230	-70.736969
18820.019531	-70.843704
18825.402832	-71.574913
18830.786133	-72.142067
18836.169434	-73.301430
18841.552734	-74.389847
18846.936035	-74.917961
18852.319336	-75.183899
18857.702637	-74.075150
18863.085938	-73.162300
18868.469238	-72.291298
18873.852539	-71.778046
18879.235840	-71.912178
18884.619141	-71.701241
18890.002441	-72.095528
18895.385742	-73.353615
18900.769043	-74.488243
18906.152344	-75.833138
18911.535645	-76.075119
18916.918945	-75.457245
18922.302246	-74.980484
18927.685547	-73.987061
18933.068848	-73.120331
18938.452148	-72.216286
18943.835449	-72.246277
18949.218750	-72.423599
18954.602051	-71.846161
18959.985352	-71.886314
18965.368652	-72.274200
18970.751953	-72.246132
18976.135254	-72.110619
18981.518555	-72.097649
18986.901855	-72.746941
18992.285156	-73.124207
18997.668457	-72.835220
19003.051758	-73.711227
19008.435059	-74.678452
19013.818359	-73.816452
19019.201660	-73.702698
19024.584961	-73.942932
19029.968262	-72.888985
19035.351562	-72.365196
19040.734863	-72.042496
19046.118164	-71.392479
19051.501465	-70.925743
19056.884766	-70.599327
19062.268066	-70.545662
19067.651367	-70.424713
19073.034668	-70.504105
19078.417969	-71.016769
19083.801270	-71.109550
19089.184570	-71.235970
19094.567871	-71.908409
19099.951172	-72.395447
19105.334473	-73.035622
19110.717773	-73.725739
19116.101074	-74.045242
19121.484375	-74.195389
19126.867676	-73.493752
19132.250977	-72.763664
19137.634277	-71.922775
19143.017578	-71.812561
19148.400879	-72.023872
19153.784180	-71.584908
19159.167480	-71.258331
19164.550781	-70.841934
19169.934082	-70.565720
19175.317383	-70.465668
19180.700684	-70.548805
19186.083984	-71.431061
19191.467285	-72.254181
19196.850586	-73.317924
19202.233887	-74.276260
19207.617188	-73.939430
19213.000488	-73.200287
19218.383789	-71.868851
19223.767090	-71.155617
19229.150391	-70.770424
19234.533691	-70.181908
19239.916992	-70.034584
19245.300293	-70.139343
19250.683594	-70.063698
19256.066895	-69.783310
19261.450195	-69.465294
19266.833496	-69.680832
19272.216797	-69.745720
19277.600098	-69.780472
19282.983398	-70.012428
19288.366699	-70.330673
19293.750000	-70.898560
19299.133301	-70.807800
19304.516602	-71.159393
19309.899902	-72.235878
19315.283203	-72.889427
19320.666504	-74.131287
19326.049805	-75.596375
19331.433105	-77.025436
19336.816406	-78.175743
19342.199707	-77.354004
19347.583008	-77.026321
19352.966309	-78.090973
19358.349609	-79.326263
19363.732910	-80.537979
19369.116211	-83.964508
19374.499512	-83.917969
19379.882812	-81.538864
19385.266113	-80.574982
19390.649414	-78.024246
19396.032715	-76.568474
19401.416016	-76.086319
19406.799316	-75.567047
19412.182617	-75.217186
19417.565918	-74.660576
19422.949219	-74.543732
19428.332520	-74.467163
19433.715820	-73.214653
19439.099121	-72.309456
19444.482422	-71.858917
19449.865723	-71.565811
19455.249023	-71.323494
19460.632324	-71.573997
19466.015625	-72.561241
19471.398926	-73.042999
19476.782227	-73.692352
19482.165527	-74.895172
19487.548828	-75.225296
19492.932129	-75.781044
19498.315430	-76.523766
19503.698730	-77.693260
19509.082031	-78.816284
19514.465332	-79.224236
19519.848633	-80.672249
19525.231934	-81.009911
19530.615234	-79.413925
19535.998535	-79.005661
19541.381836	-78.203026
19546.765137	-76.555130
19552.148438	-76.101479
19557.531738	-76.369110
19562.915039	-75.475723
19568.298340	-75.200623
19573.681641	-76.577461
19579.064941	-76.873230
19584.448242	-77.557632
19589.831543	-79.559975
19595.214844	-80.427307
19600.598145	-81.427429
19605.981445	-83.569710
19611.364746	-86.194046
19616.748047	-88.885551
19622.131348	-90.702988
19627.514648	-91.611534
19632.897949	-87.396065
19638.281250	-84.501389
19643.664551	-81.943329
19649.047852	-80.589424
19654.431152	-80.134010
19659.814453	-79.815163
19665.197754	-79.474930
19670.581055	-79.580719
19675.964355	-79.644409
19681.347656	-79.794472
19686.730957	-79.452614
19692.114258	-79.685242
19697.497559	-80.343987
19702.880859	-79.267700
19708.264160	-79.061249
19713.647461	-79.566818
19719.030762	-78.541077
19724.414062	-78.718391
19729.797363	-80.376915
19735.180664	-80.147072
19740.563965	-81.474419
19745.947266	-83.452232
19751.330566	-83.443794
19756.713867	-83.459564
19762.097168	-81.750168
19767.480469	-79.263855
19772.863770	-77.879356
19778.247070	-77.021706
19783.630371	-75.589668
19789.013672	-75.223396
19794.396973	-75.876297
19799.780273	-75.602249
19805.163574	-76.520340
19810.546875	-78.358955
19815.930176	-78.883850
19821.313477	-80.232201
19826.696777	-80.574722
19832.080078	-79.385986
19837.463379	-79.475655
19842.846680	-78.611656
19848.229980	-77.851059
19853.613281	-78.309883
19858.996582	-78.234840
19864.379883	-78.416153
19869.763184	-78.846260
19875.146484	-79.282738
19880.529785	-79.973618
19885.913086	-80.279648
19891.296387	-81.093048
19896.679688	-82.330765
19902.062988	-82.892242
19907.446289	-83.498337
19912.829590	-84.751137
19918.212891	-85.302444
19923.596191	-85.211929
19928.979492	-84.856110
19934.362793	-85.353516
19939.746094	-84.484756
19945.129395	-84.091194
19950.512695	-83.716942
19955.895996	-82.247520
19961.279297	-81.535080
19966.662598	-79.943192
19972.045898	-78.473618
19977.429199	-78.691254
19982.812500	-78.856392
19988.195801	-78.436935
19993.579102	-78.415894
19998.962402	-78.154228
20004.345703	-77.326393
20009.729004	-76.690147
20015.112305	-75.303307
20020.495605	-74.536415
20025.878906	-74.587181
20031.262207	-73.970383
20036.645508	-73.598770
20042.028809	-73.688210
20047.412109	-73.520607
20052.795410	-73.548012
20058.178711	-73.171806
20063.562012	-72.783539
20068.945312	-72.549942
20074.328613	-71.869049
20079.711914	-71.556084
20085.095215	-71.227448
20090.478516	-71.176010
20095.861816	-71.999016
20101.245117	-72.867348
20106.628418	-74.404648
20112.011719	-76.527679
20117.395020	-79.534096
20122.778320	-81.320625
20128.161621	-83.272781
20133.544922	-84.899467
20138.928223	-82.567711
20144.311523	-83.120499
20149.694824	-84.462692
20155.078125	-83.498108
20160.461426	-82.860229
20165.844727	-80.955025
20171.228027	-79.427704
20176.611328	-77.707054
20181.994629	-76.564079
20187.377930	-75.863869
20192.761230	-74.948158
20198.144531	-74.538460
20203.527832	-73.973068
20208.911133	-73.566689
20214.294434	-73.354065
20219.677734	-72.810616
20225.061035	-72.675583
20230.444336	-72.714859
20235.827637	-72.525574
20241.210938	-72.021698
20246.594238	-71.684448
20251.977539	-71.870255
20257.360840	-71.351730
20262.744141	-70.681236
20268.127441	-70.067551
20273.510742	-69.513969
20278.894043	-69.248772
20284.277344	-68.634445
20289.660645	-68.392464
20295.043945	-68.789642
20300.427246	-69.058075
20305.810547	-69.477173
20311.193848	-69.864449
20316.577148	-70.038467
20321.960449	-70.191460
20327.343750	-69.794907
20332.727051	-69.788582
20338.110352	-70.262337
20343.493652	-70.728737
20348.876953	-71.732697
20354.260254	-73.211517
20359.643555	-75.146713
20365.026855	-77.390594
20370.410156	-79.509758
20375.793457	-82.499748
20381.176758	-83.996338
20386.560059	-84.528671
20391.943359	-82.825089
20397.326660	-81.856651
20402.709961	-81.794212
20408.093262	-79.939606
20413.476562	-79.708092
20418.859863	-79.781265
20424.243164	-78.541496
20429.626465	-77.514175
20435.009766	-77.033043
20440.393066	-75.673904
20445.776367	-74.478172
20451.159668	-74.234268
20456.542969	-73.602943
20461.926270	-73.080948
20467.309570	-72.924759
20472.692871	-72.789803
20478.076172	-72.905670
20483.459473	-72.438667
20488.842773	-72.791382
20494.226074	-73.711052
20499.609375	-74.117928
20504.992676	-75.772835
20510.375977	-78.843750
20515.759277	-81.125404
20521.142578	-85.765526
20526.525879	-85.259506
20531.909180	-81.107361
20537.292480	-79.308624
20542.675781	-78.356682
20548.059082	-77.569839
20553.442383	-77.645935
20558.825684	-78.660660
20564.208984	-79.021057
20569.592285	-80.012138
20574.975586	-81.332802
20580.358887	-80.908340
20585.742188	-80.452484
20591.125488	-78.571068
20596.508789	-77.668365
20601.892090	-77.610909
20607.275391	-77.257523
20612.658691	-77.991768
20618.041992	-79.167953
20623.425293	-80.326675
20628.808594	-82.344955
20634.191895	-83.459381
20639.575195	-84.022156
20644.958496	-84.315582
20650.341797	-84.417694
20655.725098	-85.081833
20661.108398	-84.913216
20666.491699	-84.909363
20671.875000	-84.946960
20677.258301	-83.606049
20682.641602	-82.047989
20688.024902	-80.902672
20693.408203	-79.698906
20698.791504	-78.598389
20704.174805	-77.201958
20709.558105	-76.819122
20714.941406	-76.831131
20720.324707	-76.032387
20725.708008	-76.015213
20731.091309	-76.368660
20736.474609	-75.665070
20741.857910	-75.234756
20747.241211	-75.475533
20752.624512	-75.552269
20758.007812	-75.502739
20763.391113	-76.303116
20768.774414	-77.877701
20774.157715	-78.964294
20779.541016	-80.760582
20784.924316	-81.810249
20790.307617	-82.591370
20795.690918	-84.692902
20801.074219	-84.637634
20806.457520	-84.677757
20811.840820	-85.771935
20817.224121	-83.241570
20822.607422	-81.023979
20827.990723	-79.767570
20833.374023	-78.287895
20838.757324	-77.633240
20844.140625	-77.836945
20849.523926	-78.189812
20854.907227	-78.119057
20860.290527	-78.631500
20865.673828	-78.567703
20871.057129	-78.590225
20876.440430	-79.154350
20881.823730	-79.621140
20887.207031	-81.077759
20892.590332	-82.732300
20897.973633	-84.862991
20903.356934	-87.905197
20908.740234	-87.994141
20914.123535	-87.759209
20919.506836	-85.194450
20924.890137	-83.651573
20930.273438	-81.342903
20935.656738	-79.765236
20941.040039	-79.121323
20946.423340	-78.392311
20951.806641	-77.800949
20957.189941	-77.708557
20962.573242	-77.789482
20967.956543	-78.229988
20973.339844	-78.165749
20978.723145	-78.300095
20984.106445	-78.558655
20989.489746	-78.165756
20994.873047	-78.681564
21000.256348	-79.237854
21005.639648	-80.057610
21011.022949	-82.042503
21016.406250	-83.722183
21021.789551	-86.916176
21027.172852	-90.899277
21032.556152	-88.521751
21037.939453	-86.906387
21043.322754	-83.823776
21048.706055	-83.907547
21054.089355	-84.382607
21059.472656	-84.193535
21064.855957	-86.222336
21070.239258	-88.845901
21075.622559	-88.679260
21081.005859	-86.707520
21086.389160	-83.512466
21091.772461	-79.479019
21097.155762	-77.136215
21102.539062	-75.573380
21107.922363	-73.608345
21113.305664	-72.768913
21118.688965	-72.327545
21124.072266	-71.605576
21129.455566	-71.309151
21134.838867	-70.995987
21140.222168	-70.501228
21145.605469	-70.031059
21150.988770	-69.349876
21156.372070	-69.091858
21161.755371	-68.836929
21167.138672	-68.647041
21172.521973	-68.986595
21177.905273	-69.289536
21183.288574	-69.864204
21188.671875	-70.749985
21194.055176	-71.474831
21199.438477	-72.395683
21204.821777	-73.350838
21210.205078	-74.555862
21215.588379	-76.068405
21220.971680	-76.661179
21226.354980	-77.410271
21231.738281	-78.232880
21237.121582	-77.962730
21242.504883	-77.253304
21247.888184	-76.835548
21253.271484	-77.017609
21258.654785	-76.335541
21264.038086	-75.512634
21269.421387	-75.560829
21274.804688	-75.330940
21280.187988	-74.563560
21285.571289	-74.432533
21290.954590	-74.609375
21296.337891	-73.887505
21301.721191	-72.606514
21307.104492	-71.581848
21312.487793	-70.936081
21317.871094	-69.997658
21323.254395	-69.180603
21328.637695	-69.377090
21334.020996	-69.400452
21339.404297	-69.142502
21344.787598	-69.088829
21350.170898	-68.906258
21355.554199	-68.657890
21360.937500	-68.120750
21366.320801	-67.839409
21371.704102	-68.054771
21377.087402	-67.983276
21382.470703	-68.221649
21387.854004	-69.113693
21393.237305	-69.777657
21398.620605	-70.459770
21404.003906	-71.388618
21409.387207	-72.660919
21414.770508	-73.984497
21420.153809	-74.599960
21425.537109	-76.091812
21430.920410	-78.069412
21436.303711	-78.813324
21441.687012	-79.665833
21447.070312	-80.424004
21452.453613	-81.249107
21457.836914	-81.599236
21463.220215	-81.772942
21468.603516	-82.563431
21473.986816	-83.632607
21479.370117	-83.748398
21484.753418	-83.590912
21490.136719	-84.509560
21495.520020	-83.763786
21500.903320	-82.622879
21506.286621	-82.646866
21511.669922	-82.794518
21517.053223	-82.868965
21522.436523	-82.836243
21527.819824	-83.992378
21533.203125	-83.288300
21538.586426	-82.571404
21543.969727	-82.508774
21549.353027	-82.002357
21554.736328	-82.341255
21560.119629	-81.787720
21565.502930	-82.114197
21570.886230	-82.771576
21576.269531	-81.852036
21581.652832	-82.414223
21587.036133	-82.918053
21592.419434	-81.398109
21597.802734	-80.022316
21603.186035	-79.246223
21608.569336	-77.472038
21613.952637	-76.371025
21619.335938	-76.767067
21624.719238	-77.214050
21630.102539	-77.897705
21635.485840	-80.272736
21640.869141	-82.932205
21646.252441	-84.158035
21651.635742	-82.499924
21657.019043	-79.770500
21662.402344	-77.226974
21667.785645	-75.972755
21673.168945	-75.518265
21678.552246	-74.602127
21683.935547	-74.315910
21689.318848	-74.067078
21694.702148	-73.418488
21700.085449	-73.055809
21705.468750	-72.500740
21710.852051	-72.403427
21716.235352	-72.690262
21721.618652	-72.871201
21727.001953	-73.820557
21732.385254	-75.151939
21737.768555	-76.735062
21743.151855	-78.880272
21748.535156	-81.337082
21753.918457	-85.064888
21759.301758	-85.819435
21764.685059	-85.632668
21770.068359	-83.137703
21775.451660	-81.415825
21780.834961	-81.452156
21786.218262	-80.991249
21791.601562	-81.751068
21796.984863	-80.876167
21802.368164	-79.118622
21807.751465	-77.329483
21813.134766	-75.136192
21818.518066	-73.639702
21823.901367	-72.610985
21829.284668	-72.178970
21834.667969	-72.002403
21840.051270	-71.932465
21845.434570	-72.685905
21850.817871	-73.337891
21856.201172	-74.032692
21861.584473	-75.545105
21866.967773	-76.781998
21872.351074	-78.146912
21877.734375	-79.576546
21883.117676	-80.960289
21888.500977	-83.154816
21893.884277	-83.509209
21899.267578	-85.022728
21904.650879	-86.013939
21910.034180	-84.370247
21915.417480	-82.673157
21920.800781	-80.731155
21926.184082	-78.496635
21931.567383	-77.019836
21936.950684	-76.749870
21942.333984	-75.908127
21947.717285	-75.429558
21953.100586	-76.030617
21958.483887	-76.052887
21963.867188	-75.961472
21969.250488	-75.643364
21974.633789	-75.419930
21980.017090	-75.616104
21985.400391	-74.984352
21990.783691	-74.962334
21996.166992	-75.724922
22001.550293	-75.621620
22006.933594	-75.850121
22012.316895	-75.725906
22017.700195	-75.449028
22023.083496	-74.958824
22028.466797	-73.804337
22033.850098	-73.373543
22039.233398	-73.270058
22044.616699	-72.796753
