Frequency (Hz)	Level (dB)
5.383301	-58.137436
10.766602	-53.320934
16.149902	-50.809757
21.533203	-49.088623
26.916504	-48.755970
32.299805	-48.202667
37.683105	-47.644691
43.066406	-46.253433
48.449707	-43.735603
53.833008	-45.302975
59.216309	-46.794640
64.599609	-46.396130
69.982910	-46.319351
75.366211	-47.168129
80.749512	-48.901951
86.132812	-49.086014
91.516113	-47.241482
96.899414	-44.235989
102.282715	-42.395844
107.666016	-41.786060
113.049316	-41.099834
118.432617	-41.235867
123.815918	-41.865475
129.199219	-41.943642
134.582520	-40.850170
139.965820	-38.539516
145.349121	-37.076527
150.732422	-36.344078
156.115723	-36.854462
161.499023	-38.102444
166.882324	-38.192776
172.265625	-37.970749
177.648926	-39.767742
183.032227	-43.435131
188.415527	-39.407841
193.798828	-36.798111
199.182129	-35.871929
204.565430	-36.239056
209.948730	-38.630184
215.332031	-39.168663
220.715332	-38.566250
226.098633	-38.464787
231.481934	-39.279476
236.865234	-40.387459
242.248535	-42.660271
247.631836	-49.793823
253.015137	-39.191601
258.398438	-33.378044
263.781738	-30.007504
269.165039	-28.094790
274.548340	-27.549568
279.931641	-28.525530
285.314941	-30.227268
290.698242	-31.932211
296.081543	-33.354721
301.464844	-33.507175
306.848145	-33.900547
312.231445	-35.004982
317.614746	-37.444004
322.998047	-39.799847
328.381348	-39.819813
333.764648	-38.433048
339.147949	-37.660015
344.531250	-38.033485
349.914551	-37.841633
355.297852	-37.960953
360.681152	-39.323910
366.064453	-38.859844
371.447754	-39.681850
376.831055	-44.140244
382.214355	-43.895126
387.597656	-37.495922
392.980957	-34.860050
398.364258	-33.594158
403.747559	-32.748196
409.130859	-32.219563
414.514160	-31.554821
419.897461	-31.441559
425.280762	-29.984865
430.664062	-27.028286
436.047363	-25.898121
441.430664	-27.199379
446.813965	-29.093098
452.197266	-30.627853
457.580566	-31.690651
462.963867	-34.550709
468.347168	-36.210411
473.730469	-32.895618
479.113770	-31.604118
484.497070	-32.956116
489.880371	-34.312897
495.263672	-33.180370
500.646973	-33.016380
506.030273	-35.023911
511.413574	-36.386627
516.796875	-36.958195
522.180176	-37.162537
527.563477	-37.839455
532.946777	-39.143341
538.330078	-38.300564
543.713379	-36.181561
549.096680	-36.440468
554.479980	-38.199780
559.863281	-40.138569
565.246582	-41.934113
570.629883	-41.644375
576.013184	-38.828259
581.396484	-36.721745
586.779785	-35.843651
592.163086	-36.985039
597.546387	-37.405254
602.929688	-38.153393
608.312988	-38.493721
613.696289	-39.135796
619.079590	-38.936893
624.462891	-38.698700
629.846191	-38.393875
635.229492	-38.945724
640.612793	-40.632011
645.996094	-42.587528
651.379395	-43.205276
656.762695	-43.715233
662.145996	-44.393944
667.529297	-44.685444
672.912598	-42.540161
678.295898	-41.952682
683.679199	-45.081898
689.062500	-49.512447
694.445801	-48.065456
699.829102	-44.792812
705.212402	-44.523933
710.595703	-46.319054
715.979004	-49.273716
721.362305	-47.529449
726.745605	-43.740810
732.128906	-41.941582
737.512207	-41.502003
742.895508	-40.990417
748.278809	-41.743767
753.662109	-42.953197
759.045410	-42.991898
764.428711	-40.475124
769.812012	-35.957283
775.195312	-33.510765
780.578613	-31.517807
785.961914	-32.176945
791.345215	-34.819904
796.728516	-36.175209
802.111816	-35.358040
807.495117	-35.703121
812.878418	-36.600895
818.261719	-37.366821
823.645020	-37.359276
829.028320	-36.987110
834.411621	-36.664894
839.794922	-35.612568
845.178223	-34.807552
850.561523	-34.982204
855.944824	-35.713024
861.328125	-37.196625
866.711426	-37.940350
872.094727	-37.407837
877.478027	-36.898182
882.861328	-38.216846
888.244629	-41.858070
893.627930	-44.724709
899.011230	-47.111385
904.394531	-56.709446
909.777832	-54.593147
915.161133	-47.724342
920.544434	-43.811150
925.927734	-41.009991
931.311035	-39.907238
936.694336	-39.646206
942.077637	-39.519119
947.460938	-38.833725
952.844238	-36.976910
958.227539	-35.438950
963.610840	-35.847404
968.994141	-35.617252
974.377441	-35.307182
979.760742	-35.574509
985.144043	-35.321041
990.527344	-34.254589
995.910645	-34.112480
1001.293945	-34.026005
1006.677246	-34.444721
1012.060547	-34.306587
1017.443848	-33.723022
1022.827148	-33.422985
1028.210449	-34.435944
1033.593750	-37.013752
1038.977051	-39.748325
1044.360352	-41.008965
1049.743652	-41.263897
1055.126953	-41.418331
1060.510254	-41.012245
1065.893555	-41.151012
1071.276855	-41.790634
1076.660156	-43.330666
1082.043457	-44.910797
1087.426758	-45.830151
1092.810059	-45.371952
1098.193359	-45.041183
1103.576660	-45.389236
1108.959961	-44.830166
1114.343262	-45.402889
1119.726562	-47.416897
1125.109863	-48.964245
1130.493164	-48.770828
1135.876465	-49.835789
1141.259766	-56.532482
1146.643066	-54.507271
1152.026367	-45.332245
1157.409668	-40.388283
1162.792969	-37.659355
1168.176270	-35.387062
1173.559570	-33.394451
1178.942871	-33.644539
1184.326172	-36.671806
1189.709473	-42.957836
1195.092773	-46.599941
1200.476074	-43.662247
1205.859375	-41.272930
1211.242676	-39.882183
1216.625977	-39.784496
1222.009277	-40.495705
1227.392578	-41.476070
1232.775879	-41.731056
1238.159180	-42.098774
1243.542480	-42.524883
1248.925781	-42.920387
1254.309082	-42.943176
1259.692383	-42.443913
1265.075684	-41.340576
1270.458984	-41.137409
1275.842285	-41.244473
1281.225586	-42.826115
1286.608887	-45.634010
1291.992188	-47.898224
1297.375488	-47.328720
1302.758789	-46.384548
1308.142090	-46.080799
1313.525391	-46.338879
1318.908691	-46.401241
1324.291992	-46.906345
1329.675293	-49.038620
1335.058594	-50.655918
1340.441895	-48.263424
1345.825195	-46.890465
1351.208496	-46.731026
1356.591797	-47.469593
1361.975098	-48.987450
1367.358398	-49.679504
1372.741699	-48.903645
1378.125000	-47.793369
1383.508301	-47.381985
1388.891602	-47.612160
1394.274902	-47.912678
1399.658203	-48.119484
1405.041504	-47.879971
1410.424805	-47.545601
1415.808105	-46.379543
1421.191406	-44.483269
1426.574707	-42.369221
1431.958008	-40.592228
1437.341309	-39.444408
1442.724609	-39.212387
1448.107910	-39.917255
1453.491211	-40.595554
1458.874512	-41.061512
1464.257812	-40.828972
1469.641113	-40.179085
1475.024414	-40.110790
1480.407715	-40.136181
1485.791016	-40.543827
1491.174316	-41.469509
1496.557617	-42.406792
1501.940918	-43.605320
1507.324219	-44.290283
1512.707520	-45.112350
1518.090820	-44.713482
1523.474121	-42.494579
1528.857422	-39.807346
1534.240723	-39.781227
1539.624023	-42.264397
1545.007324	-45.103958
1550.390625	-46.657795
1555.773926	-47.915432
1561.157227	-48.951561
1566.540527	-48.208946
1571.923828	-46.040031
1577.307129	-44.392063
1582.690430	-43.302650
1588.073730	-42.798073
1593.457031	-42.513847
1598.840332	-42.551235
1604.223633	-42.863289
1609.606934	-43.103275
1614.990234	-42.688713
1620.373535	-41.945583
1625.756836	-41.028622
1631.140137	-40.299316
1636.523438	-40.482708
1641.906738	-41.692875
1647.290039	-43.136955
1652.673340	-44.574425
1658.056641	-45.689098
1663.439941	-46.314251
1668.823242	-47.543873
1674.206543	-50.054508
1679.589844	-54.056862
1684.973145	-59.741421
1690.356445	-59.304531
1695.739746	-55.829948
1701.123047	-52.934063
1706.506348	-50.958546
1711.889648	-49.875206
1717.272949	-49.548519
1722.656250	-49.860149
1728.039551	-50.102097
1733.422852	-50.295925
1738.806152	-51.001610
1744.189453	-52.207150
1749.572754	-53.506779
1754.956055	-54.768528
1760.339355	-56.770050
1765.722656	-61.894802
1771.105957	-66.547218
1776.489258	-60.766949
1781.872559	-56.530392
1787.255859	-53.895046
1792.639160	-52.707176
1798.022461	-52.633728
1803.405762	-53.542747
1808.789062	-55.313698
1814.172363	-56.540100
1819.555664	-54.386909
1824.938965	-50.790432
1830.322266	-48.130039
1835.705566	-46.821003
1841.088867	-46.479431
1846.472168	-48.342758
1851.855469	-51.210552
1857.238770	-56.958450
1862.622070	-65.031029
1868.005371	-57.886032
1873.388672	-54.452118
1878.771973	-52.404732
1884.155273	-49.823555
1889.538574	-48.294853
1894.921875	-47.839859
1900.305176	-47.936165
1905.688477	-48.901119
1911.071777	-49.220047
1916.455078	-48.372974
1921.838379	-47.471718
1927.221680	-47.868813
1932.604980	-48.833450
1937.988281	-50.315662
1943.371582	-51.060497
1948.754883	-52.380814
1954.138184	-51.196266
1959.521484	-48.234165
1964.904785	-45.443951
1970.288086	-42.853836
1975.671387	-41.129383
1981.054688	-39.893612
1986.437988	-38.672340
1991.821289	-37.589844
1997.204590	-36.586945
2002.587891	-36.579659
2007.971191	-37.476921
2013.354492	-38.552673
2018.737793	-39.235786
2024.121094	-39.691326
2029.504395	-39.958080
2034.887695	-40.356106
2040.270996	-40.742535
2045.654297	-41.065277
2051.037598	-40.914772
2056.420898	-40.517536
2061.804199	-40.293110
2067.187500	-40.277451
2072.570801	-40.492180
2077.954102	-40.711159
2083.337402	-41.180992
2088.720703	-41.786224
2094.104004	-42.578518
2099.487305	-43.713764
2104.870605	-44.293201
2110.253906	-44.374844
2115.637207	-45.392864
2121.020508	-46.875107
2126.403809	-47.365231
2131.787109	-46.413410
2137.170410	-44.422630
2142.553711	-42.852718
2147.937012	-42.613117
2153.320312	-43.221958
2158.703613	-44.158340
2164.086914	-45.054775
2169.470215	-45.593685
2174.853516	-46.173676
2180.236816	-46.805569
2185.620117	-47.606033
2191.003418	-48.008137
2196.386719	-48.347076
2201.770020	-48.444950
2207.153320	-48.876556
2212.536621	-49.638172
2217.919922	-50.983490
2223.303223	-54.050331
2228.686523	-58.583672
2234.069824	-61.883110
2239.453125	-64.074524
2244.836426	-66.510254
2250.219727	-70.035080
2255.603027	-67.903084
2260.986328	-65.926895
2266.369629	-64.183571
2271.752930	-62.891922
2277.136230	-62.019928
2282.519531	-62.680012
2287.902832	-64.421471
2293.286133	-64.082527
2298.669434	-63.234703
2304.052734	-61.832855
2309.436035	-60.251324
2314.819336	-58.844376
2320.202637	-58.695007
2325.585938	-58.324238
2330.969238	-58.121838
2336.352539	-56.911972
2341.735840	-55.317905
2347.119141	-54.425968
2352.502441	-53.849689
2357.885742	-53.084038
2363.269043	-52.772968
2368.652344	-52.295193
2374.035645	-51.520561
2379.418945	-50.544514
2384.802246	-50.150330
2390.185547	-49.509586
2395.568848	-48.940228
2400.952148	-49.026627
2406.335449	-49.155338
2411.718750	-49.227863
2417.102051	-48.508137
2422.485352	-47.704567
2427.868652	-47.469578
2433.251953	-47.869423
2438.635254	-48.014973
2444.018555	-47.660343
2449.401855	-47.786316
2454.785156	-48.134293
2460.168457	-48.841816
2465.551758	-49.952473
2470.935059	-50.704239
2476.318359	-50.722496
2481.701660	-50.610519
2487.084961	-50.688145
2492.468262	-50.704506
2497.851562	-50.326687
2503.234863	-49.669342
2508.618164	-49.176117
2514.001465	-48.842957
2519.384766	-49.210510
2524.768066	-49.558224
2530.151367	-49.832455
2535.534668	-50.284668
2540.917969	-50.849831
2546.301270	-52.067127
2551.684570	-54.518444
2557.067871	-57.309570
2562.451172	-58.114128
2567.834473	-58.953400
2573.217773	-61.065327
2578.601074	-60.101704
2583.984375	-55.867550
2589.367676	-53.783783
2594.750977	-52.911461
2600.134277	-52.583466
2605.517578	-52.244270
2610.900879	-51.491417
2616.284180	-51.299854
2621.667480	-51.479763
2627.050781	-51.552917
2632.434082	-50.789032
2637.817383	-49.854473
2643.200684	-49.439880
2648.583984	-48.832123
2653.967285	-47.672501
2659.350586	-47.093613
2664.733887	-46.939747
2670.117188	-47.003593
2675.500488	-48.243034
2680.883789	-49.174839
2686.267090	-49.909756
2691.650391	-50.391750
2697.033691	-49.566811
2702.416992	-49.112610
2707.800293	-49.878395
2713.183594	-50.766148
2718.566895	-50.726475
2723.950195	-50.922234
2729.333496	-51.876640
2734.716797	-53.257366
2740.100098	-54.324215
2745.483398	-55.155800
2750.866699	-56.619644
2756.250000	-57.230816
2761.633301	-55.618649
2767.016602	-54.786205
2772.399902	-54.343788
2777.783203	-54.101482
2783.166504	-53.492260
2788.549805	-53.338001
2793.933105	-54.633293
2799.316406	-56.404613
2804.699707	-57.855167
2810.083008	-57.937408
2815.466309	-57.501492
2820.849609	-55.272835
2826.232910	-53.777374
2831.616211	-53.027622
2836.999512	-52.650780
2842.382812	-52.630692
2847.766113	-52.498535
2853.149414	-52.829258
2858.532715	-52.877754
2863.916016	-52.572556
2869.299316	-52.351723
2874.682617	-52.536728
2880.065918	-52.727604
2885.449219	-53.224472
2890.832520	-53.935146
2896.215820	-54.325169
2901.599121	-54.620598
2906.982422	-54.919262
2912.365723	-56.180279
2917.749023	-58.090939
2923.132324	-60.600304
2928.515625	-61.789696
2933.898926	-62.917789
2939.282227	-62.099072
2944.665527	-62.495495
2950.048828	-69.348015
2955.432129	-69.213165
2960.815430	-67.127380
2966.198730	-65.828613
2971.582031	-62.512424
2976.965332	-60.139133
2982.348633	-60.924126
2987.731934	-62.520634
2993.115234	-61.916534
2998.498535	-60.026264
3003.881836	-59.772522
3009.265137	-60.556786
3014.648438	-60.709442
3020.031738	-59.552948
3025.415039	-59.055775
3030.798340	-60.283089
3036.181641	-59.867672
3041.564941	-59.384922
3046.948242	-59.058395
3052.331543	-59.235588
3057.714844	-59.942127
3063.098145	-60.620247
3068.481445	-61.102390
3073.864746	-60.554749
3079.248047	-61.560341
3084.631348	-60.598694
3090.014648	-59.689579
3095.397949	-61.543919
3100.781250	-62.337910
3106.164551	-62.596653
3111.547852	-62.123283
3116.931152	-61.874352
3122.314453	-61.086823
3127.697754	-61.269447
3133.081055	-59.389877
3138.464355	-58.022831
3143.847656	-58.357967
3149.230957	-59.266266
3154.614258	-60.187611
3159.997559	-61.594528
3165.380859	-65.602280
3170.764160	-70.250778
3176.147461	-69.224297
3181.530762	-66.571793
3186.914062	-63.258480
3192.297363	-60.327576
3197.680664	-59.173782
3203.063965	-58.236504
3208.447266	-57.921135
3213.830566	-56.395409
3219.213867	-54.397129
3224.597168	-52.528709
3229.980469	-51.941299
3235.363770	-52.674175
3240.747070	-53.015102
3246.130371	-54.200100
3251.513672	-56.004501
3256.896973	-57.827705
3262.280273	-59.946175
3267.663574	-58.571743
3273.046875	-56.723015
3278.430176	-55.330570
3283.813477	-54.841015
3289.196777	-54.805767
3294.580078	-53.867233
3299.963379	-53.235130
3305.346680	-53.211452
3310.729980	-52.884071
3316.113281	-52.339264
3321.496582	-52.314041
3326.879883	-52.368618
3332.263184	-52.322193
3337.646484	-52.875050
3343.029785	-53.938057
3348.413086	-55.167896
3353.796387	-55.363598
3359.179688	-55.219143
3364.562988	-55.527969
3369.946289	-57.640316
3375.329590	-60.772861
3380.712891	-64.726280
3386.096191	-66.150162
3391.479492	-65.986046
3396.862793	-71.116814
3402.246094	-75.412476
3407.629395	-72.644882
3413.012695	-68.835991
3418.395996	-64.659485
3423.779297	-62.324837
3429.162598	-62.803104
3434.545898	-63.283707
3439.929199	-61.847366
3445.312500	-60.984581
3450.695801	-59.749691
3456.079102	-58.269337
3461.462402	-57.129307
3466.845703	-56.504913
3472.229004	-56.485767
3477.612305	-57.409336
3482.995605	-58.155834
3488.378906	-58.454231
3493.762207	-58.942661
3499.145508	-58.337013
3504.528809	-58.963379
3509.912109	-59.378662
3515.295410	-59.827274
3520.678711	-60.995655
3526.062012	-62.459728
3531.445312	-62.254292
3536.828613	-61.898750
3542.211914	-60.236073
3547.595215	-58.798031
3552.978516	-59.279842
3558.361816	-60.252121
3563.745117	-59.694084
3569.128418	-60.199467
3574.511719	-63.003075
3579.895020	-64.700951
3585.278320	-66.298904
3590.661621	-71.118958
3596.044922	-66.968208
3601.428223	-64.517891
3606.811523	-62.403954
3612.194824	-60.497292
3617.578125	-59.139740
3622.961426	-59.065716
3628.344727	-59.019485
3633.728027	-58.839699
3639.111328	-59.102936
3644.494629	-58.788734
3649.877930	-58.293438
3655.261230	-57.873146
3660.644531	-57.146709
3666.027832	-56.855087
3671.411133	-57.558231
3676.794434	-58.285187
3682.177734	-58.914509
3687.561035	-60.183781
3692.944336	-59.900440
3698.327637	-58.743767
3703.710938	-58.013283
3709.094238	-56.864090
3714.477539	-55.363892
3719.860840	-54.310135
3725.244141	-53.762726
3730.627441	-53.232777
3736.010742	-52.411480
3741.394043	-51.400562
3746.777344	-50.595928
3752.160645	-50.719906
3757.543945	-50.910172
3762.927246	-50.563351
3768.310547	-50.179073
3773.693848	-50.829288
3779.077148	-52.610474
3784.460449	-54.133293
3789.843750	-54.719505
3795.227051	-56.163689
3800.610352	-58.591400
3805.993652	-59.258327
3811.376953	-60.227051
3816.760254	-61.083733
3822.143555	-59.712246
3827.526855	-57.634964
3832.910156	-57.506092
3838.293457	-58.000320
3843.676758	-57.467342
3849.060059	-56.411488
3854.443359	-56.824898
3859.826660	-57.063801
3865.209961	-57.149563
3870.593262	-56.333900
3875.976562	-54.524052
3881.359863	-53.395035
3886.743164	-53.441406
3892.126465	-54.341820
3897.509766	-54.635246
3902.893066	-53.923588
3908.276367	-51.188793
3913.659668	-48.933220
3919.042969	-47.493187
3924.426270	-47.056152
3929.809570	-46.845562
3935.192871	-46.250362
3940.576172	-45.896603
3945.959473	-47.098591
3951.342773	-49.957603
3956.726074	-52.000431
3962.109375	-50.829655
3967.492676	-47.940464
3972.875977	-45.998718
3978.259277	-45.048656
3983.642578	-45.180321
3989.025879	-46.197033
3994.409180	-48.396519
3999.792480	-50.698341
4005.175781	-52.153336
4010.559082	-53.517876
4015.942383	-55.423744
4021.325684	-57.910183
4026.708984	-60.703629
4032.092285	-62.845615
4037.475586	-60.825050
4042.858887	-58.472076
4048.242188	-58.766685
4053.625488	-61.035381
4059.008789	-63.583588
4064.392090	-65.580017
4069.775391	-71.608582
4075.158691	-70.796196
4080.541992	-65.205322
4085.925293	-62.875679
4091.308594	-60.775738
4096.691895	-57.735767
4102.075195	-55.680645
4107.458496	-55.498539
4112.841797	-55.610687
4118.225098	-54.664970
4123.608398	-53.823441
4128.991699	-53.658203
4134.375000	-53.118946
4139.758301	-52.510017
4145.141602	-51.447327
4150.524902	-50.567776
4155.908203	-50.155067
4161.291504	-50.752743
4166.674805	-52.150974
4172.058105	-52.777069
4177.441406	-52.836239
4182.824707	-52.100548
4188.208008	-52.112232
4193.591309	-52.071972
4198.974609	-52.295029
4204.357910	-52.212978
4209.741211	-52.275475
4215.124512	-52.214928
4220.507812	-51.452362
4225.891113	-51.294163
4231.274414	-51.303890
4236.657715	-51.074219
4242.041016	-51.029011
4247.424316	-51.438389
4252.807617	-51.259945
4258.190918	-51.145107
4263.574219	-51.496017
4268.957520	-51.790321
4274.340820	-52.451717
4279.724121	-52.517361
4285.107422	-52.266308
4290.490723	-52.755539
4295.874023	-54.208599
4301.257324	-54.636055
4306.640625	-54.304626
4312.023926	-53.881550
4317.407227	-53.696136
4322.790527	-54.926277
4328.173828	-57.486279
4333.557129	-60.289162
4338.940430	-60.916100
4344.323730	-60.183975
4349.707031	-59.649220
4355.090332	-60.865955
4360.473633	-62.175407
4365.856934	-65.176033
4371.240234	-68.178436
4376.623535	-62.227139
4382.006836	-58.794842
4387.390137	-57.164307
4392.773438	-56.708824
4398.156738	-55.544777
4403.540039	-53.690250
4408.923340	-52.277016
4414.306641	-50.901119
4419.689941	-50.037285
4425.073242	-49.545673
4430.456543	-48.995564
4435.839844	-48.511635
4441.223145	-48.125557
4446.606445	-47.408401
4451.989746	-46.594296
4457.373047	-45.753479
4462.756348	-45.225632
4468.139648	-44.659977
4473.522949	-43.936436
4478.906250	-43.456707
4484.289551	-43.012234
4489.672852	-42.523659
4495.056152	-42.209221
4500.439453	-42.163662
4505.822754	-42.801186
4511.206055	-43.961143
4516.589355	-45.154354
4521.972656	-45.996204
4527.355957	-46.712990
4532.739258	-47.629181
4538.122559	-48.385853
4543.505859	-48.818230
4548.889160	-48.950661
4554.272461	-49.149162
4559.655762	-49.165100
4565.039062	-49.094479
4570.422363	-49.239227
4575.805664	-49.394459
4581.188965	-49.403728
4586.572266	-49.060715
4591.955566	-48.932732
4597.338867	-49.185596
4602.722168	-49.526737
4608.105469	-49.811756
4613.488770	-50.086586
4618.872070	-50.480137
4624.255371	-51.403996
4629.638672	-52.616169
4635.021973	-52.810162
4640.405273	-52.324341
4645.788574	-51.844753
4651.171875	-51.701408
4656.555176	-51.826462
4661.938477	-52.075470
4667.321777	-52.726101
4672.705078	-53.560425
4678.088379	-54.309578
4683.471680	-55.592724
4688.854980	-57.348106
4694.238281	-57.228195
4699.621582	-54.365356
4705.004883	-51.290432
4710.388184	-49.074978
4715.771484	-47.125320
4721.154785	-45.584133
4726.538086	-44.325027
4731.921387	-43.037205
4737.304688	-41.714996
4742.687988	-40.411953
4748.071289	-39.460308
4753.454590	-39.083115
4758.837891	-39.311676
4764.221191	-39.979565
4769.604492	-40.832447
4774.987793	-41.949963
4780.371094	-43.024761
4785.754395	-43.909534
4791.137695	-44.930176
4796.520996	-45.901943
4801.904297	-46.932369
4807.287598	-48.187931
4812.670898	-48.298473
4818.054199	-48.156208
4823.437500	-48.979523
4828.820801	-50.060959
4834.204102	-50.764507
4839.587402	-50.143551
4844.970703	-49.219810
4850.354004	-49.029892
4855.737305	-49.258331
4861.120605	-49.133698
4866.503906	-48.896954
4871.887207	-48.867252
4877.270508	-49.212708
4882.653809	-49.289787
4888.037109	-49.014004
4893.420410	-49.159325
4898.803711	-49.621418
4904.187012	-49.937855
4909.570312	-49.982189
4914.953613	-49.930260
4920.336914	-49.878380
4925.720215	-50.341957
4931.103516	-50.856480
4936.486816	-51.603630
4941.870117	-51.576534
4947.253418	-51.521496
4952.636719	-51.667339
4958.020020	-51.245888
4963.403320	-50.740837
4968.786621	-50.314835
4974.169922	-49.749645
4979.553223	-49.083382
4984.936523	-48.454678
4990.319824	-48.156906
4995.703125	-47.654751
5001.086426	-47.085392
5006.469727	-46.974297
5011.853027	-47.123604
5017.236328	-47.643246
5022.619629	-48.310043
5028.002930	-49.428715
5033.386230	-50.879951
5038.769531	-52.596672
5044.152832	-54.480976
5049.536133	-56.168209
5054.919434	-57.881897
5060.302734	-60.030533
5065.686035	-61.611935
5071.069336	-61.949432
5076.452637	-61.717930
5081.835938	-61.505623
5087.219238	-60.959118
5092.602539	-60.400562
5097.985840	-60.180759
5103.369141	-60.134857
5108.752441	-60.001381
5114.135742	-59.898811
5119.519043	-59.578709
5124.902344	-59.227192
5130.285645	-59.035229
5135.668945	-59.053883
5141.052246	-60.127556
5146.435547	-61.734104
5151.818848	-61.993629
5157.202148	-61.035351
5162.585449	-59.740711
5167.968750	-59.163383
5173.352051	-58.270729
5178.735352	-57.950668
5184.118652	-58.291325
5189.501953	-59.308872
5194.885254	-60.756653
5200.268555	-61.539555
5205.651855	-60.058865
5211.035156	-57.780987
5216.418457	-55.708435
5221.801758	-54.620747
5227.185059	-54.504246
5232.568359	-54.367939
5237.951660	-53.676666
5243.334961	-53.623482
5248.718262	-54.082230
5254.101562	-54.634056
5259.484863	-55.365547
5264.868164	-55.859550
5270.251465	-56.238613
5275.634766	-56.158558
5281.018066	-56.267170
5286.401367	-56.456139
5291.784668	-56.365093
5297.167969	-56.414909
5302.551270	-56.754662
5307.934570	-57.356907
5313.317871	-58.379704
5318.701172	-59.075878
5324.084473	-58.997406
5329.467773	-57.925911
5334.851074	-56.095417
5340.234375	-55.126976
5345.617676	-54.601154
5351.000977	-54.086025
5356.384277	-53.405994
5361.767578	-53.287445
5367.150879	-53.105923
5372.534180	-52.449829
5377.917480	-52.001587
5383.300781	-51.889999
5388.684082	-51.785423
5394.067383	-51.499023
5399.450684	-50.958157
5404.833984	-50.483829
5410.217285	-50.671928
5415.600586	-51.240192
5420.983887	-51.533466
5426.367188	-51.621601
5431.750488	-52.050728
5437.133789	-52.871361
5442.517090	-53.785725
5447.900391	-54.522137
5453.283691	-55.433060
5458.666992	-56.793827
5464.050293	-57.743591
5469.433594	-57.639206
5474.816895	-57.277515
5480.200195	-57.126251
5485.583496	-57.648579
5490.966797	-58.017937
5496.350098	-58.569771
5501.733398	-59.125641
5507.116699	-59.319584
5512.500000	-59.073135
5517.883301	-60.008991
5523.266602	-62.026497
5528.649902	-61.711365
5534.033203	-59.742832
5539.416504	-59.109375
5544.799805	-59.361317
5550.183105	-59.352184
5555.566406	-58.291939
5560.949707	-57.395664
5566.333008	-57.313110
5571.716309	-58.022919
5577.099609	-58.374561
5582.482910	-57.662830
5587.866211	-57.170853
5593.249512	-57.395851
5598.632812	-56.914474
5604.016113	-55.128353
5609.399414	-54.226322
5614.782715	-54.253452
5620.166016	-54.715057
5625.549316	-54.408764
5630.932617	-53.471455
5636.315918	-52.789677
5641.699219	-52.969223
5647.082520	-52.943638
5652.465820	-52.255936
5657.849121	-51.655819
5663.232422	-51.096687
5668.615723	-51.128101
5673.999023	-51.429058
5679.382324	-52.237309
5684.765625	-52.882465
5690.148926	-53.089851
5695.532227	-53.581867
5700.915527	-53.980911
5706.298828	-54.714359
5711.682129	-54.975506
5717.065430	-54.447048
5722.448730	-54.500130
5727.832031	-54.474590
5733.215332	-54.570518
5738.598633	-54.677040
5743.981934	-54.402039
5749.365234	-54.583225
5754.748535	-54.849018
5760.131836	-54.816124
5765.515137	-54.701210
5770.898438	-54.620201
5776.281738	-54.490036
5781.665039	-55.073299
5787.048340	-55.524448
5792.431641	-55.410271
5797.814941	-55.576836
5803.198242	-56.292240
5808.581543	-57.899891
5813.964844	-60.026844
5819.348145	-62.189743
5824.731445	-64.512260
5830.114746	-67.844925
5835.498047	-72.849075
5840.881348	-76.288261
5846.264648	-70.240494
5851.647949	-66.714104
5857.031250	-64.154800
5862.414551	-62.481457
5867.797852	-61.882011
5873.181152	-62.482231
5878.564453	-63.990211
5883.947754	-63.664993
5889.331055	-61.635864
5894.714355	-60.429619
5900.097656	-59.028221
5905.480957	-58.134594
5910.864258	-57.474968
5916.247559	-56.522385
5921.630859	-56.362717
5927.014160	-56.751381
5932.397461	-56.944523
5937.780762	-56.753239
5943.164062	-56.353531
5948.547363	-56.497513
5953.930664	-56.837570
5959.313965	-56.934029
5964.697266	-56.409660
5970.080566	-55.909119
5975.463867	-55.500381
5980.847168	-55.365421
5986.230469	-55.127274
5991.613770	-54.169956
5996.997070	-53.372227
6002.380371	-53.295967
6007.763672	-53.330463
6013.146973	-53.477379
6018.530273	-53.466381
6023.913574	-53.458000
6029.296875	-53.830318
6034.680176	-54.744339
6040.063477	-55.453537
6045.446777	-55.850204
6050.830078	-56.405067
6056.213379	-57.335659
6061.596680	-58.769218
6066.979980	-59.531937
6072.363281	-60.033115
6077.746582	-60.855564
6083.129883	-60.721020
6088.513184	-61.238529
6093.896484	-62.221996
6099.279785	-62.723675
6104.663086	-61.705944
6110.046387	-61.251575
6115.429688	-60.599304
6120.812988	-59.933170
6126.196289	-59.715469
6131.579590	-59.482517
6136.962891	-59.266064
6142.346191	-59.423618
6147.729492	-59.318253
6153.112793	-59.400455
6158.496094	-60.170219
6163.879395	-61.255680
6169.262695	-62.767159
6174.645996	-64.948738
6180.029297	-67.006950
6185.412598	-67.599976
6190.795898	-69.368790
6196.179199	-70.841057
6201.562500	-71.178261
6206.945801	-71.359131
6212.329102	-72.811081
6217.712402	-73.326416
6223.095703	-72.162506
6228.479004	-72.763603
6233.862305	-72.032227
6239.245605	-71.439087
6244.628906	-70.866028
6250.012207	-69.900978
6255.395508	-68.695808
6260.778809	-67.493927
6266.162109	-67.020889
6271.545410	-67.537811
6276.928711	-68.636833
6282.312012	-69.082939
6287.695312	-68.291855
6293.078613	-68.150002
6298.461914	-68.573746
6303.845215	-70.174660
6309.228516	-72.281891
6314.611816	-73.175980
6319.995117	-73.239334
6325.378418	-74.455063
6330.761719	-75.125534
6336.145020	-77.521385
6341.528320	-79.978226
6346.911621	-84.170242
6352.294922	-80.391045
6357.678223	-78.872711
6363.061523	-78.771599
6368.444824	-76.684425
6373.828125	-76.203560
6379.211426	-74.114754
6384.594727	-72.999985
6389.978027	-75.277840
6395.361328	-75.069466
6400.744629	-74.723686
6406.127930	-75.522781
6411.511230	-76.873138
6416.894531	-77.287949
6422.277832	-75.075165
6427.661133	-70.667274
6433.044434	-70.232140
6438.427734	-70.067345
6443.811035	-70.195946
6449.194336	-70.698334
6454.577637	-72.904015
6459.960938	-72.895927
6465.344238	-72.973969
6470.727539	-76.331825
6476.110840	-74.702446
6481.494141	-74.598557
6486.877441	-72.681702
6492.260742	-70.316063
6497.644043	-69.605171
6503.027344	-68.450836
6508.410645	-68.265518
6513.793945	-68.592140
6519.177246	-67.176315
6524.560547	-66.611794
6529.943848	-66.177597
6535.327148	-65.315727
6540.710449	-64.969322
6546.093750	-64.629921
6551.477051	-63.741016
6556.860352	-63.460186
6562.243652	-63.840004
6567.626953	-63.875347
6573.010254	-63.688343
6578.393555	-63.871319
6583.776855	-64.578461
6589.160156	-65.254456
6594.543457	-65.318176
6599.926758	-65.519081
6605.310059	-65.909088
6610.693359	-66.861374
6616.076660	-67.921837
6621.459961	-69.081810
6626.843262	-70.340263
6632.226562	-70.534561
6637.609863	-70.026680
6642.993164	-70.891106
6648.376465	-72.563744
6653.759766	-73.145836
6659.143066	-72.296448
6664.526367	-72.288231
6669.909668	-72.677010
6675.292969	-71.636436
6680.676270	-71.914246
6686.059570	-71.615128
6691.442871	-71.328964
6696.826172	-70.865234
6702.209473	-69.213913
6707.592773	-68.135422
6712.976074	-67.218468
6718.359375	-66.814827
6723.742676	-66.437607
6729.125977	-65.765549
6734.509277	-65.234276
6739.892578	-64.791191
6745.275879	-64.599625
6750.659180	-64.308678
6756.042480	-63.952332
6761.425781	-64.036766
6766.809082	-63.977879
6772.192383	-64.176628
6777.575684	-64.409332
6782.958984	-64.213570
6788.342285	-63.805683
6793.725586	-64.028809
6799.108887	-64.313431
6804.492188	-63.914780
6809.875488	-63.239891
6815.258789	-62.745823
6820.642090	-62.589207
6826.025391	-62.376869
6831.408691	-61.915047
6836.791992	-61.785118
6842.175293	-61.714138
6847.558594	-61.931515
6852.941895	-62.278000
6858.325195	-62.499866
6863.708496	-62.631039
6869.091797	-62.572964
6874.475098	-62.701099
6879.858398	-63.182636
6885.241699	-63.352058
6890.625000	-63.075325
6896.008301	-63.134758
6901.391602	-63.497662
6906.774902	-63.335632
6912.158203	-63.254723
6917.541504	-63.282200
6922.924805	-63.129936
6928.308105	-63.004639
6933.691406	-63.409893
6939.074707	-63.523888
6944.458008	-63.379368
6949.841309	-63.076660
6955.224609	-62.617477
6960.607910	-62.236687
6965.991211	-62.197659
6971.374512	-62.249310
6976.757812	-62.408047
6982.141113	-62.887363
6987.524414	-63.658447
6992.907715	-64.007683
6998.291016	-63.934334
7003.674316	-64.120087
7009.057617	-64.381546
7014.440918	-64.302002
7019.824219	-63.806927
7025.207520	-63.324150
7030.590820	-63.319710
7035.974121	-63.466629
7041.357422	-63.928017
7046.740723	-64.140182
7052.124023	-64.077072
7057.507324	-64.955513
7062.890625	-66.245552
7068.273926	-67.267982
7073.657227	-68.305550
7079.040527	-68.889824
7084.423828	-69.531799
7089.807129	-70.226219
7095.190430	-70.746284
7100.573730	-71.620010
7105.957031	-72.137596
7111.340332	-72.365166
7116.723633	-73.007103
7122.106934	-74.131950
7127.490234	-75.517906
7132.873535	-75.897980
7138.256836	-76.261742
7143.640137	-78.469337
7149.023438	-79.083740
7154.406738	-80.086052
7159.790039	-79.590088
7165.173340	-78.319191
7170.556641	-78.060127
7175.939941	-78.416985
7181.323242	-78.787605
7186.706543	-79.068352
7192.089844	-78.412636
7197.473145	-78.291306
7202.856445	-77.602448
7208.239746	-77.395561
7213.623047	-77.070465
7219.006348	-76.321976
7224.389648	-76.318779
7229.772949	-77.060944
7235.156250	-76.388954
7240.539551	-75.720291
7245.922852	-74.993347
7251.306152	-74.562332
7256.689453	-73.940361
7262.072754	-73.521904
7267.456055	-72.989059
7272.839355	-72.568268
7278.222656	-72.230324
7283.605957	-71.835976
7288.989258	-71.702972
7294.372559	-71.722404
7299.755859	-71.890419
7305.139160	-71.977608
7310.522461	-72.002930
7315.905762	-72.038048
7321.289062	-71.412651
7326.672363	-70.789696
7332.055664	-70.612213
7337.438965	-70.246674
7342.822266	-69.647896
7348.205566	-68.933861
7353.588867	-68.191658
7358.972168	-67.631882
7364.355469	-67.244331
7369.738770	-67.172470
7375.122070	-67.026421
7380.505371	-66.991577
7385.888672	-67.537071
7391.271973	-68.289505
7396.655273	-69.109016
7402.038574	-70.041374
7407.421875	-70.624405
7412.805176	-70.775452
7418.188477	-70.712959
7423.571777	-70.774071
7428.955078	-70.623360
7434.338379	-70.021004
7439.721680	-69.643631
7445.104980	-69.577805
7450.488281	-69.448265
7455.871582	-69.552444
7461.254883	-69.769478
7466.638184	-69.685005
7472.021484	-69.815887
7477.404785	-70.189674
7482.788086	-70.586456
7488.171387	-70.725479
7493.554688	-70.826057
7498.937988	-71.200249
7504.321289	-71.670319
7509.704590	-71.722229
7515.087891	-71.867622
7520.471191	-72.121681
7525.854492	-72.441696
7531.237793	-72.684525
7536.621094	-72.664841
7542.004395	-72.695229
7547.387695	-72.697456
7552.770996	-72.570023
7558.154297	-72.574165
7563.537598	-72.635887
7568.920898	-72.714531
7574.304199	-72.691612
7579.687500	-72.789284
7585.070801	-73.027328
7590.454102	-73.254524
7595.837402	-73.313522
7601.220703	-73.308388
7606.604004	-73.143135
7611.987305	-73.061813
7617.370605	-72.703560
7622.753906	-72.329987
7628.137207	-72.289627
7633.520508	-72.292534
7638.903809	-72.326904
7644.287109	-72.439819
7649.670410	-72.710007
7655.053711	-72.867218
7660.437012	-72.929192
7665.820312	-73.190750
7671.203613	-73.349380
7676.586914	-73.333923
7681.970215	-73.576340
7687.353516	-73.641068
7692.736816	-73.520981
7698.120117	-72.997070
7703.503418	-72.263550
7708.886719	-72.060188
7714.270020	-72.146065
7719.653320	-72.368927
7725.036621	-72.280251
7730.419922	-72.187828
7735.803223	-72.328064
7741.186523	-72.636856
7746.569824	-72.827843
7751.953125	-73.024986
7757.336426	-73.311035
7762.719727	-73.491615
7768.103027	-73.354713
7773.486328	-73.282806
7778.869629	-73.198387
7784.252930	-73.169113
7789.636230	-72.773659
7795.019531	-72.570564
7800.402832	-72.463600
7805.786133	-72.227608
7811.169434	-71.729782
7816.552734	-71.375496
7821.936035	-71.259933
7827.319336	-71.251747
7832.702637	-70.991173
7838.085938	-70.686432
7843.469238	-70.319466
7848.852539	-70.156410
7854.235840	-70.106834
7859.619141	-70.081314
7865.002441	-69.973526
7870.385742	-70.144852
7875.769043	-70.153618
7881.152344	-70.078308
7886.535645	-69.966095
7891.918945	-70.047775
7897.302246	-70.086525
7902.685547	-70.008400
7908.068848	-69.978912
7913.452148	-69.999626
7918.835449	-70.047646
7924.218750	-70.257683
7929.602051	-70.280731
7934.985352	-70.383476
7940.368652	-70.725136
7945.751953	-70.915321
7951.135254	-70.879990
7956.518555	-70.917648
7961.901855	-70.879974
7967.285156	-70.763374
7972.668457	-70.608894
7978.051758	-70.489716
7983.435059	-70.323288
7988.818359	-70.153564
7994.201660	-70.114456
7999.584961	-70.075249
8004.968262	-70.063797
8010.351562	-70.298325
8015.734863	-70.443855
8021.118164	-70.461403
8026.501465	-70.541275
8031.884766	-70.903175
8037.268066	-71.216522
8042.651367	-71.422096
8048.034668	-71.543968
8053.417969	-71.664841
8058.801270	-71.781570
8064.184570	-71.927650
8069.567871	-72.156174
8074.951172	-72.480255
8080.334473	-73.076767
8085.717773	-73.585007
8091.101074	-73.866646
8096.484375	-73.945717
8101.867676	-74.038353
8107.250977	-74.233871
8112.634277	-74.515022
8118.017578	-74.741661
8123.400879	-75.123283
8128.784180	-75.314049
8134.167480	-75.328049
8139.550781	-75.274986
8144.934082	-75.504463
8150.317383	-75.747032
8155.700684	-76.141983
8161.083984	-76.310638
8166.467285	-76.456467
8171.850586	-75.970863
8177.233887	-75.716354
8182.617188	-75.520767
8188.000488	-75.360909
8193.383789	-75.120987
8198.767090	-74.726860
8204.150391	-74.263962
8209.533691	-74.193947
8214.916992	-73.884407
8220.300293	-73.482803
8225.683594	-73.194984
8231.066895	-73.155006
8236.450195	-72.945740
8241.833496	-72.747185
8247.216797	-72.353233
8252.600098	-72.176704
8257.983398	-71.967224
8263.366699	-71.886604
8268.750000	-71.812592
8274.133301	-71.829582
8279.516602	-71.771912
8284.899902	-71.828644
8290.283203	-72.007736
8295.666504	-72.171394
8301.049805	-72.101097
8306.433105	-72.012177
8311.816406	-72.045410
8317.199707	-72.234207
8322.583008	-72.655266
8327.966309	-73.001373
8333.349609	-73.082405
8338.732910	-73.388222
8344.116211	-73.688675
8349.499512	-73.878036
8354.882812	-74.116058
8360.266113	-74.468338
8365.649414	-74.638321
8371.032715	-74.760628
8376.416016	-74.098045
8381.799316	-73.683411
8387.182617	-73.413719
8392.565918	-72.982567
8397.949219	-72.463715
8403.332520	-71.856560
8408.715820	-70.656578
8414.099121	-69.556786
8419.482422	-68.676300
8424.865723	-68.062660
8430.249023	-67.756363
8435.632324	-67.926788
8441.015625	-68.399002
8446.398926	-68.933708
8451.782227	-69.494896
8457.165527	-69.994026
8462.548828	-70.337921
8467.932129	-70.620628
8473.315430	-70.857300
8478.698730	-71.009132
8484.082031	-71.155914
8489.465332	-71.255478
8494.848633	-71.242004
8500.231934	-71.201096
8505.615234	-71.140480
8510.998535	-70.994621
8516.381836	-70.886322
8521.765137	-70.877998
8527.148438	-71.027809
8532.531738	-71.335648
8537.915039	-71.521423
8543.298340	-71.520462
8548.681641	-71.554947
8554.064941	-71.752068
8559.448242	-72.006271
8564.831543	-72.323822
8570.214844	-72.647026
8575.598145	-72.869461
8580.981445	-73.054466
8586.364746	-73.132408
8591.748047	-73.412231
8597.131348	-73.796638
8602.514648	-74.157684
8607.897949	-74.581055
8613.281250	-75.016258
8618.664551	-75.166435
8624.047852	-75.404747
8629.431152	-75.503258
8634.814453	-75.816223
8640.197754	-76.128441
8645.581055	-76.358772
8650.964355	-76.347786
8656.347656	-76.533333
8661.730957	-76.807739
8667.114258	-77.127632
8672.497559	-77.281532
8677.880859	-77.874420
8683.264160	-78.546631
8688.647461	-79.207283
8694.030762	-79.892952
8699.414062	-80.477661
8704.797363	-80.029564
8710.180664	-80.075180
8715.563965	-80.580490
8720.947266	-80.995018
8726.330566	-80.820740
8731.713867	-80.856018
8737.097168	-80.954903
8742.480469	-81.048615
8747.863770	-80.218567
8753.247070	-78.934219
8758.630371	-77.698608
8764.013672	-76.924133
8769.396973	-76.299210
8774.780273	-76.158310
8780.163574	-75.953461
8785.546875	-75.845032
8790.930176	-75.879089
8796.313477	-76.333878
8801.696777	-76.565681
8807.080078	-76.545258
8812.463379	-76.269096
8817.846680	-76.122116
8823.229980	-76.142830
8828.613281	-76.328362
8833.996582	-76.386017
8839.379883	-76.410683
8844.763184	-76.207634
8850.146484	-76.002068
8855.529785	-75.614487
8860.913086	-75.376289
8866.296387	-75.206963
8871.679688	-75.005074
8877.062988	-74.898529
8882.446289	-74.782158
8887.829590	-74.490440
8893.212891	-74.371162
8898.596191	-74.353188
8903.979492	-74.389267
8909.362793	-74.391205
8914.746094	-74.326942
8920.129395	-74.207275
8925.512695	-74.179817
8930.895996	-74.324585
8936.279297	-74.418602
8941.662598	-74.552673
8947.045898	-74.841415
8952.429199	-74.975967
8957.812500	-74.996727
8963.195801	-75.092613
8968.579102	-75.222900
8973.962402	-75.251053
8979.345703	-75.432465
8984.729004	-75.819206
8990.112305	-76.141495
8995.495605	-76.382492
9000.878906	-76.499336
9006.262207	-76.565224
9011.645508	-76.911484
9017.028809	-77.322449
9022.412109	-77.417397
9027.795410	-77.549347
9033.178711	-77.586517
9038.562012	-77.543747
9043.945312	-77.476059
9049.328613	-77.482857
9054.711914	-77.406715
9060.095215	-77.241646
9065.478516	-76.883415
9070.861816	-76.636475
9076.245117	-76.456795
9081.628418	-76.472015
9087.011719	-76.509453
9092.395020	-76.272522
9097.778320	-76.147209
9103.161621	-75.998230
9108.544922	-75.844193
9113.928223	-76.018921
9119.311523	-76.071495
9124.694824	-76.417252
9130.078125	-76.496025
9135.461426	-76.294434
9140.844727	-76.004044
9146.228027	-75.920670
9151.611328	-75.753708
9156.994629	-75.973175
9162.377930	-75.806503
9167.761230	-75.547081
9173.144531	-75.357033
9178.527832	-75.442635
9183.911133	-75.504608
9189.294434	-75.708969
9194.677734	-75.662933
9200.061035	-75.678856
9205.444336	-75.749809
9210.827637	-75.868217
9216.210938	-75.937782
9221.594238	-76.312569
9226.977539	-76.649857
9232.360840	-76.958847
9237.744141	-77.428291
9243.127441	-78.155586
9248.510742	-78.712997
9253.894043	-79.459946
9259.277344	-80.068085
9264.660645	-80.521400
9270.043945	-80.796700
9275.427246	-81.040733
9280.810547	-80.868408
9286.193848	-80.721802
9291.577148	-80.244537
9296.960449	-79.842087
9302.343750	-79.265053
9307.727051	-78.703957
9313.110352	-78.284904
9318.493652	-78.123711
9323.876953	-77.622055
9329.260254	-77.369965
9334.643555	-77.397530
9340.026855	-77.401344
9345.410156	-77.164268
9350.793457	-77.142235
9356.176758	-77.234039
9361.560059	-77.230988
9366.943359	-77.003456
9372.326660	-76.926460
9377.709961	-76.866135
9383.093262	-76.865791
9388.476562	-76.832970
9393.859863	-76.914673
9399.243164	-76.821709
9404.626465	-76.658051
9410.009766	-76.875885
9415.393066	-77.046494
9420.776367	-76.972443
9426.159668	-76.797440
9431.542969	-76.619865
9436.926270	-76.527496
9442.309570	-76.307831
9447.692871	-76.102913
9453.076172	-75.778893
9458.459473	-75.551422
9463.842773	-75.345955
9469.226074	-75.125900
9474.609375	-74.917068
9479.992676	-74.608162
9485.375977	-74.217003
9490.759277	-74.093193
9496.142578	-74.171021
9501.525879	-74.102654
9506.909180	-74.171104
9512.292480	-74.335953
9517.675781	-74.390823
9523.059082	-74.497284
9528.442383	-74.680641
9533.825684	-74.840591
9539.208984	-75.161034
9544.592285	-75.269882
9549.975586	-75.222298
9555.358887	-75.365814
9560.742188	-75.507027
9566.125488	-75.481537
9571.508789	-75.684303
9576.892090	-75.681137
9582.275391	-75.563477
9587.658691	-75.522354
9593.041992	-75.454605
9598.425293	-75.369003
9603.808594	-75.265114
9609.191895	-75.210449
9614.575195	-75.249512
9619.958496	-75.219925
9625.341797	-75.259499
9630.725098	-75.184456
9636.108398	-75.264175
9641.491699	-75.119331
9646.875000	-74.897858
9652.258301	-74.690384
9657.641602	-74.716698
9663.024902	-74.746025
9668.408203	-74.779831
9673.791504	-74.788933
9679.174805	-74.839859
9684.558105	-74.830948
9689.941406	-74.815170
9695.324707	-74.738281
9700.708008	-74.838387
9706.091309	-74.792931
9711.474609	-74.748718
9716.857910	-74.637291
9722.241211	-74.665741
9727.624512	-74.617729
9733.007812	-74.487076
9738.391113	-74.131416
9743.774414	-74.032753
9749.157715	-74.092545
9754.541016	-74.121849
9759.924316	-74.029579
9765.307617	-74.105766
9770.690918	-74.131912
9776.074219	-74.326607
9781.457520	-74.514954
9786.840820	-74.796371
9792.224121	-74.847305
9797.607422	-74.975746
9802.990723	-75.167641
9808.374023	-75.495789
9813.757324	-75.541779
9819.140625	-75.713715
9824.523926	-75.824890
9829.907227	-76.036880
9835.290527	-76.153580
9840.673828	-76.171936
9846.057129	-76.064735
9851.440430	-76.120522
9856.823730	-76.042854
9862.207031	-76.053360
9867.590332	-76.134209
9872.973633	-76.285606
9878.356934	-76.213570
9883.740234	-76.129204
9889.123535	-76.253090
9894.506836	-76.676506
9899.890137	-76.778046
9905.273438	-76.781250
9910.656738	-76.868248
9916.040039	-77.161003
9921.423340	-77.345253
9926.806641	-77.693001
9932.189941	-78.007668
9937.573242	-78.180710
9942.956543	-78.504181
9948.339844	-78.975319
9953.723145	-79.430290
9959.106445	-79.754227
9964.489746	-79.925636
9969.873047	-80.101990
9975.256348	-80.147675
9980.639648	-80.217888
9986.022949	-80.001419
9991.406250	-79.947067
9996.789551	-80.038666
10002.172852	-80.104485
10007.556152	-80.039520
10012.939453	-80.085739
10018.322754	-79.895592
10023.706055	-79.821495
10029.089355	-79.811874
10034.472656	-79.734161
10039.855957	-79.521873
10045.239258	-79.491119
10050.622559	-79.551353
10056.005859	-79.722313
10061.389160	-79.981544
10066.772461	-80.457504
10072.155762	-80.971992
10077.539062	-81.377388
10082.922363	-82.039146
10088.305664	-82.512627
10093.688965	-82.882195
10099.072266	-83.248550
10104.455566	-83.438400
10109.838867	-83.879913
10115.222168	-83.921097
10120.605469	-83.575577
10125.988770	-83.469948
10131.372070	-83.376701
10136.755371	-82.809341
10142.138672	-82.602562
10147.521973	-82.792503
10152.905273	-82.957077
10158.288574	-82.980843
10163.671875	-83.061012
10169.055176	-83.299690
10174.438477	-83.748398
10179.821777	-84.166176
10185.205078	-84.352654
10190.588379	-84.780678
10195.971680	-85.305595
10201.354980	-85.782143
10206.738281	-86.593544
10212.121582	-87.590981
10217.504883	-88.318161
10222.888184	-88.773689
10228.271484	-89.550781
10233.654785	-90.291031
10239.038086	-91.015305
10244.421387	-92.031540
10249.804688	-92.993370
10255.187988	-94.468277
10260.571289	-94.267815
10265.954590	-95.097847
10271.337891	-93.894272
10276.721191	-94.121750
10282.104492	-92.072525
10287.487793	-92.727821
10292.871094	-92.500786
10298.254395	-91.025345
10303.637695	-90.277885
10309.020996	-89.861565
10314.404297	-89.294548
10319.787598	-88.220367
10325.170898	-88.562958
10330.554199	-87.880455
10335.937500	-86.729485
10341.320801	-85.617340
10346.704102	-85.326477
10352.087402	-84.690849
10357.470703	-84.358299
10362.854004	-83.777992
10368.237305	-83.651711
10373.620605	-83.434082
10379.003906	-83.044930
10384.387207	-82.147255
10389.770508	-81.503929
10395.153809	-81.203392
10400.537109	-80.722046
10405.920410	-80.151062
10411.303711	-79.596306
10416.687012	-79.193169
10422.070312	-78.946167
10427.453613	-78.520195
10432.836914	-78.324921
10438.220215	-78.025566
10443.603516	-77.733635
10448.986816	-77.242157
10454.370117	-76.963715
10459.753418	-76.708420
10465.136719	-76.528931
10470.520020	-76.419846
10475.903320	-76.304665
10481.286621	-76.137741
10486.669922	-76.123535
10492.053223	-75.920235
10497.436523	-75.866402
10502.819824	-75.817642
10508.203125	-75.727989
10513.586426	-75.546112
10518.969727	-75.590881
10524.353027	-75.636322
10529.736328	-75.789749
10535.119629	-75.773239
10540.502930	-75.856697
10545.886230	-75.872063
10551.269531	-76.015312
10556.652832	-76.172134
10562.036133	-76.435905
10567.419434	-76.525475
10572.802734	-76.559410
10578.186035	-76.487206
10583.569336	-76.521111
10588.952637	-76.520439
10594.335938	-76.667786
10599.719238	-76.625771
10605.102539	-76.650726
10610.485840	-76.697815
10615.869141	-76.908600
10621.252441	-76.847923
10626.635742	-76.736160
10632.019043	-76.728645
10637.402344	-76.758942
10642.785645	-76.748543
10648.168945	-77.017929
10653.552246	-77.087013
10658.935547	-77.086838
10664.318848	-76.933784
10669.702148	-76.974487
10675.085449	-76.982903
10680.468750	-77.014832
10685.852051	-76.891968
10691.235352	-76.835739
10696.618652	-76.714470
10702.001953	-76.784187
10707.385254	-76.711395
10712.768555	-76.633423
10718.151855	-76.547043
10723.535156	-76.589386
10728.918457	-76.281723
10734.301758	-76.161049
10739.685059	-75.983925
10745.068359	-75.862350
10750.451660	-75.657959
10755.834961	-75.559822
10761.218262	-75.332451
10766.601562	-75.139809
10771.984863	-74.963783
10777.368164	-74.920464
10782.751465	-74.847023
10788.134766	-74.969528
10793.518066	-75.021904
10798.901367	-75.028381
10804.284668	-75.062004
10809.667969	-75.200493
10815.051270	-75.231163
10820.434570	-75.493828
10825.817871	-75.701942
10831.201172	-75.853706
10836.584473	-75.920815
10841.967773	-75.998901
10847.351074	-75.997978
10852.734375	-76.056320
10858.117676	-76.023987
10863.500977	-76.097595
10868.884277	-75.965157
10874.267578	-75.875618
10879.650879	-76.006866
10885.034180	-76.052696
10890.417480	-75.971092
10895.800781	-76.059296
10901.184082	-76.144432
10906.567383	-76.230431
10911.950684	-76.255592
10917.333984	-76.350693
10922.717285	-76.433594
10928.100586	-76.448318
10933.483887	-76.397957
10938.867188	-76.389481
10944.250488	-76.398788
10949.633789	-76.643776
10955.017090	-76.815598
10960.400391	-76.939095
10965.783691	-76.895477
10971.166992	-76.789421
10976.550293	-76.684830
10981.933594	-76.564728
10987.316895	-76.613167
10992.700195	-76.574829
10998.083496	-76.504692
11003.466797	-76.564850
11008.850098	-76.682449
11014.233398	-76.723495
11019.616699	-76.656181
11025.000000	-76.625023
11030.383301	-76.521210
11035.766602	-76.513847
11041.149902	-76.572479
11046.533203	-76.689034
11051.916504	-76.908249
11057.299805	-77.016129
11062.683105	-77.127335
11068.066406	-77.417953
11073.449707	-77.564613
11078.833008	-77.680466
11084.216309	-77.817238
11089.599609	-78.017311
11094.982910	-78.090698
11100.366211	-78.227699
11105.749512	-78.385941
11111.132812	-78.415657
11116.516113	-78.617867
11121.899414	-78.734047
11127.282715	-78.956200
11132.666016	-79.132324
11138.049316	-79.309189
11143.432617	-79.363602
11148.815918	-79.442429
11154.199219	-79.417160
11159.582520	-79.430435
11164.965820	-79.582809
11170.349121	-79.798340
11175.732422	-79.933617
11181.115723	-79.864769
11186.499023	-80.037468
11191.882324	-80.221825
11197.265625	-80.461227
11202.648926	-80.854912
11208.032227	-80.884758
11213.415527	-80.745346
11218.798828	-80.654488
11224.182129	-80.837402
11229.565430	-81.032509
11234.948730	-81.123749
11240.332031	-80.987823
11245.715332	-81.357605
11251.098633	-81.681290
11256.481934	-81.733330
11261.865234	-81.364349
11267.248535	-81.458939
11272.631836	-81.751389
11278.015137	-81.944733
11283.398438	-81.738632
11288.781738	-81.758949
11294.165039	-81.908699
11299.548340	-81.887611
11304.931641	-82.014771
11310.314941	-82.431557
11315.698242	-82.566925
11321.081543	-82.594215
11326.464844	-82.596809
11331.848145	-83.039513
11337.231445	-82.970032
11342.614746	-82.930954
11347.998047	-82.966492
11353.381348	-83.268631
11358.764648	-83.241623
11364.147949	-83.797874
11369.531250	-84.085983
11374.914551	-84.760185
11380.297852	-84.886726
11385.681152	-85.004555
11391.064453	-85.259712
11396.447754	-85.489143
11401.831055	-85.658325
11407.214355	-85.902412
11412.597656	-85.603516
11417.980957	-85.605316
11423.364258	-85.619461
11428.747559	-85.907532
11434.130859	-86.093521
11439.514160	-86.410995
11444.897461	-86.164398
11450.280762	-86.081589
11455.664062	-85.818108
11461.047363	-85.728195
11466.430664	-85.817673
11471.813965	-86.509178
11477.197266	-86.850204
11482.580566	-87.057907
11487.963867	-86.879593
11493.347168	-87.170448
11498.730469	-87.780228
11504.113770	-87.997490
11509.497070	-88.004868
11514.880371	-88.186371
11520.263672	-88.586319
11525.646973	-88.833130
11531.030273	-89.420288
11536.413574	-89.040016
11541.796875	-88.997070
11547.180176	-88.886909
11552.563477	-88.693733
11557.946777	-88.455154
11563.330078	-88.570679
11568.713379	-89.071182
11574.096680	-89.135300
11579.479980	-88.922615
11584.863281	-88.591881
11590.246582	-88.343658
11595.629883	-88.255875
11601.013184	-88.322014
11606.396484	-88.551544
11611.779785	-88.027298
11617.163086	-88.023369
11622.546387	-87.869331
11627.929688	-88.198868
11633.312988	-88.081665
11638.696289	-88.023705
11644.079590	-88.581886
11649.462891	-88.952202
11654.846191	-88.864410
11660.229492	-88.870461
11665.612793	-88.529533
11670.996094	-88.796997
11676.379395	-88.818222
11681.762695	-88.820389
11687.145996	-88.245193
11692.529297	-88.368690
11697.912598	-88.420525
11703.295898	-89.305298
11708.679199	-89.574440
11714.062500	-89.394638
11719.445801	-88.704796
11724.829102	-88.506813
11730.212402	-88.290199
11735.595703	-88.720009
11740.979004	-88.424286
11746.362305	-88.941193
11751.745605	-88.459839
11757.128906	-88.399155
11762.512207	-88.261757
11767.895508	-88.466156
11773.278809	-88.257622
11778.662109	-88.298531
11784.045410	-88.246498
11789.428711	-88.479591
11794.812012	-88.641228
11800.195312	-88.758522
11805.578613	-88.820549
11810.961914	-88.708176
11816.345215	-88.396927
11821.728516	-88.572281
11827.111816	-88.342705
11832.495117	-88.239105
11837.878418	-88.035507
11843.261719	-88.271851
11848.645020	-87.880722
11854.028320	-87.800247
11859.411621	-87.384422
11864.794922	-87.811195
11870.178223	-87.991043
11875.561523	-88.154350
11880.944824	-87.982681
11886.328125	-87.673584
11891.711426	-87.565941
11897.094727	-87.996986
11902.478027	-88.333939
11907.861328	-88.777473
11913.244629	-88.857346
11918.627930	-88.839302
11924.011230	-89.246101
11929.394531	-89.436378
11934.777832	-89.622795
11940.161133	-89.936104
11945.544434	-90.030777
11950.927734	-90.247177
11956.311035	-90.210541
11961.694336	-90.653763
11967.077637	-90.736000
11972.460938	-90.433968
11977.844238	-89.636940
11983.227539	-89.286629
11988.610840	-89.393562
11993.994141	-89.568947
11999.377441	-89.422791
12004.760742	-89.028992
12010.144043	-89.408531
12015.527344	-89.617920
12020.910645	-89.896561
12026.293945	-89.992165
12031.677246	-89.619408
12037.060547	-89.537613
12042.443848	-89.755264
12047.827148	-89.483231
12053.210449	-89.931267
12058.593750	-90.404076
12063.977051	-90.694168
12069.360352	-90.529228
12074.743652	-90.855339
12080.126953	-91.106361
12085.510254	-91.907494
12090.893555	-92.407097
12096.276855	-92.723999
12101.660156	-93.416420
12107.043457	-93.042778
12112.426758	-93.842621
12117.810059	-95.376472
12123.193359	-96.762093
12128.576660	-96.083084
12133.959961	-96.890907
12139.343262	-96.992393
12144.726562	-95.454338
12150.109863	-95.648407
12155.493164	-94.922890
12160.876465	-95.201309
12166.259766	-94.896065
12171.643066	-93.943214
12177.026367	-95.267982
12182.409668	-94.457138
12187.792969	-94.572617
12193.176270	-95.185707
12198.559570	-94.072975
12203.942871	-95.028503
12209.326172	-94.468506
12214.709473	-94.673882
12220.092773	-94.120155
12225.476074	-93.828011
12230.859375	-93.835487
12236.242676	-93.290222
12241.625977	-93.945679
12247.009277	-92.561829
12252.392578	-91.697441
12257.775879	-91.549324
12263.159180	-91.980278
12268.542480	-92.006538
12273.925781	-91.533051
12279.309082	-90.733437
12284.692383	-91.057503
12290.075684	-90.799805
12295.458984	-91.676178
12300.842285	-92.103462
12306.225586	-91.664986
12311.608887	-90.442001
12316.992188	-91.038734
12322.375488	-90.849808
12327.758789	-91.017120
12333.142090	-90.389397
12338.525391	-89.558128
12343.908691	-89.482971
12349.291992	-89.581123
12354.675293	-89.468018
12360.058594	-89.022675
12365.441895	-88.160248
12370.825195	-87.844727
12376.208496	-87.762970
12381.591797	-87.036995
12386.975098	-86.339363
12392.358398	-86.122238
12397.741699	-85.751709
12403.125000	-85.851624
12408.508301	-85.870056
12413.891602	-86.021332
12419.274902	-86.152229
12424.658203	-85.609459
12430.041504	-85.039078
12435.424805	-84.870506
12440.808105	-84.671524
12446.191406	-84.517601
12451.574707	-84.361099
12456.958008	-84.742188
12462.341309	-84.803307
12467.724609	-84.897018
12473.107910	-85.104057
12478.491211	-84.968407
12483.874512	-85.202248
12489.257812	-85.517250
12494.641113	-84.951103
12500.024414	-84.469902
12505.407715	-84.217300
12510.791016	-84.484108
12516.174316	-84.749969
12521.557617	-84.873383
12526.940918	-84.522163
12532.324219	-84.587006
12537.707520	-84.315483
12543.090820	-84.474625
12548.474121	-84.735741
12553.857422	-84.743065
12559.240723	-84.559959
12564.624023	-84.734505
12570.007324	-84.469299
12575.390625	-84.552429
12580.773926	-84.403534
12586.157227	-84.298164
12591.540527	-84.065712
12596.923828	-84.307877
12602.307129	-84.201714
12607.690430	-83.910011
12613.073730	-83.674568
12618.457031	-83.799515
12623.840332	-83.631462
12629.223633	-83.333664
12634.606934	-83.069374
12639.990234	-83.150154
12645.373535	-82.950691
12650.756836	-83.043251
12656.140137	-83.167709
12661.523438	-83.356468
12666.906738	-83.625038
12672.290039	-84.261391
12677.673340	-84.618141
12683.056641	-85.196907
12688.439941	-85.307526
12693.823242	-85.778450
12699.206543	-86.111710
12704.589844	-86.364388
12709.973145	-86.748444
12715.356445	-87.319405
12720.739746	-87.015305
12726.123047	-87.260818
12731.506348	-87.489929
12736.889648	-87.671539
12742.272949	-87.453110
12747.656250	-87.572350
12753.039551	-87.402161
12758.422852	-87.548744
12763.806152	-87.611977
12769.189453	-88.128120
12774.572754	-88.167648
12779.956055	-88.668358
12785.339355	-88.665260
12790.722656	-88.670547
12796.105957	-88.933388
12801.489258	-89.215706
12806.872559	-89.217773
12812.255859	-89.261276
12817.639160	-89.691299
12823.022461	-89.950653
12828.405762	-89.143814
12833.789062	-89.307983
12839.172363	-89.420044
12844.555664	-89.484772
12849.938965	-89.433136
12855.322266	-88.903893
12860.705566	-88.169960
12866.088867	-88.476784
12871.472168	-88.821045
12876.855469	-88.494560
12882.238770	-88.196739
12887.622070	-87.662407
12893.005371	-87.171448
12898.388672	-86.606834
12903.771973	-86.085358
12909.155273	-85.296417
12914.538574	-84.854904
12919.921875	-84.467751
12925.305176	-83.833061
12930.688477	-83.660225
12936.071777	-83.671562
12941.455078	-83.265877
12946.838379	-83.470154
12952.221680	-82.969032
12957.604980	-82.789444
12962.988281	-82.468895
12968.371582	-82.538071
12973.754883	-82.056671
12979.138184	-82.185181
12984.521484	-82.349686
12989.904785	-82.597969
12995.288086	-82.806961
13000.671387	-83.181091
13006.054688	-83.239555
13011.437988	-83.724312
13016.821289	-83.749168
13022.204590	-83.685631
13027.587891	-84.144943
13032.971191	-84.928078
13038.354492	-84.957291
13043.737793	-85.419830
13049.121094	-86.204353
13054.504395	-87.032005
13059.887695	-87.776260
13065.270996	-88.560844
13070.654297	-89.802719
13076.037598	-89.944565
13081.420898	-90.440910
13086.804199	-91.170929
13092.187500	-91.897728
13097.570801	-92.576477
13102.954102	-92.485222
13108.337402	-94.198067
13113.720703	-94.367851
13119.104004	-96.552315
13124.487305	-95.987061
13129.870605	-95.540062
13135.253906	-96.124588
13140.637207	-97.773262
13146.020508	-95.645340
13151.403809	-96.597862
13156.787109	-94.702774
13162.170410	-93.883209
13167.553711	-95.005447
13172.937012	-93.782814
13178.320312	-93.423706
13183.703613	-94.327469
13189.086914	-93.849304
13194.470215	-93.366302
13199.853516	-92.896507
13205.236816	-92.110558
13210.620117	-92.311119
13216.003418	-93.069939
13221.386719	-91.857292
13226.770020	-91.420731
13232.153320	-91.687698
13237.536621	-92.692108
13242.919922	-92.145164
13248.303223	-92.406906
13253.686523	-92.588577
13259.069824	-92.841110
13264.453125	-93.285034
13269.836426	-93.629807
13275.219727	-93.070862
13280.603027	-94.935104
13285.986328	-94.639946
13291.369629	-96.157974
13296.752930	-96.837074
13302.136230	-96.942024
13307.519531	-97.791801
13312.902832	-98.460175
13318.286133	-97.404427
13323.669434	-98.567001
13329.052734	-99.692886
13334.436035	-100.060196
13339.819336	-101.160690
13345.202637	-100.129959
13350.585938	-99.654907
13355.969238	-101.174690
13361.352539	-99.997536
13366.735840	-102.534279
13372.119141	-99.259735
13377.502441	-98.086700
13382.885742	-99.946976
13388.269043	-98.793297
13393.652344	-97.582039
13399.035645	-97.821373
13404.418945	-97.876587
13409.802246	-96.876099
13415.185547	-99.310654
13420.568848	-97.817688
13425.952148	-96.768982
13431.335449	-97.433517
13436.718750	-96.979752
13442.102051	-96.895828
13447.485352	-97.110909
13452.868652	-97.739471
13458.251953	-97.607231
13463.635254	-98.923035
13469.018555	-99.228767
13474.401855	-97.861282
13479.785156	-99.092842
13485.168457	-99.465805
13490.551758	-98.107750
13495.935059	-100.656250
13501.318359	-99.490639
13506.701660	-101.188553
13512.084961	-99.414726
13517.468262	-100.040367
13522.851562	-100.710091
13528.234863	-98.642906
13533.618164	-99.492874
13539.001465	-96.143250
13544.384766	-95.518547
13549.768066	-96.013802
13555.151367	-95.043144
13560.534668	-95.272476
13565.917969	-95.543800
13571.301270	-95.193748
13576.684570	-94.714653
13582.067871	-95.003860
13587.451172	-95.975655
13592.834473	-96.925171
13598.217773	-96.464966
13603.601074	-96.055656
13608.984375	-96.097412
13614.367676	-95.904610
13619.750977	-96.694283
13625.134277	-95.866943
13630.517578	-95.410194
13635.900879	-94.542084
13641.284180	-94.228889
13646.667480	-94.242500
13652.050781	-93.641479
13657.434082	-93.337959
13662.817383	-94.691795
13668.200684	-94.371613
13673.583984	-93.648689
13678.967285	-93.621201
13684.350586	-93.374260
13689.733887	-92.240768
13695.117188	-92.171295
13700.500488	-91.323273
13705.883789	-92.109467
13711.267090	-92.708389
13716.650391	-92.119843
13722.033691	-93.492340
13727.416992	-94.562790
13732.800293	-96.988228
13738.183594	-95.983681
13743.566895	-96.681267
13748.950195	-96.521698
13754.333496	-94.722290
13759.716797	-92.653633
13765.100098	-92.345688
13770.483398	-93.440155
13775.866699	-92.426369
13781.250000	-93.827095
13786.633301	-94.654533
13792.016602	-94.197952
13797.399902	-93.752953
13802.783203	-94.943863
13808.166504	-94.942726
13813.549805	-93.485321
13818.933105	-93.695236
13824.316406	-93.334503
13829.699707	-93.502068
13835.083008	-94.161644
13840.466309	-93.392075
13845.849609	-92.545349
13851.232910	-93.262695
13856.616211	-92.800987
13861.999512	-93.185928
13867.382812	-92.739944
13872.766113	-93.386292
13878.149414	-93.707764
13883.532715	-94.171501
13888.916016	-94.201965
13894.299316	-94.930389
13899.682617	-95.975655
13905.065918	-94.242561
13910.449219	-93.882080
13915.832520	-95.723557
13921.215820	-95.689011
13926.599121	-96.470131
13931.982422	-95.934555
13937.365723	-96.760712
13942.749023	-96.795944
13948.132324	-97.638611
13953.515625	-96.389748
13958.898926	-96.438988
13964.282227	-97.013641
13969.665527	-96.641205
13975.048828	-96.456329
13980.432129	-95.679771
13985.815430	-96.844292
13991.198730	-96.905373
13996.582031	-97.105972
14001.965332	-96.873177
14007.348633	-96.512497
14012.731934	-94.741859
14018.115234	-93.822235
14023.498535	-93.920464
14028.881836	-94.014366
14034.265137	-93.604721
14039.648438	-93.184242
14045.031738	-92.969749
14050.415039	-92.827538
14055.798340	-92.308304
14061.181641	-92.452812
14066.564941	-91.574020
14071.948242	-91.612518
14077.331543	-90.952759
14082.714844	-90.733223
14088.098145	-90.177696
14093.481445	-89.543343
14098.864746	-88.872208
14104.248047	-88.220337
14109.631348	-88.043709
14115.014648	-87.989975
14120.397949	-87.917664
14125.781250	-88.186493
14131.164551	-89.021561
14136.547852	-89.623253
14141.931152	-89.949623
14147.314453	-90.459694
14152.697754	-91.174240
14158.081055	-91.673683
14163.464355	-91.470673
14168.847656	-91.156410
14174.230957	-90.833908
14179.614258	-90.199974
14184.997559	-89.237511
14190.380859	-88.389420
14195.764160	-88.020187
14201.147461	-87.688637
14206.530762	-86.943466
14211.914062	-86.702065
14217.297363	-86.255112
14222.680664	-86.159958
14228.063965	-86.048103
14233.447266	-85.906395
14238.830566	-85.015274
14244.213867	-84.959023
14249.597168	-85.115311
14254.980469	-85.081017
14260.363770	-84.634300
14265.747070	-84.417320
14271.130371	-84.050156
14276.513672	-83.984818
14281.896973	-83.569702
14287.280273	-83.200203
14292.663574	-82.730415
14298.046875	-82.660469
14303.430176	-82.343681
14308.813477	-82.165337
14314.196777	-81.808334
14319.580078	-81.407822
14324.963379	-80.960030
14330.346680	-80.869095
14335.729980	-80.732956
14341.113281	-80.773079
14346.496582	-80.732933
14351.879883	-80.745636
14357.263184	-80.723267
14362.646484	-80.892181
14368.029785	-80.800606
14373.413086	-80.959183
14378.796387	-80.839500
14384.179688	-80.799286
14389.562988	-80.756081
14394.946289	-80.896439
14400.329590	-80.809753
14405.712891	-80.953735
14411.096191	-81.262466
14416.479492	-81.572250
14421.862793	-81.625450
14427.246094	-81.810738
14432.629395	-81.667046
14438.012695	-81.553619
14443.395996	-81.499542
14448.779297	-81.493248
14454.162598	-81.246674
14459.545898	-81.258987
14464.929199	-81.496513
14470.312500	-81.951721
14475.695801	-82.070763
14481.079102	-82.088104
14486.462402	-82.143204
14491.845703	-82.277405
14497.229004	-82.199150
14502.612305	-82.317894
14507.995605	-82.494644
14513.378906	-82.918388
14518.762207	-83.110573
14524.145508	-83.519440
14529.528809	-83.928917
14534.912109	-84.411102
14540.295410	-84.625488
14545.678711	-84.790390
14551.062012	-84.428543
14556.445312	-84.336945
14561.828613	-84.410179
14567.211914	-84.902596
14572.595215	-85.217545
14577.978516	-85.657928
14583.361816	-85.897552
14588.745117	-86.208763
14594.128418	-85.988998
14599.511719	-85.772560
14604.895020	-85.352333
14610.278320	-85.187523
14615.661621	-85.024490
14621.044922	-85.050011
14626.428223	-85.043289
14631.811523	-85.137802
14637.194824	-84.984459
14642.578125	-84.850555
14647.961426	-84.685844
14653.344727	-84.822327
14658.728027	-84.383667
14664.111328	-83.993050
14669.494629	-83.880905
14674.877930	-83.997833
14680.261230	-83.889702
14685.644531	-83.992661
14691.027832	-83.896477
14696.411133	-84.014610
14701.794434	-83.869537
14707.177734	-83.849335
14712.561035	-83.691925
14717.944336	-83.915222
14723.327637	-84.186882
14728.710938	-84.614510
14734.094238	-84.737534
14739.477539	-84.966782
14744.860840	-85.269348
14750.244141	-85.768806
14755.627441	-86.228943
14761.010742	-86.788719
14766.394043	-86.781189
14771.777344	-87.534683
14777.160645	-87.803055
14782.543945	-88.014351
14787.927246	-88.132736
14793.310547	-88.722763
14798.693848	-89.213379
14804.077148	-89.685890
14809.460449	-89.817955
14814.843750	-91.030251
14820.227051	-91.143822
14825.610352	-90.203995
14830.993652	-89.284210
14836.376953	-89.277695
14841.760254	-88.700409
14847.143555	-88.232361
14852.526855	-86.962341
14857.910156	-86.282845
14863.293457	-86.212875
14868.676758	-85.330589
14874.060059	-84.254425
14879.443359	-83.442909
14884.826660	-83.318306
14890.209961	-83.172455
14895.593262	-82.935425
14900.976562	-83.137817
14906.359863	-83.417725
14911.743164	-83.836617
14917.126465	-84.057045
14922.509766	-84.341805
14927.893066	-84.694870
14933.276367	-85.097527
14938.659668	-85.643913
14944.042969	-85.890045
14949.426270	-86.084526
14954.809570	-86.635056
14960.192871	-87.209724
14965.576172	-87.783997
14970.959473	-88.104210
14976.342773	-88.371063
14981.726074	-88.594566
14987.109375	-88.737541
14992.492676	-88.718719
14997.875977	-88.759964
15003.259277	-88.800270
15008.642578	-89.690506
15014.025879	-90.059105
15019.409180	-90.615891
15024.792480	-90.403961
15030.175781	-91.271614
15035.559082	-92.070351
15040.942383	-92.143196
15046.325684	-91.604698
15051.708984	-90.923645
15057.092285	-91.400635
15062.475586	-91.650024
15067.858887	-91.423798
15073.242188	-90.933617
15078.625488	-90.331787
15084.008789	-90.049767
15089.392090	-90.377174
15094.775391	-90.813087
15100.158691	-90.762634
15105.541992	-90.960701
15110.925293	-91.309593
15116.308594	-91.681129
15121.691895	-91.136894
15127.075195	-90.407104
15132.458496	-89.911644
15137.841797	-90.292740
15143.225098	-90.577461
15148.608398	-90.774223
15153.991699	-90.030640
15159.375000	-89.713638
15164.758301	-89.586983
15170.141602	-89.774193
15175.524902	-89.078773
15180.908203	-88.232315
15186.291504	-87.804504
15191.674805	-87.566353
15197.058105	-87.195145
15202.441406	-86.630508
15207.824707	-86.957260
15213.208008	-87.250740
15218.591309	-87.170029
15223.974609	-86.715973
15229.357910	-86.343964
15234.741211	-86.370277
15240.124512	-86.448112
15245.507812	-86.795044
15250.891113	-86.866516
15256.274414	-86.412025
15261.657715	-86.770050
15267.041016	-87.064186
15272.424316	-87.272293
15277.807617	-87.089233
15283.190918	-87.480759
15288.574219	-87.814835
15293.957520	-88.216568
15299.340820	-88.257294
15304.724121	-88.027489
15310.107422	-87.860565
15315.490723	-88.364983
15320.874023	-88.729248
15326.257324	-89.680336
15331.640625	-90.298752
15337.023926	-91.196022
15342.407227	-91.310516
15347.790527	-91.719719
15353.173828	-91.604408
15358.557129	-91.965813
15363.940430	-92.744675
15369.323730	-93.439247
15374.707031	-94.265396
15380.090332	-95.650337
15385.473633	-97.133835
15390.856934	-97.534630
15396.240234	-97.897934
15401.623535	-99.278351
15407.006836	-98.899651
15412.390137	-98.448792
15417.773438	-99.681076
15423.156738	-96.866364
15428.540039	-98.475830
15433.923340	-98.181290
15439.306641	-97.434433
15444.689941	-96.792175
15450.073242	-96.927757
15455.456543	-96.076828
15460.839844	-96.201187
15466.223145	-94.663818
15471.606445	-93.700676
15476.989746	-92.597298
15482.373047	-92.223495
15487.756348	-91.544693
15493.139648	-91.212372
15498.522949	-90.473534
15503.906250	-90.639580
15509.289551	-90.794884
15514.672852	-90.669609
15520.056152	-91.282013
15525.439453	-91.235733
15530.822754	-90.710091
15536.206055	-90.195732
15541.589355	-90.623672
15546.972656	-90.656143
15552.355957	-90.861214
15557.739258	-90.370087
15563.122559	-91.140831
15568.505859	-92.335480
15573.889160	-93.261490
15579.272461	-94.230003
15584.655762	-94.302727
15590.039062	-94.462372
15595.422363	-94.796425
15600.805664	-94.989716
15606.188965	-95.613174
15611.572266	-95.467056
15616.955566	-97.886795
15622.338867	-99.010338
15627.722168	-98.398712
15633.105469	-97.722946
15638.488770	-99.676018
15643.872070	-100.396713
15649.255371	-98.248581
15654.638672	-100.341698
15660.021973	-99.359238
15665.405273	-98.736839
15670.788574	-98.870567
15676.171875	-95.991020
15681.555176	-98.599449
15686.938477	-97.952370
15692.321777	-95.744217
15697.705078	-96.596313
15703.088379	-94.896584
15708.471680	-95.218697
15713.854980	-94.515411
15719.238281	-92.898994
15724.621582	-93.001328
15730.004883	-91.855492
15735.388184	-91.425926
15740.771484	-90.673058
15746.154785	-90.517708
15751.538086	-89.878555
15756.921387	-88.971596
15762.304688	-88.458839
15767.687988	-88.049522
15773.071289	-87.947220
15778.454590	-87.332207
15783.837891	-86.212563
15789.221191	-85.617714
15794.604492	-85.549126
15799.987793	-85.093735
15805.371094	-84.778305
15810.754395	-84.456985
15816.137695	-84.025604
15821.520996	-83.884682
15826.904297	-83.827065
15832.287598	-83.869202
15837.670898	-83.809364
15843.054199	-83.612434
15848.437500	-83.823112
15853.820801	-83.905502
15859.204102	-83.853561
15864.587402	-84.152496
15869.970703	-84.070099
15875.354004	-83.929939
15880.737305	-83.857040
15886.120605	-83.812126
15891.503906	-84.004639
15896.887207	-83.939796
15902.270508	-83.848091
15907.653809	-83.802231
15913.037109	-83.915596
15918.420410	-83.836739
15923.803711	-83.635056
15929.187012	-83.658195
15934.570312	-83.981049
15939.953613	-84.327133
15945.336914	-84.539024
15950.720215	-84.592270
15956.103516	-84.691658
15961.486816	-84.754875
15966.870117	-85.216858
15972.253418	-85.247704
15977.636719	-85.394493
15983.020020	-85.906303
15988.403320	-85.918159
15993.786621	-85.923393
15999.169922	-85.797195
16004.553223	-85.278297
16009.936523	-85.071083
16015.319824	-84.954857
16020.703125	-85.252380
16026.086426	-85.194984
16031.469727	-84.914375
16036.853027	-84.555252
16042.236328	-84.511574
16047.619629	-84.502151
16053.002930	-84.559715
16058.386230	-84.603127
16063.769531	-84.835960
16069.152832	-84.738708
16074.536133	-84.909599
16079.919434	-85.205864
16085.302734	-85.153412
16090.686035	-85.041420
16096.069336	-85.475868
16101.452637	-86.017662
16106.835938	-85.827293
16112.219238	-85.383575
16117.602539	-85.317093
16122.985840	-84.815697
16128.369141	-84.786591
16133.752441	-84.722229
16139.135742	-84.311012
16144.519043	-84.374680
16149.902344	-84.511551
16155.285645	-84.689217
16160.668945	-84.872612
16166.052246	-84.900185
16171.435547	-85.222244
16176.818848	-85.651291
16182.202148	-86.051666
16187.585449	-86.077995
16192.968750	-86.061325
16198.352051	-85.958862
16203.735352	-85.835327
16209.118652	-85.671646
16214.501953	-85.423035
16219.885254	-84.995438
16225.268555	-84.641678
16230.651855	-84.789986
16236.035156	-85.068008
16241.418457	-85.122520
16246.801758	-85.378609
16252.185059	-85.504402
16257.568359	-85.624977
16262.951660	-85.805893
16268.334961	-86.030418
16273.718262	-86.065750
16279.101562	-86.132782
16284.484863	-86.165993
16289.868164	-86.017410
16295.251465	-86.245171
16300.634766	-86.876144
16306.018066	-87.148102
16311.401367	-87.470566
16316.784668	-88.229408
16322.167969	-88.308182
16327.551270	-88.196869
16332.934570	-88.034111
16338.317871	-88.521065
16343.701172	-89.681755
16349.084473	-90.258682
16354.467773	-90.696434
16359.851074	-90.893730
16365.234375	-91.975716
16370.617676	-92.555862
16376.000977	-93.427147
16381.384277	-94.537064
16386.767578	-95.361206
16392.150879	-96.261353
16397.534180	-96.800789
16402.917480	-95.316055
16408.300781	-94.919693
16413.684082	-94.762825
16419.067383	-94.186440
16424.450684	-92.685524
16429.833984	-91.450752
16435.217285	-90.691200
16440.600586	-89.878868
16445.983887	-89.209221
16451.367188	-88.013382
16456.750488	-86.793503
16462.133789	-86.133568
16467.517090	-86.027161
16472.900391	-85.697525
16478.283691	-85.197578
16483.666992	-84.803185
16489.050293	-84.896729
16494.433594	-84.819214
16499.816895	-84.779922
16505.200195	-84.423897
16510.583496	-84.059700
16515.966797	-84.014801
16521.350098	-84.208107
16526.733398	-84.053345
16532.116699	-83.964935
16537.500000	-83.838646
16542.883301	-83.806717
16548.266602	-83.429047
16553.649902	-83.308113
16559.033203	-83.287666
16564.416504	-83.109428
16569.799805	-82.842064
16575.183105	-82.409531
16580.566406	-82.021500
16585.949707	-81.966522
16591.333008	-81.919189
16596.716309	-81.774681
16602.099609	-81.316986
16607.482910	-81.126839
16612.866211	-80.990540
16618.249512	-80.894386
16623.632812	-80.636337
16629.016113	-80.550835
16634.399414	-80.325058
16639.782715	-80.288773
16645.166016	-80.256798
16650.549316	-80.468513
16655.932617	-80.562691
16661.315918	-80.572098
16666.699219	-80.783760
16672.082520	-81.471611
16677.465820	-81.995087
16682.849121	-82.505127
16688.232422	-82.663666
16693.615723	-83.250687
16698.999023	-84.124016
16704.382324	-84.652100
16709.765625	-84.387817
16715.148926	-84.878502
16720.532227	-85.273003
16725.915527	-85.425957
16731.298828	-85.341988
16736.682129	-85.351326
16742.065430	-85.171928
16747.448730	-85.708015
16752.832031	-85.993805
16758.215332	-86.447609
16763.598633	-86.354790
16768.981934	-86.181778
16774.365234	-86.179848
16779.748535	-86.375801
16785.131836	-86.070961
16790.515137	-86.505707
16795.898438	-86.112503
16801.281738	-85.892891
16806.665039	-85.778061
16812.048340	-86.264618
16817.431641	-86.533516
16822.814941	-86.966621
16828.198242	-87.242584
16833.581543	-87.698822
16838.964844	-88.090912
16844.348145	-87.859596
16849.731445	-87.817474
16855.114746	-88.882576
16860.498047	-88.909401
16865.881348	-88.956497
16871.264648	-88.916489
16876.647949	-89.458031
16882.031250	-89.428970
16887.414551	-89.654083
16892.797852	-89.942352
16898.181152	-90.270332
16903.564453	-90.153343
16908.947754	-90.070778
16914.331055	-89.770432
16919.714355	-90.284874
16925.097656	-90.677513
16930.480957	-90.992531
16935.864258	-91.348862
16941.247559	-91.674416
16946.630859	-91.335571
16952.014160	-90.885933
16957.397461	-91.124001
16962.780762	-92.768913
16968.164062	-93.218140
16973.547363	-92.431931
16978.930664	-92.931992
16984.313965	-93.286957
16989.697266	-94.504372
16995.080566	-96.117989
17000.463867	-96.155411
17005.847168	-97.055237
17011.230469	-94.962502
17016.613770	-95.636482
17021.997070	-96.898712
17027.380371	-97.306747
17032.763672	-97.901360
17038.146973	-96.924477
17043.530273	-97.951447
17048.913574	-100.614456
17054.296875	-100.810104
17059.680176	-101.193085
17065.063477	-101.802917
17070.446777	-100.629944
17075.830078	-102.798256
17081.213379	-99.722305
17086.596680	-100.473343
17091.979980	-99.363014
17097.363281	-98.905273
17102.746582	-97.764977
17108.129883	-96.547623
17113.513184	-96.567947
17118.896484	-96.386879
17124.279785	-96.162956
17129.663086	-95.175117
17135.046387	-95.469917
17140.429688	-96.443909
17145.812988	-96.647110
17151.196289	-96.561180
17156.579590	-95.178520
17161.962891	-95.729355
17167.346191	-95.042267
17172.729492	-95.578758
17178.112793	-94.884010
17183.496094	-94.876549
17188.879395	-94.597412
17194.262695	-94.861946
17199.645996	-94.634735
17205.029297	-94.720345
17210.412598	-96.115746
17215.795898	-96.762047
17221.179199	-95.505989
17226.562500	-95.135803
17231.945801	-94.012756
17237.329102	-94.281647
17242.712402	-93.943069
17248.095703	-93.318382
17253.479004	-92.753868
17258.862305	-93.129562
17264.245605	-93.569992
17269.628906	-94.035439
17275.012207	-92.916595
17280.395508	-92.746338
17285.778809	-92.446594
17291.162109	-92.211746
17296.545410	-91.906616
17301.928711	-91.782890
17307.312012	-91.779526
17312.695312	-91.742241
17318.078613	-92.455551
17323.461914	-93.298935
17328.845215	-93.095306
17334.228516	-92.759659
17339.611816	-92.456604
17344.995117	-92.387901
17350.378418	-92.059143
17355.761719	-91.758514
17361.145020	-91.353455
17366.528320	-91.706421
17371.911621	-91.915939
17377.294922	-92.132927
17382.678223	-91.773178
17388.061523	-91.793488
17393.444824	-92.527443
17398.828125	-93.102615
17404.211426	-92.533684
17409.594727	-92.087303
17414.978027	-91.559700
17420.361328	-92.287689
17425.744629	-92.087738
17431.127930	-92.226418
17436.511230	-91.707069
17441.894531	-92.143623
17447.277832	-92.412781
17452.661133	-92.763268
17458.044434	-93.050621
17463.427734	-93.158890
17468.811035	-92.637230
17474.194336	-92.149620
17479.577637	-92.507324
17484.960938	-92.566711
17490.344238	-92.196602
17495.727539	-92.558189
17501.110840	-93.260475
17506.494141	-92.492348
17511.877441	-91.957764
17517.260742	-91.752213
17522.644043	-91.776100
17528.027344	-92.274483
17533.410645	-92.229408
17538.793945	-91.540199
17544.177246	-91.378700
17549.560547	-91.443596
17554.943848	-91.747818
17560.327148	-91.799019
17565.710449	-92.654167
17571.093750	-92.263290
17576.477051	-91.694160
17581.860352	-91.254417
17587.243652	-91.739281
17592.626953	-91.709282
17598.010254	-91.757866
17603.393555	-91.773590
17608.776855	-91.424118
17614.160156	-91.986824
17619.543457	-92.510727
17624.926758	-90.864853
17630.310059	-91.085419
17635.693359	-90.863312
17641.076660	-91.178032
17646.459961	-90.941582
17651.843262	-91.442429
17657.226562	-90.999519
17662.609863	-91.000946
17667.993164	-90.539246
17673.376465	-90.674850
17678.759766	-90.627769
17684.143066	-90.739418
17689.526367	-89.959274
17694.909668	-89.878380
17700.292969	-90.299843
17705.676270	-90.799515
17711.059570	-90.929779
17716.442871	-90.580856
17721.826172	-90.318954
17727.209473	-90.249146
17732.592773	-90.083618
17737.976074	-90.504128
17743.359375	-90.188408
17748.742676	-89.991760
17754.125977	-89.720261
17759.509277	-89.771812
17764.892578	-89.633949
17770.275879	-89.848030
17775.659180	-89.228500
17781.042480	-88.968300
17786.425781	-89.027206
17791.809082	-89.042580
17797.192383	-88.436722
17802.575684	-88.886383
17807.958984	-88.942558
17813.342285	-89.000916
17818.725586	-88.522682
17824.108887	-88.653061
17829.492188	-88.496040
17834.875488	-88.494286
17840.258789	-88.353294
17845.642090	-88.723091
17851.025391	-88.515167
17856.408691	-88.898750
17861.791992	-88.991997
17867.175293	-89.058586
17872.558594	-88.936607
17877.941895	-88.941444
17883.325195	-88.481873
17888.708496	-88.622528
17894.091797	-88.485359
17899.475098	-88.872414
17904.858398	-88.338737
17910.241699	-88.648720
17915.625000	-88.629494
17921.008301	-88.050240
17926.391602	-87.988861
17931.774902	-87.847710
17937.158203	-88.012329
17942.541504	-88.024643
17947.924805	-87.914749
17953.308105	-88.356583
17958.691406	-88.031410
17964.074707	-87.727119
17969.458008	-87.619766
17974.841309	-87.810272
17980.224609	-87.771492
17985.607910	-87.512260
17990.991211	-87.211304
17996.374512	-87.462234
18001.757812	-87.578270
18007.141113	-87.838783
18012.524414	-88.190536
18017.907715	-88.143478
18023.291016	-88.222038
18028.674316	-88.376465
18034.057617	-88.038246
18039.440918	-88.310005
18044.824219	-88.099197
18050.207520	-88.197578
18055.590820	-88.701134
18060.974121	-89.037582
18066.357422	-88.928162
18071.740723	-88.835152
18077.124023	-89.479141
18082.507324	-89.763000
18087.890625	-89.583427
18093.273926	-89.599144
18098.657227	-90.040367
18104.040527	-90.687965
18109.423828	-91.024178
18114.807129	-91.222015
18120.190430	-91.153984
18125.573730	-90.948257
18130.957031	-91.615761
18136.340332	-92.342873
18141.723633	-92.635048
18147.106934	-92.358841
18152.490234	-92.795242
18157.873535	-93.208832
18163.256836	-93.239197
18168.640137	-94.113968
18174.023438	-94.251030
18179.406738	-94.737244
18184.790039	-95.268806
18190.173340	-95.816689
18195.556641	-96.545219
18200.939941	-97.348724
18206.323242	-99.398956
18211.706543	-98.988197
18217.089844	-98.596863
18222.473145	-99.352715
18227.856445	-99.725510
18233.239746	-99.632942
18238.623047	-101.539597
18244.006348	-100.752815
18249.389648	-100.051979
18254.772949	-100.398521
18260.156250	-100.880013
18265.539551	-100.393280
18270.922852	-99.037560
18276.306152	-98.606224
18281.689453	-99.060165
18287.072754	-99.199921
18292.456055	-98.960213
18297.839355	-99.086983
18303.222656	-98.099167
18308.605957	-98.364769
18313.989258	-99.327118
18319.372559	-98.156723
18324.755859	-99.956993
18330.139160	-99.223190
18335.522461	-99.490341
18340.905762	-99.215858
18346.289062	-99.219025
18351.672363	-98.627556
18357.055664	-96.511818
18362.438965	-97.437424
18367.822266	-98.171181
18373.205566	-99.604118
18378.588867	-98.349525
18383.972168	-100.397209
18389.355469	-99.847145
18394.738770	-99.385590
18400.122070	-101.566444
18405.505371	-99.221901
18410.888672	-99.902275
18416.271973	-98.979973
18421.655273	-98.681412
18427.038574	-98.999039
18432.421875	-97.077805
18437.805176	-98.047997
18443.188477	-98.342430
18448.571777	-98.119659
18453.955078	-99.022964
18459.338379	-97.725929
18464.721680	-96.003517
18470.104980	-95.315269
18475.488281	-95.374741
18480.871582	-95.407082
18486.254883	-95.034721
18491.638184	-94.857224
18497.021484	-94.334496
18502.404785	-94.678383
18507.788086	-94.150352
18513.171387	-93.541763
18518.554688	-93.600090
18523.937988	-92.930687
18529.321289	-92.098915
18534.704590	-91.809395
18540.087891	-91.927315
18545.471191	-92.085999
18550.854492	-91.283501
18556.237793	-91.022362
18561.621094	-90.517151
18567.004395	-90.019966
18572.387695	-89.648438
18577.770996	-89.614891
18583.154297	-88.774826
18588.537598	-88.949020
18593.920898	-88.950066
18599.304199	-89.052139
18604.687500	-88.579971
18610.070801	-88.388512
18615.454102	-88.236229
18620.837402	-88.592949
18626.220703	-88.041649
18631.604004	-87.814178
18636.987305	-87.501289
18642.370605	-87.418221
18647.753906	-86.859901
18653.137207	-86.941872
18658.520508	-86.501106
18663.903809	-86.768837
18669.287109	-86.822578
18674.670410	-86.901680
18680.053711	-86.301765
18685.437012	-85.999336
18690.820312	-86.042397
18696.203613	-86.304115
18701.586914	-86.065903
18706.970215	-85.986748
18712.353516	-85.725418
18717.736816	-85.554214
18723.120117	-85.443085
18728.503418	-85.547592
18733.886719	-85.570694
18739.270020	-85.374481
18744.653320	-85.104973
18750.036621	-85.087700
18755.419922	-85.056801
18760.803223	-85.482651
18766.186523	-85.989601
18771.569824	-85.455765
18776.953125	-85.264122
18782.336426	-85.557938
18787.719727	-85.653069
18793.103027	-85.787926
18798.486328	-86.104599
18803.869629	-86.150162
18809.252930	-86.164711
18814.636230	-86.242332
18820.019531	-85.988770
18825.402832	-86.089165
18830.786133	-85.951332
18836.169434	-86.225372
18841.552734	-86.607635
18846.936035	-86.822426
18852.319336	-86.863777
18857.702637	-86.902061
18863.085938	-86.934158
18868.469238	-87.467667
18873.852539	-87.991783
18879.235840	-87.808479
18884.619141	-88.008286
18890.002441	-88.378334
18895.385742	-88.338974
18900.769043	-89.077469
18906.152344	-89.198761
18911.535645	-89.015610
18916.918945	-89.164421
18922.302246	-89.180626
18927.685547	-89.357674
18933.068848	-89.669289
18938.452148	-89.649086
18943.835449	-89.241364
18949.218750	-89.251411
18954.602051	-89.295372
18959.985352	-89.456573
18965.368652	-89.750664
18970.751953	-88.778824
18976.135254	-88.927414
18981.518555	-88.910698
18986.901855	-89.145065
18992.285156	-89.716087
18997.668457	-89.592659
19003.051758	-88.929527
19008.435059	-88.982330
19013.818359	-89.046494
19019.201660	-88.855270
19024.584961	-89.464043
19029.968262	-89.524521
19035.351562	-89.454155
19040.734863	-89.010056
19046.118164	-89.094528
19051.501465	-89.001678
19056.884766	-88.696632
19062.268066	-88.507187
19067.651367	-89.205750
19073.034668	-89.620956
19078.417969	-89.124397
19083.801270	-89.289452
19089.184570	-89.257309
19094.567871	-88.898476
19099.951172	-88.518074
19105.334473	-88.612869
19110.717773	-88.349022
19116.101074	-87.977554
19121.484375	-87.618729
19126.867676	-87.735985
19132.250977	-87.831497
19137.634277	-87.525795
19143.017578	-87.506157
19148.400879	-87.583031
19153.784180	-87.511993
19159.167480	-87.197258
19164.550781	-87.121155
19169.934082	-87.129562
19175.317383	-87.214134
19180.700684	-86.905914
19186.083984	-87.319618
19191.467285	-87.553650
19196.850586	-87.695152
19202.233887	-87.245178
19207.617188	-87.340431
19213.000488	-87.502052
19218.383789	-87.505417
19223.767090	-87.047371
19229.150391	-86.932343
19234.533691	-86.869881
19239.916992	-87.053520
19245.300293	-86.860336
19250.683594	-87.188972
19256.066895	-87.444267
19261.450195	-87.498566
19266.833496	-87.557610
19272.216797	-87.942917
19277.600098	-87.989067
19282.983398	-88.130684
19288.366699	-87.873344
19293.750000	-87.963097
19299.133301	-87.902649
19304.516602	-88.256393
19309.899902	-88.197777
19315.283203	-87.880684
19320.666504	-87.843613
19326.049805	-88.485878
19331.433105	-88.491516
19336.816406	-88.788063
19342.199707	-88.658936
19347.583008	-88.490570
19352.966309	-88.451126
19358.349609	-88.842209
19363.732910	-88.708954
19369.116211	-88.678818
19374.499512	-88.507523
19379.882812	-88.852852
19385.266113	-88.871414
19390.649414	-88.940956
19396.032715	-88.853699
19401.416016	-89.367294
19406.799316	-89.317360
19412.182617	-89.382851
19417.565918	-89.119843
19422.949219	-89.718018
19428.332520	-89.804207
19433.715820	-90.379494
19439.099121	-90.112434
19444.482422	-90.578926
19449.865723	-91.099388
19455.249023	-91.518684
19460.632324	-91.388657
19466.015625	-92.005272
19471.398926	-92.342033
19476.782227	-92.532372
19482.165527	-92.871506
19487.548828	-93.368050
19492.932129	-93.551712
19498.315430	-94.798485
19503.698730	-95.184692
19509.082031	-95.259277
19514.465332	-96.912384
19519.848633	-96.853928
19525.231934	-95.243019
19530.615234	-96.210526
19535.998535	-96.461990
19541.381836	-95.768066
19546.765137	-95.210930
19552.148438	-94.543007
19557.531738	-95.818047
19562.915039	-95.693832
19568.298340	-95.555084
19573.681641	-93.991264
19579.064941	-92.826187
19584.448242	-91.996750
19589.831543	-92.556160
19595.214844	-92.452179
19600.598145	-91.583748
19605.981445	-91.335403
19611.364746	-91.737572
19616.748047	-92.122223
19622.131348	-91.794075
19627.514648	-91.210960
19632.897949	-91.259155
19638.281250	-91.217865
19643.664551	-91.588089
19649.047852	-91.120934
19654.431152	-91.571373
19659.814453	-91.780899
19665.197754	-91.568092
19670.581055	-90.921608
19675.964355	-91.243881
19681.347656	-91.596573
19686.730957	-91.627899
19692.114258	-91.936035
19697.497559	-91.947479
19702.880859	-90.870796
19708.264160	-91.844414
19713.647461	-91.615707
19719.030762	-91.850464
19724.414062	-91.551826
19729.797363	-90.875961
19735.180664	-90.841721
19740.563965	-91.217476
19745.947266	-90.903572
19751.330566	-91.173485
19756.713867	-91.122963
19762.097168	-90.982452
19767.480469	-90.146950
19772.863770	-89.776703
19778.247070	-89.385941
19783.630371	-89.441994
19789.013672	-88.901054
19794.396973	-88.741722
19799.780273	-88.539307
19805.163574	-88.603226
19810.546875	-88.480850
19815.930176	-88.422569
19821.313477	-88.123650
19826.696777	-87.777832
19832.080078	-87.600121
19837.463379	-87.821014
19842.846680	-87.881104
19848.229980	-88.370331
19853.613281	-88.137299
19858.996582	-88.284195
19864.379883	-88.058197
19869.763184	-88.441505
19875.146484	-88.374084
19880.529785	-88.354424
19885.913086	-89.059425
19891.296387	-89.857368
19896.679688	-89.686211
19902.062988	-89.749252
19907.446289	-89.564293
19912.829590	-89.319824
19918.212891	-89.432518
19923.596191	-89.442245
19928.979492	-89.393074
19934.362793	-89.566734
19939.746094	-89.430328
19945.129395	-90.250252
19950.512695	-89.828056
19955.895996	-89.505013
19961.279297	-89.538658
19966.662598	-90.280609
19972.045898	-90.568695
19977.429199	-90.823868
19982.812500	-90.608757
19988.195801	-91.289925
19993.579102	-91.146187
19998.962402	-91.659393
20004.345703	-91.925346
20009.729004	-92.330269
20015.112305	-92.303719
20020.495605	-93.614334
20025.878906	-94.030289
20031.262207	-94.884155
20036.645508	-96.297752
20042.028809	-96.177956
20047.412109	-95.126541
20052.795410	-96.265892
20058.178711	-97.397270
20063.562012	-99.038147
20068.945312	-97.388504
20074.328613	-99.721344
20079.711914	-99.231606
20085.095215	-100.326355
20090.478516	-100.173889
20095.861816	-100.978355
20101.245117	-96.942932
20106.628418	-103.245430
20112.011719	-95.565506
20117.395020	-98.930710
20122.778320	-96.279396
20128.161621	-96.946854
20133.544922	-97.926208
20138.928223	-100.080475
20144.311523	-101.531357
20149.694824	-100.250557
20155.078125	-99.632957
20160.461426	-98.737465
20165.844727	-98.738190
20171.228027	-97.517509
20176.611328	-96.413849
20181.994629	-97.185890
20187.377930	-97.690926
20192.761230	-98.361145
20198.144531	-98.089622
20203.527832	-97.149643
20208.911133	-96.895615
20214.294434	-97.371887
20219.677734	-97.623665
20225.061035	-97.214745
20230.444336	-96.585770
20235.827637	-95.712982
20241.210938	-95.889420
20246.594238	-96.516701
20251.977539	-96.957985
20257.360840	-95.351105
20262.744141	-94.897690
20268.127441	-95.276436
20273.510742	-94.525063
20278.894043	-94.624603
20284.277344	-94.917221
20289.660645	-95.099510
20295.043945	-94.959068
20300.427246	-94.387344
20305.810547	-94.276848
20311.193848	-93.959785
20316.577148	-93.586807
20321.960449	-93.525345
20327.343750	-92.898094
20332.727051	-92.721031
20338.110352	-92.208961
20343.493652	-91.644096
20348.876953	-91.654984
20354.260254	-91.862381
20359.643555	-92.045685
20365.026855	-91.962349
20370.410156	-91.924057
20375.793457	-91.406265
20381.176758	-91.615112
20386.560059	-91.449539
20391.943359	-90.780815
20397.326660	-90.526222
20402.709961	-90.250015
20408.093262	-89.721138
20413.476562	-90.084602
20418.859863	-90.265846
20424.243164	-90.565918
20429.626465	-90.771889
20435.009766	-90.365196
20440.393066	-89.945244
20445.776367	-89.872749
20451.159668	-90.142136
20456.542969	-90.016541
20461.926270	-89.714401
20467.309570	-89.538162
20472.692871	-89.918419
20478.076172	-90.438866
20483.459473	-90.676575
20488.842773	-90.552689
20494.226074	-90.512955
20499.609375	-90.774773
20504.992676	-91.190048
20510.375977	-91.118408
20515.759277	-91.083511
20521.142578	-91.604843
20526.525879	-91.677254
20531.909180	-91.650841
20537.292480	-91.479782
20542.675781	-92.049431
20548.059082	-92.009628
20553.442383	-91.497910
20558.825684	-90.677895
20564.208984	-90.913559
20569.592285	-91.088097
20574.975586	-90.979332
20580.358887	-90.788818
20585.742188	-90.693268
20591.125488	-90.560051
20596.508789	-90.807503
20601.892090	-91.012955
20607.275391	-90.580475
20612.658691	-90.761513
20618.041992	-90.620262
20623.425293	-90.619743
20628.808594	-89.771950
20634.191895	-90.141762
20639.575195	-90.138573
20644.958496	-90.214882
20650.341797	-90.535164
20655.725098	-90.262291
20661.108398	-89.806656
20666.491699	-90.012619
20671.875000	-90.315742
20677.258301	-90.485680
20682.641602	-91.001457
20688.024902	-90.931763
20693.408203	-90.273064
20698.791504	-90.758553
20704.174805	-90.320007
20709.558105	-90.886078
20714.941406	-91.227585
20720.324707	-92.196709
20725.708008	-92.150322
20731.091309	-92.831940
20736.474609	-92.859169
20741.857910	-93.099800
20747.241211	-93.256828
20752.624512	-92.571793
20758.007812	-93.009628
20763.391113	-92.538399
20768.774414	-92.393082
20774.157715	-93.011787
20779.541016	-92.619728
20784.924316	-91.724686
20790.307617	-92.069984
20795.690918	-92.091942
20801.074219	-91.754967
20806.457520	-91.678879
20811.840820	-91.992355
20817.224121	-92.151909
20822.607422	-91.628998
20827.990723	-90.736572
20833.374023	-90.271828
20838.757324	-90.970299
20844.140625	-91.051292
20849.523926	-91.031509
20854.907227	-90.643272
20860.290527	-89.902901
20865.673828	-90.017410
20871.057129	-90.950684
20876.440430	-91.251549
20881.823730	-91.297035
20887.207031	-91.504700
20892.590332	-91.826820
20897.973633	-91.318123
20903.356934	-91.364273
20908.740234	-91.043907
20914.123535	-91.308540
20919.506836	-90.788971
20924.890137	-91.093063
20930.273438	-91.042343
20935.656738	-90.571404
20941.040039	-89.823616
20946.423340	-89.954895
20951.806641	-89.830742
20957.189941	-89.930222
20962.573242	-89.659851
20967.956543	-89.738365
20973.339844	-89.872467
20978.723145	-89.665901
20984.106445	-89.974037
20989.489746	-90.258850
20994.873047	-90.353714
21000.256348	-90.095070
21005.639648	-89.918640
21011.022949	-89.456726
21016.406250	-89.619980
21021.789551	-89.395157
21027.172852	-89.470757
21032.556152	-89.718979
21037.939453	-89.569672
21043.322754	-89.367821
21048.706055	-89.054527
21054.089355	-89.060448
21059.472656	-89.311226
21064.855957	-88.971695
21070.239258	-88.848488
21075.622559	-88.987274
21081.005859	-89.201424
21086.389160	-88.947540
21091.772461	-88.851242
21097.155762	-89.055824
21102.539062	-89.132965
21107.922363	-89.081268
21113.305664	-89.465599
21118.688965	-89.774284
21124.072266	-89.989632
21129.455566	-90.041573
21134.838867	-90.530083
21140.222168	-90.382591
21145.605469	-90.586197
21150.988770	-90.767326
21156.372070	-90.885498
21161.755371	-90.550690
21167.138672	-90.593620
21172.521973	-90.615570
21177.905273	-90.806450
21183.288574	-90.716614
21188.671875	-90.971634
21194.055176	-90.368530
21199.438477	-90.689438
21204.821777	-90.877396
21210.205078	-91.137329
21215.588379	-91.035751
21220.971680	-91.920464
21226.354980	-92.033966
21231.738281	-91.937675
21237.121582	-91.176918
21242.504883	-91.393608
21247.888184	-91.865906
21253.271484	-91.938286
21258.654785	-91.396988
21264.038086	-91.497551
21269.421387	-91.805626
21274.804688	-92.427689
21280.187988	-92.680939
21285.571289	-92.896545
21290.954590	-92.446838
21296.337891	-93.102089
21301.721191	-92.942009
21307.104492	-93.283401
21312.487793	-92.936714
21317.871094	-93.356224
21323.254395	-92.928032
21328.637695	-92.988480
21334.020996	-92.725304
21339.404297	-92.111633
21344.787598	-91.847130
21350.170898	-92.385414
21355.554199	-92.483406
21360.937500	-92.740540
21366.320801	-92.550819
21371.704102	-92.965881
21377.087402	-92.518364
21382.470703	-92.717590
21387.854004	-92.535835
21393.237305	-92.730705
21398.620605	-91.834740
21404.003906	-92.514557
21409.387207	-92.439880
21414.770508	-92.889870
21420.153809	-92.630867
21425.537109	-93.109749
21430.920410	-93.157372
21436.303711	-93.144539
21441.687012	-92.797295
21447.070312	-93.196152
21452.453613	-92.790451
21457.836914	-92.561996
21463.220215	-93.024994
21468.603516	-93.487282
21473.986816	-93.448006
21479.370117	-93.788315
21484.753418	-93.448593
21490.136719	-93.680351
21495.520020	-93.893959
21500.903320	-94.259384
21506.286621	-94.378235
21511.669922	-94.432693
21517.053223	-93.901711
21522.436523	-95.255089
21527.819824	-95.326729
21533.203125	-94.728958
21538.586426	-94.310715
21543.969727	-94.787590
21549.353027	-94.756996
21554.736328	-94.463493
21560.119629	-94.070511
21565.502930	-94.474716
21570.886230	-94.905228
21576.269531	-95.384674
21581.652832	-96.505287
21587.036133	-96.426468
21592.419434	-96.142227
21597.802734	-96.696785
21603.186035	-97.148521
21608.569336	-96.712738
21613.952637	-96.775421
21619.335938	-97.637878
21624.719238	-97.437859
21630.102539	-97.488167
21635.485840	-96.843971
21640.869141	-97.332314
21646.252441	-97.228371
21651.635742	-98.322533
21657.019043	-97.205322
21662.402344	-97.797279
21667.785645	-97.353012
21673.168945	-96.060112
21678.552246	-96.206551
21683.935547	-96.689781
21689.318848	-95.772491
21694.702148	-96.583046
21700.085449	-95.620964
21705.468750	-96.083824
21710.852051	-95.995659
21716.235352	-95.962212
21721.618652	-95.793633
21727.001953	-96.136581
21732.385254	-96.123253
21737.768555	-96.175652
21743.151855	-95.203682
21748.535156	-95.510345
21753.918457	-95.672928
21759.301758	-96.141266
21764.685059	-96.535316
21770.068359	-96.528053
21775.451660	-95.247406
21780.834961	-94.825630
21786.218262	-95.157448
21791.601562	-95.354362
21796.984863	-94.760567
21802.368164	-94.896118
21807.751465	-94.840919
21813.134766	-94.935432
21818.518066	-94.624146
21823.901367	-95.072731
21829.284668	-94.919052
21834.667969	-94.742500
21840.051270	-94.422249
21845.434570	-94.597321
21850.817871	-94.061012
21856.201172	-93.440216
21861.584473	-93.076042
21866.967773	-93.695076
21872.351074	-92.839561
21877.734375	-92.631889
21883.117676	-93.276283
21888.500977	-93.153114
21893.884277	-92.722763
21899.267578	-92.717232
21904.650879	-92.412689
21910.034180	-92.034225
21915.417480	-92.255096
21920.800781	-92.770355
21926.184082	-92.822395
21931.567383	-92.895119
21936.950684	-92.577629
21942.333984	-92.679695
21947.717285	-92.659668
21953.100586	-92.516884
21958.483887	-92.035851
21963.867188	-92.176888
21969.250488	-92.353928
21974.633789	-92.536270
21980.017090	-92.129791
21985.400391	-93.008797
21990.783691	-92.799438
21996.166992	-92.947235
22001.550293	-92.294861
22006.933594	-91.925438
22012.316895	-91.414627
22017.700195	-92.079002
22023.083496	-92.173904
22028.466797	-92.596321
22033.850098	-92.764633
22039.233398	-92.862488
22044.616699	-91.866829
