Frequency (Hz)	Level (dB)
5.383301	-35.236149
10.766602	-33.561615
16.149902	-31.456327
21.533203	-29.732040
26.916504	-28.760771
32.299805	-28.005125
37.683105	-27.405582
43.066406	-26.997559
48.449707	-26.595066
53.833008	-26.537617
59.216309	-26.549116
64.599609	-26.567871
69.982910	-26.620682
75.366211	-26.774710
80.749512	-27.027401
86.132812	-27.070019
91.516113	-27.086298
96.899414	-27.380419
102.282715	-27.598772
107.666016	-27.647757
113.049316	-27.790825
118.432617	-27.931242
123.815918	-28.017996
129.199219	-28.124771
134.582520	-28.209267
139.965820	-28.317423
145.349121	-28.593719
150.732422	-28.912184
156.115723	-29.170176
161.499023	-29.363909
166.882324	-29.696026
172.265625	-30.135033
177.648926	-30.572870
183.032227	-31.186518
188.415527	-31.738758
193.798828	-32.075493
199.182129	-31.978479
204.565430	-31.560284
209.948730	-31.029341
215.332031	-29.864672
220.715332	-28.485418
226.098633	-27.915859
231.481934	-28.674568
236.865234	-28.014898
242.248535	-29.190298
247.631836	-30.487669
253.015137	-31.722946
258.398438	-32.172607
263.781738	-33.278255
269.165039	-32.818104
274.548340	-30.506554
279.931641	-30.650612
285.314941	-27.792164
290.698242	-23.477814
296.081543	-22.226908
301.464844	-21.403864
306.848145	-24.189741
312.231445	-26.668327
317.614746	-30.219511
322.998047	-35.557285
328.381348	-39.211643
333.764648	-39.105148
339.147949	-37.264290
344.531250	-37.530182
349.914551	-40.817772
355.297852	-42.668556
360.681152	-42.960976
366.064453	-41.434910
371.447754	-44.323292
376.831055	-44.647121
382.214355	-44.019096
387.597656	-42.789005
392.980957	-39.716244
398.364258	-39.637459
403.747559	-40.410500
409.130859	-38.320312
414.514160	-35.761070
419.897461	-36.526672
425.280762	-36.699142
430.664062	-34.949074
436.047363	-34.659019
441.430664	-33.004742
446.813965	-31.435743
452.197266	-30.249290
457.580566	-24.225166
462.963867	-22.971207
468.347168	-25.180090
473.730469	-27.829529
479.113770	-31.276356
484.497070	-33.693359
489.880371	-33.627640
495.263672	-30.916578
500.646973	-28.625629
506.030273	-29.411028
511.413574	-33.630741
516.796875	-36.843708
522.180176	-32.450874
527.563477	-30.047005
532.946777	-28.881554
538.330078	-28.028536
543.713379	-27.548548
549.096680	-27.125790
554.479980	-26.265308
559.863281	-25.605391
565.246582	-24.673214
570.629883	-23.692451
576.013184	-23.711920
581.396484	-26.032814
586.779785	-29.447762
592.163086	-32.066803
597.546387	-32.937157
602.929688	-28.142838
608.312988	-27.909496
613.696289	-32.020191
619.079590	-37.842861
624.462891	-34.815472
629.846191	-36.564037
635.229492	-39.136597
640.612793	-37.018166
645.996094	-37.127895
651.379395	-40.247475
656.762695	-37.295792
662.145996	-36.368698
667.529297	-35.579590
672.912598	-35.009365
678.295898	-36.343021
683.679199	-38.861477
689.062500	-38.961308
694.445801	-40.742298
699.829102	-39.440651
705.212402	-38.050446
710.595703	-35.316593
715.979004	-37.677059
721.362305	-38.143013
726.745605	-36.734833
732.128906	-35.977299
737.512207	-34.350498
742.895508	-32.535412
748.278809	-33.708561
753.662109	-32.356052
759.045410	-29.940941
764.428711	-30.193539
769.812012	-29.661037
775.195312	-28.276560
780.578613	-22.827980
785.961914	-20.095760
791.345215	-23.088497
796.728516	-32.222336
802.111816	-28.818623
807.495117	-28.494944
812.878418	-29.236443
818.261719	-30.069130
823.645020	-29.781879
829.028320	-28.691578
834.411621	-27.221817
839.794922	-28.949278
845.178223	-31.157692
850.561523	-28.011700
855.944824	-25.614037
861.328125	-24.734058
866.711426	-24.588875
872.094727	-27.975668
877.478027	-29.526630
882.861328	-28.675039
888.244629	-31.176888
893.627930	-33.135506
899.011230	-33.697033
904.394531	-34.547573
909.777832	-33.313690
915.161133	-33.050354
920.544434	-35.571114
925.927734	-36.008690
931.311035	-35.728485
936.694336	-38.808517
942.077637	-39.307121
947.460938	-37.837646
952.844238	-38.596348
958.227539	-38.234390
963.610840	-35.403305
968.994141	-34.714714
974.377441	-34.192410
979.760742	-33.315731
985.144043	-30.412430
990.527344	-25.495083
995.910645	-24.709452
1001.293945	-27.920950
1006.677246	-29.404442
1012.060547	-29.576023
1017.443848	-32.452682
1022.827148	-34.333134
1028.210449	-34.755516
1033.593750	-36.100529
1038.977051	-35.854416
1044.360352	-35.927002
1049.743652	-36.644993
1055.126953	-37.915813
1060.510254	-39.754581
1065.893555	-42.481205
1071.276855	-44.479794
1076.660156	-44.897045
1082.043457	-42.822655
1087.426758	-41.064785
1092.810059	-41.206154
1098.193359	-42.307877
1103.576660	-44.766006
1108.959961	-45.187244
1114.343262	-43.066345
1119.726562	-42.762005
1125.109863	-42.049362
1130.493164	-40.065907
1135.876465	-39.563232
1141.259766	-40.692162
1146.643066	-41.234478
1152.026367	-42.288403
1157.409668	-42.831940
1162.792969	-40.948303
1168.176270	-40.756207
1173.559570	-40.337318
1178.942871	-39.703835
1184.326172	-40.246826
1189.709473	-42.090744
1195.092773	-41.891945
1200.476074	-41.412453
1205.859375	-41.089550
1211.242676	-41.019890
1216.625977	-42.831306
1222.009277	-42.847416
1227.392578	-37.804237
1232.775879	-36.147968
1238.159180	-37.961796
1243.542480	-42.458397
1248.925781	-39.731705
1254.309082	-38.062283
1259.692383	-40.552937
1265.075684	-43.295940
1270.458984	-44.301788
1275.842285	-45.805092
1281.225586	-43.360031
1286.608887	-43.974182
1291.992188	-45.020805
1297.375488	-46.860157
1302.758789	-45.103516
1308.142090	-44.242970
1313.525391	-45.520496
1318.908691	-44.701069
1324.291992	-43.711304
1329.675293	-41.932117
1335.058594	-39.204109
1340.441895	-39.925869
1345.825195	-41.880466
1351.208496	-41.552235
1356.591797	-41.903572
1361.975098	-42.723179
1367.358398	-43.172005
1372.741699	-45.557152
1378.125000	-45.726715
1383.508301	-41.608307
1388.891602	-40.011276
1394.274902	-40.416496
1399.658203	-39.101330
1405.041504	-38.145081
1410.424805	-37.965248
1415.808105	-38.451923
1421.191406	-38.252560
1426.574707	-39.083202
1431.958008	-39.759460
1437.341309	-38.382996
1442.724609	-36.969795
1448.107910	-36.652504
1453.491211	-37.006130
1458.874512	-38.035110
1464.257812	-38.201645
1469.641113	-38.972954
1475.024414	-38.360695
1480.407715	-37.373440
1485.791016	-37.175163
1491.174316	-37.166504
1496.557617	-37.413445
1501.940918	-36.082733
1507.324219	-35.863037
1512.707520	-35.449936
1518.090820	-34.650055
1523.474121	-33.850288
1528.857422	-33.041721
1534.240723	-33.029121
1539.624023	-32.864670
1545.007324	-34.740570
1550.390625	-35.154850
1555.773926	-36.694607
1561.157227	-37.594578
1566.540527	-41.009640
1571.923828	-45.765491
1577.307129	-42.085796
1582.690430	-42.573658
1588.073730	-42.238598
1593.457031	-42.017838
1598.840332	-41.766548
1604.223633	-41.709961
1609.606934	-41.622341
1614.990234	-41.254608
1620.373535	-39.895809
1625.756836	-40.588120
1631.140137	-45.362312
1636.523438	-46.258545
1641.906738	-41.465969
1647.290039	-36.605740
1652.673340	-36.556583
1658.056641	-39.588570
1663.439941	-43.266506
1668.823242	-45.184147
1674.206543	-46.209259
1679.589844	-44.401821
1684.973145	-40.328064
1690.356445	-38.460110
1695.739746	-38.206688
1701.123047	-39.130466
1706.506348	-41.618298
1711.889648	-43.015549
1717.272949	-43.798206
1722.656250	-43.716663
1728.039551	-42.464745
1733.422852	-40.953529
1738.806152	-39.557945
1744.189453	-39.610039
1749.572754	-39.698418
1754.956055	-38.931072
1760.339355	-38.789612
1765.722656	-39.672813
1771.105957	-40.059593
1776.489258	-39.849007
1781.872559	-39.911434
1787.255859	-42.462170
1792.639160	-46.300442
1798.022461	-48.101566
1803.405762	-47.333820
1808.789062	-45.995613
1814.172363	-45.227081
1819.555664	-46.504662
1824.938965	-47.037155
1830.322266	-46.965729
1835.705566	-48.531399
1841.088867	-46.656315
1846.472168	-42.756329
1851.855469	-40.282372
1857.238770	-40.200642
1862.622070	-40.300430
1868.005371	-41.203342
1873.388672	-41.426796
1878.771973	-41.112915
1884.155273	-40.418640
1889.538574	-38.855621
1894.921875	-38.887886
1900.305176	-37.663830
1905.688477	-39.104561
1911.071777	-39.382885
1916.455078	-38.579025
1921.838379	-39.296402
1927.221680	-43.591705
1932.604980	-47.655327
1937.988281	-48.309341
1943.371582	-45.133007
1948.754883	-45.705307
1954.138184	-45.682503
1959.521484	-46.565880
1964.904785	-45.579433
1970.288086	-44.179203
1975.671387	-42.304676
1981.054688	-45.330917
1986.437988	-42.888340
1991.821289	-40.691608
1997.204590	-41.038700
2002.587891	-40.133530
2007.971191	-38.233540
2013.354492	-43.690922
2018.737793	-43.055519
2024.121094	-40.123859
2029.504395	-43.059967
2034.887695	-42.625523
2040.270996	-43.101654
2045.654297	-44.716572
2051.037598	-44.405682
2056.420898	-42.461140
2061.804199	-43.193474
2067.187500	-40.525887
2072.570801	-38.694790
2077.954102	-37.979179
2083.337402	-40.303280
2088.720703	-41.102917
2094.104004	-40.558201
2099.487305	-40.027378
2104.870605	-42.360622
2110.253906	-42.499866
2115.637207	-42.008030
2121.020508	-41.123642
2126.403809	-39.643574
2131.787109	-41.074650
2137.170410	-43.708599
2142.553711	-39.417194
2147.937012	-37.622524
2153.320312	-40.571476
2158.703613	-41.397514
2164.086914	-40.730404
2169.470215	-42.596176
2174.853516	-41.990467
2180.236816	-40.088486
2185.620117	-40.055649
2191.003418	-41.145016
2196.386719	-41.024075
2201.770020	-40.556953
2207.153320	-39.451046
2212.536621	-38.378071
2217.919922	-37.098618
2223.303223	-36.459133
2228.686523	-36.482910
2234.069824	-36.634369
2239.453125	-37.798439
2244.836426	-38.379646
2250.219727	-40.386990
2255.603027	-41.316574
2260.986328	-41.372574
2266.369629	-40.581551
2271.752930	-39.902321
2277.136230	-41.272064
2282.519531	-42.882919
2287.902832	-43.137554
2293.286133	-43.138668
2298.669434	-44.984158
2304.052734	-45.008015
2309.436035	-44.098812
2314.819336	-45.025475
2320.202637	-46.002033
2325.585938	-46.776928
2330.969238	-47.740070
2336.352539	-48.698334
2341.735840	-47.127453
2347.119141	-45.280117
2352.502441	-46.277172
2357.885742	-43.866138
2363.269043	-42.072315
2368.652344	-44.036648
2374.035645	-45.644844
2379.418945	-45.719574
2384.802246	-46.675968
2390.185547	-45.230835
2395.568848	-42.458508
2400.952148	-43.176952
2406.335449	-45.160946
2411.718750	-45.652866
2417.102051	-46.865597
2422.485352	-46.459217
2427.868652	-46.114258
2433.251953	-46.733017
2438.635254	-48.293762
2444.018555	-47.123554
2449.401855	-47.018803
2454.785156	-46.035389
2460.168457	-46.648758
2465.551758	-48.912781
2470.935059	-49.219177
2476.318359	-49.014553
2481.701660	-48.359684
2487.084961	-47.301380
2492.468262	-45.156139
2497.851562	-44.788532
2503.234863	-45.477497
2508.618164	-46.283592
2514.001465	-45.656334
2519.384766	-43.990757
2524.768066	-44.723610
2530.151367	-45.166626
2535.534668	-44.758751
2540.917969	-44.101307
2546.301270	-44.371620
2551.684570	-45.659763
2557.067871	-46.729015
2562.451172	-48.494553
2567.834473	-49.592842
2573.217773	-50.522926
2578.601074	-51.552219
2583.984375	-50.498474
2589.367676	-51.188278
2594.750977	-53.569569
2600.134277	-51.245941
2605.517578	-47.517292
2610.900879	-50.493675
2616.284180	-52.949417
2621.667480	-49.116142
2627.050781	-50.661396
2632.434082	-48.760105
2637.817383	-45.816456
2643.200684	-44.237190
2648.583984	-44.302299
2653.967285	-44.835125
2659.350586	-44.127171
2664.733887	-43.290760
2670.117188	-43.484020
2675.500488	-44.796124
2680.883789	-43.628628
2686.267090	-40.728111
2691.650391	-39.627781
2697.033691	-40.602158
2702.416992	-42.467804
2707.800293	-43.519016
2713.183594	-43.968697
2718.566895	-43.809521
2723.950195	-42.459492
2729.333496	-42.769211
2734.716797	-42.955170
2740.100098	-42.090946
2745.483398	-41.950573
2750.866699	-43.116665
2756.250000	-44.381939
2761.633301	-47.242741
2767.016602	-46.284153
2772.399902	-44.212883
2777.783203	-42.459435
2783.166504	-43.207901
2788.549805	-46.240211
2793.933105	-49.613853
2799.316406	-46.854557
2804.699707	-44.582085
2810.083008	-44.092300
2815.466309	-44.252251
2820.849609	-44.627235
2826.232910	-44.206070
2831.616211	-42.641872
2836.999512	-41.730831
2842.382812	-42.205822
2847.766113	-42.148502
2853.149414	-41.550869
2858.532715	-40.890205
2863.916016	-41.188335
2869.299316	-40.824776
2874.682617	-40.924149
2880.065918	-41.110855
2885.449219	-41.272556
2890.832520	-41.767601
2896.215820	-43.157516
2901.599121	-45.137215
2906.982422	-47.480907
2912.365723	-47.966782
2917.749023	-48.595795
2923.132324	-49.608017
2928.515625	-50.011898
2933.898926	-51.892166
2939.282227	-49.896866
2944.665527	-48.820362
2950.048828	-48.365322
2955.432129	-50.142990
2960.815430	-50.079807
2966.198730	-47.557339
2971.582031	-47.831146
2976.965332	-48.353638
2982.348633	-50.301559
2987.731934	-50.571533
2993.115234	-47.784210
2998.498535	-45.779823
3003.881836	-47.932537
3009.265137	-49.435219
3014.648438	-48.327919
3020.031738	-49.729145
3025.415039	-49.217381
3030.798340	-47.257729
3036.181641	-47.102680
3041.564941	-46.551727
3046.948242	-44.406544
3052.331543	-44.154320
3057.714844	-44.692215
3063.098145	-44.554737
3068.481445	-43.591080
3073.864746	-43.401257
3079.248047	-44.138477
3084.631348	-43.873940
3090.014648	-43.979271
3095.397949	-44.123444
3100.781250	-43.848461
3106.164551	-43.688244
3111.547852	-44.377579
3116.931152	-45.388618
3122.314453	-45.813606
3127.697754	-46.047737
3133.081055	-46.589924
3138.464355	-47.677067
3143.847656	-47.761219
3149.230957	-47.752853
3154.614258	-49.815941
3159.997559	-51.942432
3165.380859	-49.451324
3170.764160	-48.987331
3176.147461	-48.124287
3181.530762	-46.094868
3186.914062	-46.129436
3192.297363	-47.039822
3197.680664	-47.881962
3203.063965	-47.619484
3208.447266	-47.600914
3213.830566	-48.178272
3219.213867	-49.305779
3224.597168	-50.741699
3229.980469	-51.642101
3235.363770	-49.079983
3240.747070	-46.876472
3246.130371	-46.449364
3251.513672	-48.279205
3256.896973	-50.074535
3262.280273	-49.745224
3267.663574	-48.406979
3273.046875	-48.090893
3278.430176	-47.700390
3283.813477	-46.426846
3289.196777	-46.591118
3294.580078	-47.877129
3299.963379	-48.699364
3305.346680	-49.070885
3310.729980	-49.777626
3316.113281	-48.596310
3321.496582	-46.477875
3326.879883	-44.508278
3332.263184	-43.714333
3337.646484	-44.706528
3343.029785	-45.229599
3348.413086	-44.087723
3353.796387	-43.771851
3359.179688	-44.921219
3364.562988	-47.581692
3369.946289	-45.831882
3375.329590	-45.118816
3380.712891	-45.726963
3386.096191	-48.357620
3391.479492	-51.141186
3396.862793	-51.369049
3402.246094	-50.336006
3407.629395	-55.339596
3413.012695	-51.683628
3418.395996	-47.438900
3423.779297	-46.286591
3429.162598	-46.024471
3434.545898	-42.413960
3439.929199	-41.648575
3445.312500	-42.864681
3450.695801	-44.021484
3456.079102	-42.901630
3461.462402	-41.514599
3466.845703	-42.043793
3472.229004	-42.662525
3477.612305	-43.436737
3482.995605	-43.083401
3488.378906	-43.109818
3493.762207	-43.974022
3499.145508	-44.971638
3504.528809	-42.679604
3509.912109	-41.297974
3515.295410	-43.228615
3520.678711	-47.902702
3526.062012	-46.496479
3531.445312	-42.030106
3536.828613	-42.919952
3542.211914	-44.620144
3547.595215	-44.842949
3552.978516	-43.490841
3558.361816	-42.737362
3563.745117	-44.365959
3569.128418	-43.173286
3574.511719	-40.036381
3579.895020	-38.200314
3585.278320	-38.954266
3590.661621	-39.658363
3596.044922	-41.220341
3601.428223	-40.393658
3606.811523	-40.410133
3612.194824	-41.518211
3617.578125	-42.294540
3622.961426	-41.505444
3628.344727	-41.417126
3633.728027	-41.641327
3639.111328	-41.405003
3644.494629	-41.422852
3649.877930	-41.515224
3655.261230	-40.902008
3660.644531	-41.240540
3666.027832	-42.038963
3671.411133	-42.157856
3676.794434	-41.888622
3682.177734	-42.406757
3687.561035	-42.625671
3692.944336	-42.545918
3698.327637	-43.194000
3703.710938	-43.838242
3709.094238	-43.208591
3714.477539	-42.721897
3719.860840	-42.803658
3725.244141	-42.461212
3730.627441	-42.101364
3736.010742	-41.661121
3741.394043	-40.908653
3746.777344	-40.944439
3752.160645	-40.489399
3757.543945	-39.756733
3762.927246	-39.210915
3768.310547	-39.623550
3773.693848	-39.601780
3779.077148	-42.145969
3784.460449	-45.326843
3789.843750	-45.451363
3795.227051	-45.710255
3800.610352	-45.143642
3805.993652	-44.615410
3811.376953	-45.464954
3816.760254	-46.602783
3822.143555	-46.184807
3827.526855	-46.662853
3832.910156	-47.989975
3838.293457	-48.772461
3843.676758	-47.451797
3849.060059	-48.233131
3854.443359	-49.328259
3859.826660	-49.824898
3865.209961	-49.348606
3870.593262	-47.456013
3875.976562	-46.584808
3881.359863	-48.419708
3886.743164	-48.438774
3892.126465	-47.595230
3897.509766	-47.912949
3902.893066	-45.315758
3908.276367	-46.214214
3913.659668	-52.591099
3919.042969	-50.501678
3924.426270	-46.913025
3929.809570	-48.121120
3935.192871	-50.783447
3940.576172	-50.603149
3945.959473	-48.286591
3951.342773	-45.634640
3956.726074	-43.696758
3962.109375	-46.908970
3967.492676	-49.656631
3972.875977	-51.140827
3978.259277	-51.566177
3983.642578	-48.322884
3989.025879	-48.053272
3994.409180	-45.495365
3999.792480	-45.071259
4005.175781	-43.997185
4010.559082	-42.526325
4015.942383	-41.397079
4021.325684	-44.042255
4026.708984	-44.927593
4032.092285	-42.259205
4037.475586	-42.719170
4042.858887	-44.352077
4048.242188	-47.002918
4053.625488	-45.256077
4059.008789	-43.385696
4064.392090	-43.859581
4069.775391	-45.306389
4075.158691	-42.405918
4080.541992	-39.590435
4085.925293	-40.274361
4091.308594	-41.813438
4096.691895	-43.686619
4102.075195	-43.759315
4107.458496	-44.978088
4112.841797	-45.911476
4118.225098	-45.257629
4123.608398	-44.798992
4128.991699	-42.595718
4134.375000	-40.916084
4139.758301	-41.535988
4145.141602	-42.295467
4150.524902	-41.797253
4155.908203	-41.909576
4161.291504	-42.765511
4166.674805	-42.158665
4172.058105	-41.180950
4177.441406	-42.043648
4182.824707	-42.679096
4188.208008	-43.609852
4193.591309	-43.736229
4198.974609	-43.155476
4204.357910	-41.878181
4209.741211	-41.410400
4215.124512	-41.657242
4220.507812	-41.370380
4225.891113	-40.940784
4231.274414	-41.279507
4236.657715	-41.723270
4242.041016	-42.333504
4247.424316	-43.722347
4252.807617	-43.189682
4258.190918	-41.677574
4263.574219	-41.906746
4268.957520	-42.036598
4274.340820	-44.933685
4279.724121	-47.896168
4285.107422	-46.446037
4290.490723	-44.437893
4295.874023	-44.378563
4301.257324	-43.071171
4306.640625	-45.468376
4312.023926	-47.541893
4317.407227	-45.963818
4322.790527	-45.313847
4328.173828	-44.920891
4333.557129	-44.126987
4338.940430	-46.519588
4344.323730	-49.909412
4349.707031	-50.955761
4355.090332	-50.616150
4360.473633	-48.795265
4365.856934	-49.691174
4371.240234	-49.100700
4376.623535	-51.683601
4382.006836	-54.875164
4387.390137	-54.622833
4392.773438	-49.799911
4398.156738	-49.413769
4403.540039	-49.881729
4408.923340	-54.422203
4414.306641	-50.934254
4419.689941	-50.257042
4425.073242	-48.244675
4430.456543	-46.452335
4435.839844	-46.415936
4441.223145	-45.210976
4446.606445	-47.486248
4451.989746	-46.762226
4457.373047	-48.064274
4462.756348	-46.650387
4468.139648	-47.825363
4473.522949	-44.314133
4478.906250	-47.465157
4484.289551	-52.209282
4489.672852	-49.294205
4495.056152	-48.625385
4500.439453	-48.281830
4505.822754	-46.511627
4511.206055	-48.035080
4516.589355	-48.299591
4521.972656	-46.270996
4527.355957	-46.966595
4532.739258	-48.356770
4538.122559	-47.732597
4543.505859	-46.018585
4548.889160	-48.498009
4554.272461	-45.722984
4559.655762	-43.941315
4565.039062	-44.838142
4570.422363	-48.519688
4575.805664	-47.615479
4581.188965	-48.698914
4586.572266	-52.995480
4591.955566	-50.308414
4597.338867	-46.562107
4602.722168	-48.438519
4608.105469	-51.463963
4613.488770	-49.047356
4618.872070	-50.308636
4624.255371	-51.839695
4629.638672	-46.679115
4635.021973	-48.434525
4640.405273	-49.623352
4645.788574	-44.726078
4651.171875	-42.884171
4656.555176	-45.157986
4661.938477	-46.768200
4667.321777	-47.001690
4672.705078	-46.586685
4678.088379	-45.775780
4683.471680	-45.899769
4688.854980	-46.142921
4694.238281	-45.113724
4699.621582	-43.102184
4705.004883	-43.897141
4710.388184	-44.590004
4715.771484	-45.322445
4721.154785	-46.538570
4726.538086	-46.120895
4731.921387	-45.568169
4737.304688	-45.430634
4742.687988	-45.178219
4748.071289	-46.536121
4753.454590	-45.562149
4758.837891	-45.612549
4764.221191	-45.938148
4769.604492	-46.414974
4774.987793	-46.316650
4780.371094	-48.092571
4785.754395	-50.521156
4791.137695	-53.184696
4796.520996	-50.009483
4801.904297	-49.893658
4807.287598	-50.345734
4812.670898	-50.539921
4818.054199	-49.667736
4823.437500	-45.298298
4828.820801	-44.052486
4834.204102	-43.656200
4839.587402	-46.894966
4844.970703	-43.752014
4850.354004	-41.342533
4855.737305	-41.084839
4861.120605	-42.203461
4866.503906	-41.997784
4871.887207	-42.193573
4877.270508	-44.256081
4882.653809	-44.446049
4888.037109	-47.088104
4893.420410	-46.856567
4898.803711	-44.359844
4904.187012	-43.425148
4909.570312	-42.761723
4914.953613	-41.300491
4920.336914	-40.361729
4925.720215	-41.753635
4931.103516	-44.834267
4936.486816	-48.370033
4941.870117	-46.229210
4947.253418	-48.186329
4952.636719	-47.622635
4958.020020	-48.498913
4963.403320	-49.420727
4968.786621	-47.205063
4974.169922	-47.800819
4979.553223	-47.169834
4984.936523	-47.810581
4990.319824	-45.839382
4995.703125	-47.684589
5001.086426	-47.595875
5006.469727	-48.119186
5011.853027	-47.511097
5017.236328	-45.532806
5022.619629	-43.356201
5028.002930	-44.496616
5033.386230	-43.853321
5038.769531	-40.500195
5044.152832	-39.813972
5049.536133	-41.347904
5054.919434	-40.281818
5060.302734	-39.748611
5065.686035	-40.106804
5071.069336	-39.589523
5076.452637	-42.160286
5081.835938	-43.297226
5087.219238	-41.977161
5092.602539	-41.231766
5097.985840	-42.054539
5103.369141	-40.644138
5108.752441	-41.889156
5114.135742	-42.698833
5119.519043	-43.365780
5124.902344	-41.244602
5130.285645	-42.080845
5135.668945	-43.608952
5141.052246	-44.990479
5146.435547	-45.982719
5151.818848	-49.450630
5157.202148	-52.467621
5162.585449	-51.188908
5167.968750	-45.363243
5173.352051	-45.323193
5178.735352	-51.020443
5184.118652	-52.234776
5189.501953	-50.209572
5194.885254	-48.341061
5200.268555	-50.692074
5205.651855	-50.566059
5211.035156	-44.346405
5216.418457	-41.700520
5221.801758	-43.578346
5227.185059	-40.194759
5232.568359	-39.723465
5237.951660	-40.882927
5243.334961	-42.842220
5248.718262	-44.824085
5254.101562	-42.397427
5259.484863	-44.519588
5264.868164	-43.397083
5270.251465	-44.496529
5275.634766	-46.562645
5281.018066	-47.048069
5286.401367	-46.566025
5291.784668	-46.986309
5297.167969	-47.703903
5302.551270	-48.507450
5307.934570	-45.873287
5313.317871	-45.219166
5318.701172	-49.101788
5324.084473	-49.640343
5329.467773	-49.336945
5334.851074	-47.608883
5340.234375	-47.255825
5345.617676	-46.990944
5351.000977	-49.171093
5356.384277	-49.618828
5361.767578	-50.281685
5367.150879	-52.199825
5372.534180	-52.742859
5377.917480	-51.608372
5383.300781	-48.974205
5388.684082	-46.677727
5394.067383	-47.374271
5399.450684	-48.515556
5404.833984	-48.639919
5410.217285	-48.887711
5415.600586	-47.363235
5420.983887	-45.043110
5426.367188	-43.467747
5431.750488	-42.207859
5437.133789	-42.939438
5442.517090	-45.334896
5447.900391	-47.727863
5453.283691	-47.469151
5458.666992	-46.310947
5464.050293	-43.133343
5469.433594	-41.859604
5474.816895	-42.207596
5480.200195	-44.987717
5485.583496	-47.835327
5490.966797	-48.293797
5496.350098	-47.124352
5501.733398	-47.851677
5507.116699	-46.747299
5512.500000	-45.472065
5517.883301	-44.577206
5523.266602	-44.251961
5528.649902	-45.120583
5534.033203	-47.594612
5539.416504	-47.089798
5544.799805	-46.189034
5550.183105	-45.010071
5555.566406	-45.262089
5560.949707	-45.512867
5566.333008	-47.437454
5571.716309	-47.181293
5577.099609	-46.848099
5582.482910	-46.704628
5587.866211	-47.730892
5593.249512	-48.118046
5598.632812	-48.772945
5604.016113	-49.290054
5609.399414	-49.312805
5614.782715	-49.377064
5620.166016	-48.900860
5625.549316	-47.230385
5630.932617	-47.536072
5636.315918	-47.805309
5641.699219	-48.522507
5647.082520	-49.449276
5652.465820	-48.695415
5657.849121	-47.222038
5663.232422	-47.213154
5668.615723	-46.639046
5673.999023	-47.070156
5679.382324	-48.120377
5684.765625	-47.941547
5690.148926	-49.546906
5695.532227	-50.179375
5700.915527	-50.686146
5706.298828	-52.315773
5711.682129	-52.235832
5717.065430	-49.307217
5722.448730	-48.132339
5727.832031	-50.515289
5733.215332	-55.346214
5738.598633	-55.240028
5743.981934	-55.442448
5749.365234	-53.237358
5754.748535	-51.355946
5760.131836	-49.531841
5765.515137	-46.332375
5770.898438	-46.383816
5776.281738	-50.063854
5781.665039	-50.642525
5787.048340	-46.558609
5792.431641	-47.017628
5797.814941	-49.492428
5803.198242	-47.155987
5808.581543	-45.858185
5813.964844	-46.264629
5819.348145	-51.230110
5824.731445	-52.649887
5830.114746	-51.025372
5835.498047	-50.043358
5840.881348	-52.273731
5846.264648	-52.686733
5851.647949	-49.894306
5857.031250	-48.588074
5862.414551	-49.010868
5867.797852	-49.324810
5873.181152	-47.816833
5878.564453	-48.130417
5883.947754	-49.441994
5889.331055	-53.510651
5894.714355	-51.226711
5900.097656	-50.339230
5905.480957	-49.275738
5910.864258	-49.481396
5916.247559	-51.225029
5921.630859	-50.946949
5927.014160	-52.228561
5932.397461	-53.544006
5937.780762	-54.903027
5943.164062	-51.418877
5948.547363	-51.371117
5953.930664	-51.881607
5959.313965	-54.401878
5964.697266	-53.914459
5970.080566	-53.083076
5975.463867	-51.997898
5980.847168	-52.324829
5986.230469	-52.813484
5991.613770	-52.653584
5996.997070	-51.663246
6002.380371	-50.622696
6007.763672	-51.841572
6013.146973	-52.057259
6018.530273	-53.293896
6023.913574	-53.347294
6029.296875	-55.608482
6034.680176	-54.391090
6040.063477	-53.804394
6045.446777	-53.753410
6050.830078	-54.728737
6056.213379	-60.171242
6061.596680	-60.165771
6066.979980	-57.520027
6072.363281	-56.312317
6077.746582	-62.808270
6083.129883	-56.704674
6088.513184	-55.682739
6093.896484	-57.232975
6099.279785	-62.868622
6104.663086	-62.758152
6110.046387	-65.112854
6115.429688	-61.213058
6120.812988	-57.755871
6126.196289	-57.052792
6131.579590	-59.884445
6136.962891	-59.760204
6142.346191	-58.640774
6147.729492	-57.341560
6153.112793	-56.912113
6158.496094	-54.669945
6163.879395	-53.824657
6169.262695	-52.031845
6174.645996	-51.462650
6180.029297	-51.591698
6185.412598	-51.945984
6190.795898	-51.765244
6196.179199	-51.870731
6201.562500	-52.736771
6206.945801	-53.564320
6212.329102	-53.857864
6217.712402	-52.238163
6223.095703	-51.053314
6228.479004	-51.564240
6233.862305	-52.489029
6239.245605	-51.305367
6244.628906	-50.700218
6250.012207	-52.067436
6255.395508	-52.131607
6260.778809	-51.081783
6266.162109	-50.423332
6271.545410	-50.605953
6276.928711	-51.054329
6282.312012	-50.777451
6287.695312	-49.687767
6293.078613	-49.295589
6298.461914	-50.809875
6303.845215	-51.546078
6309.228516	-49.869774
6314.611816	-49.477379
6319.995117	-50.275139
6325.378418	-51.375481
6330.761719	-52.078793
6336.145020	-51.300503
6341.528320	-49.546555
6346.911621	-49.513336
6352.294922	-50.657738
6357.678223	-52.384644
6363.061523	-52.738918
6368.444824	-52.288334
6373.828125	-52.673557
6379.211426	-53.384880
6384.594727	-55.489235
6389.978027	-55.397690
6395.361328	-50.346699
6400.744629	-48.866062
6406.127930	-49.312912
6411.511230	-50.904358
6416.894531	-52.109230
6422.277832	-52.994282
6427.661133	-51.269810
6433.044434	-51.733913
6438.427734	-52.644035
6443.811035	-51.977577
6449.194336	-50.193882
6454.577637	-48.913300
6459.960938	-48.824913
6465.344238	-50.645206
6470.727539	-51.193260
6476.110840	-51.079563
6481.494141	-51.149471
6486.877441	-50.427834
6492.260742	-50.920879
6497.644043	-53.087402
6503.027344	-55.965279
6508.410645	-56.382732
6513.793945	-56.758942
6519.177246	-58.892773
6524.560547	-56.082893
6529.943848	-55.627380
6535.327148	-57.228851
6540.710449	-54.868916
6546.093750	-52.889130
6551.477051	-53.195385
6556.860352	-55.412506
6562.243652	-54.800926
6567.626953	-55.626518
6573.010254	-58.643440
6578.393555	-59.191734
6583.776855	-57.466625
6589.160156	-56.015091
6594.543457	-54.854309
6599.926758	-55.357304
6605.310059	-57.431034
6610.693359	-54.013805
6616.076660	-55.165150
6621.459961	-60.029079
6626.843262	-58.339676
6632.226562	-55.142265
6637.609863	-56.402534
6642.993164	-57.188938
6648.376465	-60.746426
6653.759766	-58.907536
6659.143066	-54.840466
6664.526367	-54.220825
6669.909668	-55.186325
6675.292969	-56.238312
6680.676270	-54.854862
6686.059570	-54.353661
6691.442871	-56.545986
6696.826172	-58.864586
6702.209473	-57.359570
6707.592773	-56.321262
6712.976074	-55.336742
6718.359375	-56.754978
6723.742676	-58.668472
6729.125977	-56.964329
6734.509277	-56.229401
6739.892578	-56.941151
6745.275879	-59.562862
6750.659180	-58.354080
6756.042480	-58.350834
6761.425781	-59.264511
6766.809082	-57.152283
6772.192383	-56.713440
6777.575684	-59.684231
6782.958984	-58.942806
6788.342285	-57.805897
6793.725586	-59.573746
6799.108887	-58.851456
6804.492188	-58.243511
6809.875488	-58.829964
6815.258789	-59.788151
6820.642090	-60.752895
6826.025391	-60.803059
6831.408691	-58.988613
6836.791992	-58.104588
6842.175293	-58.797417
6847.558594	-60.233109
6852.941895	-59.885483
6858.325195	-60.183540
6863.708496	-61.588249
6869.091797	-61.180630
6874.475098	-60.602604
6879.858398	-60.474106
6885.241699	-60.160992
6890.625000	-62.425575
6896.008301	-64.778137
6901.391602	-64.493034
6906.774902	-64.663849
6912.158203	-65.046593
6917.541504	-62.783558
6922.924805	-62.830521
6928.308105	-62.989807
6933.691406	-63.423393
6939.074707	-63.079899
6944.458008	-61.820229
6949.841309	-61.334721
6955.224609	-61.739243
6960.607910	-60.492374
6965.991211	-59.478703
6971.374512	-59.189629
6976.757812	-59.080822
6982.141113	-59.027840
6987.524414	-58.666939
6992.907715	-58.067638
6998.291016	-57.796055
7003.674316	-58.102562
7009.057617	-58.090050
7014.440918	-57.853905
7019.824219	-58.089359
7025.207520	-58.242535
7030.590820	-58.411724
7035.974121	-59.173222
7041.357422	-60.004738
7046.740723	-60.885777
7052.124023	-62.055264
7057.507324	-61.970207
7062.890625	-60.613335
7068.273926	-59.259018
7073.657227	-58.922356
7079.040527	-58.414585
7084.423828	-59.033627
7089.807129	-60.626755
7095.190430	-67.105423
7100.573730	-68.180824
7105.957031	-64.012642
7111.340332	-62.492119
7116.723633	-62.034847
7122.106934	-62.958683
7127.490234	-62.399616
7132.873535	-60.965649
7138.256836	-59.683273
7143.640137	-59.854774
7149.023438	-59.583458
7154.406738	-58.065716
7159.790039	-57.120602
7165.173340	-57.575916
7170.556641	-57.516781
7175.939941	-56.697315
7181.323242	-56.354889
7186.706543	-56.150928
7192.089844	-56.042439
7197.473145	-55.864288
7202.856445	-55.639202
7208.239746	-55.703754
7213.623047	-56.201824
7219.006348	-56.518791
7224.389648	-56.192581
7229.772949	-56.038315
7235.156250	-56.523094
7240.539551	-56.468414
7245.922852	-56.352539
7251.306152	-57.021843
7256.689453	-58.198971
7262.072754	-58.530724
7267.456055	-57.987679
7272.839355	-57.822166
7278.222656	-58.470482
7283.605957	-60.109165
7288.989258	-60.853588
7294.372559	-61.486744
7299.755859	-62.265308
7305.139160	-64.266045
7310.522461	-66.144569
7315.905762	-64.785667
7321.289062	-63.207180
7326.672363	-63.224579
7332.055664	-63.698490
7337.438965	-64.317245
7342.822266	-66.273857
7348.205566	-69.910553
7353.588867	-70.540649
7358.972168	-66.574539
7364.355469	-63.675400
7369.738770	-64.359596
7375.122070	-68.715187
7380.505371	-70.881012
7385.888672	-68.313904
7391.271973	-66.293610
7396.655273	-66.865036
7402.038574	-63.392433
7407.421875	-58.597538
7412.805176	-57.398468
7418.188477	-59.385563
7423.571777	-60.699337
7428.955078	-59.024025
7434.338379	-59.389080
7439.721680	-62.645069
7445.104980	-64.232521
7450.488281	-63.262653
7455.871582	-62.115765
7461.254883	-61.966709
7466.638184	-62.628643
7472.021484	-62.218651
7477.404785	-61.106998
7482.788086	-60.914459
7488.171387	-61.606030
7493.554688	-61.471249
7498.937988	-60.783188
7504.321289	-60.450970
7509.704590	-60.464420
7515.087891	-60.049580
7520.471191	-59.605106
7525.854492	-59.262215
7531.237793	-59.042889
7536.621094	-58.895084
7542.004395	-58.891682
7547.387695	-58.889004
7552.770996	-58.904942
7558.154297	-59.279789
7563.537598	-59.522495
7568.920898	-59.671688
7574.304199	-60.224602
7579.687500	-60.729645
7585.070801	-61.380642
7590.454102	-62.439316
7595.837402	-63.545567
7601.220703	-65.012512
7606.604004	-66.892784
7611.987305	-67.622215
7617.370605	-69.713608
7622.753906	-70.617096
7628.137207	-69.471588
7633.520508	-69.499397
7638.903809	-68.814384
7644.287109	-67.198326
7649.670410	-65.459526
7655.053711	-63.724072
7660.437012	-62.522129
7665.820312	-62.192200
7671.203613	-61.674232
7676.586914	-60.499760
7681.970215	-60.402519
7687.353516	-60.705521
7692.736816	-60.789772
7698.120117	-61.349552
7703.503418	-62.344074
7708.886719	-62.734146
7714.270020	-63.083515
7719.653320	-63.483803
7725.036621	-63.656181
7730.419922	-63.135498
7735.803223	-62.525455
7741.186523	-62.878971
7746.569824	-62.968361
7751.953125	-62.913826
7757.336426	-63.202446
7762.719727	-62.940002
7768.103027	-62.342426
7773.486328	-62.510864
7778.869629	-63.333645
7784.252930	-64.105804
7789.636230	-64.803749
7795.019531	-65.404457
7800.402832	-65.257187
7805.786133	-64.748192
7811.169434	-64.956871
7816.552734	-64.364876
7821.936035	-63.974251
7827.319336	-64.376297
7832.702637	-64.978371
7838.085938	-65.002396
7843.469238	-65.572060
7848.852539	-65.506302
7854.235840	-65.388474
7859.619141	-65.493088
7865.002441	-65.198204
7870.385742	-64.615524
7875.769043	-64.499466
7881.152344	-64.452751
7886.535645	-64.456589
7891.918945	-64.164154
7897.302246	-63.491497
7902.685547	-63.234371
7908.068848	-62.944530
7913.452148	-62.778831
7918.835449	-62.673443
7924.218750	-62.542431
7929.602051	-62.278736
7934.985352	-62.405525
7940.368652	-62.310295
7945.751953	-62.500626
7951.135254	-62.880196
7956.518555	-62.753407
7961.901855	-62.370274
7967.285156	-62.575138
7972.668457	-62.994190
7978.051758	-63.407768
7983.435059	-63.873188
7988.818359	-64.164055
7994.201660	-64.172279
7999.584961	-63.817482
8004.968262	-64.042824
8010.351562	-64.483910
8015.734863	-65.209030
8021.118164	-65.843086
8026.501465	-65.907272
8031.884766	-66.546356
8037.268066	-66.921707
8042.651367	-65.874802
8048.034668	-65.266060
8053.417969	-65.853325
8058.801270	-66.162178
8064.184570	-66.296104
8069.567871	-66.357056
8074.951172	-66.399376
8080.334473	-66.379082
8085.717773	-66.631363
8091.101074	-65.949326
8096.484375	-65.410057
8101.867676	-65.596344
8107.250977	-65.555466
8112.634277	-65.678535
8118.017578	-65.549652
8123.400879	-65.397400
8128.784180	-64.495544
8134.167480	-63.237087
8139.550781	-62.371456
8144.934082	-61.803284
8150.317383	-61.128777
8155.700684	-60.484699
8161.083984	-59.802593
8166.467285	-59.228256
8171.850586	-58.848595
8177.233887	-58.390018
8182.617188	-58.002029
8188.000488	-57.684753
8193.383789	-57.582283
8198.767090	-57.527111
8204.150391	-57.500599
8209.533691	-57.590534
8214.916992	-57.681675
8220.300293	-57.710251
8225.683594	-57.904053
8231.066895	-58.175156
8236.450195	-58.535431
8241.833496	-59.021835
8247.216797	-59.395210
8252.600098	-59.972660
8257.983398	-60.783318
8263.366699	-61.523136
8268.750000	-62.181309
8274.133301	-62.755939
8279.516602	-63.162140
8284.899902	-63.525932
8290.283203	-63.740074
8295.666504	-63.644070
8301.049805	-63.297817
8306.433105	-62.671112
8311.816406	-62.428085
8317.199707	-61.898228
8322.583008	-61.006371
8327.966309	-60.375748
8333.349609	-60.275082
8338.732910	-59.947495
8344.116211	-59.705845
8349.499512	-60.046642
8354.882812	-60.351589
8360.266113	-60.302635
8365.649414	-60.409782
8371.032715	-60.471565
8376.416016	-60.510170
8381.799316	-60.831600
8387.182617	-60.769489
8392.565918	-60.685066
8397.949219	-61.182083
8403.332520	-61.750061
8408.715820	-61.910320
8414.099121	-61.999443
8419.482422	-62.390442
8424.865723	-62.771130
8430.249023	-63.121159
8435.632324	-63.511669
8441.015625	-63.640678
8446.398926	-63.668526
8451.782227	-63.896786
8457.165527	-64.190315
8462.548828	-64.305473
8467.932129	-64.720665
8473.315430	-64.873627
8478.698730	-64.867973
8484.082031	-65.319519
8489.465332	-66.120644
8494.848633	-66.290565
8500.231934	-66.898018
8505.615234	-67.551262
8510.998535	-68.300041
8516.381836	-69.317070
8521.765137	-69.652534
8527.148438	-70.144745
8532.531738	-70.550560
8537.915039	-71.197845
8543.298340	-72.752403
8548.681641	-74.545990
8554.064941	-74.324768
8559.448242	-75.653473
8564.831543	-77.246788
8570.214844	-73.854881
8575.598145	-72.397949
8580.981445	-74.169456
8586.364746	-72.201035
8591.748047	-69.816216
8597.131348	-68.851242
8602.514648	-67.823906
8607.897949	-66.681343
8613.281250	-66.053551
8618.664551	-65.221062
8624.047852	-64.255447
8629.431152	-64.036819
8634.814453	-63.929825
8640.197754	-63.545792
8645.581055	-63.234886
8650.964355	-63.095497
8656.347656	-62.682789
8661.730957	-62.330135
8667.114258	-62.377575
8672.497559	-62.470840
8677.880859	-62.317219
8683.264160	-62.307850
8688.647461	-62.303429
8694.030762	-62.375835
8699.414062	-62.430378
8704.797363	-62.514721
8710.180664	-62.659817
8715.563965	-62.726494
8720.947266	-63.029552
8726.330566	-63.394703
8731.713867	-63.576271
8737.097168	-64.104256
8742.480469	-64.785408
8747.863770	-65.076408
8753.247070	-65.756027
8758.630371	-66.990288
8764.013672	-68.046501
8769.396973	-69.313812
8774.780273	-71.145218
8780.163574	-72.152786
8785.546875	-72.575180
8790.930176	-72.686775
8796.313477	-70.955589
8801.696777	-69.257416
8807.080078	-67.562424
8812.463379	-65.720650
8817.846680	-64.680519
8823.229980	-63.802811
8828.613281	-62.582420
8833.996582	-61.511894
8839.379883	-60.870193
8844.763184	-60.192966
8850.146484	-59.579666
8855.529785	-59.204956
8860.913086	-58.925125
8866.296387	-58.488049
8871.679688	-58.234737
8877.062988	-58.193512
8882.446289	-58.082981
8887.829590	-58.174278
8893.212891	-58.320072
8898.596191	-58.377144
8903.979492	-58.719883
8909.362793	-59.298923
8914.746094	-59.678394
8920.129395	-60.328197
8925.512695	-61.255806
8930.895996	-62.110069
8936.279297	-63.080437
8941.662598	-64.639938
8947.045898	-66.690018
8952.429199	-69.001526
8957.812500	-71.452568
8963.195801	-72.858276
8968.579102	-72.166344
8973.962402	-69.942314
8979.345703	-68.245567
8984.729004	-66.606026
8990.112305	-65.283562
8995.495605	-64.087364
9000.878906	-63.553413
9006.262207	-63.036480
9011.645508	-62.275867
9017.028809	-61.810318
9022.412109	-61.435993
9027.795410	-61.075108
9033.178711	-60.918003
9038.562012	-60.764519
9043.945312	-60.603638
9049.328613	-60.608803
9054.711914	-60.812595
9060.095215	-60.921539
9065.478516	-61.058861
9070.861816	-61.328842
9076.245117	-61.645657
9081.628418	-61.892704
9087.011719	-62.297096
9092.395020	-62.701275
9097.778320	-63.024399
9103.161621	-63.611137
9108.544922	-64.184570
9113.928223	-64.613319
9119.311523	-65.216476
9124.694824	-66.072655
9130.078125	-66.925255
9135.461426	-67.573204
9140.844727	-67.729584
9146.228027	-67.889076
9151.611328	-68.214050
9156.994629	-67.703377
9162.377930	-67.388840
9167.761230	-66.620438
9173.144531	-66.082481
9178.527832	-65.707886
9183.911133	-64.930878
9189.294434	-64.128273
9194.677734	-63.626438
9200.061035	-63.225456
9205.444336	-62.708855
9210.827637	-62.192093
9216.210938	-62.087177
9221.594238	-62.173458
9226.977539	-61.871151
9232.360840	-61.736916
9237.744141	-61.896847
9243.127441	-61.986935
9248.510742	-62.148502
9253.894043	-62.286949
9259.277344	-62.471985
9264.660645	-62.769901
9270.043945	-63.160408
9275.427246	-63.239979
9280.810547	-63.069511
9286.193848	-63.052429
9291.577148	-63.321327
9296.960449	-63.385414
9302.343750	-63.854485
9307.727051	-64.834862
9313.110352	-65.137947
9318.493652	-64.944191
9323.876953	-65.046791
9329.260254	-65.555832
9334.643555	-66.032852
9340.026855	-66.778221
9345.410156	-67.438133
9350.793457	-68.003418
9356.176758	-69.476730
9361.560059	-71.021004
9366.943359	-70.858276
9372.326660	-70.818321
9377.709961	-71.574074
9383.093262	-71.870163
9388.476562	-73.007362
9393.859863	-72.353569
9399.243164	-72.799957
9404.626465	-72.244652
9410.009766	-70.483635
9415.393066	-69.512672
9420.776367	-68.955811
9426.159668	-67.830109
9431.542969	-66.689529
9436.926270	-66.239464
9442.309570	-65.729782
9447.692871	-65.391487
9453.076172	-65.253677
9458.459473	-65.150764
9463.842773	-64.574036
9469.226074	-64.703339
9474.609375	-65.245781
9479.992676	-65.650246
9485.375977	-65.998161
9490.759277	-66.581833
9496.142578	-66.964050
9501.525879	-67.384689
9506.909180	-67.781387
9512.292480	-67.911545
9517.675781	-67.702911
9523.059082	-67.286644
9528.442383	-67.534927
9533.825684	-67.256363
9539.208984	-66.754143
9544.592285	-66.459373
9549.975586	-66.103561
9555.358887	-65.574257
9560.742188	-65.484474
9566.125488	-65.737007
9571.508789	-65.852036
9576.892090	-65.683167
9582.275391	-65.755409
9587.658691	-65.987518
9593.041992	-66.166031
9598.425293	-66.634155
9603.808594	-66.844101
9609.191895	-67.021309
9614.575195	-67.411346
9619.958496	-68.064445
9625.341797	-68.521179
9630.725098	-68.599854
9636.108398	-68.374245
9641.491699	-68.354042
9646.875000	-68.033279
9652.258301	-67.542320
9657.641602	-67.057671
9663.024902	-66.241409
9668.408203	-65.272041
9673.791504	-64.854271
9679.174805	-64.657486
9684.558105	-64.116699
9689.941406	-63.403610
9695.324707	-62.972454
9700.708008	-62.656906
9706.091309	-62.111671
9711.474609	-61.749279
9716.857910	-61.474827
9722.241211	-61.206516
9727.624512	-60.869225
9733.007812	-60.550220
9738.391113	-60.162621
9743.774414	-59.951263
9749.157715	-59.730721
9754.541016	-59.445076
9759.924316	-59.248806
9765.307617	-59.230118
9770.690918	-59.211948
9776.074219	-59.045139
9781.457520	-59.056038
9786.840820	-59.212406
9792.224121	-59.306320
9797.607422	-59.370804
9802.990723	-59.566048
9808.374023	-59.829941
9813.757324	-60.134308
9819.140625	-60.484043
9824.523926	-60.740032
9829.907227	-61.090046
9835.290527	-61.513855
9840.673828	-61.917336
9846.057129	-62.253979
9851.440430	-62.750542
9856.823730	-63.346478
9862.207031	-63.642162
9867.590332	-63.772266
9872.973633	-64.300323
9878.356934	-64.730690
9883.740234	-65.108826
9889.123535	-65.421768
9894.506836	-65.555954
9899.890137	-65.982376
9905.273438	-66.463661
9910.656738	-66.852608
9916.040039	-67.088806
9921.423340	-67.466812
9926.806641	-68.391823
9932.189941	-69.326469
9937.573242	-69.805672
9942.956543	-71.056717
9948.339844	-72.624107
9953.723145	-73.752632
9959.106445	-75.013809
9964.489746	-76.480347
9969.873047	-77.600082
9975.256348	-76.578964
9980.639648	-74.921425
9986.022949	-73.339714
9991.406250	-71.669785
9996.789551	-70.337242
10002.172852	-69.182121
10007.556152	-68.252052
10012.939453	-67.233765
10018.322754	-66.621292
10023.706055	-66.188210
10029.089355	-65.569328
10034.472656	-65.072594
10039.855957	-64.950546
10045.239258	-64.675652
10050.622559	-64.423866
10056.005859	-64.307335
10061.389160	-64.348167
10066.772461	-64.531258
10072.155762	-64.750481
10077.539062	-65.124855
10082.922363	-65.518127
10088.305664	-65.905930
10093.688965	-66.688309
10099.072266	-67.640213
10104.455566	-68.588814
10109.838867	-69.849739
10115.222168	-71.002907
10120.605469	-72.605637
10125.988770	-74.742569
10131.372070	-80.001648
10136.755371	-82.292862
10142.138672	-78.626633
10147.521973	-74.219002
10152.905273	-72.106812
10158.288574	-70.283066
10163.671875	-69.119469
10169.055176	-67.589523
10174.438477	-66.574371
10179.821777	-65.662766
10185.205078	-64.769585
10190.588379	-64.057472
10195.971680	-63.370674
10201.354980	-62.862740
10206.738281	-62.533722
10212.121582	-62.227386
10217.504883	-61.870377
10222.888184	-61.830978
10228.271484	-61.797089
10233.654785	-61.716698
10239.038086	-61.659019
10244.421387	-61.897568
10249.804688	-62.187195
10255.187988	-62.304367
10260.571289	-62.507393
10265.954590	-62.837059
10271.337891	-63.172012
10276.721191	-63.481640
10282.104492	-63.843109
10287.487793	-64.120888
10292.871094	-64.702553
10298.254395	-65.052567
10303.637695	-65.214470
10309.020996	-65.720665
10314.404297	-66.410004
10319.787598	-66.958931
10325.170898	-67.306923
10330.554199	-67.620506
10335.937500	-68.126785
10341.320801	-68.593719
10346.704102	-68.385971
10352.087402	-68.580574
10357.470703	-68.753510
10362.854004	-69.013084
10368.237305	-69.285484
10373.620605	-68.754288
10379.003906	-68.136696
10384.387207	-67.836174
10389.770508	-67.488678
10395.153809	-66.947372
10400.537109	-66.661209
10405.920410	-66.540283
10411.303711	-66.311813
10416.687012	-65.992386
10422.070312	-65.937767
10427.453613	-65.834167
10432.836914	-65.740913
10438.220215	-65.870575
10443.603516	-65.947777
10448.986816	-66.049736
10454.370117	-66.170761
10459.753418	-66.194817
10465.136719	-66.165016
10470.520020	-66.015610
10475.903320	-65.827820
10481.286621	-65.637634
10486.669922	-65.093590
10492.053223	-64.812988
10497.436523	-64.535332
10502.819824	-63.970238
10508.203125	-63.487034
10513.586426	-63.105270
10518.969727	-62.675297
10524.353027	-62.338821
10529.736328	-62.026508
10535.119629	-61.825222
10540.502930	-61.608330
10545.886230	-61.533340
10551.269531	-61.507294
10556.652832	-61.432285
10562.036133	-61.518917
10567.419434	-61.725685
10572.802734	-61.873314
10578.186035	-62.089043
10583.569336	-62.430847
10588.952637	-62.764786
10594.335938	-63.103931
10599.719238	-63.435066
10605.102539	-63.889595
10610.485840	-64.374161
10615.869141	-64.681625
10621.252441	-65.040634
10626.635742	-65.280464
10632.019043	-65.370827
10637.402344	-65.459503
10642.785645	-65.425377
10648.168945	-65.476151
10653.552246	-65.598526
10658.935547	-65.529076
10664.318848	-65.531242
10669.702148	-65.513214
10675.085449	-65.650612
10680.468750	-65.795341
10685.852051	-65.774765
10691.235352	-65.978310
10696.618652	-66.400955
10702.001953	-66.856949
10707.385254	-67.160744
10712.768555	-67.880615
10718.151855	-68.777122
10723.535156	-69.422737
10728.918457	-69.690483
10734.301758	-70.420303
10739.685059	-71.223289
10745.068359	-71.707901
10750.451660	-72.003563
10755.834961	-72.133812
10761.218262	-72.402817
10766.601562	-71.976723
10771.984863	-71.004387
10777.368164	-70.224548
10782.751465	-70.222160
10788.134766	-69.899910
10793.518066	-69.710625
10798.901367	-69.880447
10804.284668	-69.681618
10809.667969	-69.213829
10815.051270	-69.224854
10820.434570	-69.203743
10825.817871	-69.104660
10831.201172	-69.142609
10836.584473	-68.886230
10841.967773	-68.860657
10847.351074	-68.969498
10852.734375	-68.885666
10858.117676	-68.527817
10863.500977	-68.464539
10868.884277	-68.540024
10874.267578	-68.495979
10879.650879	-68.277374
10885.034180	-68.324287
10890.417480	-68.207123
10895.800781	-67.967354
10901.184082	-68.004303
10906.567383	-68.127533
10911.950684	-68.033943
10917.333984	-68.182686
10922.717285	-68.247299
10928.100586	-68.364761
10933.483887	-68.768875
10938.867188	-68.730598
10944.250488	-68.903069
10949.633789	-69.431519
10955.017090	-69.894234
10960.400391	-69.721443
10965.783691	-70.055542
10971.166992	-70.975334
10976.550293	-71.816887
10981.933594	-72.431480
10987.316895	-73.712730
10992.700195	-75.191406
10998.083496	-76.156349
11003.466797	-77.121552
11008.850098	-77.179100
11014.233398	-78.921066
11019.616699	-78.387779
11025.000000	-76.665642
11030.383301	-75.442825
11035.766602	-73.157333
11041.149902	-71.165443
11046.533203	-69.574860
11051.916504	-67.905060
11057.299805	-66.790565
11062.683105	-66.028030
11068.066406	-65.272903
11073.449707	-64.626869
11078.833008	-63.893169
11084.216309	-63.372620
11089.599609	-62.930344
11094.982910	-62.537067
11100.366211	-62.239635
11105.749512	-62.069027
11111.132812	-62.066391
11116.516113	-62.140736
11121.899414	-62.135258
11127.282715	-62.254177
11132.666016	-62.543232
11138.049316	-62.716072
11143.432617	-63.026649
11148.815918	-63.380611
11154.199219	-63.809052
11159.582520	-64.323013
11164.965820	-64.737770
11170.349121	-65.070374
11175.732422	-65.438484
11181.115723	-65.683578
11186.499023	-65.752304
11191.882324	-65.609177
11197.265625	-65.368523
11202.648926	-65.216476
11208.032227	-64.848450
11213.415527	-64.511337
11218.798828	-64.187912
11224.182129	-63.849693
11229.565430	-63.642776
11234.948730	-63.430073
11240.332031	-63.333290
11245.715332	-63.409023
11251.098633	-63.429996
11256.481934	-63.509666
11261.865234	-63.746563
11267.248535	-64.033440
11272.631836	-64.427826
11278.015137	-64.858383
11283.398438	-65.411774
11288.781738	-66.206268
11294.165039	-67.093498
11299.548340	-68.031731
11304.931641	-69.165146
11310.314941	-70.528069
11315.698242	-72.214165
11321.081543	-73.541779
11326.464844	-75.099716
11331.848145	-78.266388
11337.231445	-81.693779
11342.614746	-83.224312
11347.998047	-81.441483
11353.381348	-79.570740
11358.764648	-77.479507
11364.147949	-75.274734
11369.531250	-73.852272
11374.914551	-72.782700
11380.297852	-71.958237
11385.681152	-71.338722
11391.064453	-71.165543
11396.447754	-70.943535
11401.831055	-70.761421
11407.214355	-70.758415
11412.597656	-70.983070
11417.980957	-70.871552
11423.364258	-71.177048
11428.747559	-71.836823
11434.130859	-71.941040
11439.514160	-72.212425
11444.897461	-72.919708
11450.280762	-72.958694
11455.664062	-73.390694
11461.047363	-74.178116
11466.430664	-74.186142
11471.813965	-74.446526
11477.197266	-75.289459
11482.580566	-75.596657
11487.963867	-76.048515
11493.347168	-76.736511
11498.730469	-76.681068
11504.113770	-76.610252
11509.497070	-77.112488
11514.880371	-78.198669
11520.263672	-78.110786
11525.646973	-77.947105
11531.030273	-78.248100
11536.413574	-78.204720
11541.796875	-77.842773
11547.180176	-77.612968
11552.563477	-76.869118
11557.946777	-76.612000
11563.330078	-76.562332
11568.713379	-76.243134
11574.096680	-76.004395
11579.479980	-75.965462
11584.863281	-76.529945
11590.246582	-76.993462
11595.629883	-76.976067
11601.013184	-77.831833
11606.396484	-79.178375
11611.779785	-80.129692
11617.163086	-81.418289
11622.546387	-83.395935
11627.929688	-84.886688
11633.312988	-88.514542
11638.696289	-84.714371
11644.079590	-81.894775
11649.462891	-79.864914
11654.846191	-78.497559
11660.229492	-76.857826
11665.612793	-75.520767
11670.996094	-74.318466
11676.379395	-73.536522
11681.762695	-72.760384
11687.145996	-71.843376
11692.529297	-71.101082
11697.912598	-70.554901
11703.295898	-70.062386
11708.679199	-69.592445
11714.062500	-69.094818
11719.445801	-68.695633
11724.829102	-68.545845
11730.212402	-68.338646
11735.595703	-67.996994
11740.979004	-67.767509
11746.362305	-67.563156
11751.745605	-67.437675
11757.128906	-67.315361
11762.512207	-67.234734
11767.895508	-67.288589
11773.278809	-67.311821
11778.662109	-67.368095
11784.045410	-67.419273
11789.428711	-67.380356
11794.812012	-67.504013
11800.195312	-67.734901
11805.578613	-67.847176
11810.961914	-68.130096
11816.345215	-68.347427
11821.728516	-68.545937
11827.111816	-68.731483
11832.495117	-68.821915
11837.878418	-68.978355
11843.261719	-69.137383
11848.645020	-69.094994
11854.028320	-69.149910
11859.411621	-69.064102
11864.794922	-69.097260
11870.178223	-69.122559
11875.561523	-68.997261
11880.944824	-69.010223
11886.328125	-69.054962
11891.711426	-69.006706
11897.094727	-69.064987
11902.478027	-69.122391
11907.861328	-69.283470
11913.244629	-69.443550
11918.627930	-69.568497
11924.011230	-69.784317
11929.394531	-69.953506
11934.777832	-70.411995
11940.161133	-70.939636
11945.544434	-71.303185
11950.927734	-71.866013
11956.311035	-72.515274
11961.694336	-72.905609
11967.077637	-73.788918
11972.460938	-74.799736
11977.844238	-75.329712
11983.227539	-76.029785
11988.610840	-77.090256
11993.994141	-77.835220
11999.377441	-78.574562
12004.760742	-79.370453
12010.144043	-80.834732
12015.527344	-81.683060
12020.910645	-82.416191
12026.293945	-83.986282
12031.677246	-84.675369
12037.060547	-85.070068
12042.443848	-86.555550
12047.827148	-84.985641
12053.210449	-85.223839
12058.593750	-86.763481
12063.977051	-86.642548
12069.360352	-84.897606
12074.743652	-84.024841
12080.126953	-83.238663
12085.510254	-83.047356
12090.893555	-81.844826
12096.276855	-81.079491
12101.660156	-80.088318
12107.043457	-79.836975
12112.426758	-79.460258
12117.810059	-78.551094
12123.193359	-77.748009
12128.576660	-77.591171
12133.959961	-77.018082
12139.343262	-76.959969
12144.726562	-76.639626
12150.109863	-76.299011
12155.493164	-76.314415
12160.876465	-76.325623
12166.259766	-76.280418
12171.643066	-76.607071
12177.026367	-77.121544
12182.409668	-77.798492
12187.792969	-78.281723
12193.176270	-79.050667
12198.559570	-80.380371
12203.942871	-80.573235
12209.326172	-80.578117
12214.709473	-81.105927
12220.092773	-81.495171
12225.476074	-79.903221
12230.859375	-78.062126
12236.242676	-76.380630
12241.625977	-74.842056
12247.009277	-73.429131
12252.392578	-72.249878
12257.775879	-71.137314
12263.159180	-70.202545
12268.542480	-69.237350
12273.925781	-68.619720
12279.309082	-67.998543
12284.692383	-67.309914
12290.075684	-66.820480
12295.458984	-66.479347
12300.842285	-66.138702
12306.225586	-65.911850
12311.608887	-65.826683
12316.992188	-65.800674
12322.375488	-65.892624
12327.758789	-65.990089
12333.142090	-66.111221
12338.525391	-66.394089
12343.908691	-66.667709
12349.291992	-67.062080
12354.675293	-67.456070
12360.058594	-67.866646
12365.441895	-68.388260
12370.825195	-68.855629
12376.208496	-69.504768
12381.591797	-69.970078
12386.975098	-70.097664
12392.358398	-70.337715
12397.741699	-70.207367
12403.125000	-69.953773
12408.508301	-69.771568
12413.891602	-69.387085
12419.274902	-69.099960
12424.658203	-68.699989
12430.041504	-68.504028
12435.424805	-68.426109
12440.808105	-68.232933
12446.191406	-68.202629
12451.574707	-68.310089
12456.958008	-68.367813
12462.341309	-68.747612
12467.724609	-69.133926
12473.107910	-69.325928
12478.491211	-69.880737
12483.874512	-70.704628
12489.257812	-71.585960
12494.641113	-72.656021
12500.024414	-73.773972
12505.407715	-75.569145
12510.791016	-77.491890
12516.174316	-79.380928
12521.557617	-81.314903
12526.940918	-82.247971
12532.324219	-82.373550
12537.707520	-81.680092
12543.090820	-79.397713
12548.474121	-78.077911
12553.857422	-76.847824
12559.240723	-76.060211
12564.624023	-75.161278
12570.007324	-74.133102
12575.390625	-73.641190
12580.773926	-73.238449
12586.157227	-72.784737
12591.540527	-72.460381
12596.923828	-72.115791
12602.307129	-71.991699
12607.690430	-71.870827
12613.073730	-71.444183
12618.457031	-71.338730
12623.840332	-71.322845
12629.223633	-71.167793
12634.606934	-71.173218
12639.990234	-71.125092
12645.373535	-71.122337
12650.756836	-71.296555
12656.140137	-71.349091
12661.523438	-71.410690
12666.906738	-71.788475
12672.290039	-72.064651
12677.673340	-72.331810
12683.056641	-72.705849
12688.439941	-73.374207
12693.823242	-74.214149
12699.206543	-74.993088
12704.589844	-76.064980
12709.973145	-77.696419
12715.356445	-79.236839
12720.739746	-80.856224
12726.123047	-82.110359
12731.506348	-82.191109
12736.889648	-81.157448
12742.272949	-79.627480
12747.656250	-78.431686
12753.039551	-77.019844
12758.422852	-75.614670
12763.806152	-74.839722
12769.189453	-73.858368
12774.572754	-73.268791
12779.956055	-72.864166
12785.339355	-72.445442
12790.722656	-72.218384
12796.105957	-71.968437
12801.489258	-71.842697
12806.872559	-72.095207
12812.255859	-72.262672
12817.639160	-72.486099
12823.022461	-73.085228
12828.405762	-73.548889
12833.789062	-74.123711
12839.172363	-74.694771
12844.555664	-75.221382
12849.938965	-75.980942
12855.322266	-76.121735
12860.705566	-76.529617
12866.088867	-76.775177
12871.472168	-76.480843
12876.855469	-76.414009
12882.238770	-75.885666
12887.622070	-75.563553
12893.005371	-75.356926
12898.388672	-75.003418
12903.771973	-74.999504
12909.155273	-74.585274
12914.538574	-74.379417
12919.921875	-74.697021
12925.305176	-74.617889
12930.688477	-74.985123
12936.071777	-75.844070
12941.455078	-76.387978
12946.838379	-77.309013
12952.221680	-78.018623
12957.604980	-79.323593
12962.988281	-81.038277
12968.371582	-81.507919
12973.754883	-82.094818
12979.138184	-81.486923
12984.521484	-80.541100
12989.904785	-79.392136
12995.288086	-78.265686
13000.671387	-77.376740
13006.054688	-76.188210
13011.437988	-75.072754
13016.821289	-74.599289
13022.204590	-73.721405
13027.587891	-73.478363
13032.971191	-73.270569
13038.354492	-72.987274
13043.737793	-72.974098
13049.121094	-72.744064
13054.504395	-72.661758
13059.887695	-72.652794
13065.270996	-72.574364
13070.654297	-72.562599
13076.037598	-72.329460
13081.420898	-72.271568
13086.804199	-72.606514
13092.187500	-72.248970
13097.570801	-71.989853
13102.954102	-71.844444
13108.337402	-71.559288
13113.720703	-71.454819
13119.104004	-71.205559
13124.487305	-71.043083
13129.870605	-71.092911
13135.253906	-71.025047
13140.637207	-70.943138
13146.020508	-70.896057
13151.403809	-70.979134
13156.787109	-71.274841
13162.170410	-71.411362
13167.553711	-71.765892
13172.937012	-72.261177
13178.320312	-72.640869
13183.703613	-73.125282
13189.086914	-73.594856
13194.470215	-74.118790
13199.853516	-74.740334
13205.236816	-75.356209
13210.620117	-76.176765
13216.003418	-77.146156
13221.386719	-77.454651
13226.770020	-77.901215
13232.153320	-77.945686
13237.536621	-77.735970
13242.919922	-77.431442
13248.303223	-76.731308
13253.686523	-76.258362
13259.069824	-75.564613
13264.453125	-74.645302
13269.836426	-73.900185
13275.219727	-73.225487
13280.603027	-72.396187
13285.986328	-71.849419
13291.369629	-71.343819
13296.752930	-70.890434
13302.136230	-70.501015
13307.519531	-70.156174
13312.902832	-69.931007
13318.286133	-69.676956
13323.669434	-69.306549
13329.052734	-69.293129
13334.436035	-69.217392
13339.819336	-69.122749
13345.202637	-69.187065
13350.585938	-69.199539
13355.969238	-69.317802
13361.352539	-69.627563
13366.735840	-69.807701
13372.119141	-70.093925
13377.502441	-70.265251
13382.885742	-70.469765
13388.269043	-70.790726
13393.652344	-70.983154
13399.035645	-71.434158
13404.418945	-71.745270
13409.802246	-71.877235
13415.185547	-72.160538
13420.568848	-72.025978
13425.952148	-71.699341
13431.335449	-71.373344
13436.718750	-70.824684
13442.102051	-70.422066
13447.485352	-70.009727
13452.868652	-69.696831
13458.251953	-69.456657
13463.635254	-69.017586
13469.018555	-68.659340
13474.401855	-68.411270
13479.785156	-68.125290
13485.168457	-68.026619
13490.551758	-67.872940
13495.935059	-67.766731
13501.318359	-67.811684
13506.701660	-67.875008
13512.084961	-68.017990
13517.468262	-68.128418
13522.851562	-68.241287
13528.234863	-68.506577
13533.618164	-68.739052
13539.001465	-69.047928
13544.384766	-69.481453
13549.768066	-69.838051
13555.151367	-70.347725
13560.534668	-70.874092
13565.917969	-71.314926
13571.301270	-71.988838
13576.684570	-72.655647
13582.067871	-73.170029
13587.451172	-73.904587
13592.834473	-74.649330
13598.217773	-75.493347
13603.601074	-76.546082
13608.984375	-77.555008
13614.367676	-79.229683
13619.750977	-80.424103
13625.134277	-81.027397
13630.517578	-81.534203
13635.900879	-81.620079
13641.284180	-82.126633
13646.667480	-83.197746
13652.050781	-84.056694
13657.434082	-87.363663
13662.817383	-86.317505
13668.200684	-83.042191
13673.583984	-81.801147
13678.967285	-81.146416
13684.350586	-80.020409
13689.733887	-78.949509
13695.117188	-77.869942
13700.500488	-77.103691
13705.883789	-76.790596
13711.267090	-76.797447
13716.650391	-76.126961
13722.033691	-75.897629
13727.416992	-75.747429
13732.800293	-75.391754
13738.183594	-75.627457
13743.566895	-75.860077
13748.950195	-75.669327
13754.333496	-75.488403
13759.716797	-75.245819
13765.100098	-75.413704
13770.483398	-75.312355
13775.866699	-75.073364
13781.250000	-75.159821
13786.633301	-74.578857
13792.016602	-74.273369
13797.399902	-74.623207
13802.783203	-74.563507
13808.166504	-74.435471
13813.549805	-74.684052
13818.933105	-74.630592
13824.316406	-74.696274
13829.699707	-74.727989
13835.083008	-74.501564
13840.466309	-74.604149
13845.849609	-74.959816
13851.232910	-75.215408
13856.616211	-75.573555
13861.999512	-75.951874
13867.382812	-76.182022
13872.766113	-75.966087
13878.149414	-76.859467
13883.532715	-78.413513
13888.916016	-80.551872
13894.299316	-82.424652
13899.682617	-84.234955
13905.065918	-84.471382
13910.449219	-84.222832
13915.832520	-82.205963
13921.215820	-80.036812
13926.599121	-77.945168
13931.982422	-76.825729
13937.365723	-76.240791
13942.749023	-74.936874
13948.132324	-73.619423
13953.515625	-72.836945
13958.898926	-72.055916
13964.282227	-71.182449
13969.665527	-70.540161
13975.048828	-70.259956
13980.432129	-70.058868
13985.815430	-69.712471
13991.198730	-69.532959
13996.582031	-69.369598
14001.965332	-69.253960
14007.348633	-69.321655
14012.731934	-69.214966
14018.115234	-69.213173
14023.498535	-69.572159
14028.881836	-69.963554
14034.265137	-70.047287
14039.648438	-70.533478
14045.031738	-71.188583
14050.415039	-71.861687
14055.798340	-72.345703
14061.181641	-72.826714
14066.564941	-73.703400
14071.948242	-74.571243
14077.331543	-74.921593
14082.714844	-75.352516
14088.098145	-75.849426
14093.481445	-76.398331
14098.864746	-76.194359
14104.248047	-75.343178
14109.631348	-75.199150
14115.014648	-75.194916
14120.397949	-75.062874
14125.781250	-74.569611
14131.164551	-74.063629
14136.547852	-74.208191
14141.931152	-74.138756
14147.314453	-73.988266
14152.697754	-73.899277
14158.081055	-74.038078
14163.464355	-74.476570
14168.847656	-74.647903
14174.230957	-74.545227
14179.614258	-74.850830
14184.997559	-74.835632
14190.380859	-74.657265
14195.764160	-74.128227
14201.147461	-73.694290
14206.530762	-73.301697
14211.914062	-72.769646
14217.297363	-72.227066
14222.680664	-71.683365
14228.063965	-71.144821
14233.447266	-70.657066
14238.830566	-70.112709
14244.213867	-69.657349
14249.597168	-69.422073
14254.980469	-69.146187
14260.363770	-68.875206
14265.747070	-68.694962
14271.130371	-68.474808
14276.513672	-68.468834
14281.896973	-68.426552
14287.280273	-68.386490
14292.663574	-68.485115
14298.046875	-68.679787
14303.430176	-68.823868
14308.813477	-69.007408
14314.196777	-69.065895
14319.580078	-69.347580
14324.963379	-69.618942
14330.346680	-69.740532
14335.729980	-70.129623
14341.113281	-70.494339
14346.496582	-70.928680
14351.879883	-71.342087
14357.263184	-71.618454
14362.646484	-71.978752
14368.029785	-72.290009
14373.413086	-72.524010
14378.796387	-72.775002
14384.179688	-72.807831
14389.562988	-72.989182
14394.946289	-73.300957
14400.329590	-73.361542
14405.712891	-73.416748
14411.096191	-73.506493
14416.479492	-73.549927
14421.862793	-73.774727
14427.246094	-73.929405
14432.629395	-73.935883
14438.012695	-73.895950
14443.395996	-73.727249
14448.779297	-73.595390
14454.162598	-73.486633
14459.545898	-73.220016
14464.929199	-73.076004
14470.312500	-73.089851
14475.695801	-73.320328
14481.079102	-73.336464
14486.462402	-72.924057
14491.845703	-72.709763
14497.229004	-72.223877
14502.612305	-72.022972
14507.995605	-71.891350
14513.378906	-71.501343
14518.762207	-71.128967
14524.145508	-71.041718
14529.528809	-70.979973
14534.912109	-70.897301
14540.295410	-70.709808
14545.678711	-70.598991
14551.062012	-70.351074
14556.445312	-70.117538
14561.828613	-70.372498
14567.211914	-70.517578
14572.595215	-70.618988
14577.978516	-70.963951
14583.361816	-71.266487
14588.745117	-71.623909
14594.128418	-72.098541
14599.511719	-72.278770
14604.895020	-72.596436
14610.278320	-72.949806
14615.661621	-73.329422
14621.044922	-73.474525
14626.428223	-73.161362
14631.811523	-72.988518
14637.194824	-72.723846
14642.578125	-72.239151
14647.961426	-72.100990
14653.344727	-72.023392
14658.728027	-71.955376
14664.111328	-71.792961
14669.494629	-71.352364
14674.877930	-71.087791
14680.261230	-70.837723
14685.644531	-70.631729
14691.027832	-70.666916
14696.411133	-70.457138
14701.794434	-70.582153
14707.177734	-71.089798
14712.561035	-71.282860
14717.944336	-71.671814
14723.327637	-72.366249
14728.710938	-73.010483
14734.094238	-73.791611
14739.477539	-74.436806
14744.860840	-75.485252
14750.244141	-76.700706
14755.627441	-78.072479
14761.010742	-79.334183
14766.394043	-79.901375
14771.777344	-81.645348
14777.160645	-81.642342
14782.543945	-79.758354
14787.927246	-78.778397
14793.310547	-77.922806
14798.693848	-77.102272
14804.077148	-76.062187
14809.460449	-74.704880
14814.843750	-74.073814
14820.227051	-73.467735
14825.610352	-72.888893
14830.993652	-72.387093
14836.376953	-71.957512
14841.760254	-71.654617
14847.143555	-71.523033
14852.526855	-71.373329
14857.910156	-71.293434
14863.293457	-71.183540
14868.676758	-71.221855
14874.060059	-71.330658
14879.443359	-71.242584
14884.826660	-71.564873
14890.209961	-71.866371
14895.593262	-71.899101
14900.976562	-72.183121
14906.359863	-72.248688
14911.743164	-72.318443
14917.126465	-72.486229
14922.509766	-72.443069
14927.893066	-72.489998
14933.276367	-72.748085
14938.659668	-73.087387
14944.042969	-73.509087
14949.426270	-73.596291
14954.809570	-74.067650
14960.192871	-74.504890
14965.576172	-74.330292
14970.959473	-74.837227
14976.342773	-75.614090
14981.726074	-76.214462
14987.109375	-76.759155
14992.492676	-77.013344
14997.875977	-77.656792
15003.259277	-78.475845
15008.642578	-77.833389
15014.025879	-77.435417
15019.409180	-77.735481
15024.792480	-79.714149
15030.175781	-81.922318
15035.559082	-82.384193
15040.942383	-83.307610
15046.325684	-83.607079
15051.708984	-81.791771
15057.092285	-81.066483
15062.475586	-79.559196
15067.858887	-79.536026
15073.242188	-79.040222
15078.625488	-77.984467
15084.008789	-77.025352
15089.392090	-75.816315
15094.775391	-74.620667
15100.158691	-73.867928
15105.541992	-72.851715
15110.925293	-72.373322
15116.308594	-72.155029
15121.691895	-71.553314
15127.075195	-70.991699
15132.458496	-70.420586
15137.841797	-69.918671
15143.225098	-69.646477
15148.608398	-69.252686
15153.991699	-68.991554
15159.375000	-68.821945
15164.758301	-68.758820
15170.141602	-68.654648
15175.524902	-68.398605
15180.908203	-68.320930
15186.291504	-68.511330
15191.674805	-68.500381
15197.058105	-68.620453
15202.441406	-68.947144
15207.824707	-69.160866
15213.208008	-69.443977
15218.591309	-69.728722
15223.974609	-70.004028
15229.357910	-70.578079
15234.741211	-71.017899
15240.124512	-71.534531
15245.507812	-72.032280
15250.891113	-72.357887
15256.274414	-72.648827
15261.657715	-72.434288
15267.041016	-72.196724
15272.424316	-72.325348
15277.807617	-72.232246
15283.190918	-72.071495
15288.574219	-71.651520
15293.957520	-71.171310
15299.340820	-70.890060
15304.724121	-70.374855
15310.107422	-69.902084
15315.490723	-69.529816
15320.874023	-69.228134
15326.257324	-68.908661
15331.640625	-68.508041
15337.023926	-68.296043
15342.407227	-68.242065
15347.790527	-68.034439
15353.173828	-68.036598
15358.557129	-68.081726
15363.940430	-68.089043
15369.323730	-68.201088
15374.707031	-68.227280
15380.090332	-68.420410
15385.473633	-68.935234
15390.856934	-69.398155
15396.240234	-69.789810
15401.623535	-70.062180
15407.006836	-70.360168
15412.390137	-70.759918
15417.773438	-70.734840
15423.156738	-70.959702
15428.540039	-71.326233
15433.923340	-71.975639
15439.306641	-72.381653
15444.689941	-72.373009
15450.073242	-72.042587
15455.456543	-72.046082
15460.839844	-71.937607
15466.223145	-71.955208
15471.606445	-71.895439
15476.989746	-72.506950
15482.373047	-73.656906
15487.756348	-73.935799
15493.139648	-73.357857
15498.522949	-73.276550
15503.906250	-73.842957
15509.289551	-74.042336
15514.672852	-74.399323
15520.056152	-75.050842
15525.439453	-76.801125
15530.822754	-78.380463
15536.206055	-78.278648
15541.589355	-77.117134
15546.972656	-77.963310
15552.355957	-79.302101
15557.739258	-80.884865
15563.122559	-81.952972
15568.505859	-82.616959
15573.889160	-81.874886
15579.272461	-82.522316
15584.655762	-81.017616
15590.039062	-79.853691
15595.422363	-79.985046
15600.805664	-80.144653
15606.188965	-79.791939
15611.572266	-80.066963
15616.955566	-79.872757
15622.338867	-79.746078
15627.722168	-78.882942
15633.105469	-78.636185
15638.488770	-79.656982
15643.872070	-81.859039
15649.255371	-82.029724
15654.638672	-82.491341
15660.021973	-81.705269
15665.405273	-80.371498
15670.788574	-80.264450
15676.171875	-81.505562
15681.555176	-81.478127
15686.938477	-82.544930
15692.321777	-82.260696
15697.705078	-81.277855
15703.088379	-80.002266
15708.471680	-79.249084
15713.854980	-77.451393
15719.238281	-77.056610
15724.621582	-76.381508
15730.004883	-76.060959
15735.388184	-75.856033
15740.771484	-75.160286
15746.154785	-74.337791
15751.538086	-73.887978
15756.921387	-73.371750
15762.304688	-72.898697
15767.687988	-72.754906
15773.071289	-72.722694
15778.454590	-72.785988
15783.837891	-72.493629
15789.221191	-72.195747
15794.604492	-72.175941
15799.987793	-72.180496
15805.371094	-72.153152
15810.754395	-72.229843
15816.137695	-72.257202
15821.520996	-72.382645
15826.904297	-72.718681
15832.287598	-72.690796
15837.670898	-72.652328
15843.054199	-72.547264
15848.437500	-72.525307
15853.820801	-72.154137
15859.204102	-72.088280
15864.587402	-72.449638
15869.970703	-72.524590
15875.354004	-72.226433
15880.737305	-72.315392
15886.120605	-72.320839
15891.503906	-72.271179
15896.887207	-72.175674
15902.270508	-72.176582
15907.653809	-72.250992
15913.037109	-72.254944
15918.420410	-72.417564
15923.803711	-72.547958
15929.187012	-72.565773
15934.570312	-72.980652
15939.953613	-73.328751
15945.336914	-73.039330
15950.720215	-73.327278
15956.103516	-74.144867
15961.486816	-74.574356
15966.870117	-74.772079
15972.253418	-74.787872
15977.636719	-74.912186
15983.020020	-74.554985
15988.403320	-74.017448
15993.786621	-73.610748
15999.169922	-73.194695
16004.553223	-72.911552
16009.936523	-72.615021
16015.319824	-72.025185
16020.703125	-71.619514
16026.086426	-71.439346
16031.469727	-71.064354
16036.853027	-70.569977
16042.236328	-70.342964
16047.619629	-70.613220
16053.002930	-70.695068
16058.386230	-70.724693
16063.769531	-70.866470
16069.152832	-71.032204
16074.536133	-71.312706
16079.919434	-71.596748
16085.302734	-71.641151
16090.686035	-72.087837
16096.069336	-72.908112
16101.452637	-73.389450
16106.835938	-74.041885
16112.219238	-74.712982
16117.602539	-75.324776
16122.985840	-75.622879
16128.369141	-76.111389
16133.752441	-76.567574
16139.135742	-77.627602
16144.519043	-78.153084
16149.902344	-78.695557
16155.285645	-78.329071
16160.668945	-78.157661
16166.052246	-77.479149
16171.435547	-76.757820
16176.818848	-76.135025
16182.202148	-76.419090
16187.585449	-76.949646
16192.968750	-77.379433
16198.352051	-76.800049
16203.735352	-76.601410
16209.118652	-76.656906
16214.501953	-76.604164
16219.885254	-76.812149
16225.268555	-77.180977
16230.651855	-77.673012
16236.035156	-78.821091
16241.418457	-79.049126
16246.801758	-78.928566
16252.185059	-78.742897
16257.568359	-78.260124
16262.951660	-77.765572
16268.334961	-77.410095
16273.718262	-77.090561
16279.101562	-76.952065
16284.484863	-76.332832
16289.868164	-75.562309
16295.251465	-74.794800
16300.634766	-74.239578
16306.018066	-73.872948
16311.401367	-73.563469
16316.784668	-73.703033
16322.167969	-73.486961
16327.551270	-72.860313
16332.934570	-72.438606
16338.317871	-72.157852
16343.701172	-71.935036
16349.084473	-72.190865
16354.467773	-72.171227
16359.851074	-72.626595
16365.234375	-73.156693
16370.617676	-73.244934
16376.000977	-73.011536
16381.384277	-72.901436
16386.767578	-72.819550
16392.150879	-73.495689
16397.534180	-74.708763
16402.917480	-76.213707
16408.300781	-77.653008
16413.684082	-77.791992
16419.067383	-77.632271
16424.450684	-76.744576
16429.833984	-76.505180
16435.217285	-76.592903
16440.600586	-77.165169
16445.983887	-77.333893
16451.367188	-76.152496
16456.750488	-74.887146
16462.133789	-73.917046
16467.517090	-72.640884
16472.900391	-71.798698
16478.283691	-71.517670
16483.666992	-71.445259
16489.050293	-71.397316
16494.433594	-70.978836
16499.816895	-70.740173
16505.200195	-70.526276
16510.583496	-70.270271
16515.966797	-70.104164
16521.350098	-70.134583
16526.733398	-70.286064
16532.116699	-70.805153
16537.500000	-70.989113
16542.883301	-71.194870
16548.266602	-71.605278
16553.649902	-71.770905
16559.033203	-71.922699
16564.416504	-72.200943
16569.799805	-72.736412
16575.183105	-73.576340
16580.566406	-73.952980
16585.949707	-74.182098
16591.333008	-74.770103
16596.716309	-75.011742
16602.099609	-75.399536
16607.482910	-75.420181
16612.866211	-75.625145
16618.249512	-76.577652
16623.632812	-76.778709
16629.016113	-76.412834
16634.399414	-76.496681
16639.782715	-77.075058
16645.166016	-77.562325
16650.549316	-77.214798
16655.932617	-77.541939
16661.315918	-78.584366
16666.699219	-78.789368
16672.082520	-79.091118
16677.465820	-79.292305
16682.849121	-79.589485
16688.232422	-80.118050
16693.615723	-79.266296
16698.999023	-78.741943
16704.382324	-78.566727
16709.765625	-78.378029
16715.148926	-78.987152
16720.532227	-78.498741
16725.915527	-78.382965
16731.298828	-78.530655
16736.682129	-78.164185
16742.065430	-78.096573
16747.448730	-77.777870
16752.832031	-77.518265
16758.215332	-77.905983
16763.598633	-77.917068
16768.981934	-78.047615
16774.365234	-78.495819
16779.748535	-78.812378
16785.131836	-79.218452
16790.515137	-79.113831
16795.898438	-79.204384
16801.281738	-79.979378
16806.665039	-80.688560
16812.048340	-82.205818
16817.431641	-83.438972
16822.814941	-83.724586
16828.198242	-84.782761
16833.581543	-85.069138
16838.964844	-84.863075
16844.348145	-85.079468
16849.731445	-85.559448
16855.114746	-88.880333
16860.498047	-90.882095
16865.881348	-87.545120
16871.264648	-87.057953
16876.647949	-86.844826
16882.031250	-85.493484
16887.414551	-84.106071
16892.797852	-83.598938
16898.181152	-84.358009
16903.564453	-83.228195
16908.947754	-82.271637
16914.331055	-81.393410
16919.714355	-80.636780
16925.097656	-79.986252
16930.480957	-78.866150
16935.864258	-78.206642
16941.247559	-78.163071
16946.630859	-77.688278
16952.014160	-77.181839
16957.397461	-76.876221
16962.780762	-76.426216
16968.164062	-76.290627
16973.547363	-75.879677
16978.930664	-75.483009
16984.313965	-75.606300
16989.697266	-75.382721
16995.080566	-75.355629
17000.463867	-75.525063
17005.847168	-75.515259
17011.230469	-75.727531
17016.613770	-75.863541
17021.997070	-75.827477
17027.380371	-76.140160
17032.763672	-76.384239
17038.146973	-76.608871
17043.530273	-76.963860
17048.913574	-76.973854
17054.296875	-77.214912
17059.680176	-77.039383
17065.063477	-76.801460
17070.446777	-76.739120
17075.830078	-76.470573
17081.213379	-76.370270
17086.596680	-76.319206
17091.979980	-75.906487
17097.363281	-75.613358
17102.746582	-74.997131
17108.129883	-74.541084
17113.513184	-74.293701
17118.896484	-73.929321
17124.279785	-73.697731
17129.663086	-73.410934
17135.046387	-73.093513
17140.429688	-72.940155
17145.812988	-72.648048
17151.196289	-72.416405
17156.579590	-72.249634
17161.962891	-72.129936
17167.346191	-72.155739
17172.729492	-71.980064
17178.112793	-71.831696
17183.496094	-71.914986
17188.879395	-71.791641
17194.262695	-71.818069
17199.645996	-71.925163
17205.029297	-71.977623
17210.412598	-72.198334
17215.795898	-72.313576
17221.179199	-72.396553
17226.562500	-72.626617
17231.945801	-72.765411
17237.329102	-73.034492
17242.712402	-73.363571
17248.095703	-73.622536
17253.479004	-73.964104
17258.862305	-74.254410
17264.245605	-74.645630
17269.628906	-75.094795
17275.012207	-75.537994
17280.395508	-76.146263
17285.778809	-76.540947
17291.162109	-76.780807
17296.545410	-77.239120
17301.928711	-77.492889
17307.312012	-78.167603
17312.695312	-78.679291
17318.078613	-78.749954
17323.461914	-79.266441
17328.845215	-79.460045
17334.228516	-79.283806
17339.611816	-79.485771
17344.995117	-79.225456
17350.378418	-79.453964
17355.761719	-79.515610
17361.145020	-79.121895
17366.528320	-79.426620
17371.911621	-79.212669
17377.294922	-78.780876
17382.678223	-78.748245
17388.061523	-78.640259
17393.444824	-79.255783
17398.828125	-79.267166
17404.211426	-79.148735
17409.594727	-79.420799
17414.978027	-79.198532
17420.361328	-79.390854
17425.744629	-79.914391
17431.127930	-79.937126
17436.511230	-80.749008
17441.894531	-81.591408
17447.277832	-81.471436
17452.661133	-81.749466
17458.044434	-81.763367
17463.427734	-81.688461
17468.811035	-81.554474
17474.194336	-80.404526
17479.577637	-80.140892
17484.960938	-81.505836
17490.344238	-83.013535
17495.727539	-82.902153
17501.110840	-82.116936
17506.494141	-82.224892
17511.877441	-82.231384
17517.260742	-81.691292
17522.644043	-81.255531
17528.027344	-81.618423
17533.410645	-81.085632
17538.793945	-81.025322
17544.177246	-80.270920
17549.560547	-79.658417
17554.943848	-79.457893
17560.327148	-79.643776
17565.710449	-79.358810
17571.093750	-79.404327
17576.477051	-79.753876
17581.860352	-80.122421
17587.243652	-79.835960
17592.626953	-80.101921
17598.010254	-80.896355
17603.393555	-81.506065
17608.776855	-82.119217
17614.160156	-82.727600
17619.543457	-83.547836
17624.926758	-85.369957
17630.310059	-85.015640
17635.693359	-83.694939
17641.076660	-83.425522
17646.459961	-83.313652
17651.843262	-83.105255
17657.226562	-82.074493
17662.609863	-81.488182
17667.993164	-80.656639
17673.376465	-79.261200
17678.759766	-78.666847
17684.143066	-78.051651
17689.526367	-77.631714
17694.909668	-77.276581
17700.292969	-76.840782
17705.676270	-76.819237
17711.059570	-76.828995
17716.442871	-76.910057
17721.826172	-77.164459
17727.209473	-77.300529
17732.592773	-77.549988
17737.976074	-78.545685
17743.359375	-79.656059
17748.742676	-80.665916
17754.125977	-82.116119
17759.509277	-83.636642
17764.892578	-85.833000
17770.275879	-86.357529
17775.659180	-85.707596
17781.042480	-85.319984
17786.425781	-85.490555
17791.809082	-83.945312
17797.192383	-83.229408
17802.575684	-82.694939
17807.958984	-81.266708
17813.342285	-79.477852
17818.725586	-78.769783
17824.108887	-78.124863
17829.492188	-77.797195
17834.875488	-77.322105
17840.258789	-76.801544
17845.642090	-76.768028
17851.025391	-76.585434
17856.408691	-76.294724
17861.791992	-76.189812
17867.175293	-76.164680
17872.558594	-76.207863
17877.941895	-76.344299
17883.325195	-76.323463
17888.708496	-76.301010
17894.091797	-76.020103
17899.475098	-75.736893
17904.858398	-75.634903
17910.241699	-75.261932
17915.625000	-75.112465
17921.008301	-74.797096
17926.391602	-74.304886
17931.774902	-74.060890
17937.158203	-73.740273
17942.541504	-73.446564
17947.924805	-73.279579
17953.308105	-73.128693
17958.691406	-73.135201
17964.074707	-73.157089
17969.458008	-73.163048
17974.841309	-73.411781
17980.224609	-73.444183
17985.607910	-73.574097
17990.991211	-73.935638
17996.374512	-74.227448
18001.757812	-74.610596
18007.141113	-75.165733
18012.524414	-75.629913
18017.907715	-76.308327
18023.291016	-77.070549
18028.674316	-77.533356
18034.057617	-78.501472
18039.440918	-79.390648
18044.824219	-80.038353
18050.207520	-81.019203
18055.590820	-82.659477
18060.974121	-83.908623
18066.357422	-84.794373
18071.740723	-85.931274
18077.124023	-86.819168
18082.507324	-85.963730
18087.890625	-85.225372
18093.273926	-84.162369
18098.657227	-83.056610
18104.040527	-82.266296
18109.423828	-81.443863
18114.807129	-80.792709
18120.190430	-80.148972
18125.573730	-79.276863
18130.957031	-78.598579
18136.340332	-78.035576
18141.723633	-77.413124
18147.106934	-77.298225
18152.490234	-77.026955
18157.873535	-76.720840
18163.256836	-76.667809
18168.640137	-76.328262
18174.023438	-76.138367
18179.406738	-76.124336
18184.790039	-75.805725
18190.173340	-75.891685
18195.556641	-76.075706
18200.939941	-76.339966
18206.323242	-76.752022
18211.706543	-76.881973
18217.089844	-77.062576
18222.473145	-77.663643
18227.856445	-77.950241
18233.239746	-78.555267
18238.623047	-79.321503
18244.006348	-79.858910
18249.389648	-80.498062
18254.772949	-80.523804
18260.156250	-81.040184
18265.539551	-81.442909
18270.922852	-81.365829
18276.306152	-81.821114
18281.689453	-81.782478
18287.072754	-81.864143
18292.456055	-82.060089
18297.839355	-81.244217
18303.222656	-81.018402
18308.605957	-80.746643
18313.989258	-80.580933
18319.372559	-80.798805
18324.755859	-80.386429
18330.139160	-80.671509
18335.522461	-80.769051
18340.905762	-80.096840
18346.289062	-80.150009
18351.672363	-80.374649
18357.055664	-80.648529
18362.438965	-80.921814
18367.822266	-80.435333
18373.205566	-80.842163
18378.588867	-81.225853
18383.972168	-81.253426
18389.355469	-81.522369
18394.738770	-81.405289
18400.122070	-81.686050
18405.505371	-82.160149
18410.888672	-82.208557
18416.271973	-82.884125
18421.655273	-83.491425
18427.038574	-84.187691
18432.421875	-84.967857
18437.805176	-85.048698
18443.188477	-85.745026
18448.571777	-85.451744
18453.955078	-85.412941
18459.338379	-85.783379
18464.721680	-84.814880
18470.104980	-85.139175
18475.488281	-85.029076
18480.871582	-84.123116
18486.254883	-83.589058
18491.638184	-82.919388
18497.021484	-82.567238
18502.404785	-82.392570
18507.788086	-81.552269
18513.171387	-81.163673
18518.554688	-80.765892
18523.937988	-80.418594
18529.321289	-80.161171
18534.704590	-79.903336
18540.087891	-79.813591
18545.471191	-79.745216
18550.854492	-79.560219
18556.237793	-79.816933
18561.621094	-79.824249
18567.004395	-79.765343
18572.387695	-79.885269
18577.770996	-79.753891
18583.154297	-80.209198
18588.537598	-80.921280
18593.920898	-80.747383
18599.304199	-80.952431
18604.687500	-81.496483
18610.070801	-81.624252
18615.454102	-82.218048
18620.837402	-82.386642
18626.220703	-82.393509
18631.604004	-83.072334
18636.987305	-83.093239
18642.370605	-83.429321
18647.753906	-83.833778
18653.137207	-83.477180
18658.520508	-83.586472
18663.903809	-83.804199
18669.287109	-84.127678
18674.670410	-85.050331
18680.053711	-85.113640
18685.437012	-84.996315
18690.820312	-85.417969
18696.203613	-85.336624
18701.586914	-85.818954
18706.970215	-85.504494
18712.353516	-85.340263
18717.736816	-86.231194
18723.120117	-85.743279
18728.503418	-85.786285
18733.886719	-86.563385
18739.270020	-85.777077
18744.653320	-86.463409
18750.036621	-86.171326
18755.419922	-87.545326
18760.803223	-88.689072
18766.186523	-88.526291
18771.569824	-88.634308
18776.953125	-87.444389
18782.336426	-85.761124
18787.719727	-85.415237
18793.103027	-84.646194
18798.486328	-84.389679
18803.869629	-83.316170
18809.252930	-82.803032
18814.636230	-82.676971
18820.019531	-81.085800
18825.402832	-80.294395
18830.786133	-80.364632
18836.169434	-79.964569
18841.552734	-79.506851
18846.936035	-79.063988
18852.319336	-78.798950
18857.702637	-78.899757
18863.085938	-78.640617
18868.469238	-78.446877
18873.852539	-78.297554
18879.235840	-78.560204
18884.619141	-79.256561
18890.002441	-79.132050
18895.385742	-79.067368
18900.769043	-79.641693
18906.152344	-79.598099
18911.535645	-79.953079
18916.918945	-80.691856
18922.302246	-81.425240
18927.685547	-82.124474
18933.068848	-82.706177
18938.452148	-82.953163
18943.835449	-82.849983
18949.218750	-82.270592
18954.602051	-82.187874
18959.985352	-81.027328
18965.368652	-80.835083
18970.751953	-80.796303
18976.135254	-79.813026
18981.518555	-78.739052
18986.901855	-78.030396
18992.285156	-77.699684
18997.668457	-77.645088
19003.051758	-77.108643
19008.435059	-76.669983
19013.818359	-76.584488
19019.201660	-76.366013
19024.584961	-76.260284
19029.968262	-75.905159
19035.351562	-75.969955
19040.734863	-76.374886
19046.118164	-76.462746
19051.501465	-76.908684
19056.884766	-77.443085
19062.268066	-77.549660
19067.651367	-77.991966
19073.034668	-78.457603
19078.417969	-78.958359
19083.801270	-79.814110
19089.184570	-80.257973
19094.567871	-81.222458
19099.951172	-82.185051
19105.334473	-82.917389
19110.717773	-84.258263
19116.101074	-83.830727
19121.484375	-84.642204
19126.867676	-85.854767
19132.250977	-85.385231
19137.634277	-85.079155
19143.017578	-84.882812
19148.400879	-85.785309
19153.784180	-85.948288
19159.167480	-85.327072
19164.550781	-85.097916
19169.934082	-84.434464
19175.317383	-83.939468
19180.700684	-83.687805
19186.083984	-82.251266
19191.467285	-81.660973
19196.850586	-82.174156
19202.233887	-81.761978
19207.617188	-81.046761
19213.000488	-81.104492
19218.383789	-80.510559
19223.767090	-80.006233
19229.150391	-80.427917
19234.533691	-80.549088
19239.916992	-80.450218
19245.300293	-80.456879
19250.683594	-80.114532
19256.066895	-80.417023
19261.450195	-80.791687
19266.833496	-81.165833
19272.216797	-81.101761
19277.600098	-81.938240
19282.983398	-83.035561
19288.366699	-84.630714
19293.750000	-85.326790
19299.133301	-86.019142
19304.516602	-86.240051
19309.899902	-87.268509
19315.283203	-88.247368
19320.666504	-90.353905
19326.049805	-90.713364
19331.433105	-88.382057
19336.816406	-86.478279
19342.199707	-84.165382
19347.583008	-82.799011
19352.966309	-81.961243
19358.349609	-81.516945
19363.732910	-81.075165
19369.116211	-80.717606
19374.499512	-80.453316
19379.882812	-80.672630
19385.266113	-80.331429
19390.649414	-80.266937
19396.032715	-80.501274
19401.416016	-80.969254
19406.799316	-81.539719
19412.182617	-81.797943
19417.565918	-81.781937
19422.949219	-82.211601
19428.332520	-81.431694
19433.715820	-81.190735
19439.099121	-80.852020
19444.482422	-80.216354
19449.865723	-79.697906
19455.249023	-78.830383
19460.632324	-77.888092
19466.015625	-77.151382
19471.398926	-76.209396
19476.782227	-75.692871
19482.165527	-75.036438
19487.548828	-74.375168
19492.932129	-74.077240
19498.315430	-73.647057
19503.698730	-73.248169
19509.082031	-73.117378
19514.465332	-72.868782
19519.848633	-72.725334
19525.231934	-72.683708
19530.615234	-72.676361
19535.998535	-72.860924
19541.381836	-72.895058
19546.765137	-72.913391
19552.148438	-73.196388
19557.531738	-73.405678
19562.915039	-73.643822
19568.298340	-73.850739
19573.681641	-73.978638
19579.064941	-74.495865
19584.448242	-74.975288
19589.831543	-75.299980
19595.214844	-75.748604
19600.598145	-76.089897
19605.981445	-76.484138
19611.364746	-76.900032
19616.748047	-77.397079
19622.131348	-78.073822
19627.514648	-78.421638
19632.897949	-78.796394
19638.281250	-79.510529
19643.664551	-79.723755
19649.047852	-80.189163
19654.431152	-80.719986
19659.814453	-81.513176
19665.197754	-82.198692
19670.581055	-82.772423
19675.964355	-84.032692
19681.347656	-84.874435
19686.730957	-85.044678
19692.114258	-86.215149
19697.497559	-86.655426
19702.880859	-87.277618
19708.264160	-87.483299
19713.647461	-86.489601
19719.030762	-85.528458
19724.414062	-86.875885
19729.797363	-88.128181
19735.180664	-89.516800
19740.563965	-88.920235
19745.947266	-87.977654
19751.330566	-86.087753
19756.713867	-86.590454
19762.097168	-87.494461
19767.480469	-90.478386
19772.863770	-89.736191
19778.247070	-89.633087
19783.630371	-89.112366
19789.013672	-88.913193
19794.396973	-87.062347
19799.780273	-86.788506
19805.163574	-86.398361
19810.546875	-87.350937
19815.930176	-87.718712
19821.313477	-86.113510
19826.696777	-84.845840
19832.080078	-84.034508
19837.463379	-84.135635
19842.846680	-84.944969
19848.229980	-85.030914
19853.613281	-84.431412
19858.996582	-84.455376
19864.379883	-84.270828
19869.763184	-84.696144
19875.146484	-84.460968
19880.529785	-84.777405
19885.913086	-84.340790
19891.296387	-85.779198
19896.679688	-87.151573
19902.062988	-87.511818
19907.446289	-86.589806
19912.829590	-86.084656
19918.212891	-84.630539
19923.596191	-87.526604
19928.979492	-91.677895
19934.362793	-97.326225
19939.746094	-93.166336
19945.129395	-94.156181
19950.512695	-91.823181
19955.895996	-91.272423
19961.279297	-88.252777
19966.662598	-86.835266
19972.045898	-86.350159
19977.429199	-86.644073
19982.812500	-85.191803
19988.195801	-84.627266
19993.579102	-83.305092
19998.962402	-81.518730
20004.345703	-80.293518
20009.729004	-79.451271
20015.112305	-79.152687
20020.495605	-78.807854
20025.878906	-78.023491
20031.262207	-77.683617
20036.645508	-77.146637
20042.028809	-76.660744
20047.412109	-76.297401
20052.795410	-75.918747
20058.178711	-75.813026
20063.562012	-76.017838
20068.945312	-76.141212
20074.328613	-76.268867
20079.711914	-76.738785
20085.095215	-76.941666
20090.478516	-76.833130
20095.861816	-77.027016
20101.245117	-77.832024
20106.628418	-79.044693
20112.011719	-79.390892
20117.395020	-80.084206
20122.778320	-81.131561
20128.161621	-81.167648
20133.544922	-81.077339
20138.928223	-79.979416
20144.311523	-78.929092
20149.694824	-78.353279
20155.078125	-77.775322
20160.461426	-77.170517
20165.844727	-76.367027
20171.228027	-75.820946
20176.611328	-75.129471
20181.994629	-74.533791
20187.377930	-74.036980
20192.761230	-73.775688
20198.144531	-73.678024
20203.527832	-73.595558
20208.911133	-73.362190
20214.294434	-73.307205
20219.677734	-73.282318
20225.061035	-73.430710
20230.444336	-73.697884
20235.827637	-73.988892
20241.210938	-74.404259
20246.594238	-75.006493
20251.977539	-75.516289
20257.360840	-76.243271
20262.744141	-76.918785
20268.127441	-77.497971
20273.510742	-78.383705
20278.894043	-79.021446
20284.277344	-80.038208
20289.660645	-81.234055
20295.043945	-81.444481
20300.427246	-81.864281
20305.810547	-81.652351
20311.193848	-81.152840
20316.577148	-81.167542
20321.960449	-80.515938
20327.343750	-80.324188
20332.727051	-79.962318
20338.110352	-79.570198
20343.493652	-79.087997
20348.876953	-78.598328
20354.260254	-78.499390
20359.643555	-78.689438
20365.026855	-78.550095
20370.410156	-78.718773
20375.793457	-78.904358
20381.176758	-79.067017
20386.560059	-79.294518
20391.943359	-79.472054
20397.326660	-79.902481
20402.709961	-80.606140
20408.093262	-80.960045
20413.476562	-81.764923
20418.859863	-82.271309
20424.243164	-82.849792
20429.626465	-83.505272
20435.009766	-82.843132
20440.393066	-82.513466
20445.776367	-83.447830
20451.159668	-83.611504
20456.542969	-84.585815
20461.926270	-84.638008
20467.309570	-84.227211
20472.692871	-83.765808
20478.076172	-82.903481
20483.459473	-82.336090
20488.842773	-82.280434
20494.226074	-81.718254
20499.609375	-81.726936
20504.992676	-81.118355
20510.375977	-80.619080
20515.759277	-80.744492
20521.142578	-79.751953
20526.525879	-79.381111
20531.909180	-79.411156
20537.292480	-78.933289
20542.675781	-78.888725
20548.059082	-78.703346
20553.442383	-78.443741
20558.825684	-78.659332
20564.208984	-78.373672
20569.592285	-78.375107
20574.975586	-78.717827
20580.358887	-78.720085
20585.742188	-78.848755
20591.125488	-79.127838
20596.508789	-79.296364
20601.892090	-79.886520
20607.275391	-80.211037
20612.658691	-80.719368
20618.041992	-81.700180
20623.425293	-82.203163
20628.808594	-83.002251
20634.191895	-83.748924
20639.575195	-84.212654
20644.958496	-84.975609
20650.341797	-84.947273
20655.725098	-85.837158
20661.108398	-86.298080
20666.491699	-86.444534
20671.875000	-86.386719
20677.258301	-84.889954
20682.641602	-84.060066
20688.024902	-83.555870
20693.408203	-82.749306
20698.791504	-82.936974
20704.174805	-82.129456
20709.558105	-81.929565
20714.941406	-81.912781
20720.324707	-81.371193
20725.708008	-81.499748
20731.091309	-81.703575
20736.474609	-81.639435
20741.857910	-82.437225
20747.241211	-83.049644
20752.624512	-84.104256
20758.007812	-85.315865
20763.391113	-86.121445
20768.774414	-87.534515
20774.157715	-89.510193
20779.541016	-90.699799
20784.924316	-92.228127
20790.307617	-90.660492
20795.690918	-89.897102
20801.074219	-86.812637
20806.457520	-84.924637
20811.840820	-83.543877
20817.224121	-82.084106
20822.607422	-80.862076
20827.990723	-79.516899
20833.374023	-78.851212
20838.757324	-78.300262
20844.140625	-77.534760
20849.523926	-77.033005
20854.907227	-76.707611
20860.290527	-76.286880
20865.673828	-76.042503
20871.057129	-75.583252
20876.440430	-75.442841
20881.823730	-75.485840
20887.207031	-75.430603
20892.590332	-75.533188
20897.973633	-75.658539
20903.356934	-75.646896
20908.740234	-75.996429
20914.123535	-76.258339
20919.506836	-76.484024
20924.890137	-76.798592
20930.273438	-76.802704
20935.656738	-77.131561
20941.040039	-77.422752
20946.423340	-77.528648
20951.806641	-77.844437
20957.189941	-77.717369
20962.573242	-77.900650
20967.956543	-78.072525
20973.339844	-77.847046
20978.723145	-77.915627
20984.106445	-77.833954
20989.489746	-77.672775
20994.873047	-77.920570
21000.256348	-77.676559
21005.639648	-77.711464
21011.022949	-77.926666
21016.406250	-77.591736
21021.789551	-77.659485
21027.172852	-77.804131
21032.556152	-77.775513
21037.939453	-78.046623
21043.322754	-78.050987
21048.706055	-78.031212
21054.089355	-78.086372
21059.472656	-78.299545
21064.855957	-78.610016
21070.239258	-78.414291
21075.622559	-78.346344
21081.005859	-78.676933
21086.389160	-78.643837
21091.772461	-78.929169
21097.155762	-79.448425
21102.539062	-79.455940
21107.922363	-79.711952
21113.305664	-79.914978
21118.688965	-79.828506
21124.072266	-80.170189
21129.455566	-79.903465
21134.838867	-80.049980
21140.222168	-80.008835
21145.605469	-79.657310
21150.988770	-79.654968
21156.372070	-79.110664
21161.755371	-78.653023
21167.138672	-78.588715
21172.521973	-78.175369
21177.905273	-77.885109
21183.288574	-77.628365
21188.671875	-77.277931
21194.055176	-77.184486
21199.438477	-76.893776
21204.821777	-76.642807
21210.205078	-76.717308
21215.588379	-76.679260
21220.971680	-76.661942
21226.354980	-76.781158
21231.738281	-76.889908
21237.121582	-77.154350
21242.504883	-77.302437
21247.888184	-77.498993
21253.271484	-78.061440
21258.654785	-78.602966
21264.038086	-79.436653
21269.421387	-80.089767
21274.804688	-80.836090
21280.187988	-81.844040
21285.571289	-82.836578
21290.954590	-83.988319
21296.337891	-85.398621
21301.721191	-85.742996
21307.104492	-86.290405
21312.487793	-85.643921
21317.871094	-84.938873
21323.254395	-83.603683
21328.637695	-82.239288
21334.020996	-81.711212
21339.404297	-80.585350
21344.787598	-79.783173
21350.170898	-79.258347
21355.554199	-78.672012
21360.937500	-78.406914
21366.320801	-77.792389
21371.704102	-77.599236
21377.087402	-77.738525
21382.470703	-77.492218
21387.854004	-77.655174
21393.237305	-77.859688
21398.620605	-78.018425
21404.003906	-78.368988
21409.387207	-78.737259
21414.770508	-79.522713
21420.153809	-80.796928
21425.537109	-81.708031
21430.920410	-82.525665
21436.303711	-84.028671
21441.687012	-85.404274
21447.070312	-87.163124
21452.453613	-87.817207
21457.836914	-89.265541
21463.220215	-88.510582
21468.603516	-86.896751
21473.986816	-85.875206
21479.370117	-83.524597
21484.753418	-81.950447
21490.136719	-80.872292
21495.520020	-80.093170
21500.903320	-79.530350
21506.286621	-78.601204
21511.669922	-77.924629
21517.053223	-77.767395
21522.436523	-77.283348
21527.819824	-77.129356
21533.203125	-76.967163
21538.586426	-76.755768
21543.969727	-76.964928
21549.353027	-76.839027
21554.736328	-76.856804
21560.119629	-77.339760
21565.502930	-77.503563
21570.886230	-77.796524
21576.269531	-77.972832
21581.652832	-78.478935
21587.036133	-79.278687
21592.419434	-79.602791
21597.802734	-80.179703
21603.186035	-81.088478
21608.569336	-81.698814
21613.952637	-82.519852
21619.335938	-83.015396
21624.719238	-83.463081
21630.102539	-84.305779
21635.485840	-84.466408
21640.869141	-85.188690
21646.252441	-85.473206
21651.635742	-85.461884
21657.019043	-86.263283
21662.402344	-86.145554
21667.785645	-86.112869
21673.168945	-86.594009
21678.552246	-86.343819
21683.935547	-86.427315
21689.318848	-87.095818
21694.702148	-86.834396
21700.085449	-87.224922
21705.468750	-87.029472
21710.852051	-86.915115
21716.235352	-87.294952
21721.618652	-86.410690
21727.001953	-85.902870
21732.385254	-85.962486
21737.768555	-85.936417
21743.151855	-85.707581
21748.535156	-85.656876
21753.918457	-85.473183
21759.301758	-85.755867
21764.685059	-85.584122
21770.068359	-85.578308
21775.451660	-86.355896
21780.834961	-86.444992
21786.218262	-86.972748
21791.601562	-87.596703
21796.984863	-87.240669
21802.368164	-87.377754
21807.751465	-87.070564
21813.134766	-86.365189
21818.518066	-85.914238
21823.901367	-84.885391
21829.284668	-84.265053
21834.667969	-83.150658
21840.051270	-81.914444
21845.434570	-81.344810
21850.817871	-80.535812
21856.201172	-79.999161
21861.584473	-79.372734
21866.967773	-78.582962
21872.351074	-78.232338
21877.734375	-77.818680
21883.117676	-77.526009
21888.500977	-77.419197
21893.884277	-77.234352
21899.267578	-77.274658
21904.650879	-77.310776
21910.034180	-77.276108
21915.417480	-77.629890
21920.800781	-77.857780
21926.184082	-77.996109
21931.567383	-78.484573
21936.950684	-78.854073
21942.333984	-79.495438
21947.717285	-80.078659
21953.100586	-80.471603
21958.483887	-81.303146
21963.867188	-81.609779
21969.250488	-81.900070
21974.633789	-81.752937
21980.017090	-81.201630
21985.400391	-81.068413
21990.783691	-80.868027
21996.166992	-80.262619
22001.550293	-79.631676
22006.933594	-78.800034
22012.316895	-78.447426
22017.700195	-77.906097
22023.083496	-77.337196
22028.466797	-77.011375
22033.850098	-76.798538
22039.233398	-76.677109
22044.616699	-76.601463
