Frequency (Hz)	Level (dB)
5.383301	-38.906597
10.766602	-38.649174
16.149902	-38.371700
21.533203	-38.043648
26.916504	-38.892788
32.299805	-41.167171
37.683105	-41.435459
43.066406	-38.031494
48.449707	-34.851982
53.833008	-35.383686
59.216309	-36.490013
64.599609	-36.644321
69.982910	-36.910942
75.366211	-38.319527
80.749512	-40.138641
86.132812	-39.793930
91.516113	-38.769848
96.899414	-39.104515
102.282715	-40.283871
107.666016	-42.485447
113.049316	-44.272919
118.432617	-47.868721
123.815918	-53.969616
129.199219	-60.554035
134.582520	-59.736034
139.965820	-59.573711
145.349121	-63.415539
150.732422	-53.393955
156.115723	-42.722130
161.499023	-36.181904
166.882324	-33.998718
172.265625	-34.269230
177.648926	-33.191238
183.032227	-31.936668
188.415527	-32.054138
193.798828	-34.471798
199.182129	-37.477779
204.565430	-32.391071
209.948730	-25.963182
215.332031	-20.806217
220.715332	-15.074965
226.098633	-12.257516
231.481934	-15.235015
236.865234	-18.021975
242.248535	-20.222607
247.631836	-22.849890
253.015137	-26.792955
258.398438	-34.274918
263.781738	-38.081741
269.165039	-32.176083
274.548340	-29.823050
279.931641	-29.832108
285.314941	-27.293676
290.698242	-22.002201
296.081543	-20.133432
301.464844	-21.512518
306.848145	-26.597353
312.231445	-30.460920
317.614746	-27.241636
322.998047	-26.532475
328.381348	-28.341791
333.764648	-30.831591
339.147949	-30.376791
344.531250	-28.612026
349.914551	-29.220694
355.297852	-30.118629
360.681152	-28.711546
366.064453	-26.940145
371.447754	-26.370646
376.831055	-26.658735
382.214355	-27.413059
387.597656	-27.456469
392.980957	-27.444256
398.364258	-27.957087
403.747559	-29.407883
409.130859	-30.293419
414.514160	-30.364712
419.897461	-31.055771
425.280762	-32.740559
430.664062	-34.359505
436.047363	-37.133076
441.430664	-38.221458
446.813965	-32.640400
452.197266	-29.383875
457.580566	-27.391285
462.963867	-27.419054
468.347168	-25.733837
473.730469	-24.497265
479.113770	-25.669153
484.497070	-31.121565
489.880371	-33.460537
495.263672	-29.932531
500.646973	-29.772530
506.030273	-31.193188
511.413574	-31.476372
516.796875	-33.622395
522.180176	-38.402157
527.563477	-37.688499
532.946777	-40.796486
538.330078	-42.156345
543.713379	-33.453796
549.096680	-30.318624
554.479980	-29.336563
559.863281	-28.591543
565.246582	-25.381500
570.629883	-23.266302
576.013184	-22.993736
581.396484	-23.478397
586.779785	-24.069387
592.163086	-25.640501
597.546387	-27.478182
602.929688	-27.311687
608.312988	-26.255590
613.696289	-29.825092
619.079590	-34.543106
624.462891	-36.471321
629.846191	-41.186104
635.229492	-45.533943
640.612793	-39.201134
645.996094	-33.735687
651.379395	-30.725599
656.762695	-29.473492
662.145996	-30.007357
667.529297	-32.804852
672.912598	-36.628353
678.295898	-35.961624
683.679199	-31.911572
689.062500	-27.881485
694.445801	-25.233900
699.829102	-24.417017
705.212402	-25.157719
710.595703	-27.940874
715.979004	-30.730011
721.362305	-30.206078
726.745605	-29.459135
732.128906	-31.694563
737.512207	-35.449364
742.895508	-32.886272
748.278809	-30.549967
753.662109	-30.986862
759.045410	-33.172878
764.428711	-33.956791
769.812012	-32.417870
775.195312	-32.869076
780.578613	-32.943115
785.961914	-29.106298
791.345215	-26.505041
796.728516	-27.787502
802.111816	-32.177723
807.495117	-31.921320
812.878418	-29.661249
818.261719	-26.251047
823.645020	-23.685179
829.028320	-23.351501
834.411621	-25.342176
839.794922	-27.666304
845.178223	-26.517393
850.561523	-23.892879
855.944824	-24.668482
861.328125	-30.109606
866.711426	-29.526072
872.094727	-26.630064
877.478027	-25.211979
882.861328	-25.213522
888.244629	-25.842955
893.627930	-26.164068
899.011230	-28.064201
904.394531	-32.197147
909.777832	-39.642452
915.161133	-46.257702
920.544434	-47.064163
925.927734	-50.588326
931.311035	-46.121178
936.694336	-42.585430
942.077637	-41.825226
947.460938	-43.652386
952.844238	-47.016376
958.227539	-43.215309
963.610840	-38.127750
968.994141	-37.111404
974.377441	-40.202587
979.760742	-33.833797
985.144043	-28.805311
990.527344	-29.117838
995.910645	-32.400444
1001.293945	-30.467594
1006.677246	-29.427294
1012.060547	-32.592731
1017.443848	-37.869633
1022.827148	-32.198364
1028.210449	-29.315681
1033.593750	-29.861731
1038.977051	-32.292175
1044.360352	-31.558041
1049.743652	-28.791231
1055.126953	-27.787659
1060.510254	-28.732561
1065.893555	-30.482500
1071.276855	-30.096968
1076.660156	-28.710409
1082.043457	-28.377060
1087.426758	-28.963194
1092.810059	-29.295855
1098.193359	-28.394737
1103.576660	-27.647261
1108.959961	-28.007719
1114.343262	-29.067911
1119.726562	-30.156178
1125.109863	-30.615566
1130.493164	-30.574329
1135.876465	-30.791088
1141.259766	-32.001698
1146.643066	-33.480476
1152.026367	-33.311195
1157.409668	-32.641273
1162.792969	-33.240948
1168.176270	-34.887505
1173.559570	-34.767986
1178.942871	-32.149353
1184.326172	-30.749819
1189.709473	-31.426411
1195.092773	-35.321781
1200.476074	-38.653008
1205.859375	-34.640110
1211.242676	-32.496002
1216.625977	-33.560383
1222.009277	-37.391277
1227.392578	-33.085339
1232.775879	-32.473129
1238.159180	-37.023746
1243.542480	-40.908485
1248.925781	-34.891190
1254.309082	-32.348400
1259.692383	-33.436024
1265.075684	-38.530891
1270.458984	-37.948704
1275.842285	-34.156776
1281.225586	-34.823444
1286.608887	-39.522179
1291.992188	-39.458237
1297.375488	-35.900936
1302.758789	-35.383923
1308.142090	-36.831841
1313.525391	-39.009476
1318.908691	-40.223927
1324.291992	-39.188553
1329.675293	-37.941811
1335.058594	-38.509815
1340.441895	-41.109936
1345.825195	-39.495884
1351.208496	-36.264618
1356.591797	-36.036068
1361.975098	-38.582123
1367.358398	-42.060455
1372.741699	-42.200722
1378.125000	-40.795101
1383.508301	-40.783562
1388.891602	-41.336365
1394.274902	-41.872345
1399.658203	-42.335979
1405.041504	-41.837326
1410.424805	-39.366650
1415.808105	-38.995865
1421.191406	-43.384216
1426.574707	-48.720737
1431.958008	-45.752705
1437.341309	-45.261227
1442.724609	-47.711262
1448.107910	-48.504276
1453.491211	-48.128235
1458.874512	-49.238293
1464.257812	-54.840923
1469.641113	-53.051632
1475.024414	-50.079319
1480.407715	-50.446304
1485.791016	-52.787258
1491.174316	-56.807583
1496.557617	-58.645737
1501.940918	-52.875610
1507.324219	-46.990131
1512.707520	-46.139149
1518.090820	-49.498943
1523.474121	-51.397381
1528.857422	-48.677776
1534.240723	-49.480488
1539.624023	-53.045448
1545.007324	-49.074345
1550.390625	-47.842346
1555.773926	-51.891724
1561.157227	-51.740849
1566.540527	-44.764908
1571.923828	-42.992695
1577.307129	-42.724529
1582.690430	-40.788853
1588.073730	-39.682529
1593.457031	-39.815144
1598.840332	-39.600605
1604.223633	-39.768345
1609.606934	-42.178345
1614.990234	-42.991947
1620.373535	-40.214294
1625.756836	-39.623764
1631.140137	-40.731667
1636.523438	-40.797958
1641.906738	-41.608013
1647.290039	-40.951866
1652.673340	-39.404617
1658.056641	-39.935329
1663.439941	-39.963882
1668.823242	-39.410622
1674.206543	-39.996307
1679.589844	-42.042931
1684.973145	-45.286530
1690.356445	-48.118149
1695.739746	-52.213737
1701.123047	-56.172760
1706.506348	-46.477291
1711.889648	-42.627556
1717.272949	-41.054607
1722.656250	-40.524349
1728.039551	-39.441917
1733.422852	-38.401859
1738.806152	-38.002697
1744.189453	-38.121975
1749.572754	-38.285328
1754.956055	-38.588200
1760.339355	-39.069122
1765.722656	-40.161495
1771.105957	-41.769833
1776.489258	-43.867645
1781.872559	-45.584564
1787.255859	-46.958420
1792.639160	-47.206715
1798.022461	-46.820156
1803.405762	-46.956894
1808.789062	-48.540077
1814.172363	-50.901314
1819.555664	-52.464985
1824.938965	-52.204781
1830.322266	-50.358482
1835.705566	-48.978886
1841.088867	-48.620998
1846.472168	-49.675816
1851.855469	-51.146328
1857.238770	-51.764061
1862.622070	-51.626171
1868.005371	-51.611721
1873.388672	-51.700733
1878.771973	-49.345398
1884.155273	-47.186378
1889.538574	-45.572231
1894.921875	-44.723545
1900.305176	-45.611801
1905.688477	-49.660465
1911.071777	-52.320171
1916.455078	-51.985729
1921.838379	-55.111237
1927.221680	-57.765457
1932.604980	-51.819904
1937.988281	-49.728168
1943.371582	-50.602436
1948.754883	-51.851162
1954.138184	-48.784836
1959.521484	-46.657242
1964.904785	-46.386101
1970.288086	-48.715038
1975.671387	-51.225433
1981.054688	-48.051895
1986.437988	-45.168766
1991.821289	-45.035732
1997.204590	-48.482525
2002.587891	-49.240776
2007.971191	-46.166626
2013.354492	-45.299755
2018.737793	-46.116436
2024.121094	-49.358803
2029.504395	-52.696064
2034.887695	-47.314034
2040.270996	-45.125488
2045.654297	-46.961399
2051.037598	-49.645237
2056.420898	-46.021679
2061.804199	-44.067959
2067.187500	-45.417915
2072.570801	-51.551048
2077.954102	-52.038147
2083.337402	-47.938152
2088.720703	-47.912704
2094.104004	-49.839149
2099.487305	-49.000698
2104.870605	-47.294613
2110.253906	-48.144596
2115.637207	-53.277420
2121.020508	-53.966602
2126.403809	-47.647503
2131.787109	-45.219711
2137.170410	-43.055439
2142.553711	-40.557190
2147.937012	-39.027885
2153.320312	-39.037045
2158.703613	-39.727833
2164.086914	-39.999722
2169.470215	-40.034058
2174.853516	-41.074501
2180.236816	-42.834545
2185.620117	-44.728729
2191.003418	-47.626637
2196.386719	-43.950619
2201.770020	-40.763386
2207.153320	-40.500023
2212.536621	-39.448811
2217.919922	-38.236637
2223.303223	-39.185631
2228.686523	-41.952644
2234.069824	-42.506989
2239.453125	-41.942905
2244.836426	-40.337780
2250.219727	-40.384361
2255.603027	-44.812084
2260.986328	-49.199329
2266.369629	-45.733582
2271.752930	-46.903286
2277.136230	-48.289669
2282.519531	-44.476742
2287.902832	-43.731350
2293.286133	-47.896488
2298.669434	-50.226337
2304.052734	-44.355259
2309.436035	-43.338234
2314.819336	-47.496841
2320.202637	-51.192108
2325.585938	-43.877361
2330.969238	-42.431618
2336.352539	-45.679169
2341.735840	-50.052895
2347.119141	-44.175343
2352.502441	-42.307331
2357.885742	-44.501419
2363.269043	-50.858517
2368.652344	-47.309044
2374.035645	-44.622086
2379.418945	-46.725430
2384.802246	-52.115738
2390.185547	-51.977489
2395.568848	-50.261555
2400.952148	-50.845417
2406.335449	-51.455238
2411.718750	-51.737522
2417.102051	-49.724461
2422.485352	-48.343563
2427.868652	-48.946377
2433.251953	-51.191765
2438.635254	-50.951694
2444.018555	-50.331928
2449.401855	-52.115532
2454.785156	-52.510681
2460.168457	-50.311813
2465.551758	-49.690826
2470.935059	-49.844555
2476.318359	-49.797005
2481.701660	-51.425037
2487.084961	-55.131935
2492.468262	-56.744812
2497.851562	-54.519379
2503.234863	-54.883476
2508.618164	-60.182789
2514.001465	-63.507366
2519.384766	-61.135635
2524.768066	-57.125782
2530.151367	-52.152622
2535.534668	-50.268986
2540.917969	-50.628117
2546.301270	-50.470612
2551.684570	-48.469906
2557.067871	-46.897251
2562.451172	-45.904808
2567.834473	-46.477509
2573.217773	-48.404369
2578.601074	-48.092991
2583.984375	-46.714878
2589.367676	-47.144154
2594.750977	-46.937580
2600.134277	-45.397949
2605.517578	-44.417194
2610.900879	-43.575607
2616.284180	-42.103058
2621.667480	-41.576710
2627.050781	-42.780247
2632.434082	-44.069191
2637.817383	-42.694954
2643.200684	-41.883835
2648.583984	-43.909920
2653.967285	-48.677914
2659.350586	-44.877522
2664.733887	-42.016747
2670.117188	-43.287544
2675.500488	-49.242012
2680.883789	-47.809616
2686.267090	-45.243450
2691.650391	-47.657730
2697.033691	-52.007908
2702.416992	-49.367645
2707.800293	-48.354660
2713.183594	-51.273262
2718.566895	-56.919960
2723.950195	-53.057514
2729.333496	-52.005180
2734.716797	-56.995689
2740.100098	-53.937878
2745.483398	-47.562378
2750.866699	-46.472088
2756.250000	-48.989075
2761.633301	-48.453255
2767.016602	-46.022190
2772.399902	-46.728390
2777.783203	-48.285969
2783.166504	-47.021908
2788.549805	-47.362598
2793.933105	-51.057419
2799.316406	-50.225315
2804.699707	-47.056915
2810.083008	-48.254341
2815.466309	-53.887100
2820.849609	-52.112667
2826.232910	-46.953918
2831.616211	-46.727600
2836.999512	-51.431141
2842.382812	-53.331562
2847.766113	-47.692421
2853.149414	-47.357964
2858.532715	-52.232250
2863.916016	-54.132042
2869.299316	-49.748688
2874.682617	-50.038357
2880.065918	-54.520023
2885.449219	-56.291943
2890.832520	-53.280590
2896.215820	-53.815472
2901.599121	-53.772030
2906.982422	-53.801773
2912.365723	-55.858208
2917.749023	-60.487972
2923.132324	-58.097214
2928.515625	-55.996056
2933.898926	-56.748604
2939.282227	-57.696384
2944.665527	-58.749844
2950.048828	-62.839012
2955.432129	-61.206116
2960.815430	-54.034267
2966.198730	-52.164108
2971.582031	-54.569138
2976.965332	-56.943600
2982.348633	-49.435482
2987.731934	-46.824512
2993.115234	-47.350773
2998.498535	-49.859108
3003.881836	-48.089417
3009.265137	-45.202114
3014.648438	-44.699104
3020.031738	-46.775341
3025.415039	-48.991421
3030.798340	-46.885895
3036.181641	-45.454918
3041.564941	-46.682732
3046.948242	-49.238731
3052.331543	-47.851330
3057.714844	-44.979687
3063.098145	-44.855801
3068.481445	-46.449791
3073.864746	-45.877125
3079.248047	-43.533058
3084.631348	-42.895107
3090.014648	-43.852161
3095.397949	-44.500835
3100.781250	-43.183987
3106.164551	-42.655445
3111.547852	-43.405334
3116.931152	-44.369957
3122.314453	-44.159412
3127.697754	-43.779297
3133.081055	-44.066151
3138.464355	-44.653370
3143.847656	-44.679420
3149.230957	-44.782566
3154.614258	-45.071106
3159.997559	-45.614704
3165.380859	-46.667427
3170.764160	-48.150669
3176.147461	-48.643642
3181.530762	-49.319267
3186.914062	-51.535492
3192.297363	-54.206753
3197.680664	-53.625648
3203.063965	-54.219559
3208.447266	-58.916527
3213.830566	-56.096066
3219.213867	-50.274830
3224.597168	-49.249744
3229.980469	-52.907612
3235.363770	-52.408546
3240.747070	-45.852402
3246.130371	-44.714802
3251.513672	-47.612389
3256.896973	-53.913521
3262.280273	-48.978493
3267.663574	-46.176788
3273.046875	-47.599865
3278.430176	-52.170719
3283.813477	-50.201412
3289.196777	-46.836662
3294.580078	-46.808628
3299.963379	-49.517296
3305.346680	-51.761646
3310.729980	-47.825863
3316.113281	-46.642582
3321.496582	-48.853661
3326.879883	-52.151062
3332.263184	-48.521538
3337.646484	-46.541031
3343.029785	-47.835201
3348.413086	-51.004360
3353.796387	-51.316193
3359.179688	-50.183533
3364.562988	-50.718819
3369.946289	-52.301399
3375.329590	-54.564396
3380.712891	-57.380238
3386.096191	-55.551086
3391.479492	-53.421459
3396.862793	-53.026936
3402.246094	-54.235451
3407.629395	-55.591068
3413.012695	-54.892982
3418.395996	-52.372452
3423.779297	-51.030987
3429.162598	-50.664211
3434.545898	-51.580505
3439.929199	-52.694691
3445.312500	-52.115341
3450.695801	-50.855888
3456.079102	-51.056225
3461.462402	-53.240387
3466.845703	-54.832661
3472.229004	-52.995361
3477.612305	-51.965340
3482.995605	-53.388527
3488.378906	-56.972256
3493.762207	-55.921467
3499.145508	-52.886181
3504.528809	-52.608025
3509.912109	-56.096161
3515.295410	-61.041256
3520.678711	-57.829140
3526.062012	-57.409454
3531.445312	-58.034576
3536.828613	-53.458866
3542.211914	-51.301517
3547.595215	-53.118744
3552.978516	-58.862648
3558.361816	-53.489014
3563.745117	-49.893784
3569.128418	-49.991566
3574.511719	-52.521881
3579.895020	-54.007801
3585.278320	-51.175484
3590.661621	-48.075958
3596.044922	-48.118961
3601.428223	-51.392143
3606.811523	-56.430122
3612.194824	-51.289845
3617.578125	-49.589893
3622.961426	-51.181973
3628.344727	-55.995583
3633.728027	-55.136356
3639.111328	-50.615780
3644.494629	-50.545029
3649.877930	-55.006248
3655.261230	-65.212723
3660.644531	-62.028618
3666.027832	-58.678776
3671.411133	-61.146812
3676.794434	-68.482399
3682.177734	-62.751236
3687.561035	-59.784416
3692.944336	-61.483589
3698.327637	-64.549858
3703.710938	-63.991199
3709.094238	-62.084408
3714.477539	-62.007751
3719.860840	-61.755508
3725.244141	-59.907532
3730.627441	-58.748985
3736.010742	-57.670509
3741.394043	-56.800117
3746.777344	-56.471809
3752.160645	-56.312080
3757.543945	-55.341141
3762.927246	-54.313759
3768.310547	-54.242142
3773.693848	-55.711823
3779.077148	-54.792431
3784.460449	-52.218948
3789.843750	-51.958435
3795.227051	-54.178333
3800.610352	-53.181702
3805.993652	-51.537376
3811.376953	-53.115391
3816.760254	-54.185776
3822.143555	-52.251900
3827.526855	-52.482174
3832.910156	-53.759258
3838.293457	-52.587894
3843.676758	-51.825809
3849.060059	-54.849022
3854.443359	-56.636257
3859.826660	-52.521751
3865.209961	-51.888172
3870.593262	-55.140766
3875.976562	-52.646233
3881.359863	-48.880188
3886.743164	-48.955048
3892.126465	-53.140759
3897.509766	-54.402218
3902.893066	-50.397217
3908.276367	-50.696609
3913.659668	-53.373108
3919.042969	-52.377087
3924.426270	-48.991291
3929.809570	-47.862606
3935.192871	-50.190151
3940.576172	-52.891842
3945.959473	-50.999325
3951.342773	-50.994629
3956.726074	-52.386925
3962.109375	-51.442242
3967.492676	-50.402355
3972.875977	-51.662106
3978.259277	-51.006721
3983.642578	-50.990986
3989.025879	-54.963966
3994.409180	-58.490601
3999.792480	-55.587124
4005.175781	-57.079037
4010.559082	-62.062805
4015.942383	-60.355255
4021.325684	-58.346024
4026.708984	-58.372368
4032.092285	-55.786537
4037.475586	-52.398399
4042.858887	-50.755360
4048.242188	-50.069378
4053.625488	-50.129631
4059.008789	-50.269604
4064.392090	-49.623383
4069.775391	-48.268269
4075.158691	-48.178890
4080.541992	-49.697601
4085.925293	-49.792778
4091.308594	-47.870480
4096.691895	-47.158257
4102.075195	-48.125340
4107.458496	-49.411861
4112.841797	-48.240044
4118.225098	-46.928082
4123.608398	-46.703205
4128.991699	-47.770287
4134.375000	-48.775623
4139.758301	-47.676311
4145.141602	-46.822388
4150.524902	-48.193100
4155.908203	-51.451336
4161.291504	-51.660313
4166.674805	-48.793365
4172.058105	-48.862320
4177.441406	-52.183952
4182.824707	-55.925060
4188.208008	-51.548710
4193.591309	-50.462440
4198.974609	-53.457073
4204.357910	-60.077026
4209.741211	-55.075302
4215.124512	-52.627945
4220.507812	-54.290627
4225.891113	-61.116253
4231.274414	-60.617565
4236.657715	-57.134380
4242.041016	-58.440151
4247.424316	-63.932423
4252.807617	-61.137535
4258.190918	-60.407722
4263.574219	-63.243469
4268.957520	-66.196098
4274.340820	-62.206028
4279.724121	-59.200130
4285.107422	-60.972710
4290.490723	-64.822823
4295.874023	-56.501495
4301.257324	-53.003792
4306.640625	-53.730175
4312.023926	-59.043842
4317.407227	-58.659237
4322.790527	-53.778683
4328.173828	-53.825756
4333.557129	-58.370041
4338.940430	-60.111259
4344.323730	-55.535511
4349.707031	-55.271500
4355.090332	-59.921463
4360.473633	-67.546532
4365.856934	-60.175568
4371.240234	-59.847015
4376.623535	-61.071098
4382.006836	-58.655483
4387.390137	-54.963982
4392.773438	-53.395340
4398.156738	-54.450417
4403.540039	-55.237640
4408.923340	-53.421116
4414.306641	-51.998775
4419.689941	-52.235909
4425.073242	-53.670578
4430.456543	-53.279633
4435.839844	-52.937542
4441.223145	-54.344322
4446.606445	-55.869705
4451.989746	-53.771969
4457.373047	-52.189590
4462.756348	-53.048656
4468.139648	-56.676598
4473.522949	-55.341648
4478.906250	-52.630226
4484.289551	-53.803913
4489.672852	-59.342220
4495.056152	-58.462406
4500.439453	-54.530586
4505.822754	-55.689232
4511.206055	-60.197838
4516.589355	-57.855698
4521.972656	-54.570728
4527.355957	-54.357891
4532.739258	-58.110085
4538.122559	-64.565384
4543.505859	-58.410789
4548.889160	-54.555103
4554.272461	-54.477928
4559.655762	-57.451969
4565.039062	-60.652115
4570.422363	-56.945293
4575.805664	-54.825737
4581.188965	-55.058834
4586.572266	-56.320381
4591.955566	-57.129662
4597.338867	-57.282612
4602.722168	-56.796890
4608.105469	-55.375172
4613.488770	-55.324245
4618.872070	-57.728531
4624.255371	-58.350410
4629.638672	-54.734840
4635.021973	-53.803345
4640.405273	-56.260357
4645.788574	-62.405483
4651.171875	-57.006557
4656.555176	-54.208652
4661.938477	-56.085938
4667.321777	-62.998962
4672.705078	-60.921440
4678.088379	-58.137470
4683.471680	-61.018627
4688.854980	-64.774734
4694.238281	-56.989906
4699.621582	-54.583675
4705.004883	-57.639671
4710.388184	-63.682507
4715.771484	-55.887009
4721.154785	-52.709927
4726.538086	-54.294174
4731.921387	-59.395252
4737.304688	-54.520596
4742.687988	-51.333992
4748.071289	-52.954021
4753.454590	-57.331200
4758.837891	-55.068462
4764.221191	-53.873466
4769.604492	-55.954536
4774.987793	-57.749844
4780.371094	-60.390697
4785.754395	-62.989357
4791.137695	-58.780903
4796.520996	-57.185970
4801.904297	-59.562695
4807.287598	-64.234795
4812.670898	-62.377991
4818.054199	-59.288841
4823.437500	-56.338711
4828.820801	-54.488544
4834.204102	-55.868725
4839.587402	-59.967163
4844.970703	-52.755661
4850.354004	-49.294857
4855.737305	-49.531563
4861.120605	-53.347778
4866.503906	-53.315311
4871.887207	-50.307369
4877.270508	-50.055267
4882.653809	-52.829952
4888.037109	-56.608040
4893.420410	-54.074802
4898.803711	-51.280548
4904.187012	-52.243309
4909.570312	-58.071587
4914.953613	-60.825279
4920.336914	-54.097221
4925.720215	-54.234486
4931.103516	-59.604866
4936.486816	-57.530323
4941.870117	-52.878983
4947.253418	-53.044182
4952.636719	-57.295483
4958.020020	-61.443783
4963.403320	-55.456535
4968.786621	-54.703606
4974.169922	-57.953411
4979.553223	-62.400253
4984.936523	-60.866261
4990.319824	-60.761482
4995.703125	-63.355751
5001.086426	-60.181412
5006.469727	-57.246292
5011.853027	-57.606323
5017.236328	-62.284462
5022.619629	-58.810715
5028.002930	-54.184078
5033.386230	-52.913380
5038.769531	-54.759037
5044.152832	-57.008884
5049.536133	-55.044666
5054.919434	-52.956867
5060.302734	-53.316616
5065.686035	-55.306362
5071.069336	-56.880890
5076.452637	-54.854256
5081.835938	-52.926003
5087.219238	-53.078926
5092.602539	-55.468678
5097.985840	-57.033844
5103.369141	-55.480900
5108.752441	-54.634407
5114.135742	-55.673069
5119.519043	-58.507137
5124.902344	-65.386490
5130.285645	-62.548962
5135.668945	-57.168686
5141.052246	-57.090855
5146.435547	-59.730721
5151.818848	-55.957973
5157.202148	-53.211674
5162.585449	-53.937305
5167.968750	-57.965485
5173.352051	-58.970188
5178.735352	-56.062046
5184.118652	-55.905846
5189.501953	-56.220085
5194.885254	-55.028778
5200.268555	-55.347466
5205.651855	-57.817093
5211.035156	-62.050560
5216.418457	-56.240788
5221.801758	-52.385185
5227.185059	-53.067101
5232.568359	-59.743343
5237.951660	-58.111214
5243.334961	-52.372169
5248.718262	-51.374306
5254.101562	-54.548016
5259.484863	-59.389626
5264.868164	-52.704296
5270.251465	-49.520927
5275.634766	-49.889881
5281.018066	-54.482304
5286.401367	-56.373325
5291.784668	-50.749298
5297.167969	-50.169739
5302.551270	-53.366512
5307.934570	-58.522942
5313.317871	-57.837029
5318.701172	-58.035069
5324.084473	-59.273979
5329.467773	-55.665905
5334.851074	-53.734253
5340.234375	-55.130840
5345.617676	-58.263409
5351.000977	-54.946831
5356.384277	-52.452614
5361.767578	-52.151672
5367.150879	-53.132420
5372.534180	-52.949352
5377.917480	-52.220356
5383.300781	-52.286266
5388.684082	-51.752335
5394.067383	-50.655102
5399.450684	-51.486477
5404.833984	-54.185070
5410.217285	-52.238991
5415.600586	-49.440731
5420.983887	-50.329834
5426.367188	-55.765411
5431.750488	-54.508690
5437.133789	-50.012775
5442.517090	-50.303932
5447.900391	-55.598366
5453.283691	-55.089191
5458.666992	-50.839066
5464.050293	-51.439240
5469.433594	-56.903919
5474.816895	-56.578255
5480.200195	-52.129482
5485.583496	-52.375462
5490.966797	-57.593391
5496.350098	-59.814430
5501.733398	-54.040749
5507.116699	-53.338558
5512.500000	-57.390335
5517.883301	-61.137432
5523.266602	-54.125771
5528.649902	-52.369587
5534.033203	-55.004955
5539.416504	-61.078979
5544.799805	-56.281494
5550.183105	-52.484261
5555.566406	-53.043861
5560.949707	-57.801750
5566.333008	-61.218384
5571.716309	-55.437038
5577.099609	-54.589920
5582.482910	-57.920029
5587.866211	-66.417336
5593.249512	-59.871674
5598.632812	-57.201935
5604.016113	-59.232697
5609.399414	-63.228249
5614.782715	-60.081394
5620.166016	-59.788055
5625.549316	-65.025581
5630.932617	-62.380234
5636.315918	-57.959423
5641.699219	-57.654854
5647.082520	-61.866970
5652.465820	-62.685883
5657.849121	-57.665413
5663.232422	-56.666451
5668.615723	-58.481220
5673.999023	-59.333321
5679.382324	-57.437897
5684.765625	-56.336945
5690.148926	-57.283371
5695.532227	-59.331894
5700.915527	-61.563293
5706.298828	-61.198090
5711.682129	-60.848396
5717.065430	-62.665058
5722.448730	-67.730164
5727.832031	-70.948601
5733.215332	-71.374512
5738.598633	-64.515282
5743.981934	-57.841480
5749.365234	-55.874153
5754.748535	-57.760628
5760.131836	-60.953907
5765.515137	-55.679726
5770.898438	-54.001369
5776.281738	-56.430035
5781.665039	-62.890854
5787.048340	-58.660366
5792.431641	-56.246132
5797.814941	-57.769962
5803.198242	-63.626148
5808.581543	-64.732208
5813.964844	-61.378895
5819.348145	-62.418205
5824.731445	-68.895470
5830.114746	-66.871620
5835.498047	-61.618946
5840.881348	-60.928249
5846.264648	-64.485931
5851.647949	-67.259872
5857.031250	-60.114891
5862.414551	-57.384148
5867.797852	-59.133659
5873.181152	-64.962021
5878.564453	-59.498520
5883.947754	-56.016853
5889.331055	-57.142532
5894.714355	-62.728222
5900.097656	-61.330502
5905.480957	-56.851131
5910.864258	-56.745846
5916.247559	-60.490685
5921.630859	-64.153374
5927.014160	-59.114784
5932.397461	-57.877556
5937.780762	-60.087357
5943.164062	-66.216202
5948.547363	-70.502487
5953.930664	-66.870804
5959.313965	-67.169441
5964.697266	-73.213448
5970.080566	-73.466263
5975.463867	-69.536438
5980.847168	-70.774605
5986.230469	-75.182655
5991.613770	-73.041489
5996.997070	-72.650513
6002.380371	-72.087547
6007.763672	-69.678230
6013.146973	-69.216751
6018.530273	-69.062218
6023.913574	-70.987526
6029.296875	-71.264900
6034.680176	-72.225586
6040.063477	-70.153404
6045.446777	-67.876358
6050.830078	-67.164482
6056.213379	-70.383766
6061.596680	-74.545883
6066.979980	-74.756699
6072.363281	-73.524246
6077.746582	-75.098045
6083.129883	-74.638336
6088.513184	-71.818878
6093.896484	-73.053688
6099.279785	-78.572456
6104.663086	-74.998772
6110.046387	-71.632286
6115.429688	-71.902702
6120.812988	-71.332314
6126.196289	-67.963905
6131.579590	-64.625214
6136.962891	-65.167755
6142.346191	-66.740601
6147.729492	-62.931530
6153.112793	-60.691494
6158.496094	-62.311966
6163.879395	-62.769871
6169.262695	-60.335896
6174.645996	-59.892605
6180.029297	-61.605499
6185.412598	-60.473553
6190.795898	-59.000473
6196.179199	-59.780041
6201.562500	-61.002953
6206.945801	-58.064114
6212.329102	-56.951855
6217.712402	-59.061680
6223.095703	-60.527622
6228.479004	-56.786015
6233.862305	-56.315350
6239.245605	-59.484352
6244.628906	-59.385578
6250.012207	-55.675304
6255.395508	-55.665451
6260.778809	-58.623692
6266.162109	-60.204906
6271.545410	-57.669464
6276.928711	-57.899582
6282.312012	-61.778290
6287.695312	-64.144531
6293.078613	-59.579372
6298.461914	-59.103260
6303.845215	-62.135525
6309.228516	-63.364159
6314.611816	-59.535896
6319.995117	-59.271030
6325.378418	-62.867943
6330.761719	-65.733459
6336.145020	-61.040001
6341.528320	-59.897514
6346.911621	-62.336182
6352.294922	-66.830803
6357.678223	-64.077179
6363.061523	-62.325745
6368.444824	-63.562363
6373.828125	-69.107254
6379.211426	-74.049599
6384.594727	-69.775108
6389.978027	-68.890709
6395.361328	-72.337601
6400.744629	-72.940804
6406.127930	-67.779358
6411.511230	-66.489838
6416.894531	-69.476204
6422.277832	-71.300354
6427.661133	-64.064987
6433.044434	-61.587109
6438.427734	-62.414993
6443.811035	-67.320358
6449.194336	-67.827690
6454.577637	-63.162926
6459.960938	-62.145233
6465.344238	-64.601135
6470.727539	-70.227966
6476.110840	-66.608162
6481.494141	-63.151440
6486.877441	-63.648453
6492.260742	-67.706421
6497.644043	-70.727722
6503.027344	-65.705528
6508.410645	-63.658360
6513.793945	-64.625015
6519.177246	-69.280884
6524.560547	-68.361847
6529.943848	-64.913780
6535.327148	-66.286140
6540.710449	-70.458130
6546.093750	-66.568398
6551.477051	-65.743622
6556.860352	-68.861008
6562.243652	-67.506592
6567.626953	-63.780872
6573.010254	-64.489464
6578.393555	-67.495461
6583.776855	-63.760296
6589.160156	-60.605953
6594.543457	-60.928589
6599.926758	-60.639015
6605.310059	-57.868542
6610.693359	-56.323605
6616.076660	-57.305012
6621.459961	-58.713131
6626.843262	-57.175060
6632.226562	-55.878662
6637.609863	-57.306339
6642.993164	-59.089260
6648.376465	-57.721535
6653.759766	-56.755085
6659.143066	-57.467808
6664.526367	-58.356731
6669.909668	-58.481159
6675.292969	-58.496273
6680.676270	-59.074959
6686.059570	-59.300461
6691.442871	-59.961262
6696.826172	-60.934395
6702.209473	-60.214916
6707.592773	-59.349098
6712.976074	-59.992931
6718.359375	-61.659847
6723.742676	-61.255363
6729.125977	-59.966389
6734.509277	-60.476021
6739.892578	-63.464947
6745.275879	-63.281372
6750.659180	-60.635201
6756.042480	-60.175720
6761.425781	-61.948814
6766.809082	-61.125450
6772.192383	-59.084503
6777.575684	-58.740898
6782.958984	-60.825806
6788.342285	-62.940384
6793.725586	-62.185081
6799.108887	-61.754375
6804.492188	-64.657265
6809.875488	-69.440186
6815.258789	-69.376030
6820.642090	-69.719139
6826.025391	-74.497475
6831.408691	-70.351639
6836.791992	-66.887749
6842.175293	-65.909599
6847.558594	-64.220039
6852.941895	-62.175110
6858.325195	-61.310257
6863.708496	-61.523235
6869.091797	-61.271103
6874.475098	-60.503822
6879.858398	-60.311630
6885.241699	-61.071541
6890.625000	-61.525043
6896.008301	-60.966923
6901.391602	-60.816200
6906.774902	-61.654427
6912.158203	-63.011562
6917.541504	-64.105774
6922.924805	-65.539879
6928.308105	-66.517937
6933.691406	-67.611053
6939.074707	-69.052773
6944.458008	-73.077003
6949.841309	-76.384911
6955.224609	-73.384682
6960.607910	-70.959518
6965.991211	-72.563004
6971.374512	-76.825844
6976.757812	-81.574623
6982.141113	-73.505241
6987.524414	-71.611595
6992.907715	-72.514648
6998.291016	-78.152855
7003.674316	-79.028587
7009.057617	-75.131523
7014.440918	-75.458374
7019.824219	-80.045311
7025.207520	-74.315697
7030.590820	-70.253777
7035.974121	-70.206116
7041.357422	-74.483292
7046.740723	-81.414894
7052.124023	-73.771614
7057.507324	-71.044243
7062.890625	-72.607895
7068.273926	-77.556213
7073.657227	-74.811836
7079.040527	-71.167435
7084.423828	-70.889877
7089.807129	-72.071022
7095.190430	-73.175468
7100.573730	-75.664406
7105.957031	-76.573425
7111.340332	-68.816238
7116.723633	-65.074677
7122.106934	-63.947124
7127.490234	-64.819351
7132.873535	-66.222359
7138.256836	-64.779861
7143.640137	-63.102448
7149.023438	-62.931908
7154.406738	-63.279026
7159.790039	-62.388458
7165.173340	-61.263718
7170.556641	-60.283924
7175.939941	-59.492989
7181.323242	-59.570404
7186.706543	-60.321522
7192.089844	-60.024849
7197.473145	-58.588703
7202.856445	-58.192028
7208.239746	-59.315472
7213.623047	-59.842724
7219.006348	-58.062820
7224.389648	-57.203678
7229.772949	-58.363884
7235.156250	-60.509087
7240.539551	-59.741070
7245.922852	-58.260639
7251.306152	-58.756638
7256.689453	-61.062370
7262.072754	-61.854694
7267.456055	-60.629391
7272.839355	-60.569420
7278.222656	-62.646797
7283.605957	-65.631676
7288.989258	-66.517525
7294.372559	-66.168259
7299.755859	-67.726715
7305.139160	-70.931976
7310.522461	-74.751930
7315.905762	-71.905380
7321.289062	-71.024239
7326.672363	-73.015686
7332.055664	-72.828362
7337.438965	-66.868332
7342.822266	-64.373955
7348.205566	-64.683716
7353.588867	-66.217384
7358.972168	-64.402336
7364.355469	-61.982929
7369.738770	-61.398579
7375.122070	-62.910778
7380.505371	-64.736465
7385.888672	-63.941895
7391.271973	-62.240990
7396.655273	-62.651878
7402.038574	-65.282509
7407.421875	-69.087120
7412.805176	-67.209152
7418.188477	-65.549255
7423.571777	-66.152252
7428.955078	-69.808540
7434.338379	-73.765915
7439.721680	-71.485092
7445.104980	-68.988121
7450.488281	-70.166740
7455.871582	-74.435638
7461.254883	-81.401375
7466.638184	-73.118919
7472.021484	-70.295807
7477.404785	-69.884689
7482.788086	-71.061249
7488.171387	-69.262802
7493.554688	-67.015465
7498.937988	-65.250458
7504.321289	-65.531677
7509.704590	-67.326996
7515.087891	-70.137222
7520.471191	-67.193436
7525.854492	-65.063240
7531.237793	-65.484207
7536.621094	-68.544571
7542.004395	-67.136917
7547.387695	-64.376709
7552.770996	-63.879002
7558.154297	-66.386986
7563.537598	-68.220299
7568.920898	-65.996635
7574.304199	-64.298470
7579.687500	-65.396919
7585.070801	-67.710182
7590.454102	-68.346764
7595.837402	-66.330040
7601.220703	-66.181824
7606.604004	-67.808952
7611.987305	-70.507927
7617.370605	-68.857674
7622.753906	-67.071472
7628.137207	-67.217163
7633.520508	-69.781464
7638.903809	-70.784286
7644.287109	-68.949287
7649.670410	-67.939026
7655.053711	-69.173515
7660.437012	-71.318726
7665.820312	-72.099731
7671.203613	-70.386513
7676.586914	-70.344200
7681.970215	-73.306213
7687.353516	-79.093880
7692.736816	-74.622589
7698.120117	-72.543274
7703.503418	-75.101555
7708.886719	-78.937378
7714.270020	-76.393562
7719.653320	-73.712273
7725.036621	-74.733612
7730.419922	-73.474930
7735.803223	-70.351784
7741.186523	-67.313873
7746.569824	-66.582176
7751.953125	-66.855766
7757.336426	-68.126419
7762.719727	-67.906105
7768.103027	-67.345444
7773.486328	-66.633080
7778.869629	-67.193436
7784.252930	-67.337807
7789.636230	-66.939339
7795.019531	-65.817818
7800.402832	-66.270401
7805.786133	-68.188812
7811.169434	-71.442886
7816.552734	-69.324661
7821.936035	-67.387123
7827.319336	-67.491936
7832.702637	-68.368629
7838.085938	-65.840591
7843.469238	-63.971420
7848.852539	-64.111443
7854.235840	-65.856323
7859.619141	-65.265923
7865.002441	-63.286316
7870.385742	-62.641346
7875.769043	-63.492897
7881.152344	-63.797634
7886.535645	-62.839085
7891.918945	-62.238728
7897.302246	-62.728573
7902.685547	-63.524971
7908.068848	-63.589371
7913.452148	-63.210140
7918.835449	-63.304844
7924.218750	-64.250847
7929.602051	-65.811455
7934.985352	-66.826851
7940.368652	-66.329292
7945.751953	-66.085365
7951.135254	-65.755272
7956.518555	-65.336868
7961.901855	-63.987648
7967.285156	-63.395206
7972.668457	-63.449265
7978.051758	-63.868919
7983.435059	-62.877575
7988.818359	-61.962662
7994.201660	-61.434322
7999.584961	-61.560799
8004.968262	-61.212299
8010.351562	-60.844082
8015.734863	-60.487801
8021.118164	-60.787411
8026.501465	-60.963623
8031.884766	-60.743607
8037.268066	-60.014332
8042.651367	-59.961979
8048.034668	-60.445549
8053.417969	-61.006931
8058.801270	-60.741455
8064.184570	-60.717361
8069.567871	-61.059425
8074.951172	-61.392193
8080.334473	-61.027241
8085.717773	-60.755585
8091.101074	-61.007687
8096.484375	-61.839008
8101.867676	-62.501713
8107.250977	-62.882061
8112.634277	-63.113155
8118.017578	-63.237377
8123.400879	-63.437901
8128.784180	-63.573219
8134.167480	-63.708435
8139.550781	-63.695251
8144.934082	-64.080139
8150.317383	-64.404694
8155.700684	-64.581413
8161.083984	-63.830624
8166.467285	-63.441120
8171.850586	-63.488434
8177.233887	-64.297333
8182.617188	-64.214783
8188.000488	-63.826981
8193.383789	-63.809101
8198.767090	-65.229271
8204.150391	-65.565407
8209.533691	-64.471397
8214.916992	-63.858936
8220.300293	-65.474037
8225.683594	-66.295692
8231.066895	-64.469093
8236.450195	-63.022659
8241.833496	-63.702732
8247.216797	-64.443077
8252.600098	-63.519077
8257.983398	-62.375359
8263.366699	-63.018867
8268.750000	-64.580322
8274.133301	-65.095650
8279.516602	-63.856705
8284.899902	-63.739502
8290.283203	-64.523415
8295.666504	-65.414955
8301.049805	-65.108215
8306.433105	-65.143845
8311.816406	-65.881393
8317.199707	-67.506256
8322.583008	-68.367371
8327.966309	-68.236641
8333.349609	-67.470901
8338.732910	-67.710785
8344.116211	-68.581276
8349.499512	-70.001495
8354.882812	-70.182228
8360.266113	-70.587334
8365.649414	-71.712990
8371.032715	-73.533035
8376.416016	-72.935616
8381.799316	-71.323242
8387.182617	-70.971893
8392.565918	-71.956909
8397.949219	-73.450432
8403.332520	-72.930954
8408.715820	-71.304298
8414.099121	-69.930923
8419.482422	-69.770706
8424.865723	-68.868004
8430.249023	-67.612648
8435.632324	-66.647690
8441.015625	-67.309822
8446.398926	-69.070091
8451.782227	-70.442596
8457.165527	-69.969597
8462.548828	-70.407051
8467.932129	-72.746445
8473.315430	-76.556854
8478.698730	-77.352036
8484.082031	-77.954903
8489.465332	-81.902542
8494.848633	-81.096222
8500.231934	-75.754967
8505.615234	-74.102150
8510.998535	-73.591576
8516.381836	-72.233482
8521.765137	-69.714958
8527.148438	-68.669510
8532.531738	-68.733261
8537.915039	-69.376472
8543.298340	-68.378944
8548.681641	-67.592804
8554.064941	-67.811806
8559.448242	-69.391731
8564.831543	-69.905014
8570.214844	-69.548973
8575.598145	-69.605560
8580.981445	-70.300247
8586.364746	-69.447510
8591.748047	-68.273270
8597.131348	-67.947685
8602.514648	-68.528732
8607.897949	-68.639053
8613.281250	-68.648666
8618.664551	-68.957298
8624.047852	-69.938713
8629.431152	-69.901466
8634.814453	-69.618309
8640.197754	-69.281593
8645.581055	-69.778122
8650.964355	-69.829742
8656.347656	-70.407143
8661.730957	-70.689705
8667.114258	-71.868469
8672.497559	-72.355560
8677.880859	-73.585457
8683.264160	-73.859436
8688.647461	-74.259422
8694.030762	-72.801437
8699.414062	-72.501915
8704.797363	-72.127747
8710.180664	-72.686501
8715.563965	-71.936234
8720.947266	-72.086555
8726.330566	-72.300972
8731.713867	-73.753906
8737.097168	-73.680832
8742.480469	-74.178337
8747.863770	-74.256599
8753.247070	-76.000298
8758.630371	-76.780190
8764.013672	-76.542458
8769.396973	-74.755852
8774.780273	-73.671227
8780.163574	-72.721100
8785.546875	-70.623367
8790.930176	-68.851616
8796.313477	-67.858345
8801.696777	-67.828728
8807.080078	-67.399086
8812.463379	-66.625374
8817.846680	-66.254539
8823.229980	-67.121765
8828.613281	-68.175270
8833.996582	-68.596016
8839.379883	-68.483040
8844.763184	-69.329857
8850.146484	-69.926872
8855.529785	-70.025177
8860.913086	-68.988770
8866.296387	-68.840645
8871.679688	-68.614525
8877.062988	-68.395630
8882.446289	-66.544395
8887.829590	-65.040497
8893.212891	-64.033798
8898.596191	-63.709915
8903.979492	-62.869804
8909.362793	-62.256119
8914.746094	-62.030750
8920.129395	-62.720451
8925.512695	-63.161366
8930.895996	-63.270336
8936.279297	-63.089771
8941.662598	-63.562408
8947.045898	-63.974045
8952.429199	-64.350182
8957.812500	-64.416702
8963.195801	-65.129784
8968.579102	-66.173683
8973.962402	-67.874237
8979.345703	-68.848679
8984.729004	-69.339516
8990.112305	-69.879501
8995.495605	-70.957672
9000.878906	-70.991623
9006.262207	-70.179176
9011.645508	-70.409225
9017.028809	-70.701317
9022.412109	-70.140320
9027.795410	-68.413765
9033.178711	-67.695068
9038.562012	-66.931915
9043.945312	-66.651596
9049.328613	-66.115219
9054.711914	-66.279785
9060.095215	-66.240707
9065.478516	-66.842468
9070.861816	-67.455124
9076.245117	-68.371964
9081.628418	-68.019638
9087.011719	-68.024620
9092.395020	-68.115616
9097.778320	-68.493027
9103.161621	-67.483711
9108.544922	-66.903938
9113.928223	-66.912758
9119.311523	-67.736313
9124.694824	-67.357079
9130.078125	-66.790405
9135.461426	-66.674614
9140.844727	-67.669136
9146.228027	-68.014969
9151.611328	-67.466537
9156.994629	-67.024521
9162.377930	-67.867226
9167.761230	-68.922150
9173.144531	-69.070854
9178.527832	-68.174919
9183.911133	-68.141678
9189.294434	-68.974655
9194.677734	-69.405174
9200.061035	-68.288612
9205.444336	-67.378273
9210.827637	-67.672112
9216.210938	-68.782898
9221.594238	-68.926781
9226.977539	-68.236351
9232.360840	-68.067482
9237.744141	-68.808296
9243.127441	-69.351265
9248.510742	-68.949158
9253.894043	-68.033165
9259.277344	-67.759834
9264.660645	-68.250481
9270.043945	-69.602303
9275.427246	-70.251480
9280.810547	-70.584785
9286.193848	-70.877098
9291.577148	-73.084503
9296.960449	-75.846306
9302.343750	-77.872711
9307.727051	-75.760246
9313.110352	-75.582954
9318.493652	-75.808533
9323.876953	-77.579987
9329.260254	-76.815903
9334.643555	-75.170982
9340.026855	-72.832741
9345.410156	-71.792793
9350.793457	-71.422165
9356.176758	-71.251930
9361.560059	-70.999847
9366.943359	-70.068748
9372.326660	-69.218788
9377.709961	-68.492867
9383.093262	-68.334480
9388.476562	-67.762566
9393.859863	-67.263077
9399.243164	-66.827164
9404.626465	-67.084999
9410.009766	-67.205139
9415.393066	-67.735390
9420.776367	-68.397896
9426.159668	-69.347603
9431.542969	-68.878853
9436.926270	-68.897942
9442.309570	-69.973335
9447.692871	-70.639084
9453.076172	-68.438568
9458.459473	-67.411613
9463.842773	-68.345467
9469.226074	-69.823669
9474.609375	-68.399925
9479.992676	-67.087387
9485.375977	-67.734261
9490.759277	-70.443817
9496.142578	-70.518471
9501.525879	-68.198128
9506.909180	-67.550491
9512.292480	-69.156387
9517.675781	-70.820541
9523.059082	-69.766663
9528.442383	-68.190369
9533.825684	-68.587135
9539.208984	-70.697853
9544.592285	-74.034874
9549.975586	-72.471558
9555.358887	-70.416061
9560.742188	-69.923676
9566.125488	-71.991791
9571.508789	-72.784836
9576.892090	-70.896828
9582.275391	-68.944336
9587.658691	-69.327179
9593.041992	-70.522652
9598.425293	-72.143578
9603.808594	-71.201736
9609.191895	-70.391853
9614.575195	-69.816666
9619.958496	-70.512619
9625.341797	-70.253593
9630.725098	-69.657593
9636.108398	-68.754990
9641.491699	-69.309532
9646.875000	-70.362549
9652.258301	-72.413025
9657.641602	-72.522774
9663.024902	-72.248207
9668.408203	-72.319511
9673.791504	-75.081139
9679.174805	-76.220932
9684.558105	-74.775375
9689.941406	-73.791000
9695.324707	-76.889923
9700.708008	-81.119820
9706.091309	-79.659172
9711.474609	-77.235252
9716.857910	-80.139877
9722.241211	-85.770065
9727.624512	-84.272186
9733.007812	-82.520134
9738.391113	-82.765717
9743.774414	-80.645325
9749.157715	-75.501373
9754.541016	-73.964928
9759.924316	-73.613991
9765.307617	-74.108788
9770.690918	-71.107773
9776.074219	-68.801247
9781.457520	-67.783783
9786.840820	-68.809052
9792.224121	-69.131096
9797.607422	-68.056442
9802.990723	-67.066750
9808.374023	-67.917503
9813.757324	-68.356079
9819.140625	-67.074074
9824.523926	-65.395836
9829.907227	-65.148956
9835.290527	-65.604172
9840.673828	-66.371002
9846.057129	-66.078674
9851.440430	-65.899651
9856.823730	-66.145546
9862.207031	-66.945419
9867.590332	-66.567467
9872.973633	-65.429352
9878.356934	-64.760300
9883.740234	-65.375885
9889.123535	-66.492622
9894.506836	-66.677582
9899.890137	-65.881485
9905.273438	-66.123260
9910.656738	-67.309502
9916.040039	-67.514023
9921.423340	-66.357246
9926.806641	-65.983681
9932.189941	-67.040268
9937.573242	-68.149414
9942.956543	-67.738449
9948.339844	-66.804451
9953.723145	-66.920692
9959.106445	-67.551857
9964.489746	-67.994347
9969.873047	-67.427116
9975.256348	-67.405449
9980.639648	-68.222305
9986.022949	-69.914284
9991.406250	-69.938187
9996.789551	-69.264549
10002.172852	-69.028297
10007.556152	-70.447433
10012.939453	-71.110611
10018.322754	-70.660973
10023.706055	-69.651924
10029.089355	-70.205353
10034.472656	-70.523125
10039.855957	-70.211113
10045.239258	-68.736290
10050.622559	-68.577843
10056.005859	-69.202888
10061.389160	-70.098930
10066.772461	-68.456436
10072.155762	-67.038551
10077.539062	-66.732407
10082.922363	-67.504501
10088.305664	-67.086533
10093.688965	-66.150566
10099.072266	-65.964729
10104.455566	-67.401207
10109.838867	-68.381157
10115.222168	-67.546669
10120.605469	-66.603996
10125.988770	-67.244843
10131.372070	-68.593727
10136.755371	-69.214691
10142.138672	-68.808998
10147.521973	-69.267014
10152.905273	-70.684074
10158.288574	-70.853477
10163.671875	-69.030167
10169.055176	-67.544289
10174.438477	-67.725746
10179.821777	-68.336700
10185.205078	-68.189842
10190.588379	-67.082390
10195.971680	-67.206688
10201.354980	-68.010521
10206.738281	-68.381508
10212.121582	-67.135483
10217.504883	-66.893539
10222.888184	-67.445648
10228.271484	-68.392227
10233.654785	-67.703796
10239.038086	-67.110786
10244.421387	-66.710548
10249.804688	-67.091484
10255.187988	-66.841133
10260.571289	-66.408813
10265.954590	-65.697380
10271.337891	-65.948021
10276.721191	-66.357910
10282.104492	-66.276268
10287.487793	-65.293556
10292.871094	-65.267853
10298.254395	-66.099434
10303.637695	-67.413193
10309.020996	-67.396584
10314.404297	-67.590645
10319.787598	-68.586731
10325.170898	-69.940010
10330.554199	-69.494263
10335.937500	-68.684479
10341.320801	-68.948372
10346.704102	-70.318161
10352.087402	-71.125412
10357.470703	-69.931671
10362.854004	-69.333664
10368.237305	-69.391190
10373.620605	-69.470596
10379.003906	-67.864677
10384.387207	-67.005692
10389.770508	-66.975105
10395.153809	-67.375931
10400.537109	-66.033432
10405.920410	-64.814201
10411.303711	-64.170563
10416.687012	-64.330338
10422.070312	-64.071487
10427.453613	-63.986904
10432.836914	-64.014664
10438.220215	-64.673645
10443.603516	-65.100204
10448.986816	-65.726456
10454.370117	-65.757042
10459.753418	-65.956902
10465.136719	-66.341339
10470.520020	-67.904808
10475.903320	-69.031601
10481.286621	-69.484276
10486.669922	-69.601570
10492.053223	-70.797264
10497.436523	-70.448761
10502.819824	-69.071236
10508.203125	-68.283531
10513.586426	-68.737846
10518.969727	-69.372658
10524.353027	-69.671143
10529.736328	-69.571442
10535.119629	-70.060150
10540.502930	-71.125587
10545.886230	-72.858742
10551.269531	-73.900665
10556.652832	-74.412247
10562.036133	-75.122810
10567.419434	-78.293465
10572.802734	-83.524277
10578.186035	-87.527565
10583.569336	-83.674072
10588.952637	-83.098953
10594.335938	-82.218147
10599.719238	-85.224785
10605.102539	-86.508759
10610.485840	-81.936897
10615.869141	-77.113075
10621.252441	-76.587631
10626.635742	-76.929939
10632.019043	-76.845947
10637.402344	-73.533775
10642.785645	-71.774841
10648.168945	-70.883606
10653.552246	-71.544434
10658.935547	-71.367714
10664.318848	-70.585030
10669.702148	-69.549652
10675.085449	-70.391792
10680.468750	-71.942337
10685.852051	-72.512886
10691.235352	-70.760216
10696.618652	-70.780930
10702.001953	-72.247314
10707.385254	-74.866112
10712.768555	-73.947205
10718.151855	-73.504028
10723.535156	-74.404701
10728.918457	-78.337936
10734.301758	-79.017174
10739.685059	-77.811317
10745.068359	-77.476929
10750.451660	-81.854942
10755.834961	-88.412979
10761.218262	-83.643074
10766.601562	-83.739113
10771.984863	-82.401505
10777.368164	-77.734512
10782.751465	-74.318665
10788.134766	-74.566803
10793.518066	-76.160423
10798.901367	-76.158554
10804.284668	-73.305580
10809.667969	-72.801041
10815.051270	-73.345665
10820.434570	-74.400505
10825.817871	-73.418633
10831.201172	-73.323265
10836.584473	-74.081352
10841.967773	-76.542000
10847.351074	-78.532684
10852.734375	-80.750427
10858.117676	-80.103249
10863.500977	-80.653008
10868.884277	-79.254417
10874.267578	-77.072495
10879.650879	-73.849419
10885.034180	-72.717644
10890.417480	-72.250114
10895.800781	-72.230904
10901.184082	-70.912979
10906.567383	-70.372948
10911.950684	-70.150124
10917.333984	-70.811447
10922.717285	-70.610329
10928.100586	-70.447617
10933.483887	-69.829079
10938.867188	-70.013992
10944.250488	-69.809151
10949.633789	-70.200294
10955.017090	-70.116234
10960.400391	-70.285599
10965.783691	-69.974243
10971.166992	-70.828056
10976.550293	-71.752632
10981.933594	-72.608353
10987.316895	-71.772385
10992.700195	-71.745323
10998.083496	-72.224258
11003.466797	-73.524277
11008.850098	-73.507225
11014.233398	-73.461205
11019.616699	-73.846535
11025.000000	-75.594711
11030.383301	-78.133293
11035.766602	-80.400696
11041.149902	-81.993225
11046.533203	-82.671303
11051.916504	-84.405540
11057.299805	-85.950172
11062.683105	-93.291290
11068.066406	-89.429276
11073.449707	-85.827698
11078.833008	-82.410706
11084.216309	-83.789803
11089.599609	-86.466911
11094.982910	-90.850815
11100.366211	-86.073318
11105.749512	-87.425377
11111.132812	-90.650070
11116.516113	-89.092918
11121.899414	-82.861740
11127.282715	-82.180473
11132.666016	-81.711586
11138.049316	-82.750092
11143.432617	-80.985237
11148.815918	-80.566162
11154.199219	-79.004372
11159.582520	-78.405693
11164.965820	-76.866875
11170.349121	-75.303467
11175.732422	-73.806641
11181.115723	-73.656372
11186.499023	-73.887444
11191.882324	-74.200432
11197.265625	-73.871124
11202.648926	-74.134346
11208.032227	-74.196037
11213.415527	-73.563988
11218.798828	-72.523483
11224.182129	-71.584824
11229.565430	-70.891624
11234.948730	-70.376945
11240.332031	-70.326637
11245.715332	-70.409027
11251.098633	-70.370285
11256.481934	-70.451492
11261.865234	-71.209061
11267.248535	-72.030975
11272.631836	-71.941681
11278.015137	-71.364967
11283.398438	-71.892746
11288.781738	-72.505844
11294.165039	-72.472069
11299.548340	-71.986847
11304.931641	-72.736069
11310.314941	-73.995995
11315.698242	-75.433395
11321.081543	-75.586624
11326.464844	-76.486511
11331.848145	-77.031067
11337.231445	-78.225037
11342.614746	-77.919365
11347.998047	-78.990875
11353.381348	-79.666313
11358.764648	-82.994385
11364.147949	-82.844048
11369.531250	-81.294449
11374.914551	-79.196472
11380.297852	-79.034897
11385.681152	-77.709129
11391.064453	-76.825432
11396.447754	-76.686714
11401.831055	-78.485435
11407.214355	-79.075272
11412.597656	-78.371178
11417.980957	-77.604721
11423.364258	-77.492134
11428.747559	-76.941689
11434.130859	-76.219711
11439.514160	-76.205276
11444.897461	-76.419800
11450.280762	-76.696709
11455.664062	-76.479507
11461.047363	-76.118698
11466.430664	-75.007172
11471.813965	-74.799637
11477.197266	-74.496613
11482.580566	-74.445755
11487.963867	-73.744400
11493.347168	-73.981712
11498.730469	-74.226082
11504.113770	-74.327133
11509.497070	-73.612389
11514.880371	-74.076157
11520.263672	-74.516441
11525.646973	-74.644615
11531.030273	-74.013435
11536.413574	-74.931564
11541.796875	-75.698837
11547.180176	-75.988251
11552.563477	-75.502945
11557.946777	-76.475517
11563.330078	-76.543770
11568.713379	-76.019905
11574.096680	-74.713303
11579.479980	-74.725212
11584.863281	-73.626427
11590.246582	-73.003853
11595.629883	-72.451012
11601.013184	-73.249001
11606.396484	-73.545715
11611.779785	-74.476433
11617.163086	-75.508606
11622.546387	-77.987366
11627.929688	-78.246658
11633.312988	-77.900574
11638.696289	-77.036064
11644.079590	-77.413544
11649.462891	-76.432953
11654.846191	-77.019798
11660.229492	-77.857704
11665.612793	-81.076935
11670.996094	-82.540306
11676.379395	-84.704811
11681.762695	-83.566666
11687.145996	-83.629906
11692.529297	-81.737228
11697.912598	-82.911522
11703.295898	-82.994865
11708.679199	-85.555283
11714.062500	-86.091072
11719.445801	-88.853500
11724.829102	-92.255676
11730.212402	-92.270630
11735.595703	-93.922974
11740.979004	-88.356499
11746.362305	-89.763863
11751.745605	-87.803764
11757.128906	-85.996216
11762.512207	-82.627937
11767.895508	-82.699493
11773.278809	-82.145439
11778.662109	-82.577896
11784.045410	-81.328423
11789.428711	-82.182678
11794.812012	-81.126587
11800.195312	-80.844612
11805.578613	-80.760506
11810.961914	-82.997406
11816.345215	-82.675888
11821.728516	-82.481644
11827.111816	-83.331512
11832.495117	-84.787392
11837.878418	-82.861237
11843.261719	-81.844978
11848.645020	-83.592094
11854.028320	-87.834366
11859.411621	-88.637245
11864.794922	-85.276848
11870.178223	-85.644203
11875.561523	-82.601562
11880.944824	-81.911072
11886.328125	-80.335571
11891.711426	-81.645470
11897.094727	-82.178101
11902.478027	-84.299423
11907.861328	-81.904007
11913.244629	-81.127350
11918.627930	-80.911270
11924.011230	-82.752533
11929.394531	-81.753555
11934.777832	-81.669266
11940.161133	-81.765961
11945.544434	-79.073296
11950.927734	-76.076881
11956.311035	-74.055511
11961.694336	-73.486183
11967.077637	-73.204170
11972.460938	-73.369843
11977.844238	-73.754364
11983.227539	-74.563942
11988.610840	-74.887962
11993.994141	-75.257736
11999.377441	-74.618172
12004.760742	-74.002022
12010.144043	-73.330322
12015.527344	-74.183075
12020.910645	-75.130089
12026.293945	-76.050522
12031.677246	-75.962143
12037.060547	-77.825798
12042.443848	-78.458893
12047.827148	-77.651268
12053.210449	-75.983086
12058.593750	-76.664391
12063.977051	-76.011063
12069.360352	-75.067101
12074.743652	-73.915337
12080.126953	-74.069778
12085.510254	-73.795921
12090.893555	-73.586800
12096.276855	-73.001183
12101.660156	-72.870605
12107.043457	-72.556625
12112.426758	-72.580879
12117.810059	-72.492546
12123.193359	-72.692970
12128.576660	-73.351395
12133.959961	-74.817078
12139.343262	-76.369629
12144.726562	-77.496689
12150.109863	-77.686623
12155.493164	-76.382767
12160.876465	-75.878647
12166.259766	-75.074310
12171.643066	-75.160767
12177.026367	-74.508530
12182.409668	-74.961266
12187.792969	-74.654427
12193.176270	-74.159546
12198.559570	-72.688080
12203.942871	-72.748520
12209.326172	-72.932457
12214.709473	-73.484436
12220.092773	-72.861313
12225.476074	-73.199554
12230.859375	-73.090027
12236.242676	-72.313309
12241.625977	-70.770805
12247.009277	-70.102234
12252.392578	-69.752388
12257.775879	-69.699966
12263.159180	-69.247406
12268.542480	-68.993027
12273.925781	-68.712448
12279.309082	-68.691399
12284.692383	-68.591522
12290.075684	-68.548576
12295.458984	-68.370796
12300.842285	-68.833672
12306.225586	-69.900108
12311.608887	-71.138870
12316.992188	-71.356522
12322.375488	-71.657494
12327.758789	-72.707527
12333.142090	-73.599678
12338.525391	-73.126007
12343.908691	-72.809204
12349.291992	-73.899361
12354.675293	-74.673965
12360.058594	-74.248940
12365.441895	-73.502388
12370.825195	-74.107040
12376.208496	-74.085037
12381.591797	-73.865906
12386.975098	-72.990005
12392.358398	-72.895386
12397.741699	-72.067535
12403.125000	-71.707825
12408.508301	-70.777100
12413.891602	-70.382973
12419.274902	-69.810829
12424.658203	-70.146667
12430.041504	-70.271309
12435.424805	-70.567528
12440.808105	-70.304214
12446.191406	-70.636391
12451.574707	-70.534760
12456.958008	-70.704239
12462.341309	-70.628494
12467.724609	-71.444969
12473.107910	-72.082680
12478.491211	-73.476280
12483.874512	-75.256981
12489.257812	-79.056862
12494.641113	-80.859215
12500.024414	-81.230232
12505.407715	-80.671158
12510.791016	-80.356262
12516.174316	-77.064682
12521.557617	-75.845047
12526.940918	-75.707039
12532.324219	-76.229126
12537.707520	-74.495468
12543.090820	-73.265030
12548.474121	-72.989441
12553.857422	-73.980026
12559.240723	-74.135132
12564.624023	-73.811668
12570.007324	-73.656273
12575.390625	-74.982140
12580.773926	-76.020134
12586.157227	-75.411591
12591.540527	-74.265289
12596.923828	-74.584084
12602.307129	-75.987083
12607.690430	-76.013359
12613.073730	-74.771210
12618.457031	-74.174034
12623.840332	-75.031181
12629.223633	-74.725243
12634.606934	-73.715950
12639.990234	-72.905609
12645.373535	-73.812683
12650.756836	-74.419563
12656.140137	-74.655785
12661.523438	-73.820793
12666.906738	-74.094086
12672.290039	-74.223419
12677.673340	-75.148804
12683.056641	-74.622398
12688.439941	-74.252342
12693.823242	-73.856186
12699.206543	-75.260887
12704.589844	-75.230705
12709.973145	-74.611626
12715.356445	-73.935440
12720.739746	-75.765251
12726.123047	-77.423851
12731.506348	-77.608864
12736.889648	-76.173187
12742.272949	-77.280922
12747.656250	-78.597572
12753.039551	-78.357147
12758.422852	-76.619156
12763.806152	-77.242416
12769.189453	-79.668587
12774.572754	-81.404800
12779.956055	-79.448051
12785.339355	-78.213905
12790.722656	-79.285439
12796.105957	-79.783035
12801.489258	-78.690079
12806.872559	-77.267647
12812.255859	-79.108162
12817.639160	-80.671349
12823.022461	-78.623085
12828.405762	-75.396408
12833.789062	-75.157059
12839.172363	-74.734184
12844.555664	-74.093880
12849.938965	-72.374741
12855.322266	-72.092339
12860.705566	-72.056038
12866.088867	-72.802544
12871.472168	-72.519966
12876.855469	-72.420685
12882.238770	-72.044411
12887.622070	-73.145844
12893.005371	-74.324776
12898.388672	-75.868713
12903.771973	-75.326752
12909.155273	-75.928085
12914.538574	-77.317184
12919.921875	-80.740097
12925.305176	-80.233337
12930.688477	-79.861000
12936.071777	-80.053078
12941.455078	-84.103638
12946.838379	-89.056900
12952.221680	-92.375252
12957.604980	-89.209480
12962.988281	-92.512268
12968.371582	-95.545494
12973.754883	-92.990929
12979.138184	-90.835190
12984.521484	-90.609413
12989.904785	-88.879333
12995.288086	-93.627068
13000.671387	-90.243286
13006.054688	-86.013359
13011.437988	-82.297112
13016.821289	-83.270164
13022.204590	-85.129219
13027.587891	-85.616028
13032.971191	-80.925926
13038.354492	-80.286530
13043.737793	-80.773262
13049.121094	-83.176239
13054.504395	-80.475914
13059.887695	-78.590538
13065.270996	-77.108261
13070.654297	-78.207146
13076.037598	-79.040977
13081.420898	-79.536507
13086.804199	-77.658371
13092.187500	-77.848831
13097.570801	-79.349297
13102.954102	-83.045868
13108.337402	-80.970871
13113.720703	-79.222939
13119.104004	-78.842743
13124.487305	-82.182953
13129.870605	-85.243843
13135.253906	-84.870430
13140.637207	-83.021309
13146.020508	-84.384621
13151.403809	-88.480820
13156.787109	-90.807503
13162.170410	-95.519814
13167.553711	-94.646736
13172.937012	-90.231758
13178.320312	-86.759956
13183.703613	-89.764969
13189.086914	-91.207634
13194.470215	-85.007439
13199.853516	-79.500908
13205.236816	-78.537140
13210.620117	-78.712601
13216.003418	-80.535599
13221.386719	-78.425285
13226.770020	-76.745003
13232.153320	-75.659744
13237.536621	-76.935791
13242.919922	-77.615829
13248.303223	-77.169205
13253.686523	-75.480194
13259.069824	-75.291222
13264.453125	-75.691208
13269.836426	-76.960747
13275.219727	-76.574364
13280.603027	-75.653137
13285.986328	-74.803329
13291.369629	-75.743546
13296.752930	-76.415222
13302.136230	-75.545914
13307.519531	-73.727905
13312.902832	-73.920166
13318.286133	-75.188469
13323.669434	-76.120811
13329.052734	-74.465553
13334.436035	-74.038086
13339.819336	-74.557434
13345.202637	-75.890427
13350.585938	-74.879410
13355.969238	-74.138596
13361.352539	-73.672134
13366.735840	-74.573135
13372.119141	-75.067345
13377.502441	-75.538940
13382.885742	-74.806664
13388.269043	-75.568100
13393.652344	-77.360374
13399.035645	-80.546646
13404.418945	-78.831825
13409.802246	-78.195656
13415.185547	-78.948853
13420.568848	-81.865494
13425.952148	-79.484314
13431.335449	-78.734917
13436.718750	-79.788147
13442.102051	-84.567673
13447.485352	-82.945137
13452.868652	-79.978355
13458.251953	-79.171104
13463.635254	-79.077660
13469.018555	-77.680382
13474.401855	-75.460388
13479.785156	-74.674911
13485.168457	-75.039185
13490.551758	-75.477890
13495.935059	-73.520592
13501.318359	-72.071121
13506.701660	-71.611832
13512.084961	-72.238464
13517.468262	-71.823578
13522.851562	-71.269386
13528.234863	-71.203850
13533.618164	-72.513176
13539.001465	-73.229729
13544.384766	-72.940445
13549.768066	-71.876625
13555.151367	-71.911240
13560.534668	-71.601669
13565.917969	-71.470711
13571.301270	-70.562927
13576.684570	-70.316757
13582.067871	-70.256935
13587.451172	-71.084000
13592.834473	-70.969589
13598.217773	-70.706947
13603.601074	-70.400818
13608.984375	-71.567184
13614.367676	-72.203690
13619.750977	-72.009735
13625.134277	-71.353401
13630.517578	-72.324944
13635.900879	-73.197136
13641.284180	-73.702568
13646.667480	-73.151123
13652.050781	-73.927505
13657.434082	-74.755585
13662.817383	-75.786980
13668.200684	-75.202972
13673.583984	-75.104790
13678.967285	-75.207542
13684.350586	-76.661118
13689.733887	-77.473183
13695.117188	-78.029282
13700.500488	-78.197029
13705.883789	-80.222115
13711.267090	-81.557175
13716.650391	-80.795036
13722.033691	-80.125526
13727.416992	-81.492104
13732.800293	-84.118904
13738.183594	-84.144058
13743.566895	-83.591309
13748.950195	-81.460213
13754.333496	-80.034470
13759.716797	-77.806480
13765.100098	-77.402122
13770.483398	-76.496391
13775.866699	-76.347534
13781.250000	-76.306549
13786.633301	-77.967934
13792.016602	-78.282784
13797.399902	-77.451195
13802.783203	-75.968613
13808.166504	-76.563225
13813.549805	-76.469902
13818.933105	-75.692970
13824.316406	-74.269745
13829.699707	-74.945793
13835.083008	-76.408592
13840.466309	-77.663277
13845.849609	-76.524063
13851.232910	-76.542465
13856.616211	-77.074852
13861.999512	-78.544533
13867.382812	-78.085648
13872.766113	-77.866928
13878.149414	-77.753075
13883.532715	-80.064499
13888.916016	-81.823997
13894.299316	-81.697548
13899.682617	-79.631020
13905.065918	-80.912163
13910.449219	-80.929321
13915.832520	-79.200851
13921.215820	-76.630081
13926.599121	-76.502068
13931.982422	-76.239159
13937.365723	-76.426010
13942.749023	-75.431389
13948.132324	-75.784584
13953.515625	-76.137703
13958.898926	-78.340523
13964.282227	-79.715309
13969.665527	-81.674446
13975.048828	-80.871872
13980.432129	-82.522026
13985.815430	-84.736748
13991.198730	-91.698898
13996.582031	-92.341049
14001.965332	-89.684380
14007.348633	-84.079216
14012.731934	-79.838028
14018.115234	-79.060280
14023.498535	-78.319916
14028.881836	-78.393738
14034.265137	-76.663361
14039.648438	-76.015518
14045.031738	-75.204506
14050.415039	-75.595245
14055.798340	-74.790161
14061.181641	-74.018135
14066.564941	-72.747078
14071.948242	-72.945259
14077.331543	-73.449982
14082.714844	-74.675049
14088.098145	-74.359917
14093.481445	-74.586700
14098.864746	-75.284752
14104.248047	-77.801247
14109.631348	-78.113091
14115.014648	-77.656204
14120.397949	-77.507355
14125.781250	-80.353180
14131.164551	-83.877434
14136.547852	-86.597527
14141.931152	-86.334114
14147.314453	-90.781288
14152.697754	-96.588127
14158.081055	-93.331421
14163.464355	-88.320068
14168.847656	-88.417000
14174.230957	-88.071007
14179.614258	-90.457123
14184.997559	-87.134560
14190.380859	-86.176170
14195.764160	-84.350342
14201.147461	-87.009811
14206.530762	-89.371788
14211.914062	-93.478523
14217.297363	-89.057701
14222.680664	-90.133957
14228.063965	-92.718086
14233.447266	-94.388710
14238.830566	-87.461426
14244.213867	-87.165092
14249.597168	-86.116600
14254.980469	-88.832176
14260.363770	-86.858704
14265.747070	-85.193115
14271.130371	-82.088600
14276.513672	-80.840836
14281.896973	-78.754013
14287.280273	-76.870407
14292.663574	-75.002258
14298.046875	-75.049103
14303.430176	-75.594910
14308.813477	-76.622871
14314.196777	-75.831131
14319.580078	-76.061195
14324.963379	-76.486443
14330.346680	-76.711304
14335.729980	-75.274544
14341.113281	-75.018234
14346.496582	-75.434868
14351.879883	-76.464935
14357.263184	-76.497643
14362.646484	-76.939560
14368.029785	-77.087326
14373.413086	-76.823097
14378.796387	-76.367836
14384.179688	-75.957954
14389.562988	-75.659492
14394.946289	-75.405434
14400.329590	-75.963287
14405.712891	-75.727310
14411.096191	-75.083244
14416.479492	-74.326981
14421.862793	-74.531601
14427.246094	-73.677353
14432.629395	-73.076271
14438.012695	-72.544998
14443.395996	-72.847198
14448.779297	-72.307396
14454.162598	-72.258568
14459.545898	-72.275993
14464.929199	-73.104965
14470.312500	-73.300598
14475.695801	-74.335693
14481.079102	-75.050293
14486.462402	-76.141457
14491.845703	-75.757828
14497.229004	-76.335220
14502.612305	-76.159988
14507.995605	-76.091362
14513.378906	-75.163124
14518.762207	-75.028206
14524.145508	-74.026917
14529.528809	-72.765915
14534.912109	-71.828697
14540.295410	-71.422340
14545.678711	-70.989067
14551.062012	-70.921295
14556.445312	-71.072021
14561.828613	-71.299255
14567.211914	-71.362305
14572.595215	-71.450661
14577.978516	-71.418762
14583.361816	-71.137268
14588.745117	-71.058304
14594.128418	-71.378693
14599.511719	-71.914688
14604.895020	-72.019379
14610.278320	-72.162582
14615.661621	-72.264923
14621.044922	-72.315216
14626.428223	-71.632492
14631.811523	-71.261932
14637.194824	-71.058022
14642.578125	-71.418007
14647.961426	-71.431374
14653.344727	-71.868309
14658.728027	-72.235519
14664.111328	-72.908607
14669.494629	-73.127457
14674.877930	-73.831665
14680.261230	-73.852989
14685.644531	-74.246140
14691.027832	-74.557053
14696.411133	-75.667953
14701.794434	-75.568153
14707.177734	-75.919205
14712.561035	-75.978203
14717.944336	-77.263191
14723.327637	-77.207787
14728.710938	-77.641327
14734.094238	-77.651794
14739.477539	-79.392853
14744.860840	-79.768318
14750.244141	-80.481735
14755.627441	-79.967422
14761.010742	-82.021698
14766.394043	-83.750389
14771.777344	-86.248398
14777.160645	-84.614365
14782.543945	-86.089081
14787.927246	-86.201927
14793.310547	-84.399033
14798.693848	-82.269783
14804.077148	-83.354736
14809.460449	-86.416794
14814.843750	-84.724442
14820.227051	-82.477486
14825.610352	-82.232689
14830.993652	-82.674057
14836.376953	-78.813118
14841.760254	-77.262497
14847.143555	-76.906754
14852.526855	-77.805817
14857.910156	-76.200203
14863.293457	-75.097450
14868.676758	-74.306549
14874.060059	-74.430931
14879.443359	-73.364510
14884.826660	-72.828377
14890.209961	-72.387032
14895.593262	-72.672066
14900.976562	-72.578186
14906.359863	-73.015617
14911.743164	-72.988838
14917.126465	-73.202415
14922.509766	-73.075928
14927.893066	-73.743210
14933.276367	-74.090401
14938.659668	-74.447289
14944.042969	-74.553612
14949.426270	-75.839943
14954.809570	-77.152184
14960.192871	-78.352425
14965.576172	-78.590683
14970.959473	-80.017090
14976.342773	-80.787186
14981.726074	-81.470016
14987.109375	-81.059952
14992.492676	-82.178825
14997.875977	-83.030319
15003.259277	-83.217560
15008.642578	-82.011864
15014.025879	-82.714035
15019.409180	-84.675949
15024.792480	-84.400177
15030.175781	-82.458237
15035.559082	-81.732307
15040.942383	-83.165573
15046.325684	-83.934235
15051.708984	-83.438309
15057.092285	-81.601509
15062.475586	-81.742294
15067.858887	-82.220482
15073.242188	-82.370544
15078.625488	-80.052864
15084.008789	-78.707245
15089.392090	-78.786232
15094.775391	-80.331833
15100.158691	-79.221634
15105.541992	-77.367134
15110.925293	-76.967377
15116.308594	-78.781204
15121.691895	-79.387352
15127.075195	-77.673683
15132.458496	-76.672134
15137.841797	-78.360207
15143.225098	-80.856796
15148.608398	-80.992081
15153.991699	-79.360687
15159.375000	-80.436737
15164.758301	-82.993698
15170.141602	-83.959869
15175.524902	-81.904343
15180.908203	-81.971603
15186.291504	-82.791527
15191.674805	-85.583870
15197.058105	-85.074631
15202.441406	-86.163826
15207.824707	-84.546112
15213.208008	-84.675964
15218.591309	-82.734833
15223.974609	-83.364799
15229.357910	-82.280708
15234.741211	-81.337929
15240.124512	-79.010941
15245.507812	-78.804970
15250.891113	-78.847496
15256.274414	-79.282745
15261.657715	-77.988434
15267.041016	-77.746666
15272.424316	-77.460594
15277.807617	-77.962814
15283.190918	-77.159599
15288.574219	-76.745224
15293.957520	-75.749573
15299.340820	-76.264420
15304.724121	-76.550362
15310.107422	-76.756058
15315.490723	-75.532997
15320.874023	-75.716980
15326.257324	-75.873436
15331.640625	-76.063698
15337.023926	-74.498093
15342.407227	-74.267975
15347.790527	-74.417778
15353.173828	-75.433815
15358.557129	-75.186089
15363.940430	-75.691872
15369.323730	-76.352211
15374.707031	-78.437195
15380.090332	-79.451866
15385.473633	-81.451324
15390.856934	-81.952179
15396.240234	-84.676857
15401.623535	-86.150368
15407.006836	-87.646378
15412.390137	-84.935997
15417.773438	-83.916008
15423.156738	-83.834221
15428.540039	-81.715370
15433.923340	-79.715324
15439.306641	-78.820877
15444.689941	-79.167267
15450.073242	-78.280258
15455.456543	-77.263283
15460.839844	-76.454010
15466.223145	-76.811813
15471.606445	-76.534546
15476.989746	-76.069237
15482.373047	-75.143066
15487.756348	-75.014679
15493.139648	-74.707787
15498.522949	-75.014793
15503.906250	-74.891060
15509.289551	-75.066872
15514.672852	-75.065994
15520.056152	-76.172745
15525.439453	-77.240318
15530.822754	-77.674568
15536.206055	-76.735283
15541.589355	-77.184853
15546.972656	-77.352005
15552.355957	-77.189850
15557.739258	-75.761330
15563.122559	-76.117950
15568.505859	-76.187370
15573.889160	-76.220978
15579.272461	-74.869919
15584.655762	-74.448112
15590.039062	-73.689796
15595.422363	-73.732689
15600.805664	-73.182053
15606.188965	-73.143509
15611.572266	-72.600075
15616.955566	-73.183281
15622.338867	-73.622971
15627.722168	-74.180237
15633.105469	-73.380074
15638.488770	-73.561516
15643.872070	-74.028618
15649.255371	-75.001396
15654.638672	-74.390236
15660.021973	-74.679787
15665.405273	-75.175629
15670.788574	-76.418716
15676.171875	-75.522209
15681.555176	-75.113007
15686.938477	-74.746460
15692.321777	-75.261833
15697.705078	-74.611183
15703.088379	-74.483818
15708.471680	-74.270897
15713.854980	-75.145256
15719.238281	-75.469627
15724.621582	-75.924263
15730.004883	-76.047897
15735.388184	-77.435829
15740.771484	-78.075470
15746.154785	-77.923508
15751.538086	-77.506523
15756.921387	-78.218941
15762.304688	-78.328201
15767.687988	-77.477692
15773.071289	-77.440811
15778.454590	-78.768974
15783.837891	-79.458855
15789.221191	-77.740540
15794.604492	-77.535828
15799.987793	-78.169785
15805.371094	-78.148727
15810.754395	-76.197876
15816.137695	-76.551697
15821.520996	-78.365974
15826.904297	-80.103989
15832.287598	-77.881714
15837.670898	-77.817329
15843.054199	-78.833473
15848.437500	-79.809525
15853.820801	-77.693428
15859.204102	-78.124573
15864.587402	-80.010284
15869.970703	-84.333504
15875.354004	-82.710991
15880.737305	-82.553596
15886.120605	-82.322624
15891.503906	-81.279533
15896.887207	-78.666634
15902.270508	-77.871666
15907.653809	-78.114731
15913.037109	-79.037018
15918.420410	-78.354919
15923.803711	-77.602623
15929.187012	-77.480614
15934.570312	-78.158501
15939.953613	-77.972221
15945.336914	-77.803696
15950.720215	-78.241920
15956.103516	-80.011543
15961.486816	-81.085533
15966.870117	-82.467903
15972.253418	-84.111572
15977.636719	-90.238953
15983.020020	-93.815552
15988.403320	-95.914841
15993.786621	-89.009689
15999.169922	-85.021309
16004.553223	-84.304245
16009.936523	-85.148552
16015.319824	-84.005096
16020.703125	-80.106140
16026.086426	-79.460358
16031.469727	-80.415771
16036.853027	-81.811401
16042.236328	-79.138275
16047.619629	-77.909531
16053.002930	-78.061501
16058.386230	-80.845184
16063.769531	-81.332047
16069.152832	-80.968750
16074.536133	-80.219009
16079.919434	-82.595772
16085.302734	-84.933502
16090.686035	-87.480919
16096.069336	-83.608223
16101.452637	-82.970863
16106.835938	-82.364189
16112.219238	-84.663208
16117.602539	-86.798050
16122.985840	-86.438866
16128.369141	-83.567688
16133.752441	-82.497322
16139.135742	-85.053780
16144.519043	-89.413582
16149.902344	-93.603722
16155.285645	-88.989471
16160.668945	-89.507835
16166.052246	-92.333069
16171.435547	-95.635445
16176.818848	-92.309128
16182.202148	-93.083900
16187.585449	-96.610428
16192.968750	-95.718803
16198.352051	-91.240868
16203.735352	-86.957474
16209.118652	-88.969772
16214.501953	-90.027710
16219.885254	-90.804817
16225.268555	-86.827721
16230.651855	-89.550430
16236.035156	-92.463570
16241.418457	-87.822205
16246.801758	-83.606590
16252.185059	-82.859055
16257.568359	-82.898483
16262.951660	-80.915100
16268.334961	-78.577805
16273.718262	-77.403030
16279.101562	-77.383781
16284.484863	-77.742294
16289.868164	-77.312134
16295.251465	-76.449020
16300.634766	-75.938980
16306.018066	-76.362091
16311.401367	-76.719208
16316.784668	-75.952080
16322.167969	-75.174339
16327.551270	-75.647636
16332.934570	-77.037376
16338.317871	-78.108818
16343.701172	-77.973419
16349.084473	-78.162422
16354.467773	-79.244171
16359.851074	-78.893898
16365.234375	-77.790085
16370.617676	-76.685593
16376.000977	-77.139328
16381.384277	-77.663872
16386.767578	-78.632385
16392.150879	-78.693237
16397.534180	-78.737572
16402.917480	-78.081078
16408.300781	-78.613029
16413.684082	-77.843735
16419.067383	-77.278954
16424.450684	-76.548508
16429.833984	-77.768196
16435.217285	-78.625229
16440.600586	-79.143990
16445.983887	-77.759117
16451.367188	-78.235535
16456.750488	-78.481285
16462.133789	-79.251572
16467.517090	-78.346306
16472.900391	-79.020943
16478.283691	-79.785355
16483.666992	-82.803391
16489.050293	-84.500938
16494.433594	-86.317993
16499.816895	-85.328285
16505.200195	-87.898827
16510.583496	-87.572395
16515.966797	-84.450928
16521.350098	-82.460312
16526.733398	-83.337143
16532.116699	-82.900887
16537.500000	-80.032013
16542.883301	-78.279915
16548.266602	-78.342178
16553.649902	-78.761520
16559.033203	-77.938202
16564.416504	-76.598358
16569.799805	-76.303352
16575.183105	-76.902260
16580.566406	-77.966171
16585.949707	-78.198868
16591.333008	-78.168732
16596.716309	-78.867744
16602.099609	-80.761330
16607.482910	-81.703773
16612.866211	-79.089180
16618.249512	-77.659157
16623.632812	-77.637657
16629.016113	-78.658081
16634.399414	-77.133041
16639.782715	-76.136086
16645.166016	-76.288658
16650.549316	-77.925400
16655.932617	-76.892693
16661.315918	-75.428719
16666.699219	-74.575089
16672.082520	-75.530495
16677.465820	-75.773140
16682.849121	-75.742630
16688.232422	-75.165108
16693.615723	-76.101143
16698.999023	-76.747711
16704.382324	-77.154404
16709.765625	-75.609909
16715.148926	-75.230980
16720.532227	-75.114609
16725.915527	-76.111420
16731.298828	-75.788414
16736.682129	-75.856659
16742.065430	-75.984505
16747.448730	-77.966545
16752.832031	-78.450356
16758.215332	-78.506195
16763.598633	-78.073441
16768.981934	-80.000259
16774.365234	-80.760674
16779.748535	-81.439835
16785.131836	-81.315170
16790.515137	-83.362473
16795.898438	-83.747612
16801.281738	-85.259079
16806.665039	-85.498276
16812.048340	-85.185257
16817.431641	-84.612793
16822.814941	-85.338921
16828.198242	-85.826927
16833.581543	-83.889290
16838.964844	-83.972008
16844.348145	-85.703545
16849.731445	-88.955643
16855.114746	-86.336136
16860.498047	-85.941666
16865.881348	-85.487350
16871.264648	-87.086388
16876.647949	-84.424637
16882.031250	-84.033684
16887.414551	-83.189308
16892.797852	-85.362434
16898.181152	-84.366577
16903.564453	-83.112747
16908.947754	-81.050255
16914.331055	-82.463966
16919.714355	-83.754906
16925.097656	-84.575035
16930.480957	-82.636353
16935.864258	-84.912323
16941.247559	-87.774162
16946.630859	-86.993645
16952.014160	-83.261948
16957.397461	-82.760643
16962.780762	-83.143776
16968.164062	-84.177063
16973.547363	-83.254692
16978.930664	-83.603539
16984.313965	-84.161804
16989.697266	-88.056114
16995.080566	-90.802338
17000.463867	-90.514610
17005.847168	-88.467552
17011.230469	-89.983955
17016.613770	-93.157166
17021.997070	-92.450951
17027.380371	-90.484360
17032.763672	-89.946793
17038.146973	-93.557594
17043.530273	-90.547836
17048.913574	-87.982704
17054.296875	-85.590958
17059.680176	-86.775879
17065.063477	-86.710793
17070.446777	-86.392677
17075.830078	-85.171745
17081.213379	-85.154503
17086.596680	-85.131805
17091.979980	-85.431221
17097.363281	-86.872261
17102.746582	-86.565865
17108.129883	-85.186752
17113.513184	-84.218155
17118.896484	-86.055794
17124.279785	-87.471024
17129.663086	-86.671097
17135.046387	-84.087486
17140.429688	-84.556671
17145.812988	-85.524590
17151.196289	-89.048737
17156.579590	-87.459442
17161.962891	-87.655624
17167.346191	-87.230072
17172.729492	-91.459213
17178.112793	-92.559570
17183.496094	-99.025124
17188.879395	-96.388405
17194.262695	-94.823174
17199.645996	-90.306664
17205.029297	-88.915054
17210.412598	-91.246513
17215.795898	-91.655380
17221.179199	-87.504265
17226.562500	-83.974998
17231.945801	-84.173294
17237.329102	-85.493782
17242.712402	-88.138939
17248.095703	-85.228767
17253.479004	-84.371422
17258.862305	-84.444969
17264.245605	-88.080353
17269.628906	-87.886414
17275.012207	-85.710220
17280.395508	-84.033340
17285.778809	-86.504715
17291.162109	-89.117096
17296.545410	-85.837189
17301.928711	-82.125496
17307.312012	-81.519646
17312.695312	-82.531319
17318.078613	-82.707626
17323.461914	-80.076424
17328.845215	-78.767303
17334.228516	-78.930649
17339.611816	-81.576431
17344.995117	-82.351570
17350.378418	-81.499710
17355.761719	-80.310127
17361.145020	-82.158035
17366.528320	-84.358238
17371.911621	-86.480751
17377.294922	-83.921585
17382.678223	-84.109787
17388.061523	-84.651810
17393.444824	-89.327782
17398.828125	-89.479012
17404.211426	-87.899239
17409.594727	-86.202362
17414.978027	-89.277557
17420.361328	-89.290283
17425.744629	-84.806381
17431.127930	-82.404305
17436.511230	-82.968094
17441.894531	-84.094406
17447.277832	-82.273163
17452.661133	-80.021263
17458.044434	-79.609200
17463.427734	-80.249474
17468.811035	-80.259781
17474.194336	-78.831520
17479.577637	-77.904732
17484.960938	-77.944603
17490.344238	-78.248360
17495.727539	-77.916031
17501.110840	-77.420647
17506.494141	-77.089058
17511.877441	-77.331978
17517.260742	-78.182724
17522.644043	-78.881187
17528.027344	-78.862022
17533.410645	-78.914658
17538.793945	-79.793167
17544.177246	-81.174721
17549.560547	-82.224014
17554.943848	-81.520584
17560.327148	-82.229836
17565.710449	-83.022591
17571.093750	-84.246529
17576.477051	-81.130417
17581.860352	-80.111244
17587.243652	-79.685211
17592.626953	-80.887566
17598.010254	-78.741974
17603.393555	-77.541557
17608.776855	-77.105515
17614.160156	-78.768631
17619.543457	-78.115356
17624.926758	-77.207733
17630.310059	-76.729561
17635.693359	-78.910713
17641.076660	-80.438080
17646.459961	-80.726784
17651.843262	-79.985382
17657.226562	-81.715157
17662.609863	-81.940804
17667.993164	-79.744865
17673.376465	-77.814293
17678.759766	-77.701271
17684.143066	-78.446396
17689.526367	-78.578918
17694.909668	-77.545609
17700.292969	-77.236214
17705.676270	-78.180527
17711.059570	-79.425270
17716.442871	-78.725517
17721.826172	-77.530266
17727.209473	-78.230309
17732.592773	-80.108025
17737.976074	-80.686218
17743.359375	-79.188690
17748.742676	-79.947632
17754.125977	-81.686371
17759.509277	-82.340332
17764.892578	-80.132545
17770.275879	-80.495415
17775.659180	-80.978760
17781.042480	-82.065910
17786.425781	-80.267036
17791.809082	-80.292084
17797.192383	-80.230598
17802.575684	-81.547585
17807.958984	-81.086105
17813.342285	-82.042320
17818.725586	-81.818329
17824.108887	-83.555664
17829.492188	-83.512772
17834.875488	-84.106293
17840.258789	-82.950813
17845.642090	-84.857430
17851.025391	-86.153824
17856.408691	-88.267242
17861.791992	-87.362144
17867.175293	-87.249458
17872.558594	-86.101044
17877.941895	-84.335617
17883.325195	-83.379433
17888.708496	-82.505417
17894.091797	-82.095268
17899.475098	-81.594955
17904.858398	-81.486404
17910.241699	-80.620132
17915.625000	-79.680374
17921.008301	-78.911362
17926.391602	-78.718407
17931.774902	-78.538399
17937.158203	-78.389175
17942.541504	-78.765991
17947.924805	-79.194939
17953.308105	-80.028595
17958.691406	-80.209457
17964.074707	-80.905174
17969.458008	-80.663918
17974.841309	-81.073006
17980.224609	-81.006409
17985.607910	-82.244087
17990.991211	-82.410492
17996.374512	-84.131195
18001.757812	-84.500153
18007.141113	-88.120491
18012.524414	-90.463448
18017.907715	-93.937157
18023.291016	-94.940918
18028.674316	-91.342941
18034.057617	-90.430901
18039.440918	-87.668869
18044.824219	-88.458687
18050.207520	-85.455734
18055.590820	-84.284561
18060.974121	-82.229134
18066.357422	-81.896805
18071.740723	-79.913002
18077.124023	-79.691711
18082.507324	-78.797112
18087.890625	-78.884186
18093.273926	-77.938400
18098.657227	-78.346672
18104.040527	-78.504417
18109.423828	-79.786186
18114.807129	-79.334587
18120.190430	-80.063004
18125.573730	-80.472626
18130.957031	-81.722511
18136.340332	-80.617157
18141.723633	-80.918770
18147.106934	-81.082283
18152.490234	-83.198982
18157.873535	-82.904510
18163.256836	-84.495125
18168.640137	-85.686989
18174.023438	-86.787086
18179.406738	-84.004654
18184.790039	-83.170044
18190.173340	-82.288979
18195.556641	-82.784515
18200.939941	-82.219879
18206.323242	-83.204506
18211.706543	-83.412949
18217.089844	-85.332153
18222.473145	-85.966820
18227.856445	-87.083321
18233.239746	-86.410866
18238.623047	-87.899101
18244.006348	-89.563980
18249.389648	-92.479927
18254.772949	-93.780006
18260.156250	-94.288139
18265.539551	-94.051430
18270.922852	-88.306465
18276.306152	-88.437340
18281.689453	-88.175690
18287.072754	-89.766243
18292.456055	-88.359924
18297.839355	-91.678230
18303.222656	-91.452911
18308.605957	-91.310036
18313.989258	-87.855545
18319.372559	-89.621429
18324.755859	-87.440315
18330.139160	-86.322472
18335.522461	-84.695679
18340.905762	-86.588371
18346.289062	-84.954926
18351.672363	-83.315521
18357.055664	-81.891342
18362.438965	-83.163643
18367.822266	-82.798874
18373.205566	-81.662895
18378.588867	-80.045341
18383.972168	-80.749420
18389.355469	-81.064941
18394.738770	-81.631050
18400.122070	-80.208138
18405.505371	-80.760353
18410.888672	-81.559067
18416.271973	-84.295853
18421.655273	-83.295540
18427.038574	-82.356689
18432.421875	-81.291367
18437.805176	-82.472878
18443.188477	-81.145813
18448.571777	-80.035164
18453.955078	-79.134018
18459.338379	-80.799980
18464.721680	-82.027458
18470.104980	-82.616051
18475.488281	-81.020569
18480.871582	-81.297234
18486.254883	-80.834404
18491.638184	-80.386925
18497.021484	-79.209259
18502.404785	-79.525681
18507.788086	-79.718697
18513.171387	-81.558861
18518.554688	-82.880287
18523.937988	-83.487633
18529.321289	-81.994804
18534.704590	-81.557182
18540.087891	-81.673492
18545.471191	-80.880913
18550.854492	-79.463333
18556.237793	-79.514145
18561.621094	-81.282715
18567.004395	-83.554459
18572.387695	-82.922379
18577.770996	-82.575905
18583.154297	-84.615929
18588.537598	-87.503250
18593.920898	-86.889183
18599.304199	-84.513474
18604.687500	-86.380020
18610.070801	-85.893875
18615.454102	-83.605438
18620.837402	-80.485863
18626.220703	-80.527626
18631.604004	-80.137100
18636.987305	-79.852974
18642.370605	-77.581154
18647.753906	-77.056168
18653.137207	-77.171638
18658.520508	-78.548027
18663.903809	-77.215240
18669.287109	-76.539726
18674.670410	-76.451233
18680.053711	-77.839615
18685.437012	-77.223129
18690.820312	-76.235382
18696.203613	-75.602943
18701.586914	-76.578720
18706.970215	-76.509811
18712.353516	-76.306351
18717.736816	-75.652718
18723.120117	-76.157593
18728.503418	-76.159500
18733.886719	-76.223671
18739.270020	-75.335403
18744.653320	-75.097130
18750.036621	-74.910210
18755.419922	-75.689255
18760.803223	-75.921501
18766.186523	-76.556870
18771.569824	-76.807846
18776.953125	-78.281036
18782.336426	-78.982468
18787.719727	-79.571823
18793.103027	-78.949898
18798.486328	-79.254280
18803.869629	-79.067169
18809.252930	-79.994370
18814.636230	-80.331970
18820.019531	-81.362869
18825.402832	-81.109184
18830.786133	-81.927673
18836.169434	-82.495621
18841.552734	-82.863892
18846.936035	-81.300377
18852.319336	-81.285347
18857.702637	-82.186783
18863.085938	-84.663956
18868.469238	-84.649117
18873.852539	-85.337769
18879.235840	-86.529572
18884.619141	-92.646187
18890.002441	-99.322647
18895.385742	-94.665558
18900.769043	-96.049057
18906.152344	-93.860184
18911.535645	-93.532166
18916.918945	-89.248711
18922.302246	-91.686760
18927.685547	-91.951408
18933.068848	-91.802170
18938.452148	-85.647850
18943.835449	-83.855530
18949.218750	-82.447273
18954.602051	-82.249161
18959.985352	-80.306915
18965.368652	-79.587982
18970.751953	-79.187050
18976.135254	-80.679100
18981.518555	-80.761116
18986.901855	-80.800880
18992.285156	-79.821625
18997.668457	-80.121651
19003.051758	-80.200874
19008.435059	-81.200386
19013.818359	-80.873482
19019.201660	-81.463333
19024.584961	-82.320229
19029.968262	-85.025261
19035.351562	-84.502769
19040.734863	-82.391235
19046.118164	-81.876778
19051.501465	-82.473808
19056.884766	-82.081284
19062.268066	-80.234261
19067.651367	-80.045326
19073.034668	-80.435822
19078.417969	-80.720604
19083.801270	-78.978851
19089.184570	-78.354301
19094.567871	-78.119865
19099.951172	-78.872307
19105.334473	-79.267387
19110.717773	-80.049042
19116.101074	-80.168365
19121.484375	-81.908882
19126.867676	-84.492157
19132.250977	-87.478027
19137.634277	-85.683449
19143.017578	-87.327354
19148.400879	-88.997643
19153.784180	-93.098625
19159.167480	-89.745911
19164.550781	-90.430382
19169.934082	-90.722160
19175.317383	-87.115982
19180.700684	-83.876999
19186.083984	-82.135345
19191.467285	-81.732857
19196.850586	-81.383842
19202.233887	-80.615105
19207.617188	-79.618965
19213.000488	-79.205948
19218.383789	-79.643684
19223.767090	-80.297310
19229.150391	-79.554268
19234.533691	-78.645576
19239.916992	-78.710335
19245.300293	-79.952957
19250.683594	-80.944038
19256.066895	-80.284103
19261.450195	-79.936417
19266.833496	-81.489349
19272.216797	-85.028992
19277.600098	-85.418335
19282.983398	-82.853523
19288.366699	-82.906128
19293.750000	-84.455017
19299.133301	-85.199692
19304.516602	-82.159508
19309.899902	-80.618309
19315.283203	-80.465019
19320.666504	-81.757034
19326.049805	-83.755638
19331.433105	-82.248764
19336.816406	-80.808533
19342.199707	-80.309601
19347.583008	-82.240997
19352.966309	-82.855560
19358.349609	-82.287605
19363.732910	-79.896355
19369.116211	-80.108696
19374.499512	-80.852219
19379.882812	-82.627213
19385.266113	-81.631905
19390.649414	-81.916176
19396.032715	-81.970596
19401.416016	-85.086578
19406.799316	-86.445969
19412.182617	-87.969078
19417.565918	-86.384872
19422.949219	-89.507881
19428.332520	-92.024429
19433.715820	-89.531052
19439.099121	-86.415291
19444.482422	-85.783882
19449.865723	-86.435211
19455.249023	-84.723663
19460.632324	-82.882660
19466.015625	-82.118515
19471.398926	-83.411461
19476.782227	-83.981689
19482.165527	-83.627586
19487.548828	-82.636345
19492.932129	-83.905518
19498.315430	-84.225250
19503.698730	-84.676376
19509.082031	-82.570297
19514.465332	-82.850662
19519.848633	-83.067711
19525.231934	-85.182983
19530.615234	-83.598183
19535.998535	-83.621246
19541.381836	-83.357361
19546.765137	-84.712120
19552.148438	-82.025261
19557.531738	-80.628342
19562.915039	-79.324493
19568.298340	-79.140350
19573.681641	-77.901108
19579.064941	-77.506264
19584.448242	-76.839951
19589.831543	-76.799416
19595.214844	-76.337402
19600.598145	-76.416992
19605.981445	-75.982246
19611.364746	-75.901001
19616.748047	-75.518425
19622.131348	-76.389885
19627.514648	-77.068268
19632.897949	-77.794090
19638.281250	-77.859596
19643.664551	-79.620094
19649.047852	-81.148239
19654.431152	-82.048866
19659.814453	-81.033447
19665.197754	-81.531250
19670.581055	-81.972496
19675.964355	-82.232597
19681.347656	-81.883469
19686.730957	-81.525284
19692.114258	-81.253563
19697.497559	-81.271332
19702.880859	-81.274178
19708.264160	-80.014404
19713.647461	-79.339233
19719.030762	-79.487236
19724.414062	-80.863022
19729.797363	-80.950119
19735.180664	-80.012276
19740.563965	-79.647530
19745.947266	-81.253723
19751.330566	-81.942146
19756.713867	-80.902184
19762.097168	-79.934181
19767.480469	-81.530609
19772.863770	-82.808731
19778.247070	-82.214760
19783.630371	-80.247124
19789.013672	-80.683022
19794.396973	-80.515274
19799.780273	-80.591339
19805.163574	-78.954781
19810.546875	-79.135559
19815.930176	-79.423485
19821.313477	-80.759628
19826.696777	-79.911873
19832.080078	-79.867126
19837.463379	-79.538536
19842.846680	-80.661400
19848.229980	-79.857216
19853.613281	-79.646133
19858.996582	-78.885048
19864.379883	-79.663551
19869.763184	-79.446335
19875.146484	-80.034866
19880.529785	-79.420807
19885.913086	-79.636826
19891.296387	-78.969315
19896.679688	-79.622818
19902.062988	-79.128242
19907.446289	-78.362801
19912.829590	-77.287437
19918.212891	-77.488640
19923.596191	-77.369202
19928.979492	-76.576279
19934.362793	-75.669128
19939.746094	-76.099693
19945.129395	-76.930878
19950.512695	-77.055702
19955.895996	-76.048660
19961.279297	-76.051399
19966.662598	-76.891098
19972.045898	-77.823471
19977.429199	-77.640160
19982.812500	-77.807068
19988.195801	-78.990936
19993.579102	-82.065163
19998.962402	-84.290688
20004.345703	-83.657959
20009.729004	-84.502029
20015.112305	-87.595634
20020.495605	-89.038177
20025.878906	-84.021278
20031.262207	-84.682808
20036.645508	-85.933517
20042.028809	-84.842567
20047.412109	-80.609879
20052.795410	-80.353638
20058.178711	-80.708344
20063.562012	-81.278168
20068.945312	-79.092064
20074.328613	-78.907814
20079.711914	-79.181129
20085.095215	-80.424469
20090.478516	-79.344093
20095.861816	-78.404602
20101.245117	-78.078926
20106.628418	-79.135445
20112.011719	-79.237602
20117.395020	-79.334076
20122.778320	-78.980049
20128.161621	-79.749863
20133.544922	-80.778801
20138.928223	-81.019974
20144.311523	-79.888962
20149.694824	-80.181404
20155.078125	-81.223534
20160.461426	-81.826607
20165.844727	-81.337555
20171.228027	-80.937485
20176.611328	-81.763184
20181.994629	-82.334839
20187.377930	-82.221954
20192.761230	-81.290993
20198.144531	-81.582222
20203.527832	-81.723236
20208.911133	-82.756027
20214.294434	-82.463501
20219.677734	-83.089256
20225.061035	-83.350166
20230.444336	-86.022972
20235.827637	-86.188736
20241.210938	-85.772507
20246.594238	-83.660011
20251.977539	-84.279114
20257.360840	-82.870621
20262.744141	-82.694878
20268.127441	-81.483704
20273.510742	-82.625404
20278.894043	-82.881134
20284.277344	-84.160988
20289.660645	-82.613953
20295.043945	-82.361877
20300.427246	-81.367226
20305.810547	-82.129959
20311.193848	-81.322151
20316.577148	-81.306686
20321.960449	-80.750183
20327.343750	-82.650352
20332.727051	-83.142166
20338.110352	-82.361870
20343.493652	-80.588554
20348.876953	-80.619415
20354.260254	-80.131744
20359.643555	-79.599670
20365.026855	-78.268303
20370.410156	-78.474106
20375.793457	-78.791870
20381.176758	-79.737732
20386.560059	-79.022316
20391.943359	-78.953812
20397.326660	-78.720139
20402.709961	-79.971222
20408.093262	-80.487946
20413.476562	-80.771065
20418.859863	-80.115219
20424.243164	-81.406235
20429.626465	-82.381508
20435.009766	-82.878082
20440.393066	-81.620705
20445.776367	-81.652107
20451.159668	-82.266647
20456.542969	-82.238823
20461.926270	-80.908035
20467.309570	-80.148331
20472.692871	-80.305717
20478.076172	-80.962189
20483.459473	-80.783554
20488.842773	-80.580345
20494.226074	-80.727745
20499.609375	-81.878609
20504.992676	-82.729141
20510.375977	-83.001984
20515.759277	-82.289429
20521.142578	-82.275154
20526.525879	-83.116508
20531.909180	-84.218414
20537.292480	-83.836342
20542.675781	-83.686287
20548.059082	-84.485580
20553.442383	-87.203506
20558.825684	-87.866653
20564.208984	-86.292366
20569.592285	-85.354111
20574.975586	-86.052765
20580.358887	-86.457108
20585.742188	-86.729744
20591.125488	-86.577797
20596.508789	-89.030235
20601.892090	-91.572472
20607.275391	-97.865303
20612.658691	-94.964012
20618.041992	-89.260170
20623.425293	-89.219299
20628.808594	-87.648895
20634.191895	-87.065544
20639.575195	-84.786751
20644.958496	-85.210373
20650.341797	-85.135498
20655.725098	-85.459480
20661.108398	-82.583466
20666.491699	-81.638138
20671.875000	-80.420258
20677.258301	-80.920135
20682.641602	-80.052803
20688.024902	-79.962013
20693.408203	-79.574844
20698.791504	-81.079903
20704.174805	-81.387268
20709.558105	-81.746208
20714.941406	-80.301537
20720.324707	-80.481216
20725.708008	-79.405022
20731.091309	-78.863060
20736.474609	-77.243759
20741.857910	-77.063713
20747.241211	-76.744614
20752.624512	-77.350060
20758.007812	-76.748924
20763.391113	-76.939240
20768.774414	-76.830055
20774.157715	-77.731705
20779.541016	-77.493767
20784.924316	-77.837952
20790.307617	-77.710983
20795.690918	-78.793335
20801.074219	-79.502426
20806.457520	-80.837852
20811.840820	-80.593224
20817.224121	-80.870880
20822.607422	-80.661858
20827.990723	-80.586594
20833.374023	-79.629608
20838.757324	-79.110176
20844.140625	-79.609566
20849.523926	-80.852104
20854.907227	-81.661713
20860.290527	-81.270142
20865.673828	-81.568413
20871.057129	-81.946297
20876.440430	-82.261978
20881.823730	-80.938042
20887.207031	-81.473961
20892.590332	-82.523079
20897.973633	-84.631836
20903.356934	-82.876572
20908.740234	-82.386467
20914.123535	-81.313408
20919.506836	-81.363098
20924.890137	-79.294159
20930.273438	-78.388802
20935.656738	-77.744408
20941.040039	-78.439575
20946.423340	-77.589569
20951.806641	-76.979431
20957.189941	-76.340927
20962.573242	-76.606682
20967.956543	-75.983673
20973.339844	-75.681213
20978.723145	-75.338089
20984.106445	-76.019302
20989.489746	-76.236275
20994.873047	-76.850616
21000.256348	-77.110657
21005.639648	-78.391045
21011.022949	-79.160004
21016.406250	-80.449287
21021.789551	-81.443985
21027.172852	-83.561897
21032.556152	-84.292717
21037.939453	-85.852615
21043.322754	-88.582649
21048.706055	-88.803795
21054.089355	-86.782951
21059.472656	-83.768105
21064.855957	-83.235298
21070.239258	-80.383400
21075.622559	-79.041428
21081.005859	-77.657745
21086.389160	-78.224709
21091.772461	-78.383705
21097.155762	-79.003082
21102.539062	-78.555573
21107.922363	-79.450150
21113.305664	-80.219124
21118.688965	-81.344147
21124.072266	-79.966759
21129.455566	-80.005745
21134.838867	-80.346657
21140.222168	-82.744240
21145.605469	-83.012917
21150.988770	-84.112053
21156.372070	-84.930183
21161.755371	-89.925522
21167.138672	-89.627983
21172.521973	-87.833763
21177.905273	-85.833115
21183.288574	-87.500977
21188.671875	-87.052238
21194.055176	-86.445839
21199.438477	-84.400528
21204.821777	-84.154083
21210.205078	-83.573524
21215.588379	-82.674294
21220.971680	-80.627892
21226.354980	-79.522400
21231.738281	-79.278549
21237.121582	-80.599777
21242.504883	-80.470177
21247.888184	-79.844994
21253.271484	-79.638367
21258.654785	-81.275490
21264.038086	-81.990410
21269.421387	-81.249550
21274.804688	-80.122780
21280.187988	-80.760727
21285.571289	-81.804214
21290.954590	-82.150223
21296.337891	-81.115433
21301.721191	-80.950233
21307.104492	-81.656029
21312.487793	-82.517052
21317.871094	-82.021744
21323.254395	-80.582756
21328.637695	-80.248756
21334.020996	-81.025810
21339.404297	-81.639900
21344.787598	-80.736862
21350.170898	-80.356941
21355.554199	-81.552887
21360.937500	-84.346504
21366.320801	-87.201401
21371.704102	-86.846313
21377.087402	-87.302650
21382.470703	-90.748116
21387.854004	-95.240051
21393.237305	-93.906197
21398.620605	-91.013885
21404.003906	-95.628578
21409.387207	-89.562904
21414.770508	-86.464142
21420.153809	-84.557686
21425.537109	-85.862694
21430.920410	-85.083748
21436.303711	-84.621857
21441.687012	-83.312134
21447.070312	-85.360977
21452.453613	-87.293465
21457.836914	-92.482124
21463.220215	-90.278320
21468.603516	-90.187920
21473.986816	-90.244072
21479.370117	-91.032280
21484.753418	-89.543015
21490.136719	-88.405502
21495.520020	-89.180420
21500.903320	-91.294250
21506.286621	-92.619003
21511.669922	-89.307442
21517.053223	-89.315048
21522.436523	-89.335068
21527.819824	-92.597664
21533.203125	-90.440720
21538.586426	-89.516823
21543.969727	-88.157890
21549.353027	-90.642715
21554.736328	-94.313034
21560.119629	-93.676819
21565.502930	-89.372978
21570.886230	-87.797798
21576.269531	-88.851631
21581.652832	-88.837158
21587.036133	-88.534996
21592.419434	-84.837090
21597.802734	-83.207016
21603.186035	-81.590614
21608.569336	-82.502945
21613.952637	-81.554382
21619.335938	-80.531013
21624.719238	-78.874786
21630.102539	-79.573853
21635.485840	-80.280380
21640.869141	-81.503403
21646.252441	-79.792145
21651.635742	-79.750519
21657.019043	-80.052452
21662.402344	-82.036179
21667.785645	-81.390503
21673.168945	-81.852058
21678.552246	-82.463814
21683.935547	-85.473228
21689.318848	-84.770554
21694.702148	-82.663048
21700.085449	-81.184578
21705.468750	-81.035599
21710.852051	-80.497696
21716.235352	-79.330109
21721.618652	-78.509460
21727.001953	-78.751854
21732.385254	-79.633423
21737.768555	-79.461754
21743.151855	-78.677307
21748.535156	-78.296829
21753.918457	-79.160828
21759.301758	-79.292450
21764.685059	-78.973793
21770.068359	-78.552071
21775.451660	-79.592957
21780.834961	-79.714836
21786.218262	-79.088158
21791.601562	-77.581657
21796.984863	-77.745872
21802.368164	-77.592773
21807.751465	-78.094879
21813.134766	-77.387245
21818.518066	-77.633476
21823.901367	-77.560966
21829.284668	-78.685646
21834.667969	-78.105804
21840.051270	-77.851570
21845.434570	-77.291290
21850.817871	-78.358353
21856.201172	-78.232986
21861.584473	-78.204361
21866.967773	-77.507713
21872.351074	-78.236107
21877.734375	-78.225517
21883.117676	-78.383621
21888.500977	-77.755043
21893.884277	-78.001785
21899.267578	-78.105560
21904.650879	-78.591660
21910.034180	-77.997475
21915.417480	-77.572311
21920.800781	-77.507256
21926.184082	-78.144531
21931.567383	-78.208725
21936.950684	-77.522758
21942.333984	-77.176582
21947.717285	-77.609398
21953.100586	-78.068405
21958.483887	-77.372185
21963.867188	-76.919510
21969.250488	-77.159248
21974.633789	-78.244102
21980.017090	-78.482613
21985.400391	-78.359680
21990.783691	-78.143646
21996.166992	-79.122192
22001.550293	-79.761726
22006.933594	-80.304565
22012.316895	-79.755798
22017.700195	-80.641869
22023.083496	-81.276138
22028.466797	-82.375069
22033.850098	-80.778870
22039.233398	-80.889114
22044.616699	-80.771935
