Frequency (Hz)	Level (dB)
5.383301	-53.968117
10.766602	-50.656342
16.149902	-50.020958
21.533203	-51.880226
26.916504	-49.478699
32.299805	-53.474857
37.683105	-55.370155
43.066406	-48.125820
48.449707	-40.944859
53.833008	-42.284939
59.216309	-50.364742
64.599609	-50.929008
69.982910	-55.406086
75.366211	-53.616047
80.749512	-49.688423
86.132812	-48.624725
91.516113	-49.144917
96.899414	-51.171268
102.282715	-51.957317
107.666016	-54.523159
113.049316	-51.947556
118.432617	-46.418102
123.815918	-45.124619
129.199219	-47.492844
134.582520	-52.646656
139.965820	-55.113289
145.349121	-46.002476
150.732422	-41.511181
156.115723	-41.517578
161.499023	-41.203350
166.882324	-37.909401
172.265625	-39.003754
177.648926	-43.392193
183.032227	-41.750622
188.415527	-37.730789
193.798828	-36.588341
199.182129	-35.883541
204.565430	-39.538628
209.948730	-45.421246
215.332031	-42.121830
220.715332	-40.312759
226.098633	-41.461399
231.481934	-45.897324
236.865234	-38.440327
242.248535	-34.133831
247.631836	-32.271027
253.015137	-30.523912
258.398438	-31.840578
263.781738	-30.541950
269.165039	-26.590313
274.548340	-25.417107
279.931641	-29.817028
285.314941	-36.721634
290.698242	-40.926640
296.081543	-42.924568
301.464844	-42.144722
306.848145	-39.776672
312.231445	-31.605808
317.614746	-30.032066
322.998047	-33.503666
328.381348	-40.295670
333.764648	-41.685768
339.147949	-44.221001
344.531250	-45.520103
349.914551	-41.362488
355.297852	-42.802822
360.681152	-40.486340
366.064453	-38.596943
371.447754	-36.350925
376.831055	-32.019623
382.214355	-31.257830
387.597656	-33.261620
392.980957	-31.526556
398.364258	-31.987650
403.747559	-34.897987
409.130859	-40.384773
414.514160	-43.972885
419.897461	-43.389179
425.280762	-45.334476
430.664062	-46.348896
436.047363	-45.919350
441.430664	-39.588146
446.813965	-35.534122
452.197266	-34.234715
457.580566	-30.277948
462.963867	-31.031372
468.347168	-38.294487
473.730469	-40.106461
479.113770	-40.559662
484.497070	-37.532875
489.880371	-33.101936
495.263672	-33.509312
500.646973	-33.034473
506.030273	-35.751438
511.413574	-41.334816
516.796875	-42.475784
522.180176	-44.716698
527.563477	-42.265079
532.946777	-38.498638
538.330078	-40.711437
543.713379	-38.363216
549.096680	-32.175949
554.479980	-31.553785
559.863281	-34.916103
565.246582	-36.612564
570.629883	-38.752560
576.013184	-37.182755
581.396484	-32.862526
586.779785	-29.551081
592.163086	-29.027569
597.546387	-29.261930
602.929688	-34.132286
608.312988	-44.188786
613.696289	-46.122910
619.079590	-46.598591
624.462891	-50.233887
629.846191	-52.072548
635.229492	-48.762844
640.612793	-48.019299
645.996094	-46.467876
651.379395	-46.305946
656.762695	-49.475719
662.145996	-55.093563
667.529297	-48.636227
672.912598	-42.494404
678.295898	-41.386196
683.679199	-42.411724
689.062500	-43.788067
694.445801	-47.159878
699.829102	-53.185143
705.212402	-55.728081
710.595703	-49.893143
715.979004	-49.290329
721.362305	-48.375061
726.745605	-45.340569
732.128906	-41.423332
737.512207	-39.335232
742.895508	-38.641464
748.278809	-35.781063
753.662109	-36.800941
759.045410	-46.581512
764.428711	-43.039745
769.812012	-35.063538
775.195312	-29.762478
780.578613	-26.258675
785.961914	-26.825993
791.345215	-29.427391
796.728516	-31.864397
802.111816	-33.758938
807.495117	-39.133068
812.878418	-42.622677
818.261719	-38.758961
823.645020	-39.297508
829.028320	-43.953369
834.411621	-38.162750
839.794922	-32.533909
845.178223	-30.367193
850.561523	-29.996389
855.944824	-30.272537
861.328125	-32.387657
866.711426	-33.794193
872.094727	-36.110355
877.478027	-38.993343
882.861328	-37.905067
888.244629	-38.217522
893.627930	-38.627739
899.011230	-37.523869
904.394531	-37.802906
909.777832	-38.713310
915.161133	-41.946247
920.544434	-44.971920
925.927734	-43.166885
931.311035	-41.099525
936.694336	-40.035324
942.077637	-40.734653
947.460938	-44.708454
952.844238	-45.162766
958.227539	-41.024208
963.610840	-36.815708
968.994141	-34.135406
974.377441	-33.266602
979.760742	-32.096569
985.144043	-31.530132
990.527344	-31.629559
995.910645	-32.810257
1001.293945	-35.305202
1006.677246	-39.994392
1012.060547	-45.739368
1017.443848	-49.063057
1022.827148	-48.450027
1028.210449	-47.880539
1033.593750	-47.698589
1038.977051	-47.942951
1044.360352	-50.943970
1049.743652	-56.294155
1055.126953	-52.802078
1060.510254	-49.128242
1065.893555	-50.130123
1071.276855	-53.720066
1076.660156	-53.702736
1082.043457	-47.088623
1087.426758	-44.798420
1092.810059	-47.420734
1098.193359	-51.598259
1103.576660	-51.651455
1108.959961	-48.125885
1114.343262	-46.573059
1119.726562	-46.132458
1125.109863	-47.033329
1130.493164	-48.045731
1135.876465	-52.151772
1141.259766	-51.868652
1146.643066	-49.345676
1152.026367	-46.771332
1157.409668	-44.265053
1162.792969	-42.267307
1168.176270	-40.522480
1173.559570	-37.926186
1178.942871	-36.527618
1184.326172	-37.163719
1189.709473	-40.356194
1195.092773	-50.682793
1200.476074	-43.930695
1205.859375	-40.245174
1211.242676	-38.563751
1216.625977	-38.626732
1222.009277	-40.135471
1227.392578	-41.737110
1232.775879	-48.069386
1238.159180	-49.968727
1243.542480	-45.242764
1248.925781	-45.798721
1254.309082	-46.844971
1259.692383	-52.986156
1265.075684	-48.513927
1270.458984	-46.741123
1275.842285	-48.264935
1281.225586	-52.397427
1286.608887	-52.961216
1291.992188	-45.782837
1297.375488	-44.755066
1302.758789	-46.811256
1308.142090	-51.905373
1313.525391	-60.646141
1318.908691	-62.468884
1324.291992	-60.326614
1329.675293	-58.634571
1335.058594	-57.658546
1340.441895	-54.783138
1345.825195	-52.954811
1351.208496	-50.330101
1356.591797	-49.442924
1361.975098	-50.834034
1367.358398	-53.611015
1372.741699	-51.483864
1378.125000	-48.694454
1383.508301	-47.945187
1388.891602	-49.710178
1394.274902	-52.046757
1399.658203	-54.140011
1405.041504	-56.408962
1410.424805	-52.733116
1415.808105	-49.219955
1421.191406	-48.280380
1426.574707	-49.241222
1431.958008	-50.892479
1437.341309	-53.043877
1442.724609	-55.583797
1448.107910	-56.170261
1453.491211	-59.952747
1458.874512	-60.209240
1464.257812	-58.451389
1469.641113	-61.389400
1475.024414	-56.415218
1480.407715	-53.159771
1485.791016	-49.783794
1491.174316	-46.435528
1496.557617	-45.569538
1501.940918	-45.876129
1507.324219	-46.267578
1512.707520	-49.719135
1518.090820	-51.989628
1523.474121	-47.200394
1528.857422	-41.616306
1534.240723	-39.911186
1539.624023	-42.065758
1545.007324	-44.084583
1550.390625	-42.673973
1555.773926	-42.849091
1561.157227	-44.584644
1566.540527	-48.843563
1571.923828	-48.813099
1577.307129	-45.807289
1582.690430	-46.413879
1588.073730	-50.089249
1593.457031	-54.031078
1598.840332	-55.642216
1604.223633	-52.089497
1609.606934	-51.722313
1614.990234	-48.618568
1620.373535	-46.343594
1625.756836	-45.419960
1631.140137	-46.252285
1636.523438	-50.963924
1641.906738	-50.399246
1647.290039	-46.017971
1652.673340	-45.769485
1658.056641	-48.200695
1663.439941	-51.277039
1668.823242	-54.034794
1674.206543	-59.368732
1679.589844	-61.337139
1684.973145	-58.858562
1690.356445	-56.281200
1695.739746	-52.997471
1701.123047	-50.273251
1706.506348	-48.886272
1711.889648	-49.657547
1717.272949	-52.153126
1722.656250	-57.836407
1728.039551	-62.588387
1733.422852	-57.379120
1738.806152	-54.854519
1744.189453	-55.192772
1749.572754	-60.007412
1754.956055	-62.938427
1760.339355	-56.012791
1765.722656	-53.139759
1771.105957	-54.619987
1776.489258	-58.472942
1781.872559	-59.270336
1787.255859	-57.183270
1792.639160	-57.593918
1798.022461	-55.575352
1803.405762	-51.511021
1808.789062	-49.563786
1814.172363	-46.996548
1819.555664	-46.205116
1824.938965	-47.932007
1830.322266	-50.813644
1835.705566	-53.296429
1841.088867	-48.870861
1846.472168	-45.409954
1851.855469	-43.688152
1857.238770	-45.371330
1862.622070	-50.200947
1868.005371	-46.314777
1873.388672	-40.776264
1878.771973	-39.355141
1884.155273	-41.332767
1889.538574	-45.352901
1894.921875	-48.066578
1900.305176	-48.332066
1905.688477	-48.818531
1911.071777	-51.109726
1916.455078	-53.221626
1921.838379	-48.963814
1927.221680	-46.633526
1932.604980	-44.569427
1937.988281	-43.355591
1943.371582	-44.550720
1948.754883	-48.703426
1954.138184	-55.065189
1959.521484	-58.084671
1964.904785	-56.923595
1970.288086	-56.477367
1975.671387	-58.435280
1981.054688	-57.492195
1986.437988	-56.239532
1991.821289	-48.479771
1997.204590	-42.571796
2002.587891	-40.794285
2007.971191	-42.534439
2013.354492	-47.651646
2018.737793	-48.601021
2024.121094	-47.141518
2029.504395	-49.540543
2034.887695	-56.984180
2040.270996	-60.846004
2045.654297	-59.077499
2051.037598	-61.395950
2056.420898	-58.897690
2061.804199	-57.100983
2067.187500	-60.476036
2072.570801	-57.385571
2077.954102	-49.126072
2083.337402	-45.111706
2088.720703	-43.921421
2094.104004	-44.893700
2099.487305	-48.505508
2104.870605	-50.090149
2110.253906	-49.164455
2115.637207	-49.959854
2121.020508	-51.342953
2126.403809	-52.046131
2131.787109	-53.474617
2137.170410	-51.831856
2142.553711	-49.625298
2147.937012	-50.148540
2153.320312	-53.834213
2158.703613	-58.793968
2164.086914	-53.900154
2169.470215	-50.201405
2174.853516	-48.912868
2180.236816	-49.504227
2185.620117	-51.700214
2191.003418	-55.290298
2196.386719	-59.203003
2201.770020	-56.605988
2207.153320	-54.712650
2212.536621	-54.879433
2217.919922	-56.504467
2223.303223	-59.522583
2228.686523	-59.778057
2234.069824	-58.565132
2239.453125	-56.603161
2244.836426	-56.362873
2250.219727	-57.397850
2255.603027	-60.381634
2260.986328	-63.543259
2266.369629	-64.673782
2271.752930	-62.622540
2277.136230	-61.320099
2282.519531	-59.724983
2287.902832	-58.716988
2293.286133	-61.129063
2298.669434	-62.368313
2304.052734	-63.948170
2309.436035	-64.449669
2314.819336	-60.626049
2320.202637	-56.104485
2325.585938	-55.228020
2330.969238	-55.219219
2336.352539	-56.155422
2341.735840	-56.727192
2347.119141	-53.911327
2352.502441	-51.850872
2357.885742	-51.403618
2363.269043	-53.330181
2368.652344	-56.259491
2374.035645	-54.641026
2379.418945	-51.774704
2384.802246	-51.972992
2390.185547	-54.252483
2395.568848	-59.017979
2400.952148	-64.036949
2406.335449	-60.160118
2411.718750	-58.428402
2417.102051	-58.035324
2422.485352	-57.648006
2427.868652	-57.977604
2433.251953	-58.801346
2438.635254	-58.917175
2444.018555	-58.578400
2449.401855	-59.061367
2454.785156	-57.303909
2460.168457	-55.261490
2465.551758	-55.085110
2470.935059	-57.845322
2476.318359	-63.483372
2481.701660	-63.854561
2487.084961	-64.644730
2492.468262	-61.699165
2497.851562	-57.178555
2503.234863	-56.992916
2508.618164	-59.489067
2514.001465	-58.603352
2519.384766	-55.177383
2524.768066	-53.980919
2530.151367	-54.878128
2535.534668	-60.017227
2540.917969	-61.766281
2546.301270	-57.660404
2551.684570	-55.278328
2557.067871	-55.172409
2562.451172	-52.352390
2567.834473	-50.138710
2573.217773	-50.546997
2578.601074	-53.014660
2583.984375	-50.934517
2589.367676	-47.677063
2594.750977	-46.143982
2600.134277	-45.897949
2605.517578	-46.009735
2610.900879	-44.795414
2616.284180	-43.744030
2621.667480	-44.186378
2627.050781	-44.981483
2632.434082	-45.089405
2637.817383	-46.003082
2643.200684	-48.449051
2648.583984	-53.351479
2653.967285	-55.958870
2659.350586	-51.549500
2664.733887	-49.146816
2670.117188	-46.715797
2675.500488	-46.665161
2680.883789	-49.373859
2686.267090	-54.550934
2691.650391	-52.267490
2697.033691	-48.689384
2702.416992	-48.246334
2707.800293	-50.180923
2713.183594	-52.531769
2718.566895	-52.381184
2723.950195	-50.954601
2729.333496	-49.628689
2734.716797	-50.576580
2740.100098	-53.979523
2745.483398	-59.785072
2750.866699	-60.520847
2756.250000	-56.114002
2761.633301	-55.635227
2767.016602	-58.614761
2772.399902	-60.500805
2777.783203	-57.315647
2783.166504	-56.550785
2788.549805	-57.505821
2793.933105	-59.977802
2799.316406	-64.528198
2804.699707	-68.466553
2810.083008	-66.996834
2815.466309	-67.648903
2820.849609	-68.327576
2826.232910	-64.801170
2831.616211	-61.523819
2836.999512	-58.843498
2842.382812	-59.764069
2847.766113	-61.866081
2853.149414	-60.594780
2858.532715	-56.426426
2863.916016	-54.217838
2869.299316	-55.967754
2874.682617	-57.782280
2880.065918	-53.285686
2885.449219	-51.032047
2890.832520	-50.971424
2896.215820	-51.153431
2901.599121	-50.386662
2906.982422	-49.711735
2912.365723	-50.563240
2917.749023	-53.119556
2923.132324	-57.324348
2928.515625	-56.837185
2933.898926	-55.106823
2939.282227	-54.738049
2944.665527	-56.693813
2950.048828	-59.540073
2955.432129	-62.930382
2960.815430	-61.279232
2966.198730	-60.052567
2971.582031	-62.074486
2976.965332	-65.054558
2982.348633	-63.332882
2987.731934	-61.881001
2993.115234	-62.851547
2998.498535	-64.791603
3003.881836	-64.017326
3009.265137	-61.470875
3014.648438	-59.038704
3020.031738	-56.248192
3025.415039	-55.500553
3030.798340	-55.525547
3036.181641	-55.713135
3041.564941	-57.094082
3046.948242	-57.617935
3052.331543	-58.163517
3057.714844	-57.697601
3063.098145	-59.563084
3068.481445	-64.389381
3073.864746	-66.413063
3079.248047	-63.662323
3084.631348	-64.067413
3090.014648	-65.612778
3095.397949	-66.500465
3100.781250	-68.659424
3106.164551	-71.304230
3111.547852	-66.861176
3116.931152	-62.734264
3122.314453	-60.418072
3127.697754	-62.708397
3133.081055	-60.795277
3138.464355	-58.437252
3143.847656	-58.730057
3149.230957	-60.602463
3154.614258	-60.595657
3159.997559	-59.666695
3165.380859	-61.777309
3170.764160	-63.967979
3176.147461	-60.887184
3181.530762	-59.849949
3186.914062	-62.335247
3192.297363	-64.128334
3197.680664	-63.392319
3203.063965	-65.378067
3208.447266	-65.990425
3213.830566	-60.007816
3219.213867	-56.354458
3224.597168	-55.594887
3229.980469	-57.935272
3235.363770	-60.942295
3240.747070	-61.220547
3246.130371	-60.675819
3251.513672	-62.848320
3256.896973	-65.201668
3262.280273	-61.433380
3267.663574	-61.973404
3273.046875	-63.673729
3278.430176	-64.574997
3283.813477	-70.156921
3289.196777	-81.150154
3294.580078	-78.092384
3299.963379	-75.905281
3305.346680	-69.828522
3310.729980	-64.794014
3316.113281	-61.963871
3321.496582	-60.197468
3326.879883	-60.596687
3332.263184	-61.782558
3337.646484	-64.553246
3343.029785	-60.304813
3348.413086	-56.470543
3353.796387	-55.251343
3359.179688	-56.026772
3364.562988	-58.818443
3369.946289	-63.402649
3375.329590	-66.572624
3380.712891	-64.604637
3386.096191	-65.670387
3391.479492	-67.898056
3396.862793	-68.636230
3402.246094	-68.807991
3407.629395	-69.824738
3413.012695	-64.909126
3418.395996	-62.745083
3423.779297	-62.979698
3429.162598	-65.322624
3434.545898	-68.249390
3439.929199	-68.344688
3445.312500	-71.356102
3450.695801	-74.475777
3456.079102	-75.122993
3461.462402	-70.063202
3466.845703	-67.155785
3472.229004	-67.088806
3477.612305	-68.010223
3482.995605	-68.664337
3488.378906	-70.571770
3493.762207	-68.029243
3499.145508	-65.536133
3504.528809	-63.504208
3509.912109	-64.281212
3515.295410	-67.550209
3520.678711	-69.641777
3526.062012	-67.386971
3531.445312	-67.875862
3536.828613	-69.000763
3542.211914	-72.999374
3547.595215	-75.284332
3552.978516	-72.175446
3558.361816	-76.454575
3563.745117	-83.209091
3569.128418	-75.503021
3574.511719	-70.194725
3579.895020	-69.454025
3585.278320	-73.818825
3590.661621	-68.716110
3596.044922	-64.809433
3601.428223	-65.566864
3606.811523	-65.586884
3612.194824	-64.170143
3617.578125	-62.494518
3622.961426	-60.081108
3628.344727	-61.342861
3633.728027	-63.472897
3639.111328	-62.512192
3644.494629	-60.328583
3649.877930	-59.029957
3655.261230	-59.709118
3660.644531	-60.705593
3666.027832	-59.739811
3671.411133	-58.422859
3676.794434	-57.022339
3682.177734	-57.277763
3687.561035	-57.506340
3692.944336	-58.364738
3698.327637	-61.982937
3703.710938	-67.195541
3709.094238	-64.698990
3714.477539	-59.831921
3719.860840	-57.853252
3725.244141	-58.065243
3730.627441	-59.206577
3736.010742	-59.849113
3741.394043	-61.838028
3746.777344	-66.313103
3752.160645	-67.071030
3757.543945	-62.002094
3762.927246	-60.331070
3768.310547	-61.899937
3773.693848	-66.588112
3779.077148	-60.855820
3784.460449	-56.569431
3789.843750	-54.857819
3795.227051	-56.321243
3800.610352	-60.313229
3805.993652	-57.587151
3811.376953	-52.531128
3816.760254	-51.134575
3822.143555	-52.618893
3827.526855	-56.071636
3832.910156	-60.788147
3838.293457	-61.879982
3843.676758	-57.787067
3849.060059	-54.768883
3854.443359	-53.905087
3859.826660	-56.179012
3865.209961	-60.187321
3870.593262	-59.944302
3875.976562	-56.480251
3881.359863	-56.110332
3886.743164	-59.672966
3892.126465	-65.434746
3897.509766	-62.258259
3902.893066	-59.380383
3908.276367	-57.967381
3913.659668	-56.687466
3919.042969	-58.062527
3924.426270	-62.300381
3929.809570	-62.175831
3935.192871	-61.799179
3940.576172	-62.631653
3945.959473	-63.268097
3951.342773	-68.031738
3956.726074	-73.690392
3962.109375	-64.606895
3967.492676	-61.808395
3972.875977	-63.632694
3978.259277	-61.995663
3983.642578	-61.074806
3989.025879	-64.446518
3994.409180	-64.572525
3999.792480	-61.741489
4005.175781	-61.677727
4010.559082	-65.006393
4015.942383	-65.481003
4021.325684	-60.549191
4026.708984	-60.305809
4032.092285	-62.872639
4037.475586	-67.046227
4042.858887	-69.293831
4048.242188	-67.485832
4053.625488	-69.588585
4059.008789	-74.582809
4064.392090	-74.793037
4069.775391	-67.714027
4075.158691	-61.414539
4080.541992	-57.670612
4085.925293	-56.487038
4091.308594	-58.225971
4096.691895	-61.955807
4102.075195	-61.023155
4107.458496	-58.336273
4112.841797	-57.100941
4118.225098	-57.206142
4123.608398	-58.003593
4128.991699	-61.162136
4134.375000	-65.466232
4139.758301	-71.019119
4145.141602	-66.365746
4150.524902	-62.541759
4155.908203	-62.070541
4161.291504	-63.171604
4166.674805	-65.839638
4172.058105	-70.856316
4177.441406	-78.048195
4182.824707	-74.817192
4188.208008	-71.522774
4193.591309	-75.303490
4198.974609	-67.431190
4204.357910	-64.870026
4209.741211	-62.485783
4215.124512	-61.382370
4220.507812	-61.340950
4225.891113	-59.822144
4231.274414	-60.075237
4236.657715	-60.372738
4242.041016	-58.350224
4247.424316	-56.955589
4252.807617	-57.908936
4258.190918	-60.841145
4263.574219	-65.128700
4268.957520	-68.828354
4274.340820	-68.226662
4279.724121	-68.199562
4285.107422	-68.063850
4290.490723	-63.614544
4295.874023	-61.691772
4301.257324	-62.631195
4306.640625	-63.794849
4312.023926	-63.558861
4317.407227	-62.287724
4322.790527	-61.153664
4328.173828	-62.387287
4333.557129	-64.996567
4338.940430	-60.649555
4344.323730	-58.261963
4349.707031	-58.265358
4355.090332	-60.535656
4360.473633	-64.190079
4365.856934	-67.815384
4371.240234	-63.032303
4376.623535	-59.605186
4382.006836	-58.229290
4387.390137	-60.453045
4392.773438	-65.516823
4398.156738	-62.410336
4403.540039	-57.122513
4408.923340	-55.906483
4414.306641	-58.154343
4419.689941	-62.070572
4425.073242	-64.863731
4430.456543	-59.800720
4435.839844	-54.497227
4441.223145	-52.203434
4446.606445	-51.738972
4451.989746	-53.852524
4457.373047	-59.459606
4462.756348	-56.960114
4468.139648	-54.632690
4473.522949	-54.765373
4478.906250	-57.467808
4484.289551	-58.774315
4489.672852	-58.591640
4495.056152	-59.344353
4500.439453	-60.265656
4505.822754	-57.191761
4511.206055	-57.151241
4516.589355	-59.013309
4521.972656	-60.396862
4527.355957	-57.943752
4532.739258	-56.842503
4538.122559	-58.150776
4543.505859	-60.773857
4548.889160	-59.471340
4554.272461	-57.223389
4559.655762	-56.307526
4565.039062	-56.704494
4570.422363	-58.215626
4575.805664	-62.405838
4581.188965	-63.351105
4586.572266	-61.231529
4591.955566	-60.898769
4597.338867	-60.928387
4602.722168	-61.661564
4608.105469	-59.567169
4613.488770	-56.874855
4618.872070	-56.424484
4624.255371	-57.718658
4629.638672	-59.900032
4635.021973	-59.802402
4640.405273	-59.520355
4645.788574	-61.742073
4651.171875	-63.917347
4656.555176	-62.901646
4661.938477	-60.265633
4667.321777	-60.056652
4672.705078	-60.463772
4678.088379	-62.206703
4683.471680	-61.259224
4688.854980	-59.733299
4694.238281	-60.672729
4699.621582	-64.032410
4705.004883	-70.572357
4710.388184	-71.526169
4715.771484	-67.137840
4721.154785	-66.812714
4726.538086	-65.665344
4731.921387	-64.192032
4737.304688	-64.399452
4742.687988	-64.438072
4748.071289	-64.539459
4753.454590	-64.926765
4758.837891	-65.394798
4764.221191	-66.526802
4769.604492	-66.828415
4774.987793	-64.980659
4780.371094	-64.887650
4785.754395	-66.813492
4791.137695	-65.762421
4796.520996	-62.828159
4801.904297	-60.338589
4807.287598	-59.853714
4812.670898	-61.639404
4818.054199	-65.748840
4823.437500	-71.738060
4828.820801	-67.836960
4834.204102	-61.696831
4839.587402	-58.152458
4844.970703	-57.909855
4850.354004	-61.253269
4855.737305	-67.685738
4861.120605	-62.135807
4866.503906	-58.142395
4871.887207	-58.203037
4877.270508	-61.021355
4882.653809	-65.614159
4888.037109	-69.004967
4893.420410	-63.762348
4898.803711	-63.917164
4904.187012	-67.841179
4909.570312	-70.872551
4914.953613	-65.251114
4920.336914	-61.372349
4925.720215	-60.745739
4931.103516	-61.234707
4936.486816	-63.076115
4941.870117	-64.112175
4947.253418	-64.375710
4952.636719	-65.077415
4958.020020	-68.573006
4963.403320	-66.635750
4968.786621	-59.648590
4974.169922	-59.102646
4979.553223	-61.408413
4984.936523	-60.290386
4990.319824	-57.269821
4995.703125	-54.290977
5001.086426	-52.204212
5006.469727	-51.771034
5011.853027	-51.431202
5017.236328	-51.499294
5022.619629	-52.606476
5028.002930	-51.470238
5033.386230	-48.877575
5038.769531	-48.905685
5044.152832	-50.900261
5049.536133	-50.041168
5054.919434	-47.316277
5060.302734	-46.598808
5065.686035	-47.816795
5071.069336	-49.728611
5076.452637	-51.220760
5081.835938	-52.953278
5087.219238	-56.422092
5092.602539	-59.602467
5097.985840	-57.023457
5103.369141	-55.059330
5108.752441	-55.533474
5114.135742	-56.598698
5119.519043	-56.933414
5124.902344	-57.550217
5130.285645	-58.689251
5135.668945	-57.485538
5141.052246	-55.392994
5146.435547	-54.120770
5151.818848	-54.276249
5157.202148	-56.074505
5162.585449	-58.960873
5167.968750	-63.171860
5173.352051	-69.634041
5178.735352	-70.130623
5184.118652	-64.519707
5189.501953	-58.996033
5194.885254	-54.625320
5200.268555	-53.486290
5205.651855	-55.475285
5211.035156	-61.239433
5216.418457	-58.332436
5221.801758	-52.974903
5227.185059	-51.141346
5232.568359	-51.536823
5237.951660	-54.287926
5243.334961	-58.454147
5248.718262	-55.907494
5254.101562	-52.530731
5259.484863	-50.386124
5264.868164	-49.653545
5270.251465	-50.400623
5275.634766	-52.017590
5281.018066	-52.294495
5286.401367	-50.976761
5291.784668	-50.372215
5297.167969	-50.872005
5302.551270	-52.550289
5307.934570	-53.478695
5313.317871	-52.967361
5318.701172	-53.253723
5324.084473	-54.225822
5329.467773	-56.221867
5334.851074	-56.989182
5340.234375	-58.395351
5345.617676	-63.126949
5351.000977	-68.168556
5356.384277	-69.554840
5361.767578	-68.799179
5367.150879	-65.868301
5372.534180	-62.427837
5377.917480	-63.142849
5383.300781	-68.691551
5388.684082	-61.336334
5394.067383	-57.366127
5399.450684	-55.607845
5404.833984	-55.548397
5410.217285	-57.995625
5415.600586	-61.575455
5420.983887	-63.662308
5426.367188	-59.945782
5431.750488	-56.322590
5437.133789	-54.779835
5442.517090	-55.673981
5447.900391	-58.923668
5453.283691	-62.719448
5458.666992	-61.902321
5464.050293	-57.861732
5469.433594	-56.586037
5474.816895	-58.057129
5480.200195	-60.313889
5485.583496	-62.961933
5490.966797	-64.736069
5496.350098	-64.836601
5501.733398	-64.475037
5507.116699	-65.221214
5512.500000	-67.496040
5517.883301	-68.215622
5523.266602	-65.149971
5528.649902	-64.260086
5534.033203	-65.453209
5539.416504	-68.105927
5544.799805	-72.412613
5550.183105	-76.003845
5555.566406	-72.435593
5560.949707	-66.559776
5566.333008	-63.605583
5571.716309	-62.803402
5577.099609	-63.560463
5582.482910	-64.136528
5587.866211	-63.622299
5593.249512	-62.050713
5598.632812	-60.991695
5604.016113	-60.842823
5609.399414	-59.680874
5614.782715	-58.964222
5620.166016	-58.626266
5625.549316	-58.935574
5630.932617	-59.798641
5636.315918	-60.345829
5641.699219	-62.303177
5647.082520	-63.321903
5652.465820	-63.623569
5657.849121	-61.484180
5663.232422	-60.549366
5668.615723	-60.136623
5673.999023	-59.930622
5679.382324	-60.739510
5684.765625	-62.138813
5690.148926	-63.340595
5695.532227	-64.455353
5700.915527	-62.377842
5706.298828	-61.709896
5711.682129	-64.544395
5717.065430	-69.887871
5722.448730	-67.600975
5727.832031	-62.893845
5733.215332	-60.842735
5738.598633	-61.207653
5743.981934	-63.579655
5749.365234	-66.923157
5754.748535	-71.152031
5760.131836	-66.416512
5765.515137	-63.036369
5770.898438	-61.068157
5776.281738	-61.174553
5781.665039	-61.518688
5787.048340	-62.254276
5792.431641	-65.742111
5797.814941	-67.395790
5803.198242	-64.458862
5808.581543	-63.120567
5813.964844	-62.539467
5819.348145	-61.783298
5824.731445	-61.920914
5830.114746	-60.570126
5835.498047	-58.446449
5840.881348	-57.181808
5846.264648	-56.298191
5851.647949	-56.330788
5857.031250	-57.877590
5862.414551	-59.937126
5867.797852	-59.320724
5873.181152	-57.295437
5878.564453	-57.509052
5883.947754	-59.781483
5889.331055	-62.543365
5894.714355	-62.077568
5900.097656	-60.898121
5905.480957	-60.667347
5910.864258	-61.095970
5916.247559	-61.757900
5921.630859	-62.683823
5927.014160	-62.068726
5932.397461	-61.442780
5937.780762	-62.742805
5943.164062	-67.370529
5948.547363	-73.666817
5953.930664	-66.159225
5959.313965	-61.568394
5964.697266	-60.216400
5970.080566	-59.852478
5975.463867	-60.155136
5980.847168	-61.757442
5986.230469	-62.307812
5991.613770	-60.816395
5996.997070	-59.193192
6002.380371	-58.107773
6007.763672	-57.981297
6013.146973	-58.264816
6018.530273	-58.365993
6023.913574	-57.250580
6029.296875	-57.444931
6034.680176	-59.084362
6040.063477	-60.723621
6045.446777	-63.072048
6050.830078	-65.000908
6056.213379	-64.300079
6061.596680	-61.964306
6066.979980	-60.477291
6072.363281	-60.662994
6077.746582	-61.846333
6083.129883	-60.554974
6088.513184	-58.935246
6093.896484	-58.516247
6099.279785	-59.234776
6104.663086	-60.969803
6110.046387	-61.473351
6115.429688	-61.303303
6120.812988	-60.414047
6126.196289	-60.330326
6131.579590	-61.797932
6136.962891	-63.120106
6142.346191	-65.208626
6147.729492	-66.007446
6153.112793	-65.639793
6158.496094	-64.524353
6163.879395	-64.023399
6169.262695	-64.684532
6174.645996	-65.917076
6180.029297	-64.123665
6185.412598	-61.330555
6190.795898	-60.066669
6196.179199	-60.552643
6201.562500	-63.231915
6206.945801	-65.206985
6212.329102	-64.278603
6217.712402	-63.537144
6223.095703	-63.697575
6228.479004	-64.434242
6233.862305	-64.551247
6239.245605	-64.935783
6244.628906	-64.186295
6250.012207	-61.538151
6255.395508	-60.592560
6260.778809	-60.994286
6266.162109	-63.288181
6271.545410	-67.049225
6276.928711	-68.108078
6282.312012	-67.045250
6287.695312	-67.290634
6293.078613	-67.954720
6298.461914	-69.542580
6303.845215	-73.321991
6309.228516	-77.576050
6314.611816	-75.803566
6319.995117	-74.725006
6325.378418	-74.140991
6330.761719	-71.708542
6336.145020	-69.797676
6341.528320	-69.117424
6346.911621	-68.999367
6352.294922	-68.694252
6357.678223	-68.120651
6363.061523	-68.560989
6368.444824	-70.545967
6373.828125	-71.040733
6379.211426	-67.853943
6384.594727	-66.943039
6389.978027	-69.264046
6395.361328	-71.031944
6400.744629	-67.036270
6406.127930	-64.717010
6411.511230	-64.641273
6416.894531	-65.822609
6422.277832	-67.330086
6427.661133	-67.410690
6433.044434	-68.176003
6438.427734	-69.696609
6443.811035	-72.176422
6449.194336	-73.774994
6454.577637	-69.096191
6459.960938	-66.594658
6465.344238	-66.338264
6470.727539	-67.600624
6476.110840	-68.654007
6481.494141	-67.000473
6486.877441	-66.830917
6492.260742	-68.853584
6497.644043	-70.670189
6503.027344	-67.902573
6508.410645	-65.947693
6513.793945	-65.968880
6519.177246	-67.163422
6524.560547	-68.032623
6529.943848	-70.153831
6535.327148	-70.903412
6540.710449	-68.766273
6546.093750	-68.710655
6551.477051	-69.202354
6556.860352	-70.716888
6562.243652	-73.434120
6567.626953	-78.678841
6573.010254	-81.368759
6578.393555	-76.665810
6583.776855	-75.511681
6589.160156	-77.611504
6594.543457	-82.398468
6599.926758	-81.987686
6605.310059	-76.552727
6610.693359	-73.250961
6616.076660	-71.925262
6621.459961	-71.975739
6626.843262	-72.133743
6632.226562	-70.664352
6637.609863	-69.821136
6642.993164	-70.768410
6648.376465	-73.617279
6653.759766	-74.116776
6659.143066	-74.734299
6664.526367	-75.881325
6669.909668	-75.700203
6675.292969	-75.887123
6680.676270	-75.505478
6686.059570	-73.990273
6691.442871	-71.946922
6696.826172	-70.822426
6702.209473	-70.166161
6707.592773	-70.422951
6712.976074	-72.218018
6718.359375	-73.676384
6723.742676	-75.234360
6729.125977	-78.792068
6734.509277	-75.954384
6739.892578	-70.887230
6745.275879	-69.184067
6750.659180	-70.560173
6756.042480	-71.218842
6761.425781	-69.990540
6766.809082	-70.265465
6772.192383	-70.514778
6777.575684	-68.848450
6782.958984	-67.555504
6788.342285	-67.401840
6793.725586	-69.779510
6799.108887	-75.178391
6804.492188	-78.064880
6809.875488	-75.619339
6815.258789	-75.282181
6820.642090	-77.169350
6826.025391	-79.474472
6831.408691	-77.757378
6836.791992	-75.920204
6842.175293	-76.115715
6847.558594	-80.336220
6852.941895	-81.896950
6858.325195	-76.457062
6863.708496	-75.553352
6869.091797	-76.864082
6874.475098	-79.558037
6879.858398	-76.474716
6885.241699	-74.019966
6890.625000	-75.575775
6896.008301	-80.760063
6901.391602	-80.872910
6906.774902	-75.654564
6912.158203	-72.843651
6917.541504	-73.174095
6922.924805	-73.309929
6928.308105	-72.653358
6933.691406	-73.370422
6939.074707	-74.814758
6944.458008	-74.752365
6949.841309	-73.849518
6955.224609	-74.839493
6960.607910	-77.269600
6965.991211	-77.240349
6971.374512	-76.874184
6976.757812	-79.338982
6982.141113	-83.720032
6987.524414	-85.794586
6992.907715	-87.269867
6998.291016	-86.902008
7003.674316	-89.671989
7009.057617	-89.889999
7014.440918	-90.793472
7019.824219	-92.146233
7025.207520	-89.408714
7030.590820	-87.310928
7035.974121	-81.989624
7041.357422	-78.358505
7046.740723	-75.503738
7052.124023	-74.629044
7057.507324	-75.012054
7062.890625	-77.455963
7068.273926	-82.637024
7073.657227	-78.490204
7079.040527	-74.826813
7084.423828	-73.461540
7089.807129	-74.704048
7095.190430	-78.904228
7100.573730	-85.336304
7105.957031	-81.500763
7111.340332	-77.163795
7116.723633	-76.713875
7122.106934	-78.791878
7127.490234	-78.378143
7132.873535	-76.671234
7138.256836	-76.432281
7143.640137	-77.528595
7149.023438	-79.417282
7154.406738	-78.563324
7159.790039	-76.798592
7165.173340	-77.270119
7170.556641	-79.829529
7175.939941	-79.586479
7181.323242	-77.996605
7186.706543	-77.448837
7192.089844	-77.653969
7197.473145	-76.169159
7202.856445	-74.756172
7208.239746	-74.408340
7213.623047	-74.989830
7219.006348	-75.071098
7224.389648	-74.474548
7229.772949	-74.092194
7235.156250	-74.755951
7240.539551	-76.079300
7245.922852	-76.354759
7251.306152	-76.354050
7256.689453	-77.839363
7262.072754	-80.295776
7267.456055	-83.024124
7272.839355	-82.160011
7278.222656	-81.113838
7283.605957	-80.071228
7288.989258	-79.144249
7294.372559	-79.638962
7299.755859	-80.908089
7305.139160	-78.855682
7310.522461	-76.493629
7315.905762	-76.667267
7321.289062	-78.781982
7326.672363	-83.667862
7332.055664	-91.936752
7337.438965	-95.339149
7342.822266	-93.366928
7348.205566	-86.981339
7353.588867	-83.482513
7358.972168	-80.955750
7364.355469	-78.068169
7369.738770	-75.875587
7375.122070	-74.776855
7380.505371	-75.460335
7385.888672	-78.017799
7391.271973	-78.681450
7396.655273	-77.768852
7402.038574	-76.024620
7407.421875	-74.767120
7412.805176	-75.194580
7418.188477	-78.209824
7423.571777	-84.864456
7428.955078	-82.864342
7434.338379	-79.542618
7439.721680	-80.197609
7445.104980	-82.858360
7450.488281	-84.959976
7455.871582	-83.963150
7461.254883	-82.216194
7466.638184	-83.435455
7472.021484	-85.362389
7477.404785	-87.472710
7482.788086	-87.589706
7488.171387	-87.453278
7493.554688	-88.444443
7498.937988	-90.749962
7504.321289	-95.966507
7509.704590	-90.432617
7515.087891	-86.022995
7520.471191	-85.524117
7525.854492	-88.868736
7531.237793	-94.593979
7536.621094	-90.273491
7542.004395	-86.485115
7547.387695	-87.548477
7552.770996	-92.782486
7558.154297	-91.374985
7563.537598	-89.082275
7568.920898	-87.069633
7574.304199	-85.463196
7579.687500	-85.576630
7585.070801	-85.400795
7590.454102	-83.647400
7595.837402	-81.115601
7601.220703	-80.255165
7606.604004	-81.922005
7611.987305	-86.854553
7617.370605	-88.677673
7622.753906	-82.456818
7628.137207	-80.117188
7633.520508	-80.372978
7638.903809	-82.572838
7644.287109	-85.609795
7649.670410	-87.507851
7655.053711	-87.184700
7660.437012	-86.675888
7665.820312	-88.798485
7671.203613	-90.515877
7676.586914	-88.833344
7681.970215	-88.201759
7687.353516	-88.222000
7692.736816	-90.445206
7698.120117	-93.892220
7703.503418	-89.348167
7708.886719	-88.552353
7714.270020	-89.562241
7719.653320	-87.395699
7725.036621	-85.094032
7730.419922	-83.485512
7735.803223	-83.050262
7741.186523	-83.432236
7746.569824	-83.819664
7751.953125	-84.845734
7757.336426	-84.507439
7762.719727	-83.094719
7768.103027	-83.334549
7773.486328	-83.621696
7778.869629	-84.417244
7784.252930	-84.177414
7789.636230	-82.319443
7795.019531	-79.970856
7800.402832	-79.022667
7805.786133	-79.370331
7811.169434	-81.256645
7816.552734	-83.870857
7821.936035	-86.149796
7827.319336	-86.413200
7832.702637	-85.515656
7838.085938	-85.189148
7843.469238	-86.914886
7848.852539	-88.671547
7854.235840	-86.764961
7859.619141	-85.750816
7865.002441	-85.430595
7870.385742	-86.130951
7875.769043	-89.589722
7881.152344	-92.687180
7886.535645	-95.768242
7891.918945	-100.529083
7897.302246	-104.786705
7902.685547	-100.786018
7908.068848	-100.840294
7913.452148	-100.424522
7918.835449	-96.948280
7924.218750	-93.071663
7929.602051	-90.157211
7934.985352	-88.233536
7940.368652	-88.698906
7945.751953	-88.751923
7951.135254	-89.638359
7956.518555	-93.499306
7961.901855	-91.308235
7967.285156	-89.288460
7972.668457	-88.576645
7978.051758	-88.982231
7983.435059	-92.708748
7988.818359	-96.152054
7994.201660	-92.159943
7999.584961	-90.761757
8004.968262	-92.723251
8010.351562	-93.888657
8015.734863	-89.008209
8021.118164	-84.637039
8026.501465	-83.321930
8031.884766	-83.110596
8037.268066	-81.885925
8042.651367	-80.357101
8048.034668	-79.551659
8053.417969	-79.593674
8058.801270	-79.842194
8064.184570	-79.616386
8069.567871	-79.270012
8074.951172	-79.095314
8080.334473	-79.249268
8085.717773	-79.486717
8091.101074	-80.472977
8096.484375	-81.247002
8101.867676	-81.677574
8107.250977	-81.120285
8112.634277	-81.169624
8118.017578	-82.427345
8123.400879	-85.864502
8128.784180	-89.858635
8134.167480	-86.114716
8139.550781	-83.366631
8144.934082	-83.508064
8150.317383	-84.343872
8155.700684	-86.383774
8161.083984	-90.341545
8166.467285	-93.650551
8171.850586	-93.435242
8177.233887	-90.392227
8182.617188	-87.884026
8188.000488	-85.543861
8193.383789	-84.444519
8198.767090	-86.267754
8204.150391	-90.373856
8209.533691	-96.134315
8214.916992	-93.980865
8220.300293	-91.925812
8225.683594	-90.660301
8231.066895	-90.538742
8236.450195	-92.752312
8241.833496	-96.165771
8247.216797	-95.794067
8252.600098	-92.890358
8257.983398	-92.779427
8263.366699	-92.090126
8268.750000	-87.973602
8274.133301	-85.042549
8279.516602	-83.984543
8284.899902	-83.727913
8290.283203	-83.987587
8295.666504	-83.025612
8301.049805	-82.358017
8306.433105	-81.897301
8311.816406	-81.518829
8317.199707	-81.708969
8322.583008	-82.714180
8327.966309	-84.635643
8333.349609	-83.782761
8338.732910	-82.354012
8344.116211	-82.467804
8349.499512	-83.472267
8354.882812	-84.385139
8360.266113	-83.115067
8365.649414	-82.361877
8371.032715	-84.126953
8376.416016	-87.260994
8381.799316	-87.917107
8387.182617	-87.334602
8392.565918	-85.526115
8397.949219	-84.999382
8403.332520	-85.655502
8408.715820	-88.785233
8414.099121	-91.274956
8419.482422	-85.131088
8424.865723	-81.104561
8430.249023	-80.546158
8435.632324	-83.700386
8441.015625	-90.593330
8446.398926	-88.249313
8451.782227	-87.279457
8457.165527	-90.068169
8462.548828	-94.354820
8467.932129	-95.499756
8473.315430	-91.503731
8478.698730	-88.850067
8484.082031	-88.438309
8489.465332	-91.109695
8494.848633	-95.417267
8500.231934	-92.190033
8505.615234	-90.020935
8510.998535	-90.103264
8516.381836	-91.381142
8521.765137	-89.311386
8527.148438	-89.055122
8532.531738	-87.735138
8537.915039	-87.546059
8543.298340	-87.210716
8548.681641	-86.584229
8554.064941	-85.579277
8559.448242	-85.632477
8564.831543	-85.647942
8570.214844	-85.512131
8575.598145	-85.588135
8580.981445	-86.809052
8586.364746	-88.228104
8591.748047	-88.015144
8597.131348	-87.690262
8602.514648	-89.066147
8607.897949	-92.009148
8613.281250	-91.228973
8618.664551	-88.200790
8624.047852	-87.702339
8629.431152	-88.011269
8634.814453	-88.476105
8640.197754	-87.559204
8645.581055	-87.332741
8650.964355	-87.544235
8656.347656	-88.115120
8661.730957	-89.400528
8667.114258	-91.460304
8672.497559	-94.765839
8677.880859	-98.742043
8683.264160	-94.183327
8688.647461	-92.384285
8694.030762	-91.598312
8699.414062	-90.464684
8704.797363	-90.964134
8710.180664	-92.116104
8715.563965	-91.058495
8720.947266	-90.065376
8726.330566	-88.405762
8731.713867	-89.376389
8737.097168	-90.320724
8742.480469	-89.777763
8747.863770	-89.426834
8753.247070	-88.915833
8758.630371	-89.769241
8764.013672	-90.336678
8769.396973	-91.312935
8774.780273	-91.500565
8780.163574	-91.977745
8785.546875	-91.625092
8790.930176	-91.678780
8796.313477	-92.049942
8801.696777	-93.038071
8807.080078	-95.373871
8812.463379	-95.842094
8817.846680	-94.809700
8823.229980	-93.897377
8828.613281	-94.451599
8833.996582	-95.434814
8839.379883	-96.214500
8844.763184	-95.258186
8850.146484	-91.030243
8855.529785	-89.492744
8860.913086	-89.708588
8866.296387	-90.730301
8871.679688	-90.797569
8877.062988	-89.950073
8882.446289	-89.787346
8887.829590	-89.308311
8893.212891	-88.219017
8898.596191	-87.905785
8903.979492	-87.793556
8909.362793	-86.469208
8914.746094	-85.783470
8920.129395	-85.442009
8925.512695	-85.927322
8930.895996	-86.433434
8936.279297	-86.951324
8941.662598	-87.754066
8947.045898	-88.197044
8952.429199	-88.640999
8957.812500	-90.841370
8963.195801	-93.518661
8968.579102	-91.565681
8973.962402	-90.226959
8979.345703	-88.871498
8984.729004	-90.579727
8990.112305	-91.670479
8995.495605	-92.025887
9000.878906	-91.176010
9006.262207	-90.029793
9011.645508	-90.234970
9017.028809	-93.518967
9022.412109	-99.200905
9027.795410	-99.992836
9033.178711	-95.511017
9038.562012	-94.260101
9043.945312	-95.435532
9049.328613	-97.536766
9054.711914	-98.812614
9060.095215	-100.800064
9065.478516	-97.871758
9070.861816	-96.756836
9076.245117	-96.702690
9081.628418	-98.746689
9087.011719	-101.191330
9092.395020	-98.501144
9097.778320	-94.335114
9103.161621	-94.256958
9108.544922	-94.666695
9113.928223	-93.894783
9119.311523	-94.817909
9124.694824	-95.218628
9130.078125	-93.202057
9135.461426	-90.876968
9140.844727	-90.896286
9146.228027	-92.235641
9151.611328	-96.168861
9156.994629	-100.857246
9162.377930	-97.939552
9167.761230	-96.686768
9173.144531	-100.736015
9178.527832	-99.876801
9183.911133	-96.069244
9189.294434	-96.148895
9194.677734	-96.786026
9200.061035	-95.723465
9205.444336	-93.747650
9210.827637	-92.103142
9216.210938	-90.559265
9221.594238	-91.336792
9226.977539	-93.189102
9232.360840	-96.247795
9237.744141	-95.858437
9243.127441	-92.275063
9248.510742	-90.691353
9253.894043	-92.176819
9259.277344	-96.467255
9264.660645	-101.703445
9270.043945	-97.252289
9275.427246	-93.218781
9280.810547	-92.344315
9286.193848	-93.229675
9291.577148	-96.133301
9296.960449	-98.359360
9302.343750	-94.337547
9307.727051	-92.912361
9313.110352	-92.842392
9318.493652	-95.659172
9323.876953	-100.993721
9329.260254	-102.954124
9334.643555	-98.021568
9340.026855	-94.105270
9345.410156	-93.888245
9350.793457	-97.591476
9356.176758	-100.884422
9361.560059	-97.292168
9366.943359	-94.881905
9372.326660	-94.968315
9377.709961	-98.281227
9383.093262	-100.610489
9388.476562	-97.384972
9393.859863	-96.771980
9399.243164	-99.112320
9404.626465	-99.520897
9410.009766	-99.093819
9415.393066	-98.474983
9420.776367	-97.262711
9426.159668	-95.724297
9431.542969	-95.401825
9436.926270	-96.283447
9442.309570	-96.262840
9447.692871	-97.173897
9453.076172	-95.558960
9458.459473	-95.276398
9463.842773	-93.255493
9469.226074	-92.911140
9474.609375	-92.739693
9479.992676	-93.528458
9485.375977	-95.042702
9490.759277	-93.368141
9496.142578	-91.907570
9501.525879	-91.972443
9506.909180	-93.420624
9512.292480	-93.482254
9517.675781	-93.932076
9523.059082	-94.056137
9528.442383	-93.107796
9533.825684	-93.047745
9539.208984	-94.924629
9544.592285	-96.992966
9549.975586	-99.306030
9555.358887	-101.748581
9560.742188	-100.323761
9566.125488	-97.520210
9571.508789	-98.501808
9576.892090	-99.179352
9582.275391	-100.469383
9587.658691	-98.072357
9593.041992	-96.116791
9598.425293	-95.895721
9603.808594	-96.716705
9609.191895	-98.793640
9614.575195	-98.929886
9619.958496	-95.507713
9625.341797	-94.767662
9630.725098	-94.552132
9636.108398	-95.172623
9641.491699	-97.735214
9646.875000	-101.791397
9652.258301	-97.738983
9657.641602	-94.982864
9663.024902	-93.903099
9668.408203	-93.388306
9673.791504	-92.436050
9679.174805	-91.939804
9684.558105	-92.471443
9689.941406	-95.232689
9695.324707	-99.336609
9700.708008	-97.712669
9706.091309	-95.428329
9711.474609	-95.913269
9716.857910	-97.558273
9722.241211	-96.007111
9727.624512	-95.388191
9733.007812	-94.810783
9738.391113	-96.060631
9743.774414	-94.675797
9749.157715	-92.650574
9754.541016	-92.094162
9759.924316	-91.706558
9765.307617	-92.267075
9770.690918	-92.664680
9776.074219	-93.929306
9781.457520	-93.053505
9786.840820	-93.707260
9792.224121	-94.671669
9797.607422	-96.634621
9802.990723	-98.978271
9808.374023	-97.467339
9813.757324	-95.836395
9819.140625	-96.391762
9824.523926	-98.045197
9829.907227	-104.471130
9835.290527	-103.149048
9840.673828	-98.609512
9846.057129	-97.081329
9851.440430	-99.738205
9856.823730	-101.216499
9862.207031	-99.310516
9867.590332	-96.556374
9872.973633	-95.847153
9878.356934	-96.467537
9883.740234	-97.118172
9889.123535	-98.162224
9894.506836	-96.019432
9899.890137	-93.310852
9905.273438	-91.735512
9910.656738	-92.421928
9916.040039	-94.367134
9921.423340	-94.705437
9926.806641	-92.700310
9932.189941	-92.278702
9937.573242	-93.794670
9942.956543	-95.136841
9948.339844	-94.470703
9953.723145	-94.901505
9959.106445	-94.318184
9964.489746	-96.236168
9969.873047	-97.770393
9975.256348	-99.258728
9980.639648	-100.127655
9986.022949	-99.801003
9991.406250	-99.830170
9996.789551	-100.524300
10002.172852	-101.496841
10007.556152	-103.425240
10012.939453	-106.144402
10018.322754	-100.671745
10023.706055	-99.774529
10029.089355	-102.524147
10034.472656	-103.967056
10039.855957	-98.418968
10045.239258	-94.405373
10050.622559	-93.168350
10056.005859	-94.733437
10061.389160	-101.477135
10066.772461	-97.094276
10072.155762	-91.410980
10077.539062	-88.955307
10082.922363	-89.410278
10088.305664	-89.908554
10093.688965	-92.017082
10099.072266	-96.897255
10104.455566	-100.201050
10109.838867	-99.149666
10115.222168	-96.066650
10120.605469	-93.056442
10125.988770	-91.048111
10131.372070	-92.069099
10136.755371	-95.329887
10142.138672	-98.451241
10147.521973	-103.518898
10152.905273	-102.453979
10158.288574	-98.929214
10163.671875	-98.668976
10169.055176	-101.485306
10174.438477	-102.547539
10179.821777	-102.637825
10185.205078	-97.754181
10190.588379	-97.613029
10195.971680	-97.498886
10201.354980	-98.999443
10206.738281	-101.589043
10212.121582	-103.963921
10217.504883	-101.737183
10222.888184	-99.845375
10228.271484	-96.948990
10233.654785	-97.835831
10239.038086	-99.459503
10244.421387	-98.216850
10249.804688	-95.989410
10255.187988	-95.050087
10260.571289	-93.512947
10265.954590	-92.466949
10271.337891	-91.639870
10276.721191	-90.792404
10282.104492	-90.983772
10287.487793	-90.628609
10292.871094	-90.048233
10298.254395	-88.461739
10303.637695	-88.628853
10309.020996	-89.762016
10314.404297	-89.842865
10319.787598	-88.176193
10325.170898	-87.178246
10330.554199	-87.520302
10335.937500	-87.654221
10341.320801	-87.481102
10346.704102	-88.363579
10352.087402	-90.246986
10357.470703	-90.987419
10362.854004	-90.651985
10368.237305	-90.112587
10373.620605	-92.054611
10379.003906	-94.009521
10384.387207	-93.340919
10389.770508	-93.742050
10395.153809	-94.650352
10400.537109	-95.839783
10405.920410	-94.811157
10411.303711	-93.866966
10416.687012	-95.455757
10422.070312	-98.173592
10427.453613	-96.697151
10432.836914	-96.320465
10438.220215	-99.126526
10443.603516	-100.806625
10448.986816	-96.924881
10454.370117	-95.182198
10459.753418	-95.022285
10465.136719	-95.778641
10470.520020	-97.344406
10475.903320	-99.374893
10481.286621	-99.536774
10486.669922	-95.994614
10492.053223	-94.730682
10497.436523	-95.049690
10502.819824	-95.569244
10508.203125	-95.598846
10513.586426	-94.290863
10518.969727	-94.130379
10524.353027	-95.957993
10529.736328	-96.846123
10535.119629	-97.312462
10540.502930	-95.700394
10545.886230	-95.650429
10551.269531	-96.573120
10556.652832	-99.646614
10562.036133	-101.998024
10567.419434	-97.489037
10572.802734	-95.874481
10578.186035	-96.602570
10583.569336	-99.388863
10588.952637	-104.229561
10594.335938	-107.589371
10599.719238	-107.593437
10605.102539	-102.001640
10610.485840	-101.102646
10615.869141	-99.612450
10621.252441	-101.662392
10626.635742	-98.346664
10632.019043	-95.744232
10637.402344	-96.909439
10642.785645	-101.306610
10648.168945	-103.565277
10653.552246	-101.282433
10658.935547	-98.455147
10664.318848	-97.806679
10669.702148	-101.018829
10675.085449	-104.476448
10680.468750	-102.767014
10685.852051	-99.342155
10691.235352	-96.882462
10696.618652	-97.819786
10702.001953	-102.031738
10707.385254	-99.985527
10712.768555	-94.907562
10718.151855	-92.108902
10723.535156	-92.462669
10728.918457	-94.248360
10734.301758	-96.401672
10739.685059	-93.401382
10745.068359	-93.426430
10750.451660	-94.006241
10755.834961	-94.127983
10761.218262	-93.514168
10766.601562	-93.662643
10771.984863	-94.900284
10777.368164	-95.627350
10782.751465	-95.346474
10788.134766	-96.840607
10793.518066	-98.299240
10798.901367	-98.973099
10804.284668	-99.155838
10809.667969	-100.498123
10815.051270	-103.388405
10820.434570	-105.633888
10825.817871	-104.788155
10831.201172	-103.621132
10836.584473	-104.473358
10841.967773	-100.700134
10847.351074	-96.005936
10852.734375	-95.329819
10858.117676	-94.585831
10863.500977	-94.447304
10868.884277	-93.187622
10874.267578	-92.559021
10879.650879	-91.846863
10885.034180	-90.287712
10890.417480	-89.788033
10895.800781	-89.425804
10901.184082	-89.732048
10906.567383	-89.578194
10911.950684	-89.236145
10917.333984	-89.597107
10922.717285	-89.977234
10928.100586	-89.077744
10933.483887	-89.321136
10938.867188	-89.944054
10944.250488	-91.001450
10949.633789	-91.643707
10955.017090	-90.645653
10960.400391	-90.619377
10965.783691	-91.140793
10971.166992	-91.870544
10976.550293	-93.392738
10981.933594	-93.453964
10987.316895	-94.655220
10992.700195	-94.645805
10998.083496	-97.152641
11003.466797	-99.233170
11008.850098	-98.700615
11014.233398	-101.130440
11019.616699	-102.466431
11025.000000	-105.036636
11030.383301	-105.273643
11035.766602	-103.178734
11041.149902	-100.722252
11046.533203	-99.210754
11051.916504	-97.426979
11057.299805	-97.373550
11062.683105	-95.703827
11068.066406	-94.047997
11073.449707	-92.310982
11078.833008	-92.317932
11084.216309	-92.587555
11089.599609	-91.876648
11094.982910	-90.990562
11100.366211	-91.181007
11105.749512	-92.108879
11111.132812	-91.306297
11116.516113	-90.629883
11121.899414	-89.999290
11127.282715	-89.482910
11132.666016	-88.949905
11138.049316	-89.194237
11143.432617	-89.739609
11148.815918	-89.619019
11154.199219	-89.182838
11159.582520	-89.328896
11164.965820	-89.449043
11170.349121	-90.439201
11175.732422	-91.514687
11181.115723	-91.976837
11186.499023	-91.533264
11191.882324	-92.303299
11197.265625	-93.296753
11202.648926	-94.891891
11208.032227	-96.703819
11213.415527	-99.440079
11218.798828	-101.646599
11224.182129	-103.667931
11229.565430	-103.870499
11234.948730	-100.645576
11240.332031	-99.746040
11245.715332	-99.785698
11251.098633	-96.474144
11256.481934	-95.559792
11261.865234	-94.825233
11267.248535	-94.231743
11272.631836	-93.873192
11278.015137	-93.339859
11283.398438	-94.435959
11288.781738	-94.013771
11294.165039	-93.088196
11299.548340	-93.222374
11304.931641	-94.066048
11310.314941	-94.236862
11315.698242	-93.230461
11321.081543	-92.407143
11326.464844	-93.148895
11331.848145	-94.130821
11337.231445	-93.406693
11342.614746	-93.432312
11347.998047	-94.764565
11353.381348	-94.902328
11358.764648	-94.053101
11364.147949	-94.946045
11369.531250	-96.243141
11374.914551	-97.744843
11380.297852	-97.952133
11385.681152	-100.341774
11391.064453	-103.859825
11396.447754	-103.728394
11401.831055	-102.269814
11407.214355	-99.934395
11412.597656	-99.459656
11417.980957	-99.944649
11423.364258	-103.590622
11428.747559	-105.595070
11434.130859	-102.409485
11439.514160	-100.855469
11444.897461	-100.847603
11450.280762	-100.730194
11455.664062	-98.857025
11461.047363	-97.488335
11466.430664	-97.250290
11471.813965	-100.060760
11477.197266	-97.184471
11482.580566	-93.881821
11487.963867	-92.200920
11493.347168	-92.138954
11498.730469	-94.327530
11504.113770	-97.194878
11509.497070	-99.307579
11514.880371	-96.585037
11520.263672	-94.191162
11525.646973	-93.780807
11531.030273	-93.084579
11536.413574	-96.344261
11541.796875	-98.369583
11547.180176	-98.616806
11552.563477	-96.612076
11557.946777	-96.412018
11563.330078	-100.411316
11568.713379	-102.308075
11574.096680	-102.146278
11579.479980	-101.800957
11584.863281	-102.573685
11590.246582	-102.359497
11595.629883	-100.795525
11601.013184	-104.608665
11606.396484	-102.423203
11611.779785	-100.478851
11617.163086	-103.324875
11622.546387	-106.372719
11627.929688	-102.006691
11633.312988	-98.994843
11638.696289	-97.627678
11644.079590	-99.345741
11649.462891	-99.417908
11654.846191	-99.332222
11660.229492	-99.138374
11665.612793	-99.333076
11670.996094	-100.007805
11676.379395	-100.733078
11681.762695	-104.317047
11687.145996	-105.859886
11692.529297	-100.806946
11697.912598	-99.083008
11703.295898	-103.293518
11708.679199	-105.507111
11714.062500	-102.574821
11719.445801	-97.910706
11724.829102	-96.598152
11730.212402	-98.494751
11735.595703	-99.188377
11740.979004	-97.320580
11746.362305	-96.427658
11751.745605	-93.551506
11757.128906	-92.284821
11762.512207	-92.857559
11767.895508	-94.475220
11773.278809	-93.992348
11778.662109	-91.372246
11784.045410	-89.943024
11789.428711	-90.627274
11794.812012	-91.896835
11800.195312	-92.322342
11805.578613	-91.961189
11810.961914	-91.269135
11816.345215	-90.985519
11821.728516	-91.302719
11827.111816	-92.437515
11832.495117	-93.260872
11837.878418	-92.119827
11843.261719	-93.040497
11848.645020	-93.515556
11854.028320	-94.635048
11859.411621	-96.159294
11864.794922	-99.123245
11870.178223	-100.039436
11875.561523	-99.890060
11880.944824	-99.514046
11886.328125	-99.646599
11891.711426	-101.636627
11897.094727	-101.043922
11902.478027	-102.292671
11907.861328	-104.148849
11913.244629	-104.514473
11918.627930	-99.435829
11924.011230	-97.868156
11929.394531	-97.194183
11934.777832	-96.257881
11940.161133	-93.833336
11945.544434	-93.706886
11950.927734	-92.774323
11956.311035	-93.473679
11961.694336	-93.721924
11967.077637	-93.406204
11972.460938	-93.726692
11977.844238	-94.343002
11983.227539	-93.385933
11988.610840	-92.564049
11993.994141	-92.781136
11999.377441	-94.070671
12004.760742	-95.627670
12010.144043	-95.567612
12015.527344	-95.591324
12020.910645	-96.779800
12026.293945	-96.279007
12031.677246	-97.843575
12037.060547	-100.852806
12042.443848	-105.209595
12047.827148	-109.768456
12053.210449	-104.505356
12058.593750	-104.316719
12063.977051	-101.930664
12069.360352	-100.749268
12074.743652	-100.789497
12080.126953	-102.744385
12085.510254	-107.690063
12090.893555	-106.326645
12096.276855	-103.016045
12101.660156	-99.872223
12107.043457	-98.816833
12112.426758	-99.580368
12117.810059	-101.716934
12123.193359	-104.254555
12128.576660	-99.106468
12133.959961	-98.183388
12139.343262	-97.988373
12144.726562	-102.228813
12150.109863	-105.867325
12155.493164	-103.224495
12160.876465	-105.323372
12166.259766	-107.673012
12171.643066	-110.203148
12177.026367	-108.127663
12182.409668	-104.134956
12187.792969	-104.418266
12193.176270	-104.140869
12198.559570	-102.314507
12203.942871	-106.661461
12209.326172	-106.320930
12214.709473	-103.859482
12220.092773	-103.064743
12225.476074	-103.688980
12230.859375	-106.327690
12236.242676	-106.758469
12241.625977	-104.078201
12247.009277	-101.078613
12252.392578	-102.254456
12257.775879	-101.711563
12263.159180	-100.924515
12268.542480	-100.495361
12273.925781	-98.287186
12279.309082	-98.892548
12284.692383	-100.261925
12290.075684	-104.724571
12295.458984	-107.083290
12300.842285	-104.216148
12306.225586	-101.866310
12311.608887	-102.099297
12316.992188	-103.107803
12322.375488	-103.396149
12327.758789	-106.602615
12333.142090	-105.710747
12338.525391	-102.982178
12343.908691	-99.955231
12349.291992	-100.774841
12354.675293	-105.591492
12360.058594	-105.324142
12365.441895	-105.088501
12370.825195	-103.401566
12376.208496	-101.845421
12381.591797	-103.729553
12386.975098	-104.056015
12392.358398	-107.165855
12397.741699	-103.890923
12403.125000	-100.896751
12408.508301	-99.983727
12413.891602	-101.020668
12419.274902	-103.748779
12424.658203	-106.289856
12430.041504	-103.083153
12435.424805	-102.725372
12440.808105	-105.630989
12446.191406	-101.498520
12451.574707	-99.562866
12456.958008	-98.612007
12462.341309	-104.041107
12467.724609	-104.537117
12473.107910	-101.647278
12478.491211	-100.394318
12483.874512	-100.396614
12489.257812	-98.634155
12494.641113	-98.189285
12500.024414	-100.725754
12505.407715	-100.159309
12510.791016	-95.714722
12516.174316	-93.932556
12521.557617	-94.898163
12526.940918	-99.918900
12532.324219	-99.553726
12537.707520	-95.940193
12543.090820	-94.514053
12548.474121	-94.792290
12553.857422	-96.208992
12559.240723	-100.772186
12564.624023	-98.918861
12570.007324	-91.405663
12575.390625	-89.227577
12580.773926	-90.517365
12586.157227	-96.228424
12591.540527	-97.485153
12596.923828	-92.978394
12602.307129	-92.870049
12607.690430	-96.350929
12613.073730	-102.038528
12618.457031	-100.602554
12623.840332	-97.571526
12629.223633	-96.441406
12634.606934	-94.818985
12639.990234	-93.825119
12645.373535	-95.998734
12650.756836	-97.516525
12656.140137	-94.206673
12661.523438	-92.292839
12666.906738	-91.801895
12672.290039	-93.955414
12677.673340	-94.382011
12683.056641	-93.616768
12688.439941	-92.760925
12693.823242	-94.048950
12699.206543	-94.963112
12704.589844	-93.433868
12709.973145	-94.727898
12715.356445	-95.748825
12720.739746	-94.417801
12726.123047	-93.328186
12731.506348	-93.522560
12736.889648	-94.863266
12742.272949	-94.566994
12747.656250	-93.431442
12753.039551	-94.358299
12758.422852	-95.801834
12763.806152	-97.290527
12769.189453	-97.684959
12774.572754	-97.970840
12779.956055	-99.485870
12785.339355	-100.483635
12790.722656	-101.087959
12796.105957	-99.046555
12801.489258	-95.949150
12806.872559	-94.636566
12812.255859	-95.751038
12817.639160	-97.972099
12823.022461	-100.461830
12828.405762	-98.246819
12833.789062	-96.124428
12839.172363	-96.773483
12844.555664	-99.439270
12849.938965	-101.864632
12855.322266	-99.485069
12860.705566	-95.686073
12866.088867	-94.313690
12871.472168	-95.245926
12876.855469	-98.165405
12882.238770	-99.351669
12887.622070	-98.183578
12893.005371	-98.113876
12898.388672	-99.253555
12903.771973	-103.485344
12909.155273	-104.096802
12914.538574	-100.835419
12919.921875	-99.168243
12925.305176	-97.483307
12930.688477	-100.150253
12936.071777	-105.479126
12941.455078	-106.329002
12946.838379	-101.578270
12952.221680	-101.766747
12957.604980	-105.844658
12962.988281	-103.561089
12968.371582	-100.455910
12973.754883	-102.291206
12979.138184	-106.341415
12984.521484	-105.705521
12989.904785	-102.478981
12995.288086	-103.829155
13000.671387	-105.830139
13006.054688	-103.945946
13011.437988	-104.693192
13016.821289	-104.683151
13022.204590	-106.479980
13027.587891	-105.458633
13032.971191	-103.938095
13038.354492	-100.949211
13043.737793	-104.572540
13049.121094	-103.738281
13054.504395	-101.513962
13059.887695	-99.144676
13065.270996	-98.316818
13070.654297	-100.070503
13076.037598	-100.880844
13081.420898	-103.692032
13086.804199	-102.051353
13092.187500	-100.882645
13097.570801	-100.191628
13102.954102	-102.968651
13108.337402	-104.756477
13113.720703	-104.198692
13119.104004	-101.164352
13124.487305	-98.398979
13129.870605	-99.097107
13135.253906	-101.104446
13140.637207	-101.851143
13146.020508	-98.670189
13151.403809	-98.305527
13156.787109	-99.215698
13162.170410	-99.162498
13167.553711	-98.293709
13172.937012	-99.340218
13178.320312	-101.309547
13183.703613	-100.057289
13189.086914	-98.924805
13194.470215	-98.925827
13199.853516	-101.742096
13205.236816	-99.814171
13210.620117	-98.387306
13216.003418	-99.004272
13221.386719	-98.975502
13226.770020	-97.749199
13232.153320	-99.915459
13237.536621	-100.015831
13242.919922	-100.482025
13248.303223	-98.796471
13253.686523	-99.599144
13259.069824	-100.807472
13264.453125	-99.753403
13269.836426	-97.876289
13275.219727	-99.031876
13280.603027	-102.010170
13285.986328	-103.672302
13291.369629	-99.771202
13296.752930	-98.440239
13302.136230	-99.298813
13307.519531	-99.587357
13312.902832	-100.104652
13318.286133	-101.559135
13323.669434	-104.291527
13329.052734	-100.770744
13334.436035	-100.473373
13339.819336	-103.217987
13345.202637	-102.733116
13350.585938	-100.914070
13355.969238	-100.716560
13361.352539	-105.002838
13366.735840	-102.634338
13372.119141	-99.843407
13377.502441	-100.583031
13382.885742	-100.383270
13388.269043	-97.715866
13393.652344	-96.900757
13399.035645	-97.110382
13404.418945	-98.696709
13409.802246	-97.712837
13415.185547	-95.658417
13420.568848	-97.427231
13425.952148	-98.064056
13431.335449	-97.317917
13436.718750	-96.737526
13442.102051	-94.914024
13447.485352	-96.749557
13452.868652	-98.970726
13458.251953	-99.189133
13463.635254	-101.699921
13469.018555	-101.896301
13474.401855	-101.847595
13479.785156	-98.805473
13485.168457	-97.192474
13490.551758	-97.971725
13495.935059	-98.316154
13501.318359	-97.020027
13506.701660	-95.859795
13512.084961	-98.622444
13517.468262	-100.259453
13522.851562	-98.076080
13528.234863	-96.622437
13533.618164	-98.856674
13539.001465	-100.588112
13544.384766	-99.295395
13549.768066	-99.495140
13555.151367	-104.149796
13560.534668	-105.848747
13565.917969	-100.529030
13571.301270	-101.132599
13576.684570	-105.659431
13582.067871	-101.666222
13587.451172	-100.459846
13592.834473	-101.424751
13598.217773	-102.936005
13603.601074	-99.002235
13608.984375	-98.833900
13614.367676	-101.604515
13619.750977	-104.719948
13625.134277	-100.481331
13630.517578	-99.513748
13635.900879	-99.478477
13641.284180	-106.193077
13646.667480	-110.691338
13652.050781	-108.370438
13657.434082	-106.147011
13662.817383	-109.198006
13668.200684	-107.381203
13673.583984	-105.197144
13678.967285	-106.414009
13684.350586	-104.191956
13689.733887	-102.414024
13695.117188	-101.551109
13700.500488	-104.743454
13705.883789	-105.668396
13711.267090	-105.075874
13716.650391	-106.810242
13722.033691	-106.366982
13727.416992	-106.443352
13732.800293	-102.643112
13738.183594	-106.526756
13743.566895	-110.947258
13748.950195	-108.040245
13754.333496	-106.407204
13759.716797	-103.804794
13765.100098	-102.212418
13770.483398	-102.189125
13775.866699	-102.574799
13781.250000	-101.254295
13786.633301	-99.256737
13792.016602	-99.974319
13797.399902	-99.716408
13802.783203	-99.148422
13808.166504	-97.727020
13813.549805	-97.331993
13818.933105	-97.986267
13824.316406	-98.071617
13829.699707	-98.621109
13835.083008	-99.163498
13840.466309	-102.021729
13845.849609	-102.879311
13851.232910	-102.105698
13856.616211	-101.144974
13861.999512	-99.796585
13867.382812	-97.397697
13872.766113	-97.724266
13878.149414	-98.794250
13883.532715	-97.805321
13888.916016	-97.939323
13894.299316	-98.178429
13899.682617	-97.772156
13905.065918	-98.575172
13910.449219	-99.168388
13915.832520	-101.361778
13921.215820	-98.558601
13926.599121	-97.119263
13931.982422	-97.243629
13937.365723	-98.931808
13942.749023	-101.306335
13948.132324	-102.731895
13953.515625	-101.686981
13958.898926	-100.357254
13964.282227	-99.817459
13969.665527	-99.056587
13975.048828	-100.261398
13980.432129	-102.943916
13985.815430	-102.242882
13991.198730	-99.230721
13996.582031	-99.070023
14001.965332	-102.199501
14007.348633	-106.795662
14012.731934	-102.576447
14018.115234	-100.662041
14023.498535	-101.072273
14028.881836	-102.058914
14034.265137	-103.365555
14039.648438	-104.057335
14045.031738	-104.623619
14050.415039	-105.422409
14055.798340	-105.535263
14061.181641	-109.383430
14066.564941	-106.147644
14071.948242	-110.354355
14077.331543	-107.046944
14082.714844	-105.887695
14088.098145	-108.373520
14093.481445	-103.745110
14098.864746	-102.560219
14104.248047	-105.466736
14109.631348	-106.833748
14115.014648	-103.681969
14120.397949	-106.245163
14125.781250	-108.966614
14131.164551	-106.280167
14136.547852	-106.187965
14141.931152	-103.273064
14147.314453	-102.686501
14152.697754	-103.552544
14158.081055	-105.293427
14163.464355	-105.722244
14168.847656	-104.795921
14174.230957	-104.348595
14179.614258	-104.018105
14184.997559	-105.527100
14190.380859	-101.791939
14195.764160	-101.584389
14201.147461	-102.467926
14206.530762	-104.235733
14211.914062	-102.346970
14217.297363	-102.141853
14222.680664	-101.966179
14228.063965	-103.759270
14233.447266	-103.992516
14238.830566	-105.988235
14244.213867	-101.859901
14249.597168	-101.799416
14254.980469	-105.476891
14260.363770	-104.559792
14265.747070	-102.829552
14271.130371	-99.303856
14276.513672	-99.272438
14281.896973	-99.136032
14287.280273	-98.667801
14292.663574	-100.240547
14298.046875	-98.215256
14303.430176	-98.960785
14308.813477	-99.820244
14314.196777	-97.538826
14319.580078	-98.403038
14324.963379	-99.842781
14330.346680	-100.994789
14335.729980	-98.218628
14341.113281	-95.102776
14346.496582	-95.291046
14351.879883	-94.360802
14357.263184	-93.799202
14362.646484	-94.569527
14368.029785	-97.038742
14373.413086	-99.053558
14378.796387	-97.724701
14384.179688	-97.869766
14389.562988	-97.386253
14394.946289	-95.295570
14400.329590	-95.813522
14405.712891	-98.521217
14411.096191	-98.858871
14416.479492	-96.970673
14421.862793	-96.171783
14427.246094	-96.427238
14432.629395	-98.172722
14438.012695	-99.310043
14443.395996	-99.776649
14448.779297	-98.372292
14454.162598	-97.033051
14459.545898	-97.262802
14464.929199	-100.196312
14470.312500	-100.976097
14475.695801	-106.098671
14481.079102	-100.653755
14486.462402	-99.237518
14491.845703	-98.441536
14497.229004	-100.288498
14502.612305	-102.060135
14507.995605	-104.838249
14513.378906	-106.804733
14518.762207	-102.260406
14524.145508	-100.915077
14529.528809	-104.502289
14534.912109	-104.600220
14540.295410	-101.112808
14545.678711	-99.824715
14551.062012	-101.986702
14556.445312	-102.275612
14561.828613	-100.273109
14567.211914	-101.780701
14572.595215	-107.300995
14577.978516	-106.205185
14583.361816	-102.707405
14588.745117	-104.788452
14594.128418	-104.303360
14599.511719	-105.790535
14604.895020	-106.949997
14610.278320	-104.960876
14615.661621	-102.173439
14621.044922	-101.439377
14626.428223	-102.589958
14631.811523	-101.452019
14637.194824	-100.005333
14642.578125	-101.951149
14647.961426	-102.159683
14653.344727	-101.686424
14658.728027	-104.711800
14664.111328	-104.840645
14669.494629	-105.825653
14674.877930	-105.789406
14680.261230	-101.600365
14685.644531	-100.086357
14691.027832	-101.282135
14696.411133	-102.987465
14701.794434	-103.590614
14707.177734	-102.624954
14712.561035	-102.722000
14717.944336	-101.148399
14723.327637	-100.597122
14728.710938	-101.320702
14734.094238	-101.654427
14739.477539	-101.035225
14744.860840	-98.083824
14750.244141	-96.836517
14755.627441	-97.995148
14761.010742	-99.671989
14766.394043	-101.097221
14771.777344	-100.559792
14777.160645	-98.772766
14782.543945	-100.078812
14787.927246	-100.322159
14793.310547	-100.495819
14798.693848	-102.726051
14804.077148	-103.187454
14809.460449	-98.057106
14814.843750	-96.021042
14820.227051	-97.183716
14825.610352	-102.974251
14830.993652	-98.390305
14836.376953	-94.721977
14841.760254	-93.640381
14847.143555	-95.715408
14852.526855	-96.410019
14857.910156	-96.868065
14863.293457	-97.639175
14868.676758	-96.186462
14874.060059	-93.092186
14879.443359	-93.939262
14884.826660	-98.765495
14890.209961	-99.124832
14895.593262	-96.819511
14900.976562	-97.681381
14906.359863	-101.652420
14911.743164	-99.601540
14917.126465	-97.445572
14922.509766	-97.408241
14927.893066	-101.579422
14933.276367	-106.904228
14938.659668	-106.286613
14944.042969	-103.564728
14949.426270	-102.073158
14954.809570	-100.898323
14960.192871	-101.831245
14965.576172	-105.075439
14970.959473	-107.541000
14976.342773	-104.351807
14981.726074	-98.471329
14987.109375	-96.410164
14992.492676	-96.019722
14997.875977	-98.474663
15003.259277	-102.068108
15008.642578	-100.920959
15014.025879	-100.565231
15019.409180	-102.500748
15024.792480	-100.253288
15030.175781	-99.947838
15035.559082	-99.301308
15040.942383	-102.893120
15046.325684	-109.153275
15051.708984	-102.959122
15057.092285	-99.886200
15062.475586	-100.787315
15067.858887	-101.418968
15073.242188	-103.569153
15078.625488	-105.494095
15084.008789	-106.464813
15089.392090	-106.980240
15094.775391	-105.562553
15100.158691	-104.771225
15105.541992	-101.108490
15110.925293	-101.405869
15116.308594	-103.374924
15121.691895	-107.564980
15127.075195	-104.280792
15132.458496	-101.787201
15137.841797	-100.963928
15143.225098	-101.986977
15148.608398	-106.414139
15153.991699	-102.843033
15159.375000	-102.268967
15164.758301	-102.663773
15170.141602	-101.311493
15175.524902	-100.478111
15180.908203	-101.900085
15186.291504	-97.869102
15191.674805	-98.143333
15197.058105	-101.579948
15202.441406	-99.718697
15207.824707	-96.487480
15213.208008	-95.801880
15218.591309	-98.167137
15223.974609	-102.918144
15229.357910	-103.109436
15234.741211	-100.717918
15240.124512	-99.270653
15245.507812	-99.536125
15250.891113	-98.329620
15256.274414	-101.599922
15261.657715	-102.704536
15267.041016	-98.068909
15272.424316	-96.755508
15277.807617	-98.430351
15283.190918	-102.272713
15288.574219	-98.239166
15293.957520	-96.927437
15299.340820	-98.275795
15304.724121	-100.116180
15310.107422	-98.697708
15315.490723	-99.693253
15320.874023	-100.809837
15326.257324	-98.703781
15331.640625	-97.143692
15337.023926	-97.305237
15342.407227	-99.331505
15347.790527	-103.503311
15353.173828	-104.495956
15358.557129	-103.582008
15363.940430	-104.629356
15369.323730	-108.114868
15374.707031	-105.266029
15380.090332	-103.372429
15385.473633	-106.843597
15390.856934	-111.435730
15396.240234	-106.460243
15401.623535	-103.466629
15407.006836	-107.442131
15412.390137	-106.201492
15417.773438	-104.136024
15423.156738	-103.127533
15428.540039	-107.118385
15433.923340	-108.930183
15439.306641	-103.519547
15444.689941	-101.869957
15450.073242	-102.532898
15455.456543	-103.809128
15460.839844	-106.509064
15466.223145	-102.497841
15471.606445	-100.847969
15476.989746	-101.235825
15482.373047	-101.557571
15487.756348	-102.562653
15493.139648	-100.217567
15498.522949	-98.875389
15503.906250	-100.918526
15509.289551	-101.229843
15514.672852	-99.546036
15520.056152	-98.841957
15525.439453	-98.149948
15530.822754	-97.437332
15536.206055	-96.665146
15541.589355	-96.599197
15546.972656	-98.038445
15552.355957	-98.833725
15557.739258	-96.266754
15563.122559	-95.358803
15568.505859	-96.088898
15573.889160	-98.500656
15579.272461	-99.431313
15584.655762	-98.671021
15590.039062	-98.916695
15595.422363	-98.701302
15600.805664	-97.349808
15606.188965	-99.317528
15611.572266	-100.898102
15616.955566	-101.759346
15622.338867	-102.059959
15627.722168	-100.865723
15633.105469	-101.828674
15638.488770	-105.481194
15643.872070	-105.404472
15649.255371	-103.018997
15654.638672	-103.968460
15660.021973	-105.064972
15665.405273	-104.181015
15670.788574	-100.987877
15676.171875	-100.314323
15681.555176	-100.930855
15686.938477	-101.943024
15692.321777	-97.351730
15697.705078	-96.531410
15703.088379	-97.571243
15708.471680	-97.154144
15713.854980	-96.772003
15719.238281	-96.363945
15724.621582	-95.657082
15730.004883	-95.699265
15735.388184	-95.034523
15740.771484	-95.987480
15746.154785	-96.397896
15751.538086	-96.078133
15756.921387	-95.846222
15762.304688	-94.824944
15767.687988	-95.342995
15773.071289	-95.694122
15778.454590	-95.777863
15783.837891	-95.803108
15789.221191	-95.158226
15794.604492	-96.302345
15799.987793	-96.003334
15805.371094	-96.151947
15810.754395	-97.631569
15816.137695	-98.908463
15821.520996	-97.015053
15826.904297	-96.304047
15832.287598	-97.214149
15837.670898	-95.593819
15843.054199	-95.559860
15848.437500	-94.744789
15853.820801	-95.879150
15859.204102	-96.714607
15864.587402	-96.766693
15869.970703	-95.728142
15875.354004	-94.232834
15880.737305	-93.918816
15886.120605	-96.558029
15891.503906	-96.302872
15896.887207	-95.925247
15902.270508	-93.370628
15907.653809	-92.977867
15913.037109	-95.335701
15918.420410	-96.682945
15923.803711	-96.947990
15929.187012	-96.732971
15934.570312	-95.923470
15939.953613	-96.342377
15945.336914	-97.689766
15950.720215	-98.562294
15956.103516	-98.235023
15961.486816	-97.727341
15966.870117	-98.148155
15972.253418	-99.992523
15977.636719	-99.498802
15983.020020	-98.239647
15988.403320	-101.531525
15993.786621	-101.261833
15999.169922	-100.960228
16004.553223	-101.310127
16009.936523	-99.626404
16015.319824	-98.894714
16020.703125	-100.661865
16026.086426	-102.377930
16031.469727	-103.181786
16036.853027	-102.061768
16042.236328	-100.669731
16047.619629	-102.600357
16053.002930	-105.287407
16058.386230	-103.751297
16063.769531	-102.295036
16069.152832	-102.725258
16074.536133	-101.848625
16079.919434	-102.224762
16085.302734	-101.044846
16090.686035	-100.077904
16096.069336	-97.776237
16101.452637	-98.231026
16106.835938	-98.902687
16112.219238	-100.857620
16117.602539	-99.253059
16122.985840	-98.998589
16128.369141	-97.086220
16133.752441	-97.322388
16139.135742	-98.499352
16144.519043	-99.820084
16149.902344	-99.695534
16155.285645	-101.833549
16160.668945	-104.006554
16166.052246	-100.982567
16171.435547	-100.574280
16176.818848	-103.320961
16182.202148	-103.791702
16187.585449	-102.860985
16192.968750	-103.459076
16198.352051	-106.083542
16203.735352	-112.096916
16209.118652	-106.417198
16214.501953	-102.378990
16219.885254	-102.069946
16225.268555	-99.945442
16230.651855	-98.646828
16236.035156	-96.359940
16241.418457	-96.318352
16246.801758	-96.943459
16252.185059	-96.855103
16257.568359	-95.807083
16262.951660	-97.314278
16268.334961	-96.859200
16273.718262	-97.246643
16279.101562	-97.919785
16284.484863	-98.937920
16289.868164	-97.901649
16295.251465	-97.518051
16300.634766	-98.668091
16306.018066	-98.070267
16311.401367	-98.416771
16316.784668	-100.722092
16322.167969	-100.545692
16327.551270	-100.751282
16332.934570	-97.732986
16338.317871	-94.653862
16343.701172	-94.571510
16349.084473	-94.886124
16354.467773	-97.051651
16359.851074	-95.063858
16365.234375	-92.496078
16370.617676	-91.673004
16376.000977	-93.191002
16381.384277	-97.786858
16386.767578	-92.367783
16392.150879	-89.637100
16397.534180	-89.579018
16402.917480	-91.399170
16408.300781	-93.573814
16413.684082	-92.660576
16419.067383	-90.525383
16424.450684	-89.471687
16429.833984	-89.761116
16435.217285	-90.952606
16440.600586	-93.139786
16445.983887	-92.833092
16451.367188	-92.519371
16456.750488	-92.744820
16462.133789	-93.904060
16467.517090	-94.771004
16472.900391	-94.013718
16478.283691	-94.119980
16483.666992	-95.288132
16489.050293	-98.120316
16494.433594	-97.205490
16499.816895	-96.449806
16505.200195	-98.190926
16510.583496	-100.784279
16515.966797	-100.799919
16521.350098	-100.141876
16526.733398	-103.575256
16532.116699	-105.243240
16537.500000	-102.799538
16542.883301	-101.155083
16548.266602	-104.419395
16553.649902	-102.937263
16559.033203	-99.670662
16564.416504	-99.730476
16569.799805	-99.918732
16575.183105	-101.796066
16580.566406	-98.647133
16585.949707	-99.397697
16591.333008	-99.927460
16596.716309	-100.364105
16602.099609	-98.950546
16607.482910	-99.116837
16612.866211	-104.542381
16618.249512	-103.885223
16623.632812	-100.911980
16629.016113	-99.585182
16634.399414	-102.174652
16639.782715	-101.550514
16645.166016	-102.752060
16650.549316	-104.872986
16655.932617	-105.840103
16661.315918	-102.693886
16666.699219	-102.425644
16672.082520	-102.744469
16677.465820	-102.087349
16682.849121	-102.421646
16688.232422	-101.390343
16693.615723	-101.964287
16698.999023	-100.932747
16704.382324	-101.613548
16709.765625	-102.873543
16715.148926	-108.126389
16720.532227	-106.672058
16725.915527	-106.115776
16731.298828	-107.518753
16736.682129	-106.974663
16742.065430	-103.588882
16747.448730	-101.541016
16752.832031	-100.156639
16758.215332	-102.704025
16763.598633	-105.737572
16768.981934	-103.592255
16774.365234	-100.868935
16779.748535	-101.450821
16785.131836	-101.004227
16790.515137	-101.564018
16795.898438	-103.500641
16801.281738	-105.620773
16806.665039	-103.296761
16812.048340	-100.463013
16817.431641	-98.795242
16822.814941	-97.640099
16828.198242	-97.363663
16833.581543	-97.511528
16838.964844	-97.365959
16844.348145	-99.398140
16849.731445	-99.085793
16855.114746	-99.737755
16860.498047	-97.868347
16865.881348	-98.526123
16871.264648	-98.700455
16876.647949	-98.679085
16882.031250	-97.173805
16887.414551	-96.756729
16892.797852	-95.882019
16898.181152	-94.753746
16903.564453	-93.746338
16908.947754	-94.704155
16914.331055	-95.096031
16919.714355	-93.217621
16925.097656	-93.267792
16930.480957	-93.569794
16935.864258	-97.037346
16941.247559	-98.945641
16946.630859	-98.747604
16952.014160	-95.919693
16957.397461	-95.127647
16962.780762	-95.773521
16968.164062	-96.240303
16973.547363	-97.957634
16978.930664	-96.446198
16984.313965	-95.236786
16989.697266	-94.502655
16995.080566	-95.670837
17000.463867	-98.073883
17005.847168	-96.935753
17011.230469	-95.620461
17016.613770	-94.683022
17021.997070	-96.007317
17027.380371	-97.789322
17032.763672	-98.649582
17038.146973	-97.220009
17043.530273	-96.337219
17048.913574	-96.209297
17054.296875	-97.122368
17059.680176	-97.567940
17065.063477	-97.242645
17070.446777	-96.696487
17075.830078	-95.931099
17081.213379	-96.923973
17086.596680	-97.014870
17091.979980	-98.370491
17097.363281	-99.940781
17102.746582	-98.530724
17108.129883	-98.818176
17113.513184	-99.546959
17118.896484	-99.962395
17124.279785	-97.607971
17129.663086	-95.576195
17135.046387	-97.614464
17140.429688	-102.234764
17145.812988	-98.801888
17151.196289	-96.100372
17156.579590	-98.212181
17161.962891	-97.221298
17167.346191	-98.091965
17172.729492	-99.167992
17178.112793	-99.057503
17183.496094	-97.277145
17188.879395	-95.839050
17194.262695	-96.476692
17199.645996	-99.328178
17205.029297	-99.864105
17210.412598	-96.899429
17215.795898	-96.662216
17221.179199	-96.822525
17226.562500	-97.702797
17231.945801	-97.356834
17237.329102	-98.573921
17242.712402	-98.352676
17248.095703	-97.698868
17253.479004	-96.913597
17258.862305	-98.090706
17264.245605	-100.946693
17269.628906	-100.493462
17275.012207	-98.483276
17280.395508	-96.416115
17285.778809	-98.007629
17291.162109	-99.408188
17296.545410	-97.565666
17301.928711	-96.763786
17307.312012	-96.955864
17312.695312	-98.813812
17318.078613	-100.658478
17323.461914	-99.615395
17328.845215	-101.676003
17334.228516	-101.389336
17339.611816	-99.964622
17344.995117	-100.098305
17350.378418	-98.896820
17355.761719	-101.704361
17361.145020	-99.813065
17366.528320	-101.216225
17371.911621	-101.986443
17377.294922	-100.412308
17382.678223	-99.155632
17388.061523	-98.967796
17393.444824	-101.175140
17398.828125	-106.684967
17404.211426	-105.811943
17409.594727	-105.660805
17414.978027	-103.896797
17420.361328	-103.155594
17425.744629	-104.252640
17431.127930	-106.313889
17436.511230	-104.614929
17441.894531	-105.686462
17447.277832	-108.299347
17452.661133	-108.170540
17458.044434	-106.284767
17463.427734	-106.647690
17468.811035	-107.669823
17474.194336	-110.395653
17479.577637	-108.693398
17484.960938	-106.961342
17490.344238	-106.513802
17495.727539	-111.122292
17501.110840	-107.936745
17506.494141	-106.812401
17511.877441	-104.854637
17517.260742	-108.895691
17522.644043	-107.270409
17528.027344	-107.478210
17533.410645	-105.504242
17538.793945	-106.858932
17544.177246	-104.746689
17549.560547	-103.935982
17554.943848	-103.227112
17560.327148	-104.410645
17565.710449	-106.477570
17571.093750	-100.148148
17576.477051	-99.742096
17581.860352	-103.286102
17587.243652	-105.849968
17592.626953	-103.305542
17598.010254	-102.890892
17603.393555	-102.338860
17608.776855	-104.986969
17614.160156	-105.012009
17619.543457	-106.323952
17624.926758	-108.625664
17630.310059	-104.735229
17635.693359	-104.715141
17641.076660	-106.169708
17646.459961	-102.862610
17651.843262	-104.998367
17657.226562	-103.049934
17662.609863	-103.663979
17667.993164	-104.713699
17673.376465	-100.191292
17678.759766	-98.395226
17684.143066	-98.581635
17689.526367	-100.928680
17694.909668	-104.026634
17700.292969	-107.195641
17705.676270	-104.808182
17711.059570	-102.803337
17716.442871	-103.074860
17721.826172	-104.874481
17727.209473	-106.042091
17732.592773	-103.904907
17737.976074	-101.041016
17743.359375	-99.937553
17748.742676	-101.475021
17754.125977	-105.916443
17759.509277	-104.059883
17764.892578	-105.009567
17770.275879	-105.117935
17775.659180	-103.642044
17781.042480	-102.819176
17786.425781	-105.222916
17791.809082	-105.837730
17797.192383	-101.698914
17802.575684	-102.336975
17807.958984	-102.191124
17813.342285	-101.182159
17818.725586	-106.368675
17824.108887	-105.484100
17829.492188	-105.680885
17834.875488	-107.757133
17840.258789	-103.771507
17845.642090	-102.487625
17851.025391	-108.080757
17856.408691	-106.124687
17861.791992	-104.817520
17867.175293	-103.308014
17872.558594	-106.850029
17877.941895	-107.917122
17883.325195	-108.552689
17888.708496	-106.997101
17894.091797	-108.071907
17899.475098	-105.718155
17904.858398	-107.188789
17910.241699	-107.569275
17915.625000	-107.126106
17921.008301	-110.408318
17926.391602	-108.249352
17931.774902	-107.115776
17937.158203	-109.757584
17942.541504	-109.596634
17947.924805	-111.014717
17953.308105	-106.753082
17958.691406	-109.037987
17964.074707	-110.314713
17969.458008	-106.915009
17974.841309	-111.171913
17980.224609	-108.445526
17985.607910	-109.073006
17990.991211	-106.418808
17996.374512	-105.732117
18001.757812	-106.742363
18007.141113	-107.359596
18012.524414	-103.416115
18017.907715	-103.779198
18023.291016	-105.371124
18028.674316	-106.759949
18034.057617	-106.653503
18039.440918	-104.024040
18044.824219	-101.818588
18050.207520	-100.704849
18055.590820	-101.455101
18060.974121	-102.619690
18066.357422	-103.848358
18071.740723	-103.359528
18077.124023	-104.775970
18082.507324	-107.685242
18087.890625	-104.621834
18093.273926	-105.351952
18098.657227	-105.663788
18104.040527	-105.121468
18109.423828	-103.998177
18114.807129	-104.432686
18120.190430	-104.075783
18125.573730	-107.134850
18130.957031	-106.178047
18136.340332	-105.447510
18141.723633	-105.500313
18147.106934	-103.525047
18152.490234	-102.817802
18157.873535	-105.242264
18163.256836	-104.092552
18168.640137	-105.744568
18174.023438	-104.176743
18179.406738	-105.765968
18184.790039	-104.259964
18190.173340	-103.871330
18195.556641	-104.125725
18200.939941	-104.639793
18206.323242	-103.466660
18211.706543	-102.382072
18217.089844	-103.114365
18222.473145	-99.661812
18227.856445	-99.217194
18233.239746	-102.785057
18238.623047	-102.802689
18244.006348	-100.604874
18249.389648	-99.400192
18254.772949	-103.535271
18260.156250	-104.481331
18265.539551	-102.580231
18270.922852	-107.630524
18276.306152	-109.436874
18281.689453	-104.840248
18287.072754	-105.061516
18292.456055	-106.010155
18297.839355	-107.679153
18303.222656	-109.065666
18308.605957	-108.517136
18313.989258	-109.402527
18319.372559	-108.095604
18324.755859	-104.912376
18330.139160	-102.165001
18335.522461	-101.892792
18340.905762	-104.911057
18346.289062	-102.043976
18351.672363	-102.305359
18357.055664	-102.874565
18362.438965	-104.142715
18367.822266	-99.169952
18373.205566	-98.742088
18378.588867	-98.622437
18383.972168	-101.294968
18389.355469	-100.951355
18394.738770	-99.690910
18400.122070	-99.367027
18405.505371	-102.211205
18410.888672	-100.260307
18416.271973	-98.995514
18421.655273	-101.574219
18427.038574	-103.078506
18432.421875	-103.694450
18437.805176	-102.515747
18443.188477	-102.745255
18448.571777	-103.112793
18453.955078	-105.975365
18459.338379	-107.889465
18464.721680	-107.948318
18470.104980	-105.530960
18475.488281	-102.938942
18480.871582	-103.743401
18486.254883	-105.658691
18491.638184	-105.956406
18497.021484	-103.338898
18502.404785	-101.721390
18507.788086	-103.046921
18513.171387	-105.446228
18518.554688	-104.264565
18523.937988	-102.087448
18529.321289	-103.207535
18534.704590	-104.280006
18540.087891	-102.589867
18545.471191	-100.453522
18550.854492	-100.846939
18556.237793	-102.500977
18561.621094	-104.553413
18567.004395	-102.767159
18572.387695	-102.908188
18577.770996	-103.286194
18583.154297	-101.697136
18588.537598	-102.643303
18593.920898	-104.203468
18599.304199	-103.614990
18604.687500	-103.834785
18610.070801	-106.869698
18615.454102	-107.178040
18620.837402	-104.090202
18626.220703	-107.128815
18631.604004	-108.735802
18636.987305	-105.825188
18642.370605	-107.051300
18647.753906	-108.282600
18653.137207	-106.313416
18658.520508	-104.090302
18663.903809	-105.898224
18669.287109	-106.504051
18674.670410	-107.528549
18680.053711	-107.567276
18685.437012	-106.272362
18690.820312	-104.780876
18696.203613	-105.953575
18701.586914	-106.701935
18706.970215	-105.573494
18712.353516	-105.212029
18717.736816	-105.080963
18723.120117	-104.980606
18728.503418	-106.611809
18733.886719	-104.118896
18739.270020	-104.334999
18744.653320	-106.534241
18750.036621	-107.527649
18755.419922	-105.333046
18760.803223	-105.309784
18766.186523	-101.493317
18771.569824	-100.794632
18776.953125	-102.843384
18782.336426	-102.645035
18787.719727	-103.109329
18793.103027	-101.834145
18798.486328	-100.355392
18803.869629	-98.785858
18809.252930	-101.626106
18814.636230	-105.208694
18820.019531	-103.579987
18825.402832	-99.042023
18830.786133	-97.314026
18836.169434	-98.119164
18841.552734	-101.406029
18846.936035	-101.739426
18852.319336	-101.096123
18857.702637	-99.571930
18863.085938	-97.990326
18868.469238	-98.708221
18873.852539	-100.841408
18879.235840	-103.355858
18884.619141	-104.429008
18890.002441	-101.421394
18895.385742	-101.754433
18900.769043	-103.877518
18906.152344	-108.428314
18911.535645	-106.927666
18916.918945	-103.176826
18922.302246	-103.474442
18927.685547	-103.081841
18933.068848	-106.134315
18938.452148	-107.346588
18943.835449	-109.528320
18949.218750	-105.839584
18954.602051	-104.537529
18959.985352	-105.086823
18965.368652	-105.483780
18970.751953	-103.548615
18976.135254	-104.143021
18981.518555	-102.552391
18986.901855	-104.674599
18992.285156	-105.747749
18997.668457	-105.637718
19003.051758	-104.330643
19008.435059	-103.424347
19013.818359	-105.206421
19019.201660	-104.571297
19024.584961	-106.936897
19029.968262	-103.724693
19035.351562	-105.914612
19040.734863	-105.529434
19046.118164	-104.451752
19051.501465	-103.717865
19056.884766	-106.178940
19062.268066	-106.256378
19067.651367	-106.100494
19073.034668	-103.892586
19078.417969	-102.699677
19083.801270	-103.404823
19089.184570	-103.287636
19094.567871	-104.936531
19099.951172	-104.774651
19105.334473	-102.865936
19110.717773	-102.910004
19116.101074	-103.640701
19121.484375	-106.937927
19126.867676	-104.422844
19132.250977	-102.229767
19137.634277	-101.686089
19143.017578	-100.804550
19148.400879	-103.903442
19153.784180	-107.106163
19159.167480	-103.865730
19164.550781	-106.221382
19169.934082	-103.818314
19175.317383	-103.340317
19180.700684	-102.335190
19186.083984	-105.417755
19191.467285	-106.685165
19196.850586	-108.720016
19202.233887	-105.530464
19207.617188	-104.781326
19213.000488	-107.380127
19218.383789	-108.692253
19223.767090	-109.622902
19229.150391	-107.807762
19234.533691	-109.041588
19239.916992	-107.411278
19245.300293	-103.821045
19250.683594	-104.543350
19256.066895	-105.917587
19261.450195	-108.461319
19266.833496	-108.831200
19272.216797	-105.674187
19277.600098	-102.269905
19282.983398	-103.487183
19288.366699	-101.140602
19293.750000	-100.531342
19299.133301	-102.613838
19304.516602	-105.202530
19309.899902	-104.243813
19315.283203	-101.314102
19320.666504	-98.827034
19326.049805	-100.291359
19331.433105	-99.786560
19336.816406	-101.118103
19342.199707	-101.467522
19347.583008	-100.057014
19352.966309	-100.029587
19358.349609	-98.006996
19363.732910	-98.222931
19369.116211	-100.632896
19374.499512	-100.371017
19379.882812	-97.575882
19385.266113	-97.254616
19390.649414	-99.104965
19396.032715	-103.093971
19401.416016	-102.758713
19406.799316	-101.468567
19412.182617	-101.497337
19417.565918	-101.953331
19422.949219	-101.244003
19428.332520	-102.635910
19433.715820	-104.197083
19439.099121	-102.738503
19444.482422	-98.998756
19449.865723	-97.976913
19455.249023	-99.261269
19460.632324	-102.585335
19466.015625	-99.742775
19471.398926	-96.537483
19476.782227	-97.072502
19482.165527	-97.065247
19487.548828	-98.323807
19492.932129	-100.332687
19498.315430	-99.899315
19503.698730	-96.832184
19509.082031	-94.629120
19514.465332	-94.536835
19519.848633	-97.067810
19525.231934	-97.667229
19530.615234	-97.531509
19535.998535	-96.465828
19541.381836	-97.724236
19546.765137	-100.779831
19552.148438	-103.732620
19557.531738	-101.664345
19562.915039	-104.644341
19568.298340	-103.377403
19573.681641	-105.610107
19579.064941	-104.766380
19584.448242	-102.381912
19589.831543	-99.766869
19595.214844	-100.454735
19600.598145	-102.186562
19605.981445	-103.655060
19611.364746	-104.850052
19616.748047	-104.059303
19622.131348	-102.524490
19627.514648	-99.740623
19632.897949	-99.171852
19638.281250	-99.390938
19643.664551	-99.142693
19649.047852	-100.936523
19654.431152	-104.283234
19659.814453	-102.237885
19665.197754	-98.002579
19670.581055	-97.863800
19675.964355	-98.787979
19681.347656	-104.723793
19686.730957	-106.982620
19692.114258	-100.953987
19697.497559	-98.153999
19702.880859	-99.899368
19708.264160	-100.099968
19713.647461	-100.750610
19719.030762	-105.105591
19724.414062	-108.088814
19729.797363	-103.759529
19735.180664	-102.518173
19740.563965	-104.317657
19745.947266	-105.330200
19751.330566	-105.355377
19756.713867	-103.633430
19762.097168	-102.250732
19767.480469	-105.057953
19772.863770	-105.049744
19778.247070	-105.092552
19783.630371	-106.937408
19789.013672	-106.659721
19794.396973	-107.048935
19799.780273	-107.678139
19805.163574	-104.946388
19810.546875	-104.723785
19815.930176	-102.502724
19821.313477	-102.742203
19826.696777	-105.274345
19832.080078	-102.495453
19837.463379	-104.838448
19842.846680	-101.946556
19848.229980	-103.497055
19853.613281	-102.731873
19858.996582	-101.257874
19864.379883	-101.681480
19869.763184	-101.509552
19875.146484	-104.597504
19880.529785	-105.944305
19885.913086	-106.013458
19891.296387	-105.264351
19896.679688	-102.626755
19902.062988	-106.412521
19907.446289	-105.574089
19912.829590	-106.230194
19918.212891	-104.140533
19923.596191	-101.137314
19928.979492	-99.930077
19934.362793	-100.565796
19939.746094	-102.725845
19945.129395	-104.285103
19950.512695	-103.309082
19955.895996	-103.268448
19961.279297	-106.298271
19966.662598	-107.156021
19972.045898	-104.077087
19977.429199	-107.372993
19982.812500	-105.326096
19988.195801	-105.434280
19993.579102	-104.655754
19998.962402	-105.356865
20004.345703	-108.023170
20009.729004	-106.223190
20015.112305	-103.893028
20020.495605	-103.893860
20025.878906	-104.903343
20031.262207	-107.404022
20036.645508	-105.719025
20042.028809	-105.952415
20047.412109	-105.096588
20052.795410	-107.042381
20058.178711	-103.944153
20063.562012	-103.170052
20068.945312	-104.144096
20074.328613	-107.106499
20079.711914	-104.036522
20085.095215	-101.991348
20090.478516	-100.660645
20095.861816	-104.058716
20101.245117	-98.975113
20106.628418	-98.958183
20112.011719	-97.073662
20117.395020	-98.898079
20122.778320	-100.865707
20128.161621	-102.323143
20133.544922	-100.319519
20138.928223	-98.868019
20144.311523	-101.719307
20149.694824	-110.102798
20155.078125	-103.853691
20160.461426	-103.637161
20165.844727	-103.218124
20171.228027	-104.145164
20176.611328	-108.052956
20181.994629	-106.073082
20187.377930	-111.227676
20192.761230	-107.073616
20198.144531	-110.037811
20203.527832	-107.572433
20208.911133	-108.285255
20214.294434	-105.550621
20219.677734	-106.232323
20225.061035	-106.219261
20230.444336	-107.581444
20235.827637	-110.164795
20241.210938	-107.649567
20246.594238	-106.956184
20251.977539	-107.994537
20257.360840	-107.824966
20262.744141	-109.104073
20268.127441	-106.804443
20273.510742	-108.898506
20278.894043	-107.220222
20284.277344	-105.884598
20289.660645	-105.802513
20295.043945	-107.306366
20300.427246	-109.516098
20305.810547	-104.928017
20311.193848	-102.681839
20316.577148	-103.725349
20321.960449	-105.080040
20327.343750	-102.929642
20332.727051	-105.401421
20338.110352	-103.504417
20343.493652	-102.120720
20348.876953	-100.870857
20354.260254	-103.769485
20359.643555	-103.936440
20365.026855	-107.377739
20370.410156	-104.605606
20375.793457	-104.890213
20381.176758	-105.584946
20386.560059	-103.919563
20391.943359	-104.299950
20397.326660	-105.120804
20402.709961	-106.660217
20408.093262	-105.311310
20413.476562	-106.384796
20418.859863	-106.741104
20424.243164	-104.804016
20429.626465	-104.261230
20435.009766	-107.604645
20440.393066	-105.534821
20445.776367	-103.112778
20451.159668	-101.503281
20456.542969	-105.726494
20461.926270	-105.374840
20467.309570	-104.665451
20472.692871	-103.844734
20478.076172	-103.938881
20483.459473	-104.622360
20488.842773	-106.399956
20494.226074	-101.969009
20499.609375	-100.692329
20504.992676	-102.568626
20510.375977	-102.317276
20515.759277	-102.237648
20521.142578	-103.435181
20526.525879	-102.247566
20531.909180	-103.122665
20537.292480	-102.178650
20542.675781	-105.261574
20548.059082	-104.306763
20553.442383	-108.141052
20558.825684	-102.502579
20564.208984	-101.586502
20569.592285	-102.776611
20574.975586	-103.942535
20580.358887	-104.180801
20585.742188	-104.132195
20591.125488	-103.445396
20596.508789	-104.715019
20601.892090	-103.883522
20607.275391	-104.627060
20612.658691	-106.609726
20618.041992	-110.384605
20623.425293	-109.447601
20628.808594	-106.578400
20634.191895	-107.622879
20639.575195	-106.074196
20644.958496	-107.161247
20650.341797	-106.735809
20655.725098	-106.159653
20661.108398	-107.564087
20666.491699	-105.011337
20671.875000	-106.151512
20677.258301	-104.003288
20682.641602	-104.212929
20688.024902	-107.785736
20693.408203	-110.198166
20698.791504	-106.149529
20704.174805	-101.987289
20709.558105	-100.034401
20714.941406	-100.648132
20720.324707	-102.528992
20725.708008	-106.345200
20731.091309	-107.557213
20736.474609	-104.308426
20741.857910	-104.761101
20747.241211	-104.754852
20752.624512	-103.177292
20758.007812	-105.479012
20763.391113	-104.500053
20768.774414	-100.487801
20774.157715	-100.899246
20779.541016	-100.012268
20784.924316	-104.463211
20790.307617	-101.936859
20795.690918	-101.902000
20801.074219	-100.901886
20806.457520	-101.338173
20811.840820	-101.430954
20817.224121	-100.436485
20822.607422	-101.757370
20827.990723	-104.418732
20833.374023	-102.962868
20838.757324	-101.486031
20844.140625	-103.655869
20849.523926	-105.870583
20854.907227	-105.649773
20860.290527	-101.973572
20865.673828	-103.624084
20871.057129	-106.273689
20876.440430	-103.401810
20881.823730	-103.927826
20887.207031	-104.440025
20892.590332	-103.104950
20897.973633	-106.704079
20903.356934	-109.027710
20908.740234	-107.376900
20914.123535	-109.499763
20919.506836	-108.631348
20924.890137	-106.779205
20930.273438	-111.504761
20935.656738	-105.832970
20941.040039	-102.863548
20946.423340	-102.856064
20951.806641	-102.256294
20957.189941	-103.917320
20962.573242	-104.886475
20967.956543	-102.584816
20973.339844	-101.762123
20978.723145	-104.918633
20984.106445	-105.396751
20989.489746	-101.882294
20994.873047	-102.556145
21000.256348	-102.608704
21005.639648	-103.727249
21011.022949	-102.458344
21016.406250	-101.946739
21021.789551	-103.335640
21027.172852	-104.548798
21032.556152	-104.419830
21037.939453	-103.458847
21043.322754	-104.215897
21048.706055	-103.676422
21054.089355	-103.335648
21059.472656	-104.949234
21064.855957	-103.716751
21070.239258	-101.047714
21075.622559	-101.043594
21081.005859	-106.602364
21086.389160	-105.254776
21091.772461	-101.362350
21097.155762	-100.285706
21102.539062	-102.218658
21107.922363	-103.684174
21113.305664	-100.382156
21118.688965	-99.263817
21124.072266	-100.114349
21129.455566	-98.835915
21134.838867	-99.390076
21140.222168	-99.953979
21145.605469	-98.848511
21150.988770	-98.751320
21156.372070	-97.653481
21161.755371	-97.749947
21167.138672	-99.799408
21172.521973	-100.182007
21177.905273	-99.485443
21183.288574	-98.175972
21188.671875	-99.590096
21194.055176	-99.846237
21199.438477	-99.727280
21204.821777	-99.613609
21210.205078	-99.830566
21215.588379	-100.824127
21220.971680	-102.435318
21226.354980	-101.651428
21231.738281	-99.211731
21237.121582	-101.259796
21242.504883	-102.851944
21247.888184	-102.067413
21253.271484	-103.755547
21258.654785	-104.939995
21264.038086	-103.311401
21269.421387	-102.300179
21274.804688	-104.177910
21280.187988	-105.206894
21285.571289	-104.918526
21290.954590	-104.704521
21296.337891	-104.926727
21301.721191	-103.745544
21307.104492	-106.276337
21312.487793	-104.887138
21317.871094	-105.355896
21323.254395	-105.156479
21328.637695	-104.206650
21334.020996	-103.725113
21339.404297	-103.801521
21344.787598	-106.725754
21350.170898	-105.863487
21355.554199	-104.237587
21360.937500	-104.546715
21366.320801	-103.874977
21371.704102	-106.358315
21377.087402	-105.438423
21382.470703	-104.459007
21387.854004	-104.470596
21393.237305	-104.830765
21398.620605	-108.362091
21404.003906	-107.862343
21409.387207	-110.352005
21414.770508	-108.063530
21420.153809	-108.894554
21425.537109	-107.757759
21430.920410	-106.307228
21436.303711	-105.111214
21441.687012	-105.359657
21447.070312	-106.466759
21452.453613	-106.183022
21457.836914	-106.732727
21463.220215	-106.275658
21468.603516	-105.437302
21473.986816	-107.644814
21479.370117	-104.383057
21484.753418	-106.024521
21490.136719	-106.312431
21495.520020	-107.810341
21500.903320	-106.687782
21506.286621	-107.870377
21511.669922	-109.803444
21517.053223	-110.196945
21522.436523	-108.289436
21527.819824	-107.115128
21533.203125	-108.662422
21538.586426	-108.300858
21543.969727	-109.644547
21549.353027	-106.842827
21554.736328	-106.976357
21560.119629	-107.737839
21565.502930	-108.550400
21570.886230	-107.060303
21576.269531	-105.580902
21581.652832	-106.435310
21587.036133	-105.961136
21592.419434	-105.611702
21597.802734	-106.984840
21603.186035	-109.679276
21608.569336	-106.553619
21613.952637	-102.342377
21619.335938	-105.699020
21624.719238	-106.063530
21630.102539	-104.177795
21635.485840	-104.033035
21640.869141	-103.490540
21646.252441	-105.877785
21651.635742	-104.736603
21657.019043	-102.904915
21662.402344	-104.451904
21667.785645	-104.077629
21673.168945	-105.255821
21678.552246	-104.813385
21683.935547	-105.205376
21689.318848	-108.052399
21694.702148	-108.027069
21700.085449	-108.035126
21705.468750	-106.149323
21710.852051	-104.683922
21716.235352	-108.669739
21721.618652	-104.826546
21727.001953	-106.382607
21732.385254	-104.423592
21737.768555	-104.595680
21743.151855	-107.413261
21748.535156	-105.359810
21753.918457	-107.065300
21759.301758	-108.819664
21764.685059	-109.210335
21770.068359	-106.090149
21775.451660	-108.466782
21780.834961	-108.114120
21786.218262	-106.897362
21791.601562	-105.479576
21796.984863	-108.491493
21802.368164	-112.504524
21807.751465	-110.662720
21813.134766	-108.284042
21818.518066	-108.067039
21823.901367	-106.590576
21829.284668	-106.161324
21834.667969	-106.369591
21840.051270	-104.403412
21845.434570	-104.876358
21850.817871	-106.460381
21856.201172	-106.386024
21861.584473	-105.453545
21866.967773	-107.040871
21872.351074	-105.480751
21877.734375	-104.101768
21883.117676	-107.392578
21888.500977	-107.371361
21893.884277	-109.837769
21899.267578	-106.502243
21904.650879	-107.647728
21910.034180	-106.850830
21915.417480	-108.175056
21920.800781	-109.066719
21926.184082	-107.010216
21931.567383	-105.932159
21936.950684	-106.819496
21942.333984	-108.154060
21947.717285	-108.448845
21953.100586	-107.160416
21958.483887	-106.833252
21963.867188	-109.188118
21969.250488	-107.843872
21974.633789	-108.950638
21980.017090	-106.006699
21985.400391	-106.658241
21990.783691	-105.487480
21996.166992	-108.921776
22001.550293	-109.200600
22006.933594	-110.890938
22012.316895	-106.900490
22017.700195	-106.860435
22023.083496	-109.947937
22028.466797	-109.221153
22033.850098	-108.593658
22039.233398	-111.090744
22044.616699	-107.852661
