Frequency (Hz)	Level (dB)
5.383301	-33.820312
10.766602	-29.434376
16.149902	-28.080904
21.533203	-27.795027
26.916504	-27.820427
32.299805	-27.463709
37.683105	-27.543968
43.066406	-28.051270
48.449707	-28.631153
53.833008	-28.637880
59.216309	-28.661890
64.599609	-29.030087
69.982910	-29.415590
75.366211	-29.828453
80.749512	-29.929850
86.132812	-30.064976
91.516113	-30.313532
96.899414	-30.348986
102.282715	-30.402809
107.666016	-30.557104
113.049316	-31.027891
118.432617	-31.149893
123.815918	-30.567101
129.199219	-30.158110
134.582520	-30.320091
139.965820	-30.599112
145.349121	-29.268114
150.732422	-28.108227
156.115723	-28.693363
161.499023	-31.343618
166.882324	-35.464676
172.265625	-35.069515
177.648926	-36.041100
183.032227	-34.866211
188.415527	-31.961250
193.798828	-33.302547
199.182129	-38.918922
204.565430	-42.887985
209.948730	-37.345287
215.332031	-34.772980
220.715332	-31.585831
226.098633	-30.690790
231.481934	-30.362757
236.865234	-30.544786
242.248535	-30.566101
247.631836	-32.706749
253.015137	-40.927387
258.398438	-34.290497
263.781738	-30.044552
269.165039	-29.659958
274.548340	-28.778145
279.931641	-25.914494
285.314941	-27.525034
290.698242	-32.274845
296.081543	-31.835918
301.464844	-33.025101
306.848145	-36.951130
312.231445	-35.367229
317.614746	-33.491341
322.998047	-34.713238
328.381348	-38.407150
333.764648	-37.829212
339.147949	-36.627953
344.531250	-40.512897
349.914551	-42.072536
355.297852	-38.936317
360.681152	-40.238819
366.064453	-43.282497
371.447754	-39.207962
376.831055	-36.583130
382.214355	-35.527363
387.597656	-33.669067
392.980957	-32.992123
398.364258	-35.958561
403.747559	-38.123070
409.130859	-38.514442
414.514160	-41.377781
419.897461	-44.761749
425.280762	-44.297760
430.664062	-42.889568
436.047363	-44.274704
441.430664	-41.034096
446.813965	-36.479271
452.197266	-34.110470
457.580566	-35.753456
462.963867	-34.997864
468.347168	-30.742716
473.730469	-30.946079
479.113770	-37.219036
484.497070	-31.633898
489.880371	-27.115166
495.263672	-26.998777
500.646973	-27.934671
506.030273	-28.274679
511.413574	-29.144188
516.796875	-29.655024
522.180176	-32.561199
527.563477	-41.892574
532.946777	-41.125198
538.330078	-38.034321
543.713379	-37.745941
549.096680	-40.693924
554.479980	-45.500065
559.863281	-33.981644
565.246582	-30.317471
570.629883	-30.441271
576.013184	-32.506504
581.396484	-34.928707
586.779785	-33.540867
592.163086	-31.431860
597.546387	-33.316402
602.929688	-37.068405
608.312988	-37.377117
613.696289	-36.392212
619.079590	-36.334068
624.462891	-37.947571
629.846191	-40.005730
635.229492	-40.774048
640.612793	-41.053425
645.996094	-38.808025
651.379395	-38.111420
656.762695	-39.811604
662.145996	-39.369915
667.529297	-39.128178
672.912598	-38.750790
678.295898	-39.110580
683.679199	-41.460419
689.062500	-43.459473
694.445801	-41.496353
699.829102	-39.628368
705.212402	-41.081223
710.595703	-44.099712
715.979004	-41.846722
721.362305	-40.631596
726.745605	-39.594311
732.128906	-41.924068
737.512207	-44.663509
742.895508	-37.989250
748.278809	-36.939636
753.662109	-41.761093
759.045410	-42.567696
764.428711	-36.262691
769.812012	-38.681934
775.195312	-35.992359
780.578613	-27.995960
785.961914	-24.075716
791.345215	-23.737064
796.728516	-24.332359
802.111816	-24.966537
807.495117	-28.176891
812.878418	-27.761436
818.261719	-27.244677
823.645020	-28.671492
829.028320	-29.597185
834.411621	-30.413471
839.794922	-28.032251
845.178223	-26.369902
850.561523	-27.638884
855.944824	-31.255835
861.328125	-39.974823
866.711426	-44.671154
872.094727	-44.339050
877.478027	-39.744324
882.861328	-37.679077
888.244629	-38.295044
893.627930	-37.702423
899.011230	-37.501289
904.394531	-41.605064
909.777832	-47.517769
915.161133	-45.104233
920.544434	-49.971893
925.927734	-47.401169
931.311035	-47.701389
936.694336	-45.247025
942.077637	-45.439350
947.460938	-48.550259
952.844238	-42.675114
958.227539	-35.844074
963.610840	-33.330090
968.994141	-31.322929
974.377441	-29.490507
979.760742	-29.299517
985.144043	-28.922188
990.527344	-28.246998
995.910645	-28.179380
1001.293945	-30.358137
1006.677246	-33.967346
1012.060547	-35.386551
1017.443848	-34.387630
1022.827148	-34.612469
1028.210449	-37.998108
1033.593750	-37.194729
1038.977051	-34.479259
1044.360352	-36.256157
1049.743652	-38.335213
1055.126953	-41.614807
1060.510254	-40.118614
1065.893555	-38.037365
1071.276855	-40.606277
1076.660156	-40.517387
1082.043457	-38.595360
1087.426758	-39.515694
1092.810059	-39.512917
1098.193359	-37.149048
1103.576660	-36.051350
1108.959961	-36.538921
1114.343262	-37.422283
1119.726562	-37.482944
1125.109863	-37.072472
1130.493164	-37.104153
1135.876465	-37.605797
1141.259766	-37.405067
1146.643066	-34.482967
1152.026367	-32.942257
1157.409668	-32.727642
1162.792969	-31.966856
1168.176270	-31.704048
1173.559570	-33.544704
1178.942871	-37.315632
1184.326172	-37.008533
1189.709473	-37.499256
1195.092773	-40.412010
1200.476074	-45.682632
1205.859375	-41.928619
1211.242676	-43.302586
1216.625977	-48.706604
1222.009277	-49.836575
1227.392578	-48.242260
1232.775879	-45.325607
1238.159180	-46.462914
1243.542480	-48.943539
1248.925781	-48.317505
1254.309082	-46.463123
1259.692383	-46.786369
1265.075684	-46.843220
1270.458984	-49.290951
1275.842285	-52.580875
1281.225586	-53.863316
1286.608887	-50.702915
1291.992188	-48.409401
1297.375488	-50.427807
1302.758789	-53.091576
1308.142090	-52.771515
1313.525391	-50.545227
1318.908691	-49.786476
1324.291992	-48.869850
1329.675293	-49.613403
1335.058594	-50.266308
1340.441895	-53.594402
1345.825195	-51.230289
1351.208496	-49.419468
1356.591797	-49.939728
1361.975098	-48.209396
1367.358398	-46.771091
1372.741699	-50.078152
1378.125000	-47.516441
1383.508301	-44.883892
1388.891602	-44.460037
1394.274902	-46.289879
1399.658203	-48.735580
1405.041504	-45.512421
1410.424805	-47.765209
1415.808105	-51.960175
1421.191406	-52.641388
1426.574707	-50.330681
1431.958008	-47.183784
1437.341309	-44.313091
1442.724609	-44.710964
1448.107910	-45.557732
1453.491211	-45.981430
1458.874512	-45.576950
1464.257812	-45.725681
1469.641113	-43.681812
1475.024414	-42.788094
1480.407715	-45.546185
1485.791016	-50.205738
1491.174316	-47.098656
1496.557617	-44.572823
1501.940918	-46.181404
1507.324219	-46.991535
1512.707520	-46.992867
1518.090820	-43.584473
1523.474121	-41.246487
1528.857422	-39.057041
1534.240723	-37.322475
1539.624023	-39.080757
1545.007324	-40.907227
1550.390625	-44.126884
1555.773926	-47.751492
1561.157227	-53.138073
1566.540527	-54.504383
1571.923828	-56.337097
1577.307129	-56.720024
1582.690430	-55.095947
1588.073730	-54.001736
1593.457031	-55.648380
1598.840332	-58.573833
1604.223633	-60.138042
1609.606934	-57.038532
1614.990234	-50.348415
1620.373535	-48.032551
1625.756836	-46.635681
1631.140137	-45.295887
1636.523438	-42.551392
1641.906738	-40.145981
1647.290039	-37.984608
1652.673340	-38.936646
1658.056641	-38.915585
1663.439941	-39.025799
1668.823242	-41.721958
1674.206543	-40.101288
1679.589844	-38.705387
1684.973145	-40.679688
1690.356445	-45.016708
1695.739746	-43.387947
1701.123047	-40.321022
1706.506348	-39.779999
1711.889648	-40.799339
1717.272949	-41.800270
1722.656250	-40.813797
1728.039551	-40.256939
1733.422852	-41.240669
1738.806152	-46.218609
1744.189453	-45.306538
1749.572754	-43.959610
1754.956055	-45.209785
1760.339355	-49.377422
1765.722656	-55.424316
1771.105957	-50.373661
1776.489258	-53.901665
1781.872559	-50.686104
1787.255859	-45.209106
1792.639160	-44.349903
1798.022461	-46.410271
1803.405762	-47.616264
1808.789062	-48.829487
1814.172363	-46.943577
1819.555664	-45.963669
1824.938965	-48.205254
1830.322266	-50.565945
1835.705566	-48.868080
1841.088867	-43.355770
1846.472168	-42.399208
1851.855469	-43.479141
1857.238770	-46.866802
1862.622070	-49.514927
1868.005371	-46.337208
1873.388672	-47.723995
1878.771973	-53.327919
1884.155273	-50.974602
1889.538574	-48.053467
1894.921875	-47.482605
1900.305176	-47.306709
1905.688477	-46.014248
1911.071777	-45.264828
1916.455078	-47.260235
1921.838379	-45.384148
1927.221680	-46.302574
1932.604980	-48.334949
1937.988281	-44.517139
1943.371582	-43.343037
1948.754883	-42.149887
1954.138184	-45.031490
1959.521484	-43.566761
1964.904785	-39.593449
1970.288086	-38.039734
1975.671387	-35.392467
1981.054688	-34.260422
1986.437988	-31.653910
1991.821289	-28.362381
1997.204590	-29.428398
2002.587891	-33.174767
2007.971191	-34.708614
2013.354492	-34.423309
2018.737793	-36.220226
2024.121094	-38.845028
2029.504395	-38.854134
2034.887695	-38.211292
2040.270996	-36.749290
2045.654297	-40.209705
2051.037598	-40.558620
2056.420898	-36.925205
2061.804199	-37.378323
2067.187500	-38.043297
2072.570801	-40.722130
2077.954102	-42.375824
2083.337402	-41.248001
2088.720703	-42.943707
2094.104004	-44.671379
2099.487305	-43.015282
2104.870605	-43.981178
2110.253906	-43.208794
2115.637207	-45.093437
2121.020508	-43.050262
2126.403809	-41.016403
2131.787109	-45.355885
2137.170410	-45.680599
2142.553711	-41.629120
2147.937012	-42.091835
2153.320312	-42.780239
2158.703613	-41.661457
2164.086914	-39.336262
2169.470215	-37.708210
2174.853516	-38.353008
2180.236816	-39.376114
2185.620117	-38.780289
2191.003418	-37.413658
2196.386719	-38.387657
2201.770020	-41.115299
2207.153320	-45.459469
2212.536621	-44.289097
2217.919922	-42.991852
2223.303223	-44.094257
2228.686523	-44.103378
2234.069824	-44.867935
2239.453125	-45.619633
2244.836426	-48.493313
2250.219727	-47.729568
2255.603027	-48.578781
2260.986328	-48.613834
2266.369629	-47.795689
2271.752930	-46.974266
2277.136230	-44.380127
2282.519531	-44.298374
2287.902832	-44.793991
2293.286133	-44.698303
2298.669434	-43.567310
2304.052734	-43.767273
2309.436035	-48.601601
2314.819336	-46.568314
2320.202637	-44.809544
2325.585938	-43.635555
2330.969238	-44.817650
2336.352539	-47.343643
2341.735840	-47.222149
2347.119141	-47.665867
2352.502441	-48.403294
2357.885742	-48.472652
2363.269043	-49.356644
2368.652344	-51.720818
2374.035645	-53.799465
2379.418945	-55.082588
2384.802246	-52.600037
2390.185547	-49.634514
2395.568848	-48.615124
2400.952148	-47.794220
2406.335449	-48.055695
2411.718750	-49.126793
2417.102051	-47.962845
2422.485352	-47.628212
2427.868652	-46.098328
2433.251953	-46.549782
2438.635254	-49.231277
2444.018555	-47.148201
2449.401855	-47.626175
2454.785156	-47.619198
2460.168457	-49.807171
2465.551758	-55.039192
2470.935059	-52.723061
2476.318359	-52.705566
2481.701660	-53.310825
2487.084961	-50.675076
2492.468262	-47.718922
2497.851562	-46.632168
2503.234863	-46.092510
2508.618164	-45.255157
2514.001465	-44.474403
2519.384766	-44.575954
2524.768066	-47.522602
2530.151367	-52.479816
2535.534668	-50.040375
2540.917969	-51.571529
2546.301270	-53.767876
2551.684570	-55.119656
2557.067871	-53.142464
2562.451172	-48.946316
2567.834473	-44.713776
2573.217773	-42.362686
2578.601074	-42.686378
2583.984375	-43.579636
2589.367676	-44.437111
2594.750977	-44.214230
2600.134277	-45.579144
2605.517578	-45.863255
2610.900879	-48.689651
2616.284180	-49.347683
2621.667480	-48.752419
2627.050781	-52.831539
2632.434082	-50.992825
2637.817383	-48.879322
2643.200684	-55.111458
2648.583984	-57.235691
2653.967285	-53.917233
2659.350586	-53.345074
2664.733887	-52.064217
2670.117188	-51.250397
2675.500488	-54.616283
2680.883789	-54.567131
2686.267090	-49.628956
2691.650391	-48.558155
2697.033691	-48.608715
2702.416992	-49.968674
2707.800293	-49.128685
2713.183594	-48.442635
2718.566895	-48.923714
2723.950195	-49.282310
2729.333496	-48.952499
2734.716797	-48.093201
2740.100098	-46.196808
2745.483398	-46.010433
2750.866699	-48.646797
2756.250000	-47.479008
2761.633301	-44.728989
2767.016602	-44.981270
2772.399902	-46.649967
2777.783203	-45.642876
2783.166504	-43.937412
2788.549805	-43.434372
2793.933105	-45.001328
2799.316406	-45.353848
2804.699707	-43.418858
2810.083008	-43.323502
2815.466309	-44.989994
2820.849609	-45.378426
2826.232910	-42.410175
2831.616211	-42.384239
2836.999512	-46.203514
2842.382812	-45.165527
2847.766113	-43.126278
2853.149414	-45.321384
2858.532715	-52.010986
2863.916016	-52.251255
2869.299316	-51.217556
2874.682617	-52.755905
2880.065918	-51.558552
2885.449219	-48.293629
2890.832520	-49.366142
2896.215820	-52.343613
2901.599121	-53.080044
2906.982422	-51.799393
2912.365723	-52.314678
2917.749023	-53.360237
2923.132324	-49.184540
2928.515625	-45.429016
2933.898926	-46.625465
2939.282227	-48.395157
2944.665527	-48.564655
2950.048828	-47.163982
2955.432129	-46.130531
2960.815430	-47.147659
2966.198730	-46.595665
2971.582031	-44.437130
2976.965332	-43.392891
2982.348633	-43.559479
2987.731934	-45.572289
2993.115234	-45.753838
2998.498535	-45.574402
3003.881836	-46.374134
3009.265137	-46.943836
3014.648438	-47.039165
3020.031738	-46.261860
3025.415039	-45.830551
3030.798340	-45.023689
3036.181641	-48.875687
3041.564941	-52.426167
3046.948242	-48.508472
3052.331543	-49.006783
3057.714844	-49.794167
3063.098145	-49.196507
3068.481445	-47.390018
3073.864746	-46.783699
3079.248047	-46.698162
3084.631348	-50.182472
3090.014648	-50.789970
3095.397949	-48.168869
3100.781250	-46.444160
3106.164551	-44.289913
3111.547852	-45.937122
3116.931152	-47.483646
3122.314453	-45.382622
3127.697754	-42.125763
3133.081055	-40.097382
3138.464355	-42.782593
3143.847656	-45.254768
3149.230957	-40.188442
3154.614258	-38.338570
3159.997559	-38.854427
3165.380859	-41.077168
3170.764160	-41.061516
3176.147461	-40.734333
3181.530762	-42.159290
3186.914062	-48.216816
3192.297363	-48.790680
3197.680664	-45.128674
3203.063965	-45.119308
3208.447266	-46.757961
3213.830566	-46.666779
3219.213867	-44.715824
3224.597168	-44.860973
3229.980469	-47.427605
3235.363770	-47.622963
3240.747070	-45.057781
3246.130371	-44.054897
3251.513672	-48.506844
3256.896973	-51.690392
3262.280273	-50.600945
3267.663574	-52.911343
3273.046875	-51.979633
3278.430176	-49.164242
3283.813477	-49.525574
3289.196777	-51.366444
3294.580078	-48.021336
3299.963379	-46.324921
3305.346680	-47.392826
3310.729980	-50.293762
3316.113281	-51.320744
3321.496582	-48.483948
3326.879883	-48.150917
3332.263184	-55.937782
3337.646484	-53.924343
3343.029785	-49.635151
3348.413086	-50.655365
3353.796387	-51.362991
3359.179688	-52.355045
3364.562988	-51.464127
3369.946289	-52.407986
3375.329590	-53.129826
3380.712891	-50.088459
3386.096191	-49.510963
3391.479492	-52.280849
3396.862793	-54.194321
3402.246094	-52.053513
3407.629395	-50.404350
3413.012695	-49.480793
3418.395996	-48.870800
3423.779297	-48.536205
3429.162598	-48.675919
3434.545898	-48.108250
3439.929199	-47.283165
3445.312500	-47.027725
3450.695801	-47.210197
3456.079102	-47.773388
3461.462402	-48.434765
3466.845703	-48.477287
3472.229004	-46.879578
3477.612305	-46.901882
3482.995605	-47.650143
3488.378906	-49.158310
3493.762207	-50.273167
3499.145508	-52.651714
3504.528809	-54.203003
3509.912109	-55.336971
3515.295410	-51.126801
3520.678711	-48.174496
3526.062012	-49.043140
3531.445312	-50.268734
3536.828613	-47.279358
3542.211914	-46.165409
3547.595215	-46.751316
3552.978516	-47.399513
3558.361816	-45.133060
3563.745117	-45.494579
3569.128418	-48.216923
3574.511719	-48.654705
3579.895020	-45.579998
3585.278320	-45.441547
3590.661621	-48.386944
3596.044922	-47.612751
3601.428223	-45.794315
3606.811523	-47.121048
3612.194824	-49.159363
3617.578125	-50.984989
3622.961426	-48.029099
3628.344727	-47.364815
3633.728027	-53.121529
3639.111328	-49.693298
3644.494629	-46.109123
3649.877930	-48.975430
3655.261230	-53.349472
3660.644531	-50.849159
3666.027832	-49.662418
3671.411133	-48.910858
3676.794434	-45.116951
3682.177734	-43.356030
3687.561035	-43.446133
3692.944336	-44.565632
3698.327637	-46.178356
3703.710938	-45.219204
3709.094238	-43.642159
3714.477539	-44.068832
3719.860840	-44.920986
3725.244141	-45.891415
3730.627441	-45.582939
3736.010742	-44.345104
3741.394043	-45.355350
3746.777344	-47.522385
3752.160645	-51.529415
3757.543945	-50.466122
3762.927246	-48.087589
3768.310547	-45.211922
3773.693848	-44.993870
3779.077148	-44.783066
3784.460449	-44.966446
3789.843750	-45.086887
3795.227051	-43.436646
3800.610352	-43.530895
3805.993652	-44.427151
3811.376953	-45.299629
3816.760254	-45.276989
3822.143555	-46.048065
3827.526855	-47.065693
3832.910156	-47.918468
3838.293457	-47.422260
3843.676758	-46.675896
3849.060059	-46.920475
3854.443359	-49.071999
3859.826660	-49.976212
3865.209961	-47.825085
3870.593262	-47.035728
3875.976562	-48.698334
3881.359863	-48.673557
3886.743164	-46.161140
3892.126465	-47.219379
3897.509766	-47.999840
3902.893066	-48.132114
3908.276367	-47.763992
3913.659668	-46.095390
3919.042969	-45.972126
3924.426270	-46.953068
3929.809570	-46.030998
3935.192871	-43.638836
3940.576172	-44.149075
3945.959473	-51.769215
3951.342773	-44.882999
3956.726074	-42.033615
3962.109375	-46.187759
3967.492676	-45.378239
3972.875977	-42.054756
3978.259277	-42.235107
3983.642578	-45.314732
3989.025879	-48.603168
3994.409180	-50.179829
3999.792480	-50.952641
4005.175781	-51.616669
4010.559082	-55.907639
4015.942383	-58.095535
4021.325684	-55.681988
4026.708984	-53.584282
4032.092285	-51.259510
4037.475586	-51.643627
4042.858887	-55.060101
4048.242188	-56.633400
4053.625488	-53.540024
4059.008789	-52.583088
4064.392090	-52.844326
4069.775391	-51.215714
4075.158691	-48.825329
4080.541992	-47.724030
4085.925293	-47.965118
4091.308594	-47.235058
4096.691895	-45.446198
4102.075195	-44.365166
4107.458496	-46.629681
4112.841797	-47.385822
4118.225098	-45.043224
4123.608398	-45.136120
4128.991699	-45.579281
4134.375000	-46.153816
4139.758301	-45.085636
4145.141602	-44.420212
4150.524902	-45.450871
4155.908203	-46.236557
4161.291504	-47.468578
4166.674805	-47.461662
4172.058105	-48.123447
4177.441406	-49.744564
4182.824707	-50.136066
4188.208008	-50.141670
4193.591309	-48.860744
4198.974609	-49.122437
4204.357910	-50.440735
4209.741211	-51.930531
4215.124512	-53.296017
4220.507812	-52.179123
4225.891113	-54.878452
4231.274414	-52.954380
4236.657715	-52.343208
4242.041016	-55.671661
4247.424316	-57.488407
4252.807617	-58.840431
4258.190918	-57.112633
4263.574219	-56.056519
4268.957520	-51.282269
4274.340820	-49.663319
4279.724121	-49.611118
4285.107422	-51.131695
4290.490723	-53.210743
4295.874023	-50.078308
4301.257324	-47.383366
4306.640625	-47.499680
4312.023926	-45.968124
4317.407227	-46.780743
4322.790527	-49.502308
4328.173828	-49.399868
4333.557129	-50.663788
4338.940430	-49.691010
4344.323730	-45.566349
4349.707031	-45.924221
4355.090332	-47.104412
4360.473633	-48.512756
4365.856934	-52.839390
4371.240234	-48.349575
4376.623535	-46.857494
4382.006836	-49.023369
4387.390137	-50.328960
4392.773438	-50.015858
4398.156738	-47.813396
4403.540039	-45.548031
4408.923340	-46.507404
4414.306641	-47.097973
4419.689941	-49.648884
4425.073242	-48.438702
4430.456543	-46.493595
4435.839844	-46.007458
4441.223145	-48.958355
4446.606445	-47.880753
4451.989746	-44.564827
4457.373047	-44.879131
4462.756348	-45.018032
4468.139648	-47.502922
4473.522949	-46.703785
4478.906250	-44.018398
4484.289551	-45.307903
4489.672852	-45.535698
4495.056152	-44.435963
4500.439453	-44.084602
4505.822754	-44.226269
4511.206055	-42.555763
4516.589355	-43.618801
4521.972656	-45.666256
4527.355957	-46.007866
4532.739258	-45.351105
4538.122559	-46.229630
4543.505859	-46.646805
4548.889160	-49.400654
4554.272461	-47.667511
4559.655762	-45.660564
4565.039062	-50.036251
4570.422363	-50.618687
4575.805664	-47.079258
4581.188965	-46.206650
4586.572266	-47.026077
4591.955566	-50.543472
4597.338867	-49.690140
4602.722168	-48.329575
4608.105469	-48.930042
4613.488770	-54.498596
4618.872070	-50.210258
4624.255371	-47.909199
4629.638672	-49.632053
4635.021973	-51.147305
4640.405273	-49.316505
4645.788574	-48.294468
4651.171875	-47.716339
4656.555176	-50.197037
4661.938477	-50.701981
4667.321777	-46.958591
4672.705078	-45.892036
4678.088379	-47.080341
4683.471680	-54.195831
4688.854980	-51.179295
4694.238281	-46.190441
4699.621582	-46.949493
4705.004883	-54.410347
4710.388184	-53.984032
4715.771484	-47.564014
4721.154785	-46.288677
4726.538086	-48.020592
4731.921387	-53.215580
4737.304688	-52.468693
4742.687988	-47.841858
4748.071289	-45.693581
4753.454590	-47.876389
4758.837891	-50.700085
4764.221191	-52.421638
4769.604492	-51.766979
4774.987793	-49.883312
4780.371094	-52.300957
4785.754395	-52.199493
4791.137695	-46.017143
4796.520996	-45.467457
4801.904297	-47.962643
4807.287598	-52.089485
4812.670898	-49.861149
4818.054199	-46.117054
4823.437500	-46.418781
4828.820801	-52.086765
4834.204102	-51.831730
4839.587402	-48.023441
4844.970703	-48.174377
4850.354004	-50.470486
4855.737305	-51.941818
4861.120605	-49.619591
4866.503906	-48.264378
4871.887207	-51.234360
4877.270508	-51.571758
4882.653809	-48.460960
4888.037109	-47.466610
4893.420410	-45.865486
4898.803711	-47.419258
4904.187012	-47.820339
4909.570312	-46.919075
4914.953613	-47.427074
4920.336914	-48.731647
4925.720215	-48.767635
4931.103516	-46.185291
4936.486816	-46.639988
4941.870117	-48.484558
4947.253418	-47.787033
4952.636719	-46.107952
4958.020020	-44.062916
4963.403320	-46.482861
4968.786621	-48.149845
4974.169922	-46.111305
4979.553223	-45.946201
4984.936523	-43.901009
4990.319824	-45.401138
4995.703125	-45.423405
5001.086426	-42.149269
5006.469727	-41.228008
5011.853027	-40.897636
5017.236328	-41.286873
5022.619629	-41.020679
5028.002930	-39.353767
5033.386230	-38.778397
5038.769531	-40.512417
5044.152832	-41.398514
5049.536133	-42.091888
5054.919434	-41.781364
5060.302734	-41.201626
5065.686035	-43.942669
5071.069336	-45.264267
5076.452637	-44.451294
5081.835938	-44.745399
5087.219238	-45.500504
5092.602539	-46.997040
5097.985840	-46.089481
5103.369141	-46.208698
5108.752441	-47.844543
5114.135742	-50.350262
5119.519043	-49.293285
5124.902344	-49.851795
5130.285645	-52.499649
5135.668945	-50.589340
5141.052246	-48.526821
5146.435547	-47.736385
5151.818848	-49.390644
5157.202148	-49.236294
5162.585449	-46.486023
5167.968750	-45.891712
5173.352051	-47.918484
5178.735352	-49.386997
5184.118652	-47.938618
5189.501953	-46.629108
5194.885254	-47.019794
5200.268555	-47.011139
5205.651855	-46.862469
5211.035156	-46.990082
5216.418457	-47.468975
5221.801758	-47.614357
5227.185059	-47.732441
5232.568359	-49.330887
5237.951660	-49.801563
5243.334961	-50.884018
5248.718262	-51.827797
5254.101562	-51.280178
5259.484863	-51.673973
5264.868164	-51.921749
5270.251465	-52.528618
5275.634766	-52.453739
5281.018066	-52.249962
5286.401367	-53.157444
5291.784668	-51.989590
5297.167969	-51.565960
5302.551270	-50.744827
5307.934570	-50.615784
5313.317871	-49.924515
5318.701172	-48.677841
5324.084473	-49.038471
5329.467773	-50.205322
5334.851074	-51.282124
5340.234375	-50.227051
5345.617676	-49.349049
5351.000977	-50.165188
5356.384277	-49.930630
5361.767578	-49.452602
5367.150879	-48.813034
5372.534180	-50.023537
5377.917480	-49.371250
5383.300781	-48.629681
5388.684082	-47.206699
5394.067383	-46.388214
5399.450684	-47.727886
5404.833984	-48.512474
5410.217285	-48.142010
5415.600586	-48.263905
5420.983887	-48.028061
5426.367188	-48.432259
5431.750488	-47.132317
5437.133789	-45.084785
5442.517090	-45.547058
5447.900391	-46.969227
5453.283691	-47.919498
5458.666992	-46.135277
5464.050293	-46.602657
5469.433594	-50.024784
5474.816895	-50.374084
5480.200195	-50.604420
5485.583496	-51.573452
5490.966797	-51.932774
5496.350098	-50.322060
5501.733398	-49.156967
5507.116699	-49.593266
5512.500000	-50.635166
5517.883301	-52.282063
5523.266602	-53.387997
5528.649902	-54.353287
5534.033203	-56.128681
5539.416504	-56.295811
5544.799805	-52.752705
5550.183105	-51.338444
5555.566406	-54.098164
5560.949707	-56.209347
5566.333008	-53.260464
5571.716309	-53.110691
5577.099609	-53.798531
5582.482910	-56.083813
5587.866211	-55.587532
5593.249512	-53.518402
5598.632812	-53.914368
5604.016113	-55.328510
5609.399414	-54.789894
5614.782715	-57.971897
5620.166016	-57.175220
5625.549316	-53.143578
5630.932617	-55.116890
5636.315918	-56.225437
5641.699219	-54.660488
5647.082520	-50.340496
5652.465820	-47.356525
5657.849121	-48.415592
5663.232422	-49.848274
5668.615723	-50.516037
5673.999023	-47.880096
5679.382324	-48.250690
5684.765625	-49.470669
5690.148926	-52.379646
5695.532227	-52.787796
5700.915527	-49.770866
5706.298828	-49.573509
5711.682129	-50.694046
5717.065430	-52.971340
5722.448730	-53.560226
5727.832031	-50.891262
5733.215332	-48.982471
5738.598633	-50.762466
5743.981934	-50.650620
5749.365234	-47.511143
5754.748535	-46.930206
5760.131836	-47.528782
5765.515137	-47.228256
5770.898438	-46.680096
5776.281738	-48.193565
5781.665039	-47.966396
5787.048340	-46.538998
5792.431641	-46.192928
5797.814941	-47.083675
5803.198242	-50.512493
5808.581543	-49.232143
5813.964844	-48.120693
5819.348145	-49.312119
5824.731445	-51.223503
5830.114746	-50.248188
5835.498047	-48.249588
5840.881348	-49.607086
5846.264648	-51.402546
5851.647949	-51.061573
5857.031250	-51.441448
5862.414551	-53.277222
5867.797852	-55.174065
5873.181152	-54.814709
5878.564453	-56.220497
5883.947754	-57.876385
5889.331055	-57.525959
5894.714355	-57.506123
5900.097656	-57.184841
5905.480957	-58.512787
5910.864258	-62.037109
5916.247559	-65.823814
5921.630859	-65.151169
5927.014160	-61.169716
5932.397461	-60.803577
5937.780762	-61.419922
5943.164062	-65.406044
5948.547363	-61.924702
5953.930664	-56.792400
5959.313965	-57.161247
5964.697266	-59.314075
5970.080566	-60.013882
5975.463867	-60.548988
5980.847168	-61.722618
5986.230469	-63.524399
5991.613770	-57.551563
5996.997070	-54.314358
6002.380371	-56.672260
6007.763672	-58.840614
6013.146973	-54.309456
6018.530273	-51.890610
6023.913574	-53.246754
6029.296875	-54.051586
6034.680176	-53.365860
6040.063477	-51.376865
6045.446777	-50.221458
6050.830078	-52.181812
6056.213379	-54.017414
6061.596680	-52.907734
6066.979980	-52.445030
6072.363281	-52.273895
6077.746582	-53.274681
6083.129883	-54.240654
6088.513184	-52.097145
6093.896484	-51.395706
6099.279785	-52.543331
6104.663086	-55.059750
6110.046387	-53.637161
6115.429688	-51.296227
6120.812988	-52.043686
6126.196289	-54.777855
6131.579590	-53.645176
6136.962891	-52.820240
6142.346191	-54.279697
6147.729492	-56.617508
6153.112793	-55.544441
6158.496094	-53.804096
6163.879395	-55.452007
6169.262695	-59.386089
6174.645996	-63.085148
6180.029297	-62.216507
6185.412598	-62.786240
6190.795898	-67.287025
6196.179199	-68.509712
6201.562500	-70.936623
6206.945801	-63.622799
6212.329102	-62.531845
6217.712402	-65.487343
6223.095703	-64.998108
6228.479004	-60.798965
6233.862305	-59.564018
6239.245605	-59.605690
6244.628906	-61.639542
6250.012207	-60.850758
6255.395508	-59.091129
6260.778809	-60.656445
6266.162109	-58.850235
6271.545410	-57.067623
6276.928711	-62.502865
6282.312012	-58.888874
6287.695312	-53.483021
6293.078613	-54.986233
6298.461914	-59.010086
6303.845215	-57.016663
6309.228516	-54.527657
6314.611816	-55.540321
6319.995117	-56.696262
6325.378418	-53.405334
6330.761719	-52.585857
6336.145020	-53.053097
6341.528320	-53.985355
6346.911621	-53.015625
6352.294922	-51.915356
6357.678223	-54.170284
6363.061523	-54.460106
6368.444824	-52.296818
6373.828125	-52.121555
6379.211426	-52.991608
6384.594727	-52.576248
6389.978027	-50.922306
6395.361328	-50.494793
6400.744629	-51.141357
6406.127930	-51.692810
6411.511230	-51.603340
6416.894531	-51.303326
6422.277832	-52.269291
6427.661133	-53.150814
6433.044434	-53.799484
6438.427734	-52.739433
6443.811035	-51.848709
6449.194336	-53.300190
6454.577637	-54.084572
6459.960938	-52.982113
6465.344238	-52.027744
6470.727539	-52.328617
6476.110840	-54.592274
6481.494141	-54.257702
6486.877441	-53.271236
6492.260742	-52.828217
6497.644043	-54.375637
6503.027344	-55.229080
6508.410645	-52.981457
6513.793945	-52.471104
6519.177246	-52.708248
6524.560547	-53.350636
6529.943848	-51.676537
6535.327148	-49.564060
6540.710449	-51.684311
6546.093750	-53.350464
6551.477051	-51.809933
6556.860352	-51.610554
6562.243652	-51.857227
6567.626953	-53.456131
6573.010254	-53.462704
6578.393555	-52.048180
6583.776855	-53.055473
6589.160156	-54.500263
6594.543457	-52.744946
6599.926758	-52.990723
6605.310059	-54.766464
6610.693359	-55.359581
6616.076660	-54.630009
6621.459961	-54.240719
6626.843262	-54.999203
6632.226562	-55.913120
6637.609863	-57.472111
6642.993164	-57.021687
6648.376465	-55.831043
6653.759766	-57.078362
6659.143066	-64.476028
6664.526367	-60.456333
6669.909668	-57.556271
6675.292969	-60.675297
6680.676270	-61.799885
6686.059570	-58.603626
6691.442871	-60.294357
6696.826172	-59.361061
6702.209473	-56.955467
6707.592773	-56.883156
6712.976074	-56.689610
6718.359375	-59.414776
6723.742676	-60.003845
6729.125977	-57.508865
6734.509277	-59.654743
6739.892578	-60.152283
6745.275879	-57.726665
6750.659180	-56.465767
6756.042480	-57.644199
6761.425781	-59.302563
6766.809082	-57.236553
6772.192383	-56.985157
6777.575684	-56.571064
6782.958984	-56.633186
6788.342285	-56.274212
6793.725586	-55.246193
6799.108887	-55.544598
6804.492188	-54.907665
6809.875488	-55.702015
6815.258789	-56.603745
6820.642090	-56.031017
6826.025391	-55.641209
6831.408691	-55.769272
6836.791992	-57.753155
6842.175293	-59.088455
6847.558594	-58.873756
6852.941895	-58.592735
6858.325195	-60.199127
6863.708496	-62.899891
6869.091797	-58.925556
6874.475098	-57.369366
6879.858398	-61.231400
6885.241699	-62.715305
6890.625000	-58.222828
6896.008301	-57.786060
6901.391602	-60.278503
6906.774902	-59.651249
6912.158203	-55.974155
6917.541504	-55.384766
6922.924805	-57.227760
6928.308105	-57.739101
6933.691406	-55.970104
6939.074707	-55.216358
6944.458008	-57.080166
6949.841309	-59.352524
6955.224609	-57.843292
6960.607910	-56.276276
6965.991211	-56.919403
6971.374512	-59.160164
6976.757812	-59.136105
6982.141113	-57.388683
6987.524414	-57.235870
6992.907715	-59.721645
6998.291016	-61.591671
7003.674316	-59.987797
7009.057617	-59.887753
7014.440918	-63.269955
7019.824219	-66.981903
7025.207520	-61.752895
7030.590820	-61.302002
7035.974121	-64.844223
7041.357422	-66.062431
7046.740723	-62.532112
7052.124023	-61.923298
7057.507324	-64.512856
7062.890625	-67.352051
7068.273926	-64.564598
7073.657227	-63.318138
7079.040527	-65.463921
7084.423828	-67.474335
7089.807129	-64.583557
7095.190430	-61.885265
7100.573730	-62.193489
7105.957031	-63.901760
7111.340332	-63.106678
7116.723633	-63.857567
7122.106934	-65.166618
7127.490234	-65.525932
7132.873535	-63.574219
7138.256836	-63.148018
7143.640137	-66.608559
7149.023438	-64.967216
7154.406738	-62.566326
7159.790039	-64.133850
7165.173340	-66.884331
7170.556641	-65.570839
7175.939941	-64.011574
7181.323242	-64.554642
7186.706543	-65.981789
7192.089844	-63.939713
7197.473145	-63.707726
7202.856445	-65.530205
7208.239746	-66.565979
7213.623047	-64.343216
7219.006348	-62.964405
7224.389648	-65.070557
7229.772949	-65.347473
7235.156250	-62.299915
7240.539551	-61.527878
7245.922852	-61.414276
7251.306152	-60.546749
7256.689453	-58.693817
7262.072754	-57.329887
7267.456055	-57.724991
7272.839355	-58.479782
7278.222656	-57.918552
7283.605957	-57.113300
7288.989258	-56.924599
7294.372559	-57.721581
7299.755859	-57.599571
7305.139160	-56.390450
7310.522461	-56.114933
7315.905762	-57.270889
7321.289062	-56.848377
7326.672363	-55.204128
7332.055664	-55.163887
7337.438965	-56.175968
7342.822266	-56.671413
7348.205566	-56.140614
7353.588867	-55.828121
7358.972168	-56.533825
7364.355469	-56.806702
7369.738770	-56.556255
7375.122070	-56.297928
7380.505371	-56.649223
7385.888672	-58.263721
7391.271973	-57.610527
7396.655273	-54.522758
7402.038574	-53.747337
7407.421875	-54.685558
7412.805176	-56.388641
7418.188477	-56.206635
7423.571777	-56.432659
7428.955078	-58.635559
7434.338379	-60.550003
7439.721680	-60.400646
7445.104980	-59.701252
7450.488281	-61.433552
7455.871582	-67.528389
7461.254883	-66.611740
7466.638184	-62.845547
7472.021484	-63.804310
7477.404785	-67.644180
7482.788086	-62.752701
7488.171387	-60.237671
7493.554688	-63.190342
7498.937988	-65.286888
7504.321289	-59.931435
7509.704590	-59.050091
7515.087891	-61.655418
7520.471191	-63.520969
7525.854492	-60.929314
7531.237793	-59.888115
7536.621094	-61.310890
7542.004395	-62.184849
7547.387695	-60.726307
7552.770996	-60.195004
7558.154297	-61.530582
7563.537598	-62.996346
7568.920898	-62.511982
7574.304199	-62.379810
7579.687500	-62.723026
7585.070801	-64.036804
7590.454102	-65.535629
7595.837402	-66.056221
7601.220703	-67.171211
7606.604004	-69.144249
7611.987305	-74.242073
7617.370605	-75.257751
7622.753906	-72.093559
7628.137207	-73.623192
7633.520508	-70.820503
7638.903809	-66.713745
7644.287109	-65.010559
7649.670410	-64.589668
7655.053711	-64.661064
7660.437012	-63.398731
7665.820312	-62.085670
7671.203613	-62.452747
7676.586914	-63.024624
7681.970215	-62.573502
7687.353516	-61.729305
7692.736816	-61.515453
7698.120117	-62.445137
7703.503418	-62.963337
7708.886719	-62.661285
7714.270020	-63.069729
7719.653320	-64.306107
7725.036621	-65.299728
7730.419922	-64.792732
7735.803223	-64.715393
7741.186523	-64.841408
7746.569824	-64.737030
7751.953125	-64.044975
7757.336426	-62.905621
7762.719727	-63.110588
7768.103027	-63.386169
7773.486328	-62.340248
7778.869629	-61.134846
7784.252930	-60.484959
7789.636230	-60.726692
7795.019531	-60.402935
7800.402832	-59.488579
7805.786133	-59.323967
7811.169434	-59.405476
7816.552734	-59.441948
7821.936035	-59.160736
7827.319336	-58.868214
7832.702637	-59.111858
7838.085938	-59.422329
7843.469238	-59.484856
7848.852539	-59.608383
7854.235840	-60.075905
7859.619141	-60.672470
7865.002441	-61.204433
7870.385742	-61.607780
7875.769043	-62.183331
7881.152344	-63.030884
7886.535645	-64.131783
7891.918945	-65.883247
7897.302246	-67.056770
7902.685547	-67.811996
7908.068848	-68.784843
7913.452148	-71.539963
7918.835449	-74.458374
7924.218750	-72.591522
7929.602051	-71.774170
7934.985352	-73.668175
7940.368652	-74.249985
7945.751953	-71.356964
7951.135254	-70.481506
7956.518555	-72.704376
7961.901855	-73.445160
7967.285156	-70.312080
7972.668457	-69.672722
7978.051758	-71.109093
7983.435059	-71.614342
7988.818359	-69.275040
7994.201660	-68.249336
7999.584961	-70.389870
8004.968262	-73.535416
8010.351562	-71.956726
8015.734863	-70.188202
8021.118164	-70.804024
8026.501465	-73.951279
8031.884766	-75.560204
8037.268066	-72.754387
8042.651367	-72.214233
8048.034668	-75.720482
8053.417969	-79.516518
8058.801270	-79.061302
8064.184570	-79.837166
8069.567871	-78.471420
8074.951172	-79.320641
8080.334473	-77.318619
8085.717773	-76.908279
8091.101074	-77.345566
8096.484375	-76.515442
8101.867676	-74.597481
8107.250977	-74.892891
8112.634277	-74.356216
8118.017578	-74.372871
8123.400879	-72.457481
8128.784180	-70.633766
8134.167480	-70.993004
8139.550781	-70.920357
8144.934082	-71.018829
8150.317383	-70.663094
8155.700684	-69.441444
8161.083984	-69.751968
8166.467285	-70.215271
8171.850586	-69.588905
8177.233887	-68.587395
8182.617188	-67.509285
8188.000488	-68.057892
8193.383789	-68.560425
8198.767090	-67.938301
8204.150391	-67.083466
8209.533691	-66.740280
8214.916992	-67.462700
8220.300293	-67.403877
8225.683594	-66.581505
8231.066895	-66.365669
8236.450195	-66.533546
8241.833496	-67.155136
8247.216797	-66.849998
8252.600098	-66.184479
8257.983398	-66.082153
8263.366699	-66.303764
8268.750000	-66.668610
8274.133301	-66.032120
8279.516602	-65.630745
8284.899902	-65.507668
8290.283203	-65.270790
8295.666504	-65.120995
8301.049805	-64.761932
8306.433105	-64.425545
8311.816406	-64.181122
8317.199707	-64.268341
8322.583008	-64.831367
8327.966309	-64.937157
8333.349609	-64.486481
8338.732910	-64.369141
8344.116211	-64.967010
8349.499512	-65.865005
8354.882812	-66.097771
8360.266113	-65.943787
8365.649414	-66.852478
8371.032715	-68.234154
8376.416016	-68.235634
8381.799316	-67.993256
8387.182617	-67.880791
8392.565918	-68.876816
8397.949219	-69.107658
8403.332520	-67.347458
8408.715820	-66.800186
8414.099121	-66.550423
8419.482422	-66.323380
8424.865723	-64.625618
8430.249023	-61.715851
8435.632324	-61.209602
8441.015625	-61.797886
8446.398926	-62.239239
8451.782227	-61.675182
8457.165527	-62.013496
8462.548828	-64.661469
8467.932129	-65.537827
8473.315430	-64.202438
8478.698730	-64.653076
8484.082031	-66.735893
8489.465332	-68.502617
8494.848633	-67.124443
8500.231934	-67.244514
8505.615234	-68.934525
8510.998535	-70.659996
8516.381836	-71.012993
8521.765137	-70.665306
8527.148438	-72.786415
8532.531738	-74.880508
8537.915039	-75.037170
8543.298340	-76.421532
8548.681641	-77.616455
8554.064941	-79.201408
8559.448242	-78.648109
8564.831543	-76.102539
8570.214844	-77.080421
8575.598145	-76.656212
8580.981445	-75.957710
8586.364746	-74.827637
8591.748047	-73.662453
8597.131348	-74.409775
8602.514648	-74.139374
8607.897949	-73.682472
8613.281250	-73.059998
8618.664551	-72.700249
8624.047852	-73.467445
8629.431152	-73.065781
8634.814453	-73.309982
8640.197754	-73.037048
8645.581055	-73.552200
8650.964355	-74.087242
8656.347656	-74.268867
8661.730957	-75.020973
8667.114258	-73.956177
8672.497559	-74.402046
8677.880859	-74.356323
8683.264160	-75.058617
8688.647461	-74.994133
8694.030762	-73.644447
8699.414062	-73.397980
8704.797363	-73.702682
8710.180664	-74.608551
8715.563965	-73.162514
8720.947266	-71.855278
8726.330566	-71.610329
8731.713867	-72.168732
8737.097168	-71.940674
8742.480469	-71.076576
8747.863770	-70.586113
8753.247070	-70.398849
8758.630371	-71.080978
8764.013672	-70.818550
8769.396973	-70.004028
8774.780273	-69.278893
8780.163574	-69.354752
8785.546875	-69.992317
8790.930176	-69.541946
8796.313477	-69.120064
8801.696777	-68.779770
8807.080078	-69.221649
8812.463379	-69.712357
8817.846680	-69.238976
8823.229980	-69.116547
8828.613281	-69.035927
8833.996582	-70.091064
8839.379883	-70.895287
8844.763184	-70.582123
8850.146484	-70.771614
8855.529785	-71.582878
8860.913086	-73.481796
8866.296387	-73.302765
8871.679688	-72.421608
8877.062988	-73.457756
8882.446289	-74.131157
8887.829590	-72.509598
8893.212891	-71.736938
8898.596191	-72.258972
8903.979492	-72.100449
8909.362793	-70.308052
8914.746094	-69.000084
8920.129395	-68.352135
8925.512695	-67.852264
8930.895996	-66.801437
8936.279297	-65.579742
8941.662598	-65.149727
8947.045898	-65.026756
8952.429199	-64.677643
8957.812500	-64.121178
8963.195801	-63.594181
8968.579102	-63.737118
8973.962402	-63.860992
8979.345703	-63.749142
8984.729004	-63.723679
8990.112305	-63.987068
8995.495605	-64.667076
9000.878906	-64.785423
9006.262207	-65.019272
9011.645508	-66.119377
9017.028809	-67.474045
9022.412109	-67.957863
9027.795410	-68.308800
9033.178711	-70.376999
9038.562012	-72.001106
9043.945312	-70.463783
9049.328613	-70.513092
9054.711914	-71.481911
9060.095215	-69.805038
9065.478516	-67.848251
9070.861816	-67.296608
9076.245117	-67.357826
9081.628418	-65.847961
9087.011719	-64.505577
9092.395020	-64.507393
9097.778320	-64.650360
9103.161621	-63.746399
9108.544922	-62.816753
9113.928223	-63.044769
9119.311523	-63.669575
9124.694824	-63.193344
9130.078125	-62.862778
9135.461426	-63.259968
9140.844727	-64.024132
9146.228027	-63.886547
9151.611328	-63.348553
9156.994629	-63.813011
9162.377930	-64.229301
9167.761230	-63.854988
9173.144531	-63.387108
9178.527832	-63.129803
9183.911133	-63.294235
9189.294434	-62.834888
9194.677734	-62.020302
9200.061035	-61.661919
9205.444336	-61.423828
9210.827637	-61.246712
9216.210938	-60.750381
9221.594238	-60.233093
9226.977539	-60.282986
9232.360840	-60.281475
9237.744141	-60.134232
9243.127441	-59.969498
9248.510742	-60.000412
9253.894043	-60.454605
9259.277344	-60.657490
9264.660645	-60.667652
9270.043945	-60.928417
9275.427246	-61.585682
9280.810547	-62.172871
9286.193848	-62.562141
9291.577148	-63.158524
9296.960449	-64.085510
9302.343750	-65.049194
9307.727051	-65.507965
9313.110352	-66.243187
9318.493652	-67.474495
9323.876953	-68.612190
9329.260254	-69.266701
9334.643555	-69.618263
9340.026855	-70.179047
9345.410156	-70.201599
9350.793457	-69.188339
9356.176758	-69.184517
9361.560059	-68.926537
9366.943359	-68.098106
9372.326660	-68.174614
9377.709961	-67.986244
9383.093262	-67.457291
9388.476562	-66.931282
9393.859863	-66.443993
9399.243164	-66.972565
9404.626465	-66.716454
9410.009766	-65.926888
9415.393066	-66.138954
9420.776367	-66.296379
9426.159668	-66.437172
9431.542969	-65.856483
9436.926270	-65.655876
9442.309570	-66.405739
9447.692871	-66.595558
9453.076172	-66.651474
9458.459473	-66.502251
9463.842773	-67.169922
9469.226074	-68.778778
9474.609375	-68.966087
9479.992676	-69.097084
9485.375977	-69.688286
9490.759277	-72.104271
9496.142578	-74.153824
9501.525879	-73.250420
9506.909180	-73.381866
9512.292480	-74.013107
9517.675781	-75.855850
9523.059082	-76.284775
9528.442383	-74.476341
9533.825684	-72.887856
9539.208984	-73.501045
9544.592285	-74.400490
9549.975586	-74.255875
9555.358887	-72.414474
9560.742188	-72.023003
9566.125488	-73.727547
9571.508789	-74.163574
9576.892090	-73.636383
9582.275391	-73.945839
9587.658691	-75.561150
9593.041992	-78.546196
9598.425293	-79.146576
9603.808594	-80.619713
9609.191895	-82.044266
9614.575195	-87.653427
9619.958496	-86.918373
9625.341797	-85.461548
9630.725098	-81.436897
9636.108398	-78.696754
9641.491699	-78.177193
9646.875000	-77.913361
9652.258301	-78.324821
9657.641602	-77.240044
9663.024902	-76.893997
9668.408203	-78.149834
9673.791504	-79.279099
9679.174805	-81.059761
9684.558105	-82.537827
9689.941406	-86.379288
9695.324707	-84.831993
9700.708008	-80.006500
9706.091309	-77.053986
9711.474609	-74.723114
9716.857910	-72.121544
9722.241211	-69.708244
9727.624512	-68.538895
9733.007812	-67.553619
9738.391113	-66.215515
9743.774414	-64.922821
9749.157715	-64.186935
9754.541016	-64.166893
9759.924316	-63.599541
9765.307617	-62.696175
9770.690918	-62.440830
9776.074219	-62.360249
9781.457520	-62.183666
9786.840820	-61.667049
9792.224121	-61.437275
9797.607422	-61.865864
9802.990723	-61.885098
9808.374023	-61.614037
9813.757324	-61.528946
9819.140625	-61.987129
9824.523926	-62.676605
9829.907227	-62.488777
9835.290527	-62.222218
9840.673828	-62.553509
9846.057129	-62.806339
9851.440430	-62.546104
9856.823730	-62.118492
9862.207031	-62.158802
9867.590332	-62.187004
9872.973633	-61.642658
9878.356934	-61.142731
9883.740234	-60.922127
9889.123535	-60.756264
9894.506836	-60.335346
9899.890137	-59.915283
9905.273438	-59.808456
9910.656738	-59.761059
9916.040039	-59.605835
9921.423340	-59.427685
9926.806641	-59.513508
9932.189941	-59.732162
9937.573242	-59.794819
9942.956543	-60.007339
9948.339844	-60.135082
9953.723145	-60.318348
9959.106445	-60.615715
9964.489746	-60.745457
9969.873047	-61.074921
9975.256348	-61.239975
9980.639648	-61.451431
9986.022949	-61.951050
9991.406250	-61.946507
9996.789551	-62.058800
10002.172852	-62.323898
10007.556152	-62.444206
10012.939453	-62.647869
10018.322754	-62.502716
10023.706055	-62.621937
10029.089355	-63.047543
10034.472656	-62.961899
10039.855957	-62.896442
10045.239258	-62.962849
10050.622559	-63.128960
10056.005859	-63.138309
10061.389160	-62.635204
10066.772461	-62.480240
10072.155762	-62.732441
10077.539062	-62.475075
10082.922363	-62.135963
10088.305664	-61.904541
10093.688965	-61.811184
10099.072266	-61.985542
10104.455566	-61.744263
10109.838867	-61.534531
10115.222168	-61.737831
10120.605469	-61.944351
10125.988770	-61.992043
10131.372070	-61.938702
10136.755371	-62.379009
10142.138672	-63.098515
10147.521973	-63.135601
10152.905273	-63.223053
10158.288574	-64.180801
10163.671875	-64.949661
10169.055176	-65.108559
10174.438477	-65.284912
10179.821777	-65.724426
10185.205078	-66.029510
10190.588379	-65.397034
10195.971680	-64.924240
10201.354980	-64.898865
10206.738281	-64.327415
10212.121582	-63.676609
10217.504883	-63.251255
10222.888184	-62.907761
10228.271484	-62.636288
10233.654785	-62.201412
10239.038086	-61.879036
10244.421387	-61.848564
10249.804688	-61.651352
10255.187988	-61.556953
10260.571289	-61.555813
10265.954590	-61.716309
10271.337891	-61.990856
10276.721191	-62.035145
10282.104492	-62.216625
10287.487793	-62.541782
10292.871094	-62.819683
10298.254395	-63.077721
10303.637695	-63.268070
10309.020996	-63.701580
10314.404297	-64.077362
10319.787598	-64.141106
10325.170898	-64.358292
10330.554199	-64.783783
10335.937500	-65.047203
10341.320801	-64.942970
10346.704102	-64.939514
10352.087402	-65.356491
10357.470703	-65.606491
10362.854004	-65.539886
10368.237305	-65.580879
10373.620605	-66.208405
10379.003906	-66.817604
10384.387207	-66.770164
10389.770508	-67.123314
10395.153809	-68.196800
10400.537109	-69.444038
10405.920410	-70.125641
10411.303711	-70.527275
10416.687012	-72.668381
10422.070312	-75.617088
10427.453613	-77.199692
10432.836914	-79.227051
10438.220215	-83.735954
10443.603516	-82.973198
10448.986816	-78.747887
10454.370117	-77.009575
10459.753418	-76.659210
10465.136719	-74.353928
10470.520020	-72.095680
10475.903320	-72.133545
10481.286621	-72.462921
10486.669922	-71.582199
10492.053223	-71.136330
10497.436523	-71.276314
10502.819824	-72.496346
10508.203125	-73.033485
10513.586426	-72.810837
10518.969727	-73.910347
10524.353027	-75.311188
10529.736328	-75.943054
10535.119629	-76.422226
10540.502930	-76.873657
10545.886230	-77.547508
10551.269531	-77.002846
10556.652832	-75.446274
10562.036133	-74.691216
10567.419434	-74.089523
10572.802734	-72.911232
10578.186035	-71.532051
10583.569336	-70.845451
10588.952637	-70.801086
10594.335938	-70.513054
10599.719238	-69.968590
10605.102539	-69.628929
10610.485840	-69.904259
10615.869141	-70.129799
10621.252441	-69.895332
10626.635742	-69.908989
10632.019043	-70.379372
10637.402344	-70.934387
10642.785645	-70.805870
10648.168945	-70.564529
10653.552246	-70.793877
10658.935547	-70.854362
10664.318848	-70.673233
10669.702148	-70.368629
10675.085449	-70.050034
10680.468750	-70.032532
10685.852051	-69.707863
10691.235352	-69.349220
10696.618652	-69.266579
10702.001953	-69.312836
10707.385254	-69.603249
10712.768555	-69.794571
10718.151855	-69.930397
10723.535156	-70.151093
10728.918457	-70.393349
10734.301758	-70.574020
10739.685059	-70.381584
10745.068359	-70.458374
10750.451660	-70.394676
10755.834961	-69.931801
10761.218262	-69.707550
10766.601562	-69.248611
10771.984863	-68.848549
10777.368164	-68.414505
10782.751465	-67.923950
10788.134766	-67.788765
10793.518066	-67.508240
10798.901367	-67.550446
10804.284668	-67.670982
10809.667969	-67.566711
10815.051270	-67.950317
10820.434570	-68.321396
10825.817871	-68.780968
10831.201172	-69.448845
10836.584473	-69.884705
10841.967773	-70.668564
10847.351074	-71.111221
10852.734375	-71.018486
10858.117676	-71.187279
10863.500977	-70.647865
10868.884277	-69.751175
10874.267578	-68.812225
10879.650879	-67.842751
10885.034180	-67.071815
10890.417480	-66.262779
10895.800781	-65.487534
10901.184082	-64.943398
10906.567383	-64.477608
10911.950684	-64.112862
10917.333984	-63.746258
10922.717285	-63.518078
10928.100586	-63.396557
10933.483887	-63.397095
10938.867188	-63.489197
10944.250488	-63.525982
10949.633789	-63.709763
10955.017090	-63.941467
10960.400391	-64.239731
10965.783691	-64.494370
10971.166992	-64.759003
10976.550293	-65.217789
10981.933594	-65.427254
10987.316895	-65.535530
10992.700195	-65.621086
10998.083496	-65.500809
11003.466797	-65.359215
11008.850098	-65.081947
11014.233398	-64.819313
11019.616699	-64.695091
11025.000000	-64.257729
11030.383301	-64.035576
11035.766602	-63.986118
11041.149902	-63.766926
11046.533203	-63.640663
11051.916504	-63.629082
11057.299805	-63.791412
11062.683105	-63.909821
11068.066406	-63.970081
11073.449707	-64.353073
11078.833008	-64.797775
11084.216309	-65.197563
11089.599609	-65.433464
11094.982910	-65.773079
11100.366211	-66.254501
11105.749512	-66.453949
11111.132812	-66.519295
11116.516113	-66.675018
11121.899414	-66.755295
11127.282715	-66.452339
11132.666016	-66.041634
11138.049316	-65.963684
11143.432617	-65.875793
11148.815918	-65.583687
11154.199219	-65.321663
11159.582520	-65.226776
11164.965820	-65.381851
11170.349121	-65.292519
11175.732422	-65.295059
11181.115723	-65.579185
11186.499023	-65.845093
11191.882324	-66.336403
11197.265625	-66.676643
11202.648926	-66.904533
11208.032227	-67.581802
11213.415527	-68.155609
11218.798828	-68.638573
11224.182129	-68.835411
11229.565430	-69.013458
11234.948730	-69.843224
11240.332031	-69.633331
11245.715332	-68.801857
11251.098633	-68.768044
11256.481934	-68.660042
11261.865234	-68.158211
11267.248535	-67.629166
11272.631836	-67.428200
11278.015137	-67.612190
11283.398438	-67.228638
11288.781738	-66.728134
11294.165039	-66.775589
11299.548340	-67.003761
11304.931641	-67.062256
11310.314941	-66.811768
11315.698242	-66.957817
11321.081543	-67.448181
11326.464844	-67.213188
11331.848145	-66.691284
11337.231445	-66.598679
11342.614746	-66.779785
11347.998047	-66.435654
11353.381348	-65.814369
11358.764648	-65.594620
11364.147949	-65.592308
11369.531250	-65.329483
11374.914551	-64.770935
11380.297852	-64.612518
11385.681152	-64.844810
11391.064453	-64.811340
11396.447754	-64.728996
11401.831055	-64.832825
11407.214355	-65.290916
11412.597656	-65.767654
11417.980957	-65.886139
11423.364258	-66.352333
11428.747559	-67.097542
11434.130859	-67.826706
11439.514160	-68.430305
11444.897461	-68.766251
11450.280762	-69.323921
11455.664062	-69.780556
11461.047363	-69.773544
11466.430664	-69.666771
11471.813965	-69.499367
11477.197266	-69.343468
11482.580566	-69.027267
11487.963867	-68.606606
11493.347168	-68.277611
11498.730469	-68.016090
11504.113770	-67.769455
11509.497070	-67.689011
11514.880371	-67.640381
11520.263672	-67.816559
11525.646973	-67.956436
11531.030273	-68.106873
11536.413574	-68.165497
11541.796875	-68.901932
11547.180176	-69.725967
11552.563477	-69.991714
11557.946777	-70.658165
11563.330078	-71.426559
11568.713379	-71.940086
11574.096680	-72.449402
11579.479980	-72.400566
11584.863281	-72.453712
11590.246582	-72.135818
11595.629883	-71.313454
11601.013184	-71.015182
11606.396484	-70.384613
11611.779785	-69.872192
11617.163086	-69.594116
11622.546387	-69.138931
11627.929688	-69.140289
11633.312988	-69.038528
11638.696289	-69.143745
11644.079590	-69.545982
11649.462891	-69.446892
11654.846191	-70.102226
11660.229492	-70.900482
11665.612793	-71.412262
11670.996094	-72.224106
11676.379395	-72.898598
11681.762695	-74.196243
11687.145996	-75.287201
11692.529297	-75.101219
11697.912598	-75.371307
11703.295898	-75.398445
11708.679199	-74.165421
11714.062500	-73.013268
11719.445801	-72.489555
11724.829102	-71.913513
11730.212402	-70.850357
11735.595703	-69.850906
11740.979004	-69.483490
11746.362305	-69.328964
11751.745605	-68.772690
11757.128906	-68.101944
11762.512207	-67.878059
11767.895508	-67.851738
11773.278809	-67.640358
11778.662109	-67.096161
11784.045410	-66.669739
11789.428711	-66.832726
11794.812012	-66.682449
11800.195312	-66.041092
11805.578613	-65.731369
11810.961914	-65.749176
11816.345215	-65.695511
11821.728516	-65.142189
11827.111816	-64.682381
11832.495117	-64.796867
11837.878418	-64.814789
11843.261719	-64.453186
11848.645020	-64.150009
11854.028320	-64.309486
11859.411621	-64.670212
11864.794922	-64.583710
11870.178223	-64.504883
11875.561523	-64.867805
11880.944824	-65.314445
11886.328125	-65.533440
11891.711426	-65.658180
11897.094727	-66.030869
11902.478027	-66.620804
11907.861328	-66.994621
11913.244629	-67.127068
11918.627930	-67.404442
11924.011230	-67.834106
11929.394531	-68.091499
11934.777832	-68.052628
11940.161133	-67.925484
11945.544434	-68.028755
11950.927734	-68.077972
11956.311035	-67.854088
11961.694336	-67.697807
11967.077637	-67.682106
11972.460938	-67.819511
11977.844238	-67.997841
11983.227539	-67.964592
11988.610840	-68.151436
11993.994141	-68.742729
11999.377441	-69.326729
12004.760742	-69.731995
12010.144043	-70.141312
12015.527344	-71.031731
12020.910645	-72.154037
12026.293945	-72.587433
12031.677246	-72.901993
12037.060547	-73.386955
12042.443848	-73.536537
12047.827148	-73.109970
12053.210449	-72.246040
12058.593750	-71.268478
12063.977051	-70.670181
12069.360352	-70.003456
12074.743652	-69.144470
12080.126953	-68.509819
12085.510254	-68.185326
12090.893555	-68.075012
12096.276855	-67.669395
12101.660156	-67.285851
12107.043457	-67.631294
12112.426758	-68.060585
12117.810059	-68.098816
12123.193359	-68.083214
12128.576660	-68.411903
12133.959961	-69.407654
12139.343262	-69.792732
12144.726562	-69.426292
12150.109863	-69.994713
12155.493164	-70.825264
12160.876465	-70.576309
12166.259766	-69.926651
12171.643066	-69.805397
12177.026367	-70.043015
12182.409668	-69.293785
12187.792969	-68.055969
12193.176270	-67.682175
12198.559570	-67.605637
12203.942871	-67.130470
12209.326172	-66.454002
12214.709473	-66.047989
12220.092773	-66.159866
12225.476074	-66.161545
12230.859375	-65.840157
12236.242676	-65.711365
12241.625977	-65.901604
12247.009277	-66.231323
12252.392578	-66.388176
12257.775879	-66.458679
12263.159180	-66.793541
12268.542480	-67.335983
12273.925781	-67.541527
12279.309082	-67.654312
12284.692383	-67.846603
12290.075684	-68.040352
12295.458984	-68.305946
12300.842285	-68.194839
12306.225586	-67.848137
12311.608887	-67.678223
12316.992188	-67.579796
12322.375488	-67.344719
12327.758789	-66.939445
12333.142090	-66.672249
12338.525391	-66.681671
12343.908691	-66.549179
12349.291992	-66.263435
12354.675293	-65.991714
12360.058594	-65.901939
12365.441895	-66.151962
12370.825195	-66.197960
12376.208496	-66.002831
12381.591797	-66.162422
12386.975098	-66.585388
12392.358398	-66.997795
12397.741699	-67.035675
12403.125000	-67.137703
12408.508301	-67.857422
12413.891602	-68.501213
12419.274902	-68.535172
12424.658203	-68.675034
12430.041504	-69.452667
12435.424805	-70.452911
12440.808105	-70.509254
12446.191406	-70.473770
12451.574707	-71.303703
12456.958008	-72.236778
12462.341309	-72.413338
12467.724609	-72.516281
12473.107910	-73.212112
12478.491211	-74.416679
12483.874512	-75.279282
12489.257812	-75.587708
12494.641113	-76.239899
12500.024414	-77.474014
12505.407715	-78.276360
12510.791016	-78.057617
12516.174316	-77.212723
12521.557617	-77.004486
12526.940918	-76.935394
12532.324219	-75.420692
12537.707520	-73.900627
12543.090820	-73.543182
12548.474121	-73.119949
12553.857422	-72.393303
12559.240723	-71.478683
12564.624023	-70.855820
12570.007324	-71.103096
12575.390625	-71.042694
12580.773926	-70.358330
12586.157227	-69.950691
12591.540527	-70.548203
12596.923828	-71.573250
12602.307129	-71.050407
12607.690430	-70.849510
12613.073730	-72.103500
12618.457031	-73.926704
12623.840332	-74.042305
12629.223633	-73.529068
12634.606934	-74.983261
12639.990234	-77.264229
12645.373535	-77.181419
12650.756836	-76.460182
12656.140137	-77.338982
12661.523438	-79.182190
12666.906738	-77.873512
12672.290039	-76.416336
12677.673340	-76.748253
12683.056641	-77.248833
12688.439941	-76.232780
12693.823242	-74.946869
12699.206543	-74.985870
12704.589844	-76.143089
12709.973145	-76.125641
12715.356445	-75.807030
12720.739746	-75.952187
12726.123047	-77.607597
12731.506348	-79.801750
12736.889648	-80.355713
12742.272949	-81.617897
12747.656250	-84.290504
12753.039551	-89.271950
12758.422852	-86.837250
12763.806152	-84.034256
12769.189453	-82.321426
12774.572754	-80.411034
12779.956055	-77.327034
12785.339355	-76.034615
12790.722656	-75.664528
12796.105957	-75.042618
12801.489258	-74.130013
12806.872559	-73.089561
12812.255859	-72.860245
12817.639160	-73.145668
12823.022461	-72.936012
12828.405762	-72.597572
12833.789062	-72.612221
12839.172363	-73.039970
12844.555664	-73.660637
12849.938965	-73.931931
12855.322266	-74.332031
12860.705566	-75.121246
12866.088867	-76.001244
12871.472168	-77.059875
12876.855469	-77.610870
12882.238770	-78.095055
12887.622070	-78.499374
12893.005371	-78.653397
12898.388672	-78.731323
12903.771973	-78.051498
12909.155273	-77.836555
12914.538574	-77.143501
12919.921875	-76.441391
12925.305176	-76.283691
12930.688477	-76.432060
12936.071777	-76.831665
12941.455078	-76.485641
12946.838379	-76.210182
12952.221680	-76.564659
12957.604980	-77.652878
12962.988281	-78.704483
12968.371582	-78.693375
12973.754883	-79.116852
12979.138184	-80.943619
12984.521484	-83.757263
12989.904785	-85.788330
12995.288086	-84.947319
13000.671387	-84.241051
13006.054688	-82.495590
13011.437988	-82.112129
13016.821289	-81.243805
13022.204590	-78.966339
13027.587891	-77.360435
13032.971191	-76.514435
13038.354492	-76.433899
13043.737793	-75.566803
13049.121094	-74.477776
13054.504395	-74.043961
13059.887695	-73.631927
13065.270996	-73.723495
13070.654297	-73.376114
13076.037598	-72.963577
13081.420898	-72.952141
13086.804199	-72.708382
13092.187500	-72.588638
13097.570801	-72.414932
13102.954102	-72.021835
13108.337402	-71.935287
13113.720703	-72.109154
13119.104004	-72.292107
13124.487305	-71.984718
13129.870605	-71.651855
13135.253906	-72.031349
13140.637207	-72.307716
13146.020508	-72.045715
13151.403809	-71.833702
13156.787109	-72.423286
13162.170410	-72.935471
13167.553711	-72.709846
13172.937012	-72.674049
13178.320312	-73.156204
13183.703613	-73.796379
13189.086914	-73.306847
13194.470215	-72.769814
13199.853516	-73.014183
13205.236816	-72.861115
13210.620117	-72.265579
13216.003418	-71.779030
13221.386719	-71.666000
13226.770020	-71.722351
13232.153320	-70.973930
13237.536621	-70.606888
13242.919922	-70.479881
13248.303223	-70.239609
13253.686523	-70.210068
13259.069824	-69.994713
13264.453125	-70.148766
13269.836426	-70.404747
13275.219727	-70.672234
13280.603027	-71.188499
13285.986328	-71.441216
13291.369629	-72.065964
13296.752930	-72.982590
13302.136230	-74.259361
13307.519531	-75.576561
13312.902832	-76.601433
13318.286133	-78.748405
13323.669434	-82.084885
13329.052734	-86.107887
13334.436035	-88.066727
13339.819336	-89.143013
13345.202637	-84.459290
13350.585938	-80.501251
13355.969238	-78.685982
13361.352539	-77.815834
13366.735840	-76.193535
13372.119141	-75.142311
13377.502441	-74.475204
13382.885742	-74.329773
13388.269043	-74.069954
13393.652344	-73.486473
13399.035645	-73.775421
13404.418945	-73.962555
13409.802246	-74.353096
13415.185547	-74.991013
13420.568848	-75.418884
13425.952148	-76.440063
13431.335449	-77.154823
13436.718750	-77.618736
13442.102051	-78.157120
13447.485352	-77.498055
13452.868652	-77.012680
13458.251953	-76.343475
13463.635254	-75.137619
13469.018555	-74.240303
13474.401855	-73.371140
13479.785156	-72.672707
13485.168457	-71.981689
13490.551758	-71.275932
13495.935059	-70.828865
13501.318359	-70.544861
13506.701660	-70.238136
13512.084961	-69.989250
13517.468262	-69.913940
13522.851562	-69.779694
13528.234863	-69.844360
13533.618164	-70.084106
13539.001465	-70.337349
13544.384766	-70.815285
13549.768066	-71.267097
13555.151367	-71.851669
13560.534668	-72.533798
13565.917969	-73.260696
13571.301270	-74.008560
13576.684570	-74.918434
13582.067871	-76.262222
13587.451172	-77.441063
13592.834473	-78.232384
13598.217773	-79.351997
13603.601074	-81.002663
13608.984375	-83.077232
13614.367676	-84.207817
13619.750977	-83.892548
13625.134277	-83.539177
13630.517578	-83.930382
13635.900879	-86.068069
13641.284180	-86.333771
13646.667480	-84.016838
13652.050781	-83.617020
13657.434082	-82.821793
13662.817383	-85.469734
13668.200684	-85.586327
13673.583984	-82.923935
13678.967285	-81.821724
13684.350586	-82.188034
13689.733887	-83.291428
13695.117188	-82.611343
13700.500488	-80.805679
13705.883789	-78.603905
13711.267090	-80.433853
13716.650391	-80.482353
13722.033691	-78.080254
13727.416992	-77.144272
13732.800293	-76.597435
13738.183594	-78.025963
13743.566895	-77.368385
13748.950195	-75.330231
13754.333496	-75.328979
13759.716797	-75.384560
13765.100098	-75.204010
13770.483398	-73.719368
13775.866699	-73.070480
13781.250000	-73.527473
13786.633301	-73.496086
13792.016602	-72.902931
13797.399902	-72.086525
13802.783203	-72.009933
13808.166504	-72.394211
13813.549805	-72.124672
13818.933105	-71.567345
13824.316406	-71.305916
13829.699707	-71.731354
13835.083008	-72.062317
13840.466309	-71.731628
13845.849609	-71.599731
13851.232910	-72.077873
13856.616211	-72.997078
13861.999512	-72.735664
13867.382812	-72.297112
13872.766113	-72.798653
13878.149414	-73.385796
13883.532715	-73.417747
13888.916016	-72.513138
13894.299316	-72.450493
13899.682617	-73.031647
13905.065918	-72.355377
13910.449219	-71.656151
13915.832520	-71.332809
13921.215820	-71.621696
13926.599121	-71.760834
13931.982422	-70.838562
13937.365723	-70.774712
13942.749023	-71.099747
13948.132324	-71.529961
13953.515625	-71.575562
13958.898926	-71.227951
13964.282227	-71.839760
13969.665527	-72.766090
13975.048828	-73.121292
13980.432129	-73.123322
13985.815430	-73.284081
13991.198730	-74.286850
13996.582031	-74.336700
14001.965332	-73.318802
14007.348633	-72.913689
14012.731934	-72.731773
14018.115234	-72.071709
14023.498535	-70.758621
14028.881836	-69.987434
14034.265137	-69.848686
14039.648438	-69.497589
14045.031738	-68.699120
14050.415039	-67.935783
14055.798340	-67.866905
14061.181641	-68.048515
14066.564941	-67.740387
14071.948242	-67.406845
14077.331543	-67.406693
14082.714844	-67.910690
14088.098145	-68.183533
14093.481445	-68.002609
14098.864746	-68.301918
14104.248047	-69.067253
14109.631348	-69.795296
14115.014648	-69.694710
14120.397949	-69.536018
14125.781250	-70.179016
14131.164551	-70.610847
14136.547852	-69.932297
14141.931152	-69.302544
14147.314453	-69.188934
14152.697754	-69.039047
14158.081055	-68.227211
14163.464355	-67.262245
14168.847656	-67.031273
14174.230957	-67.039795
14179.614258	-66.532806
14184.997559	-65.880096
14190.380859	-65.675247
14195.764160	-65.857025
14201.147461	-65.888710
14206.530762	-65.645882
14211.914062	-65.763031
14217.297363	-66.044548
14222.680664	-66.338341
14228.063965	-66.698784
14233.447266	-66.976654
14238.830566	-67.541016
14244.213867	-68.328224
14249.597168	-68.975258
14254.980469	-69.467651
14260.363770	-69.779457
14265.747070	-70.350441
14271.130371	-71.025650
14276.513672	-71.051651
14281.896973	-70.770287
14287.280273	-70.691162
14292.663574	-70.514320
14298.046875	-70.084557
14303.430176	-69.448708
14308.813477	-68.835716
14314.196777	-68.684586
14319.580078	-68.439781
14324.963379	-67.837227
14330.346680	-67.577698
14335.729980	-67.530128
14341.113281	-67.522491
14346.496582	-67.528183
14351.879883	-67.265152
14357.263184	-67.478897
14362.646484	-67.751732
14368.029785	-67.853371
14373.413086	-68.007439
14378.796387	-67.994675
14384.179688	-68.399864
14389.562988	-68.825058
14394.946289	-68.706642
14400.329590	-68.820763
14405.712891	-69.065041
14411.096191	-69.841858
14416.479492	-70.174385
14421.862793	-69.832039
14427.246094	-70.151253
14432.629395	-70.839729
14438.012695	-71.348831
14443.395996	-71.153145
14448.779297	-71.021919
14454.162598	-72.070686
14459.545898	-72.877747
14464.929199	-72.554901
14470.312500	-72.452003
14475.695801	-73.439751
14481.079102	-74.646553
14486.462402	-74.331398
14491.845703	-74.101265
14497.229004	-74.620941
14502.612305	-75.437447
14507.995605	-75.239258
14513.378906	-74.463982
14518.762207	-74.593613
14524.145508	-74.947769
14529.528809	-74.710426
14534.912109	-74.041412
14540.295410	-73.440857
14545.678711	-73.890305
14551.062012	-74.029587
14556.445312	-73.483337
14561.828613	-73.314796
14567.211914	-73.282455
14572.595215	-74.285233
14577.978516	-74.612389
14583.361816	-74.308098
14588.745117	-74.732765
14594.128418	-75.559097
14599.511719	-76.968628
14604.895020	-76.939476
14610.278320	-76.524857
14615.661621	-78.111465
14621.044922	-79.922882
14626.428223	-79.178902
14631.811523	-77.935883
14637.194824	-77.930771
14642.578125	-78.749313
14647.961426	-77.364799
14653.344727	-75.590607
14658.728027	-75.298065
14664.111328	-75.578598
14669.494629	-74.783394
14674.877930	-73.543007
14680.261230	-73.035194
14685.644531	-73.412239
14691.027832	-73.773178
14696.411133	-73.280304
14701.794434	-72.928520
14707.177734	-73.216461
14712.561035	-73.971909
14717.944336	-74.549271
14723.327637	-74.296989
14728.710938	-74.435760
14734.094238	-75.360893
14739.477539	-77.082535
14744.860840	-78.815254
14750.244141	-78.944138
14755.627441	-79.875206
14761.010742	-83.416878
14766.394043	-90.049309
14771.777344	-86.313324
14777.160645	-84.892838
14782.543945	-87.096626
14787.927246	-83.393127
14793.310547	-78.578758
14798.693848	-77.184845
14804.077148	-78.074966
14809.460449	-77.128319
14814.843750	-74.252083
14820.227051	-72.972000
14825.610352	-73.330894
14830.993652	-73.867973
14836.376953	-72.372322
14841.760254	-70.867889
14847.143555	-70.936485
14852.526855	-71.664154
14857.910156	-71.589981
14863.293457	-70.589241
14868.676758	-70.130913
14874.060059	-71.353989
14879.443359	-72.619095
14884.826660	-72.565041
14890.209961	-72.276878
14895.593262	-72.873749
14900.976562	-75.017830
14906.359863	-76.324669
14911.743164	-75.952652
14917.126465	-76.273293
14922.509766	-78.185982
14927.893066	-81.481529
14933.276367	-80.085701
14938.659668	-78.774490
14944.042969	-81.168991
14949.426270	-83.268166
14954.809570	-79.495369
14960.192871	-77.473267
14965.576172	-77.973778
14970.959473	-79.678017
14976.342773	-77.762749
14981.726074	-75.361717
14987.109375	-75.341476
14992.492676	-76.921227
14997.875977	-76.674911
15003.259277	-74.640717
15008.642578	-74.321289
15014.025879	-75.940338
15019.409180	-76.953018
15024.792480	-75.145073
15030.175781	-74.241463
15035.559082	-75.409142
15040.942383	-77.117126
15046.325684	-75.956421
15051.708984	-74.568466
15057.092285	-75.209297
15062.475586	-76.849083
15067.858887	-75.885727
15073.242188	-74.281219
15078.625488	-74.428368
15084.008789	-75.847961
15089.392090	-76.016006
15094.775391	-74.566338
15100.158691	-74.235466
15105.541992	-75.304482
15110.925293	-75.513451
15116.308594	-74.829140
15121.691895	-74.778618
15127.075195	-75.699036
15132.458496	-76.348717
15137.841797	-76.179214
15143.225098	-76.577774
15148.608398	-77.209984
15153.991699	-77.724449
15159.375000	-78.591164
15164.758301	-78.557236
15170.141602	-77.332855
15175.524902	-77.025047
15180.908203	-77.006668
15186.291504	-76.815605
15191.674805	-75.371284
15197.058105	-74.304550
15202.441406	-74.769669
15207.824707	-74.635857
15213.208008	-73.193741
15218.591309	-72.580513
15223.974609	-72.761223
15229.357910	-73.302185
15234.741211	-72.875092
15240.124512	-71.943100
15245.507812	-72.321823
15250.891113	-73.495560
15256.274414	-73.959312
15261.657715	-73.400528
15267.041016	-73.212395
15272.424316	-74.502693
15277.807617	-76.113083
15283.190918	-75.774323
15288.574219	-75.332764
15293.957520	-76.918800
15299.340820	-79.860443
15304.724121	-79.332718
15310.107422	-77.659729
15315.490723	-78.290413
15320.874023	-80.909172
15326.257324	-79.117683
15331.640625	-76.817047
15337.023926	-77.270096
15342.407227	-79.024628
15347.790527	-78.528526
15353.173828	-76.554680
15358.557129	-76.180214
15363.940430	-78.290367
15369.323730	-79.072464
15374.707031	-77.709793
15380.090332	-77.546555
15385.473633	-78.936813
15390.856934	-82.414558
15396.240234	-82.125336
15401.623535	-80.762314
15407.006836	-82.919083
15412.390137	-85.721207
15417.773438	-82.754929
15423.156738	-80.795525
15428.540039	-80.516121
15433.923340	-81.162788
15439.306641	-78.705887
15444.689941	-76.179955
15450.073242	-75.789246
15455.456543	-75.834244
15460.839844	-75.068176
15466.223145	-73.719994
15471.606445	-73.000977
15476.989746	-73.521133
15482.373047	-73.563560
15487.756348	-72.910019
15493.139648	-72.475014
15498.522949	-72.559158
15503.906250	-73.469231
15509.289551	-73.806015
15514.672852	-73.200714
15520.056152	-73.257736
15525.439453	-74.369934
15530.822754	-75.464813
15536.206055	-74.931168
15541.589355	-74.380302
15546.972656	-75.274551
15552.355957	-76.811966
15557.739258	-75.776154
15563.122559	-74.298508
15568.505859	-74.674805
15573.889160	-75.854546
15579.272461	-75.075623
15584.655762	-73.509712
15590.039062	-73.413773
15595.422363	-74.479385
15600.805664	-74.383484
15606.188965	-73.262367
15611.572266	-72.945152
15616.955566	-73.871788
15622.338867	-74.916786
15627.722168	-73.997368
15633.105469	-73.540215
15638.488770	-74.721016
15643.872070	-75.917274
15649.255371	-75.696960
15654.638672	-75.034348
15660.021973	-75.560036
15665.405273	-77.230385
15670.788574	-77.179062
15676.171875	-76.058289
15681.555176	-75.912880
15686.938477	-76.506233
15692.321777	-76.744667
15697.705078	-75.450684
15703.088379	-74.773117
15708.471680	-75.294052
15713.854980	-75.551498
15719.238281	-74.930489
15724.621582	-74.261856
15730.004883	-74.296494
15735.388184	-75.154686
15740.771484	-75.428688
15746.154785	-74.941605
15751.538086	-75.106316
15756.921387	-75.997414
15762.304688	-76.921234
15767.687988	-76.700996
15773.071289	-76.300552
15778.454590	-77.318092
15783.837891	-78.752953
15789.221191	-79.013725
15794.604492	-78.357895
15799.987793	-78.398689
15805.371094	-80.177086
15810.754395	-80.859818
15816.137695	-79.136238
15821.520996	-78.691124
15826.904297	-79.417030
15832.287598	-80.444321
15837.670898	-79.728851
15843.054199	-78.636551
15848.437500	-79.290543
15853.820801	-81.114250
15859.204102	-81.735085
15864.587402	-80.859146
15869.970703	-80.373398
15875.354004	-82.074570
15880.737305	-84.945229
15886.120605	-84.964401
15891.503906	-84.167198
15896.887207	-83.848251
15902.270508	-84.435196
15907.653809	-86.286736
15913.037109	-87.287125
15918.420410	-84.948708
15923.803711	-81.609970
15929.187012	-80.192711
15934.570312	-81.010475
15939.953613	-82.548904
15945.336914	-81.344177
15950.720215	-78.832054
15956.103516	-78.475990
15961.486816	-80.149010
15966.870117	-81.909828
15972.253418	-80.761978
15977.636719	-79.076233
15983.020020	-80.555573
15988.403320	-83.949265
15993.786621	-85.511421
15999.169922	-83.285545
16004.553223	-82.797310
16009.936523	-87.580429
16015.319824	-97.065742
16020.703125	-88.979675
16026.086426	-90.614456
16031.469727	-92.146500
16036.853027	-89.279564
16042.236328	-87.035942
16047.619629	-88.040810
16053.002930	-97.009377
16058.386230	-89.347557
16063.769531	-84.326515
16069.152832	-84.608322
16074.536133	-88.937592
16079.919434	-92.427414
16085.302734	-87.661392
16090.686035	-86.039490
16096.069336	-88.161377
16101.452637	-92.092697
16106.835938	-93.097893
16112.219238	-93.789963
16117.602539	-89.993912
16122.985840	-84.779945
16128.369141	-84.496552
16133.752441	-86.857666
16139.135742	-85.777046
16144.519043	-81.465775
16149.902344	-79.741905
16155.285645	-79.945427
16160.668945	-80.488167
16166.052246	-79.326965
16171.435547	-77.477188
16176.818848	-77.681145
16182.202148	-78.583603
16187.585449	-78.359619
16192.968750	-77.667046
16198.352051	-77.382736
16203.735352	-78.720993
16209.118652	-79.488503
16214.501953	-78.803925
16219.885254	-79.089355
16225.268555	-79.154564
16230.651855	-79.602692
16236.035156	-79.692131
16241.418457	-79.000229
16246.801758	-78.465897
16252.185059	-78.434280
16257.568359	-78.269081
16262.951660	-77.421387
16268.334961	-76.230827
16273.718262	-75.777359
16279.101562	-76.155746
16284.484863	-75.893784
16289.868164	-75.131264
16295.251465	-74.684807
16300.634766	-74.946304
16306.018066	-75.084000
16311.401367	-74.290680
16316.784668	-73.625664
16322.167969	-73.851128
16327.551270	-73.943283
16332.934570	-73.040977
16338.317871	-72.267357
16343.701172	-72.261246
16349.084473	-72.411186
16354.467773	-71.933708
16359.851074	-70.976418
16365.234375	-70.690636
16370.617676	-70.969200
16376.000977	-70.850395
16381.384277	-70.198410
16386.767578	-69.798058
16392.150879	-70.250107
16397.534180	-70.618073
16402.917480	-70.208961
16408.300781	-70.038277
16413.684082	-70.400833
16419.067383	-71.170158
16424.450684	-71.381393
16429.833984	-71.028801
16435.217285	-71.447754
16440.600586	-72.137825
16445.983887	-71.867615
16451.367188	-71.069473
16456.750488	-70.808174
16462.133789	-70.886536
16467.517090	-70.362961
16472.900391	-69.410690
16478.283691	-69.104172
16483.666992	-69.051598
16489.050293	-68.813484
16494.433594	-68.365189
16499.816895	-67.837685
16505.200195	-67.792458
16510.583496	-67.903816
16515.966797	-67.706772
16521.350098	-67.430649
16526.733398	-67.412674
16532.116699	-67.705048
16537.500000	-68.054214
16542.883301	-68.065674
16548.266602	-68.085091
16553.649902	-68.635742
16559.033203	-69.404091
16564.416504	-69.865288
16569.799805	-70.143990
16575.183105	-70.706795
16580.566406	-71.937141
16585.949707	-72.758675
16591.333008	-72.512321
16596.716309	-72.754814
16602.099609	-73.590790
16607.482910	-73.869476
16612.866211	-72.824791
16618.249512	-72.012375
16623.632812	-72.022888
16629.016113	-71.732063
16634.399414	-70.735733
16639.782715	-69.868896
16645.166016	-69.636421
16650.549316	-69.764145
16655.932617	-69.322762
16661.315918	-68.573807
16666.699219	-68.457710
16672.082520	-68.911324
16677.465820	-69.115219
16682.849121	-68.669144
16688.232422	-68.431320
16693.615723	-69.149612
16698.999023	-70.091446
16704.382324	-69.639702
16709.765625	-69.124344
16715.148926	-70.153687
16720.532227	-71.414207
16725.915527	-70.789993
16731.298828	-70.151955
16736.682129	-71.051369
16742.065430	-72.343010
16747.448730	-71.462479
16752.832031	-70.471123
16758.215332	-71.121193
16763.598633	-71.978966
16768.981934	-71.227333
16774.365234	-70.204330
16779.748535	-70.551216
16785.131836	-71.579102
16790.515137	-70.831314
16795.898438	-70.038719
16801.281738	-70.383774
16806.665039	-70.871384
16812.048340	-70.497498
16817.431641	-69.693504
16822.814941	-69.727463
16828.198242	-70.182869
16833.581543	-69.957100
16838.964844	-69.361496
16844.348145	-69.142593
16849.731445	-69.319633
16855.114746	-69.418579
16860.498047	-69.106941
16865.881348	-68.805908
16871.264648	-68.826042
16876.647949	-68.941406
16882.031250	-68.942154
16887.414551	-68.842941
16892.797852	-68.784462
16898.181152	-69.076790
16903.564453	-69.327782
16908.947754	-69.280106
16914.331055	-69.366112
16919.714355	-69.651779
16925.097656	-70.210381
16930.480957	-70.549507
16935.864258	-70.425934
16941.247559	-70.688583
16946.630859	-71.436630
16952.014160	-71.937073
16957.397461	-71.669991
16962.780762	-71.538277
16968.164062	-72.264557
16973.547363	-72.767097
16978.930664	-72.403893
16984.313965	-72.142319
16989.697266	-72.479927
16995.080566	-73.124725
17000.463867	-73.143364
17005.847168	-72.820000
17011.230469	-73.164803
17016.613770	-74.028870
17021.997070	-74.419510
17027.380371	-74.364731
17032.763672	-74.909988
17038.146973	-76.264816
17043.530273	-77.394760
17048.913574	-77.543755
17054.296875	-77.850647
17059.680176	-79.699463
17065.063477	-80.963272
17070.446777	-80.280220
17075.830078	-79.917763
17081.213379	-79.624306
17086.596680	-79.211662
17091.979980	-77.469437
17097.363281	-76.073547
17102.746582	-76.243408
17108.129883	-75.748260
17113.513184	-74.812286
17118.896484	-74.256340
17124.279785	-73.997963
17129.663086	-74.539162
17135.046387	-74.299118
17140.429688	-73.803009
17145.812988	-74.141075
17151.196289	-74.664375
17156.579590	-75.410980
17161.962891	-75.529526
17167.346191	-75.879204
17172.729492	-77.273659
17178.112793	-78.853752
17183.496094	-80.278976
17188.879395	-81.276344
17194.262695	-83.302658
17199.645996	-86.129417
17205.029297	-87.207497
17210.412598	-86.202667
17215.795898	-86.190666
17221.179199	-84.496399
17226.562500	-82.528595
17231.945801	-81.012596
17237.329102	-80.255615
17242.712402	-79.229614
17248.095703	-78.708870
17253.479004	-78.264977
17258.862305	-77.943214
17264.245605	-77.911362
17269.628906	-77.842545
17275.012207	-78.488228
17280.395508	-79.027893
17285.778809	-79.183128
17291.162109	-80.198517
17296.545410	-81.963463
17301.928711	-84.415901
17307.312012	-85.588943
17312.695312	-87.421104
17318.078613	-94.065544
17323.461914	-102.133751
17328.845215	-93.875267
17334.228516	-93.787666
17339.611816	-89.836670
17344.995117	-84.412651
17350.378418	-82.746689
17355.761719	-82.893616
17361.145020	-82.651672
17366.528320	-81.060349
17371.911621	-79.516281
17377.294922	-79.760948
17382.678223	-80.835197
17388.061523	-80.581268
17393.444824	-79.637947
17398.828125	-79.871811
17404.211426	-81.643097
17409.594727	-83.192566
17414.978027	-82.060265
17420.361328	-81.953972
17425.744629	-83.826149
17431.127930	-87.195206
17436.511230	-86.809433
17441.894531	-84.989830
17447.277832	-88.769638
17452.661133	-93.031891
17458.044434	-87.382149
17463.427734	-86.413834
17468.811035	-89.752335
17474.194336	-88.058563
17479.577637	-84.156494
17484.960938	-83.062874
17490.344238	-85.545105
17495.727539	-85.756935
17501.110840	-81.361984
17506.494141	-80.915512
17511.877441	-82.875519
17517.260742	-83.655487
17522.644043	-80.623894
17528.027344	-79.380646
17533.410645	-80.808098
17538.793945	-81.285583
17544.177246	-79.151428
17549.560547	-78.029892
17554.943848	-78.734711
17560.327148	-79.161331
17565.710449	-77.718605
17571.093750	-77.213715
17576.477051	-77.485008
17581.860352	-78.440094
17587.243652	-77.825890
17592.626953	-76.562164
17598.010254	-76.983604
17603.393555	-77.698021
17608.776855	-77.955956
17614.160156	-77.430801
17619.543457	-76.979904
17624.926758	-77.822792
17630.310059	-78.116066
17635.693359	-77.483177
17641.076660	-77.333168
17646.459961	-77.432877
17651.843262	-77.870270
17657.226562	-77.191971
17662.609863	-76.515404
17667.993164	-76.686592
17673.376465	-76.610168
17678.759766	-76.518425
17684.143066	-76.252861
17689.526367	-76.230820
17694.909668	-76.650970
17700.292969	-76.945930
17705.676270	-76.985336
17711.059570	-77.259033
17716.442871	-77.991341
17721.826172	-78.864082
17727.209473	-80.060890
17732.592773	-80.875626
17737.976074	-81.798477
17743.359375	-84.422211
17748.742676	-87.415253
17754.125977	-91.043571
17759.509277	-93.690910
17764.892578	-91.228767
17770.275879	-86.673271
17775.659180	-83.471245
17781.042480	-81.079460
17786.425781	-80.340858
17791.809082	-78.920815
17797.192383	-77.609848
17802.575684	-76.608841
17807.958984	-76.068382
17813.342285	-75.951958
17818.725586	-75.247101
17824.108887	-74.710716
17829.492188	-74.523308
17834.875488	-74.455475
17840.258789	-74.503616
17845.642090	-74.546555
17851.025391	-74.535820
17856.408691	-74.752426
17861.791992	-75.448700
17867.175293	-76.162933
17872.558594	-76.609032
17877.941895	-76.904175
17883.325195	-77.796944
17888.708496	-79.112167
17894.091797	-80.296745
17899.475098	-81.059326
17904.858398	-81.212402
17910.241699	-82.736542
17915.625000	-84.168602
17921.008301	-85.466965
17926.391602	-84.993439
17931.774902	-83.877121
17937.158203	-84.108849
17942.541504	-84.674454
17947.924805	-85.873123
17953.308105	-84.266869
17958.691406	-83.081299
17964.074707	-83.118721
17969.458008	-84.246452
17974.841309	-85.843605
17980.224609	-84.293709
17985.607910	-84.249039
17990.991211	-85.101440
17996.374512	-87.550064
18001.757812	-88.893219
18007.141113	-87.626198
18012.524414	-87.809731
18017.907715	-88.924355
18023.291016	-92.532112
18028.674316	-93.945717
18034.057617	-91.418129
18039.440918	-89.079643
18044.824219	-88.920212
18050.207520	-90.710724
18055.590820	-93.299507
18060.974121	-91.244598
18066.357422	-89.605072
18071.740723	-89.535805
18077.124023	-93.130814
18082.507324	-95.554153
18087.890625	-92.948624
18093.273926	-94.203773
18098.657227	-92.672676
18104.040527	-96.296745
18109.423828	-94.319054
18114.807129	-97.051994
18120.190430	-92.206963
18125.573730	-88.498932
18130.957031	-86.685501
18136.340332	-87.663818
18141.723633	-87.592697
18147.106934	-84.196259
18152.490234	-82.811775
18157.873535	-82.631775
18163.256836	-82.681335
18168.640137	-81.772087
18174.023438	-80.159164
18179.406738	-79.674606
18184.790039	-80.029152
18190.173340	-79.743057
18195.556641	-78.479134
18200.939941	-77.926552
18206.323242	-78.228668
18211.706543	-78.358040
18217.089844	-77.612183
18222.473145	-76.787994
18227.856445	-77.044289
18233.239746	-77.406601
18238.623047	-77.091148
18244.006348	-76.614418
18249.389648	-76.617172
18254.772949	-77.481033
18260.156250	-77.505867
18265.539551	-76.926987
18270.922852	-77.337898
18276.306152	-78.002586
18281.689453	-78.488411
18287.072754	-78.011749
18292.456055	-77.257805
18297.839355	-78.053490
18303.222656	-77.745499
18308.605957	-76.818756
18313.989258	-76.344696
18319.372559	-76.158951
18324.755859	-76.021812
18330.139160	-75.020737
18335.522461	-74.231407
18340.905762	-74.321716
18346.289062	-74.194443
18351.672363	-73.414444
18357.055664	-72.714371
18362.438965	-72.712662
18367.822266	-73.062866
18373.205566	-72.850883
18378.588867	-72.331352
18383.972168	-72.483902
18389.355469	-73.238472
18394.738770	-73.270348
18400.122070	-72.970123
18405.505371	-73.213814
18410.888672	-74.125793
18416.271973	-74.409813
18421.655273	-73.920120
18427.038574	-74.233376
18432.421875	-75.067848
18437.805176	-74.906380
18443.188477	-74.175240
18448.571777	-73.809982
18453.955078	-73.788048
18459.338379	-73.280251
18464.721680	-72.261551
18470.104980	-71.843689
18475.488281	-71.575768
18480.871582	-71.143410
18486.254883	-70.588470
18491.638184	-70.160629
18497.021484	-70.150421
18502.404785	-70.051407
18507.788086	-69.760956
18513.171387	-69.643028
18518.554688	-69.823822
18523.937988	-70.098885
18529.321289	-70.284988
18534.704590	-70.447342
18540.087891	-70.890640
18545.471191	-71.534554
18550.854492	-71.947861
18556.237793	-72.504440
18561.621094	-73.226341
18567.004395	-73.924538
18572.387695	-74.674644
18577.770996	-75.070297
18583.154297	-75.669418
18588.537598	-76.139938
18593.920898	-75.932945
18599.304199	-75.654404
18604.687500	-75.407822
18610.070801	-74.973785
18615.454102	-74.516090
18620.837402	-73.834145
18626.220703	-73.488098
18631.604004	-73.182755
18636.987305	-72.730156
18642.370605	-72.640114
18647.753906	-72.488861
18653.137207	-72.340096
18658.520508	-72.242210
18663.903809	-72.249603
18669.287109	-72.514069
18674.670410	-72.688080
18680.053711	-72.663048
18685.437012	-72.701363
18690.820312	-72.928963
18696.203613	-73.147957
18701.586914	-73.247040
18706.970215	-73.280495
18712.353516	-73.368713
18717.736816	-73.557106
18723.120117	-73.312134
18728.503418	-73.104744
18733.886719	-73.270836
18739.270020	-73.228920
18744.653320	-73.281342
18750.036621	-73.104767
18755.419922	-73.053223
18760.803223	-73.456917
18766.186523	-73.431076
18771.569824	-73.172691
18776.953125	-73.365883
18782.336426	-73.723160
18787.719727	-73.931183
18793.103027	-73.598488
18798.486328	-73.579224
18803.869629	-74.198517
18809.252930	-74.118843
18814.636230	-73.663872
18820.019531	-73.985352
18825.402832	-74.665359
18830.786133	-74.506523
18836.169434	-74.540176
18841.552734	-75.232773
18846.936035	-75.389900
18852.319336	-75.250404
18857.702637	-75.384399
18863.085938	-75.480911
18868.469238	-75.140015
18873.852539	-75.232399
18879.235840	-75.442818
18884.619141	-74.883263
18890.002441	-74.510712
18895.385742	-74.492493
18900.769043	-74.606178
18906.152344	-74.405075
18911.535645	-73.861382
18916.918945	-73.976402
18922.302246	-74.300621
18927.685547	-73.987381
18933.068848	-73.677223
18938.452148	-73.689331
18943.835449	-74.032387
18949.218750	-73.953278
18954.602051	-73.409492
18959.985352	-73.382309
18965.368652	-73.782639
18970.751953	-74.146912
18976.135254	-74.082550
18981.518555	-73.993034
18986.901855	-74.571075
18992.285156	-75.424950
18997.668457	-75.537224
19003.051758	-75.651718
19008.435059	-76.527176
19013.818359	-77.785751
19019.201660	-78.934341
19024.584961	-79.362434
19029.968262	-80.259178
19035.351562	-82.887108
19040.734863	-84.710510
19046.118164	-84.825279
19051.501465	-85.844704
19056.884766	-87.334427
19062.268066	-89.539490
19067.651367	-87.033974
19073.034668	-85.474304
19078.417969	-86.308556
19083.801270	-85.306068
19089.184570	-83.634621
19094.567871	-82.845802
19099.951172	-82.196983
19105.334473	-82.959801
19110.717773	-82.540710
19116.101074	-81.912987
19121.484375	-82.003914
19126.867676	-82.563316
19132.250977	-83.779259
19137.634277	-83.627441
19143.017578	-83.042526
19148.400879	-82.894997
19153.784180	-83.847687
19159.167480	-85.187813
19164.550781	-84.592995
19169.934082	-83.191376
19175.317383	-82.867294
19180.700684	-83.504730
19186.083984	-85.819473
19191.467285	-85.403786
19196.850586	-83.206856
19202.233887	-83.153946
19207.617188	-84.708458
19213.000488	-87.844757
19218.383789	-86.209267
19223.767090	-84.485855
19229.150391	-86.505669
19234.533691	-90.829941
19239.916992	-92.549904
19245.300293	-92.198082
19250.683594	-91.228485
19256.066895	-89.570351
19261.450195	-89.096848
19266.833496	-89.670731
19272.216797	-89.781883
19277.600098	-85.416824
19282.983398	-82.368446
19288.366699	-82.398270
19293.750000	-82.680801
19299.133301	-81.689255
19304.516602	-79.600128
19309.899902	-78.675499
19315.283203	-79.237434
19320.666504	-79.322571
19326.049805	-78.423157
19331.433105	-77.784462
19336.816406	-78.100395
19342.199707	-78.627304
19347.583008	-78.711082
19352.966309	-78.393867
19358.349609	-78.787346
19363.732910	-79.851646
19369.116211	-80.591835
19374.499512	-80.746353
19379.882812	-80.878662
19385.266113	-82.204689
19390.649414	-83.721420
19396.032715	-83.987946
19401.416016	-84.394264
19406.799316	-84.895500
19412.182617	-86.115982
19417.565918	-87.704308
19422.949219	-87.366058
19428.332520	-88.366798
19433.715820	-89.226669
19439.099121	-90.723213
19444.482422	-89.631828
19449.865723	-88.551262
19455.249023	-87.967461
19460.632324	-88.042229
19466.015625	-86.306206
19471.398926	-85.474556
19476.782227	-85.177528
19482.165527	-84.585281
19487.548828	-83.501244
19492.932129	-81.534409
19498.315430	-81.661613
19503.698730	-81.726044
19509.082031	-80.728134
19514.465332	-79.740074
19519.848633	-79.792763
19525.231934	-80.464767
19530.615234	-80.220360
19535.998535	-79.296318
19541.381836	-78.760437
19546.765137	-79.423477
19552.148438	-80.229568
19557.531738	-79.134270
19562.915039	-78.761223
19568.298340	-79.369759
19573.681641	-80.171432
19579.064941	-79.349068
19584.448242	-77.954620
19589.831543	-78.813477
19595.214844	-78.996269
19600.598145	-77.528244
19605.981445	-77.211525
19611.364746	-77.448654
19616.748047	-77.954582
19622.131348	-77.261917
19627.514648	-76.248489
19632.897949	-76.767113
19638.281250	-77.002045
19643.664551	-76.772011
19649.047852	-76.330719
19654.431152	-76.308655
19659.814453	-77.113541
19665.197754	-77.568497
19670.581055	-77.845154
19675.964355	-77.890137
19681.347656	-79.021515
19686.730957	-80.422340
19692.114258	-81.342690
19697.497559	-81.935616
19702.880859	-82.890503
19708.264160	-85.676811
19713.647461	-87.751152
19719.030762	-86.453072
19724.414062	-88.373413
19729.797363	-87.873360
19735.180664	-84.038795
19740.563965	-82.695007
19745.947266	-82.238403
19751.330566	-82.445580
19756.713867	-80.157318
19762.097168	-78.195847
19767.480469	-78.751556
19772.863770	-79.098694
19778.247070	-78.327904
19783.630371	-77.369331
19789.013672	-77.064285
19794.396973	-78.073219
19799.780273	-78.129509
19805.163574	-77.669998
19810.546875	-77.636032
19815.930176	-78.725266
19821.313477	-80.330070
19826.696777	-80.211479
19832.080078	-80.400650
19837.463379	-81.626869
19842.846680	-84.180107
19848.229980	-85.769638
19853.613281	-85.237976
19858.996582	-87.309067
19864.379883	-92.786621
19869.763184	-94.620796
19875.146484	-92.958755
19880.529785	-93.663406
19885.913086	-98.111946
19891.296387	-90.636101
19896.679688	-89.324730
19902.062988	-91.697609
19907.446289	-93.126953
19912.829590	-88.942497
19918.212891	-87.473877
19923.596191	-89.709587
19928.979492	-93.391808
19934.362793	-89.696129
19939.746094	-88.326149
19945.129395	-91.240883
19950.512695	-94.671501
19955.895996	-89.451546
19961.279297	-87.379776
19966.662598	-89.840492
19972.045898	-90.543030
19977.429199	-85.548378
19982.812500	-84.014099
19988.195801	-85.538933
19993.579102	-85.448441
19998.962402	-83.165436
20004.345703	-81.804306
20009.729004	-82.820938
20015.112305	-84.408089
20020.495605	-82.360466
20025.878906	-80.745918
20031.262207	-80.890800
20036.645508	-82.006645
20042.028809	-81.712837
20047.412109	-80.156464
20052.795410	-79.942703
20058.178711	-81.889420
20063.562012	-82.245598
20068.945312	-80.581116
20074.328613	-80.337540
20079.711914	-81.367798
20085.095215	-82.834671
20090.478516	-81.457993
20095.861816	-80.133202
20101.245117	-80.947105
20106.628418	-82.668488
20112.011719	-82.510948
20117.395020	-81.812431
20122.778320	-82.469963
20128.161621	-86.140236
20133.544922	-88.094292
20138.928223	-87.083794
20144.311523	-87.479767
20149.694824	-91.046944
20155.078125	-98.002396
20160.461426	-102.658081
20165.844727	-99.349350
20171.228027	-91.777977
20176.611328	-89.020882
20181.994629	-88.006065
20187.377930	-88.771431
20192.761230	-87.116432
20198.144531	-83.958878
20203.527832	-83.222908
20208.911133	-83.887459
20214.294434	-84.307777
20219.677734	-83.457146
20225.061035	-82.303162
20230.444336	-82.747360
20235.827637	-84.134499
20241.210938	-83.887947
20246.594238	-83.661285
20251.977539	-83.931580
20257.360840	-86.167366
20262.744141	-89.122025
20268.127441	-89.141815
20273.510742	-89.571075
20278.894043	-92.035095
20284.277344	-92.230835
20289.660645	-89.803932
20295.043945	-88.301270
20300.427246	-87.942497
20305.810547	-86.925331
20311.193848	-85.112083
20316.577148	-84.322495
20321.960449	-83.785393
20327.343750	-82.733780
20332.727051	-81.548615
20338.110352	-81.321472
20343.493652	-81.015015
20348.876953	-80.800217
20354.260254	-80.511314
20359.643555	-80.379089
20365.026855	-81.122810
20370.410156	-81.010796
20375.793457	-80.748840
20381.176758	-81.542450
20386.560059	-81.819984
20391.943359	-81.227081
20397.326660	-80.891685
20402.709961	-81.237976
20408.093262	-81.797867
20413.476562	-79.937134
20418.859863	-79.254478
20424.243164	-79.922348
20429.626465	-79.502899
20435.009766	-78.407646
20440.393066	-77.745911
20445.776367	-77.951385
20451.159668	-78.264069
20456.542969	-77.104935
20461.926270	-76.740158
20467.309570	-77.331085
20472.692871	-77.992485
20478.076172	-77.922096
20483.459473	-77.506798
20488.842773	-78.169075
20494.226074	-79.342819
20499.609375	-79.761513
20504.992676	-79.402214
20510.375977	-79.999374
20515.759277	-81.569664
20521.142578	-83.398193
20526.525879	-83.106445
20531.909180	-83.371880
20537.292480	-86.351021
20542.675781	-89.355881
20548.059082	-87.879898
20553.442383	-86.910324
20558.825684	-87.319237
20564.208984	-87.358002
20569.592285	-85.327789
20574.975586	-83.338318
20580.358887	-83.513680
20585.742188	-83.062370
20591.125488	-81.299156
20596.508789	-80.606514
20601.892090	-80.420006
20607.275391	-81.221954
20612.658691	-80.879387
20618.041992	-79.464767
20623.425293	-79.613640
20628.808594	-80.320435
20634.191895	-80.819969
20639.575195	-80.021019
20644.958496	-79.307556
20650.341797	-80.261086
20655.725098	-81.137024
20661.108398	-79.912895
20666.491699	-79.457573
20671.875000	-80.378395
20677.258301	-81.566887
20682.641602	-80.821251
20688.024902	-79.455437
20693.408203	-79.922241
20698.791504	-80.910004
20704.174805	-80.216827
20709.558105	-79.193443
20714.941406	-79.464195
20720.324707	-80.368958
20725.708008	-80.208755
20731.091309	-79.183945
20736.474609	-78.598801
20741.857910	-79.316948
20747.241211	-79.575333
20752.624512	-78.820763
20758.007812	-77.972374
20763.391113	-78.118500
20768.774414	-79.311378
20774.157715	-78.795944
20779.541016	-77.882607
20784.924316	-78.118401
20790.307617	-78.871513
20795.690918	-79.407951
20801.074219	-78.160080
20806.457520	-77.626060
20811.840820	-78.486038
20817.224121	-79.339043
20822.607422	-79.131813
20827.990723	-78.706657
20833.374023	-79.657730
20838.757324	-81.510208
20844.140625	-81.535637
20849.523926	-80.840149
20854.907227	-82.104546
20860.290527	-84.462952
20865.673828	-84.371597
20871.057129	-83.262787
20876.440430	-83.489372
20881.823730	-85.120743
20887.207031	-84.510223
20892.590332	-82.186073
20897.973633	-81.704056
20903.356934	-81.775803
20908.740234	-80.628761
20914.123535	-79.491447
20919.506836	-78.288422
20924.890137	-78.073479
20930.273438	-77.841469
20935.656738	-77.043175
20941.040039	-76.717255
20946.423340	-76.318520
20951.806641	-76.331528
20957.189941	-76.162712
20962.573242	-75.638641
20967.956543	-75.749374
20973.339844	-75.714653
20978.723145	-76.015060
20984.106445	-76.055496
20989.489746	-75.873932
20994.873047	-76.417953
21000.256348	-76.924019
21005.639648	-77.281738
21011.022949	-77.612732
21016.406250	-78.006058
21021.789551	-78.673386
21027.172852	-79.262871
21032.556152	-79.606598
21037.939453	-79.865623
21043.322754	-80.138031
21048.706055	-80.471260
21054.089355	-80.595863
21059.472656	-80.427475
21064.855957	-79.596130
21070.239258	-79.385948
21075.622559	-79.320061
21081.005859	-78.772758
21086.389160	-78.076309
21091.772461	-77.582970
21097.155762	-78.163551
21102.539062	-78.118156
21107.922363	-77.351852
21113.305664	-77.293488
21118.688965	-77.613525
21124.072266	-78.427490
21129.455566	-78.417862
21134.838867	-77.972984
21140.222168	-78.821136
21145.605469	-79.974319
21150.988770	-80.955612
21156.372070	-80.737740
21161.755371	-81.035767
21167.138672	-83.489807
21172.521973	-84.860573
21177.905273	-83.725006
21183.288574	-83.637230
21188.671875	-84.812904
21194.055176	-83.704842
21199.438477	-81.570946
21204.821777	-80.393677
21210.205078	-80.504921
21215.588379	-79.825607
21220.971680	-78.089172
21226.354980	-77.047516
21231.738281	-77.173561
21237.121582	-77.046158
21242.504883	-76.121567
21247.888184	-75.179741
21253.271484	-75.179764
21258.654785	-75.758278
21264.038086	-75.271614
21269.421387	-74.634575
21274.804688	-74.767624
21280.187988	-75.422523
21285.571289	-75.775932
21290.954590	-75.292694
21296.337891	-75.443230
21301.721191	-76.406174
21307.104492	-77.221840
21312.487793	-77.545616
21317.871094	-77.347305
21323.254395	-78.529373
21328.637695	-80.370369
21334.020996	-81.010300
21339.404297	-81.227196
21344.787598	-82.167824
21350.170898	-84.500397
21355.554199	-86.608833
21360.937500	-85.253738
21366.320801	-85.385788
21371.704102	-86.657181
21377.087402	-84.402702
21382.470703	-82.171326
21387.854004	-81.516167
21393.237305	-81.443306
21398.620605	-80.479446
21404.003906	-79.104012
21409.387207	-78.262131
21414.770508	-78.297356
21420.153809	-77.889648
21425.537109	-77.097076
21430.920410	-76.690117
21436.303711	-76.643280
21441.687012	-76.856163
21447.070312	-76.879639
21452.453613	-76.527641
21457.836914	-76.807220
21463.220215	-77.266258
21468.603516	-77.777901
21473.986816	-78.129265
21479.370117	-78.175400
21484.753418	-79.233589
21490.136719	-80.334389
21495.520020	-80.931931
21500.903320	-81.671867
21506.286621	-82.418663
21511.669922	-84.474396
21517.053223	-85.954933
21522.436523	-85.804443
21527.819824	-87.275810
21533.203125	-87.882950
21538.586426	-86.444962
21543.969727	-85.536545
21549.353027	-84.673935
21554.736328	-84.169579
21560.119629	-83.789444
21565.502930	-82.537880
21570.886230	-81.767921
21576.269531	-81.400925
21581.652832	-81.214767
21587.036133	-81.241730
21592.419434	-80.922318
21597.802734	-80.688431
21603.186035	-80.738487
21608.569336	-80.908218
21613.952637	-81.395447
21619.335938	-81.046211
21624.719238	-80.815369
21630.102539	-81.383430
21635.485840	-81.752472
21640.869141	-82.114975
21646.252441	-81.455055
21651.635742	-81.267731
21657.019043	-81.785263
21662.402344	-81.950356
21667.785645	-82.089684
21673.168945	-81.599365
21678.552246	-81.410454
21683.935547	-81.838112
21689.318848	-82.205696
21694.702148	-82.090248
21700.085449	-81.769829
21705.468750	-82.235626
21710.852051	-83.519585
21716.235352	-84.228226
21721.618652	-84.287041
21727.001953	-84.603348
21732.385254	-85.475365
21737.768555	-87.192390
21743.151855	-86.736969
21748.535156	-86.215782
21753.918457	-86.861580
21759.301758	-86.380150
21764.685059	-84.701591
21770.068359	-83.332291
21775.451660	-82.575470
21780.834961	-82.449402
21786.218262	-81.565338
21791.601562	-80.059822
21796.984863	-79.736038
21802.368164	-79.693619
21807.751465	-79.358185
21813.134766	-78.738602
21818.518066	-78.251099
21823.901367	-78.534180
21829.284668	-78.789864
21834.667969	-78.595032
21840.051270	-78.402023
21845.434570	-78.454536
21850.817871	-79.269501
21856.201172	-79.583191
21861.584473	-79.008003
21866.967773	-79.251404
21872.351074	-79.766319
21877.734375	-79.807495
21883.117676	-79.055511
21888.500977	-78.706848
21893.884277	-78.841156
21899.267578	-78.776245
21904.650879	-77.890274
21910.034180	-77.175278
21915.417480	-76.986191
21920.800781	-76.714554
21926.184082	-76.271538
21931.567383	-75.659943
21936.950684	-75.529205
21942.333984	-75.632942
21947.717285	-75.418930
21953.100586	-75.142685
21958.483887	-74.990112
21963.867188	-75.137276
21969.250488	-75.515816
21974.633789	-75.370453
21980.017090	-75.511856
21985.400391	-75.954514
21990.783691	-76.523300
21996.166992	-77.093552
22001.550293	-77.277817
22006.933594	-77.957344
22012.316895	-79.190994
22017.700195	-80.079926
22023.083496	-80.688583
22028.466797	-81.413185
22033.850098	-82.910202
22039.233398	-84.560867
22044.616699	-85.079483
