Frequency (Hz)	Level (dB)
5.383301	-34.878716
10.766602	-32.041138
16.149902	-30.465055
21.533203	-29.244970
26.916504	-28.000378
32.299805	-26.760254
37.683105	-25.627974
43.066406	-24.801777
48.449707	-24.978380
53.833008	-25.469168
59.216309	-26.225393
64.599609	-27.252937
69.982910	-28.368261
75.366211	-29.335693
80.749512	-30.452124
86.132812	-31.655851
91.516113	-33.019741
96.899414	-34.745819
102.282715	-36.474304
107.666016	-37.493629
113.049316	-35.869450
118.432617	-34.407475
123.815918	-34.322681
129.199219	-35.721310
134.582520	-37.361927
139.965820	-36.873371
145.349121	-35.126923
150.732422	-34.979744
156.115723	-39.170456
161.499023	-35.275558
166.882324	-26.905695
172.265625	-25.875370
177.648926	-29.042471
183.032227	-32.578381
188.415527	-35.453472
193.798828	-39.787807
199.182129	-46.641064
204.565430	-42.107639
209.948730	-36.840622
215.332031	-30.783916
220.715332	-19.880596
226.098633	-13.912918
231.481934	-15.922682
236.865234	-21.968584
242.248535	-26.352654
247.631836	-28.393103
253.015137	-29.242323
258.398438	-30.981035
263.781738	-32.562824
269.165039	-31.630547
274.548340	-27.798809
279.931641	-23.816759
285.314941	-20.201834
290.698242	-17.999485
296.081543	-18.066740
301.464844	-20.475054
306.848145	-25.679539
312.231445	-34.807434
317.614746	-44.121208
322.998047	-36.262676
328.381348	-32.037750
333.764648	-29.781393
339.147949	-29.096325
344.531250	-28.783922
349.914551	-28.526459
355.297852	-28.891867
360.681152	-32.599472
366.064453	-42.362270
371.447754	-36.563931
376.831055	-34.577694
382.214355	-34.265747
387.597656	-33.746761
392.980957	-33.267876
398.364258	-34.767509
403.747559	-38.324436
409.130859	-41.868816
414.514160	-48.633728
419.897461	-41.854042
425.280762	-35.743958
430.664062	-32.077137
436.047363	-29.582880
441.430664	-26.617859
446.813965	-22.158840
452.197266	-16.591051
457.580566	-14.047946
462.963867	-16.998661
468.347168	-24.962189
473.730469	-30.283644
479.113770	-28.002640
484.497070	-29.715279
489.880371	-32.567207
495.263672	-32.347992
500.646973	-30.793036
506.030273	-28.769085
511.413574	-25.714178
516.796875	-24.390232
522.180176	-26.054737
527.563477	-30.289858
532.946777	-33.920425
538.330078	-34.968155
543.713379	-32.799107
549.096680	-32.697315
554.479980	-32.764965
559.863281	-28.543036
565.246582	-24.871109
570.629883	-23.683054
576.013184	-23.288855
581.396484	-24.280775
586.779785	-26.904661
592.163086	-31.816942
597.546387	-40.311237
602.929688	-42.941242
608.312988	-34.558735
613.696289	-35.330135
619.079590	-36.151287
624.462891	-32.741802
629.846191	-33.489483
635.229492	-34.544189
640.612793	-36.444260
645.996094	-36.727787
651.379395	-36.986397
656.762695	-42.834106
662.145996	-39.819698
667.529297	-38.248863
672.912598	-35.328236
678.295898	-31.815201
683.679199	-30.567984
689.062500	-31.034212
694.445801	-32.148758
699.829102	-34.713882
705.212402	-38.404350
710.595703	-42.061855
715.979004	-42.248436
721.362305	-37.315388
726.745605	-34.091167
732.128906	-32.560879
737.512207	-30.499912
742.895508	-29.307558
748.278809	-29.749037
753.662109	-27.090067
759.045410	-25.001314
764.428711	-25.712109
769.812012	-29.541946
775.195312	-31.454502
780.578613	-23.416534
785.961914	-18.930838
791.345215	-16.844995
796.728516	-17.926434
802.111816	-22.659105
807.495117	-31.907478
812.878418	-37.796192
818.261719	-36.437740
823.645020	-41.225044
829.028320	-35.946030
834.411621	-31.538275
839.794922	-32.376560
845.178223	-29.245050
850.561523	-25.296864
855.944824	-25.425877
861.328125	-28.020395
866.711426	-30.358450
872.094727	-38.314419
877.478027	-36.196327
882.861328	-32.125645
888.244629	-30.628635
893.627930	-28.628384
899.011230	-28.693619
904.394531	-32.366516
909.777832	-40.768181
915.161133	-40.739941
920.544434	-36.869137
925.927734	-37.297264
931.311035	-42.384800
936.694336	-47.106354
942.077637	-39.638302
947.460938	-35.955498
952.844238	-34.998085
958.227539	-37.945610
963.610840	-43.086510
968.994141	-37.295708
974.377441	-30.513515
979.760742	-23.952820
985.144043	-19.481003
990.527344	-17.443470
995.910645	-18.208235
1001.293945	-21.253044
1006.677246	-25.784311
1012.060547	-32.622372
1017.443848	-42.807652
1022.827148	-48.934620
1028.210449	-45.872463
1033.593750	-42.884892
1038.977051	-42.689644
1044.360352	-45.396591
1049.743652	-50.400375
1055.126953	-56.838608
1060.510254	-57.323215
1065.893555	-53.608589
1071.276855	-48.109154
1076.660156	-44.933521
1082.043457	-43.666958
1087.426758	-44.173336
1092.810059	-43.251213
1098.193359	-41.436066
1103.576660	-38.834805
1108.959961	-38.017902
1114.343262	-39.877548
1119.726562	-44.521935
1125.109863	-52.708794
1130.493164	-47.346859
1135.876465	-42.521919
1141.259766	-40.063396
1146.643066	-37.852669
1152.026367	-36.482227
1157.409668	-35.860935
1162.792969	-36.282497
1168.176270	-38.088120
1173.559570	-40.630077
1178.942871	-43.568493
1184.326172	-39.281918
1189.709473	-34.451149
1195.092773	-32.560741
1200.476074	-31.753405
1205.859375	-31.281204
1211.242676	-31.181669
1216.625977	-32.141132
1222.009277	-31.677277
1227.392578	-29.800669
1232.775879	-31.629131
1238.159180	-35.217503
1243.542480	-35.613209
1248.925781	-36.677956
1254.309082	-39.201611
1259.692383	-44.526676
1265.075684	-49.305733
1270.458984	-47.431320
1275.842285	-51.456650
1281.225586	-43.838070
1286.608887	-39.497215
1291.992188	-39.546341
1297.375488	-40.844536
1302.758789	-43.053356
1308.142090	-43.832535
1313.525391	-40.167828
1318.908691	-37.013050
1324.291992	-35.205505
1329.675293	-34.336548
1335.058594	-34.108608
1340.441895	-34.468098
1345.825195	-35.479595
1351.208496	-36.848106
1356.591797	-37.979992
1361.975098	-37.723835
1367.358398	-36.662876
1372.741699	-36.641804
1378.125000	-37.184654
1383.508301	-38.197678
1388.891602	-39.658451
1394.274902	-40.820980
1399.658203	-41.647671
1405.041504	-42.744015
1410.424805	-44.459641
1415.808105	-45.537487
1421.191406	-45.543571
1426.574707	-45.417873
1431.958008	-44.827850
1437.341309	-44.654610
1442.724609	-45.996353
1448.107910	-47.966892
1453.491211	-48.214329
1458.874512	-44.733082
1464.257812	-40.765282
1469.641113	-38.407917
1475.024414	-36.888351
1480.407715	-35.888756
1485.791016	-34.997562
1491.174316	-34.449352
1496.557617	-34.153576
1501.940918	-33.873093
1507.324219	-33.471165
1512.707520	-33.582985
1518.090820	-34.226749
1523.474121	-35.442413
1528.857422	-36.670628
1534.240723	-37.391483
1539.624023	-38.284950
1545.007324	-39.329010
1550.390625	-40.333725
1555.773926	-40.962360
1561.157227	-41.294094
1566.540527	-41.435749
1571.923828	-41.374454
1577.307129	-42.010727
1582.690430	-43.779606
1588.073730	-45.933125
1593.457031	-48.119167
1598.840332	-47.558010
1604.223633	-45.005272
1609.606934	-42.793804
1614.990234	-41.806957
1620.373535	-41.799004
1625.756836	-42.697983
1631.140137	-44.186798
1636.523438	-47.279224
1641.906738	-54.756149
1647.290039	-57.118233
1652.673340	-54.841656
1658.056641	-51.875359
1663.439941	-47.714588
1668.823242	-45.327084
1674.206543	-43.978310
1679.589844	-43.075771
1684.973145	-42.617310
1690.356445	-42.409851
1695.739746	-42.039902
1701.123047	-41.420307
1706.506348	-41.517166
1711.889648	-42.040939
1717.272949	-42.783768
1722.656250	-43.866543
1728.039551	-46.902096
1733.422852	-51.791584
1738.806152	-47.801529
1744.189453	-42.102158
1749.572754	-39.142399
1754.956055	-37.882370
1760.339355	-37.506031
1765.722656	-37.577374
1771.105957	-37.815613
1776.489258	-38.405396
1781.872559	-39.641518
1787.255859	-41.819122
1792.639160	-44.653873
1798.022461	-48.951805
1803.405762	-54.458893
1808.789062	-59.527302
1814.172363	-61.319675
1819.555664	-55.112068
1824.938965	-50.284904
1830.322266	-45.906460
1835.705566	-43.547909
1841.088867	-42.259525
1846.472168	-40.996513
1851.855469	-40.206322
1857.238770	-39.438038
1862.622070	-38.780689
1868.005371	-39.391132
1873.388672	-40.541389
1878.771973	-42.089409
1884.155273	-45.593842
1889.538574	-45.540604
1894.921875	-41.098091
1900.305176	-37.901234
1905.688477	-36.177311
1911.071777	-35.558712
1916.455078	-35.831524
1921.838379	-35.794285
1927.221680	-35.752361
1932.604980	-36.183308
1937.988281	-36.541473
1943.371582	-37.670761
1948.754883	-38.452240
1954.138184	-39.135406
1959.521484	-39.006001
1964.904785	-38.841434
1970.288086	-38.879261
1975.671387	-38.244270
1981.054688	-37.843220
1986.437988	-38.652954
1991.821289	-41.463524
1997.204590	-47.827644
2002.587891	-42.109585
2007.971191	-37.210892
2013.354492	-34.425789
2018.737793	-33.255577
2024.121094	-34.006977
2029.504395	-35.700958
2034.887695	-37.416672
2040.270996	-39.218914
2045.654297	-41.443253
2051.037598	-40.364189
2056.420898	-38.433258
2061.804199	-38.044800
2067.187500	-38.790516
2072.570801	-41.493000
2077.954102	-42.987949
2083.337402	-39.636196
2088.720703	-37.440792
2094.104004	-36.507618
2099.487305	-36.208714
2104.870605	-35.360096
2110.253906	-35.527706
2115.637207	-35.934826
2121.020508	-35.074024
2126.403809	-35.909630
2131.787109	-36.469212
2137.170410	-35.387821
2142.553711	-36.509396
2147.937012	-40.425339
2153.320312	-43.867382
2158.703613	-41.282543
2164.086914	-39.286343
2169.470215	-38.203823
2174.853516	-39.673347
2180.236816	-42.405247
2185.620117	-41.908550
2191.003418	-38.918816
2196.386719	-35.717567
2201.770020	-34.754776
2207.153320	-35.295940
2212.536621	-36.783035
2217.919922	-38.968006
2223.303223	-37.499245
2228.686523	-34.290932
2234.069824	-32.654732
2239.453125	-33.796150
2244.836426	-35.111961
2250.219727	-36.018261
2255.603027	-37.035217
2260.986328	-37.259167
2266.369629	-38.620026
2271.752930	-41.325729
2277.136230	-44.986179
2282.519531	-48.137844
2287.902832	-46.737015
2293.286133	-44.684410
2298.669434	-43.919254
2304.052734	-44.379524
2309.436035	-45.895569
2314.819336	-50.628063
2320.202637	-56.279221
2325.585938	-51.300838
2330.969238	-48.386391
2336.352539	-47.279812
2341.735840	-46.403492
2347.119141	-45.734028
2352.502441	-45.891361
2357.885742	-46.305874
2363.269043	-47.156498
2368.652344	-47.384457
2374.035645	-46.213207
2379.418945	-45.836281
2384.802246	-46.876457
2390.185547	-47.031116
2395.568848	-45.879040
2400.952148	-43.710674
2406.335449	-41.810062
2411.718750	-40.981277
2417.102051	-41.298904
2422.485352	-42.625530
2427.868652	-45.381634
2433.251953	-47.720783
2438.635254	-47.056816
2444.018555	-45.652058
2449.401855	-44.992912
2454.785156	-44.793694
2460.168457	-45.409290
2465.551758	-46.946171
2470.935059	-47.641178
2476.318359	-47.902122
2481.701660	-48.184029
2487.084961	-47.872543
2492.468262	-46.886135
2497.851562	-46.677319
2503.234863	-46.673725
2508.618164	-47.223804
2514.001465	-47.838860
2519.384766	-48.674412
2524.768066	-47.780579
2530.151367	-47.250629
2535.534668	-46.526546
2540.917969	-46.423584
2546.301270	-47.682312
2551.684570	-49.318245
2557.067871	-47.171459
2562.451172	-43.456791
2567.834473	-41.141144
2573.217773	-40.008163
2578.601074	-39.072289
2583.984375	-38.133595
2589.367676	-37.526772
2594.750977	-37.703308
2600.134277	-38.093460
2605.517578	-38.189259
2610.900879	-38.731377
2616.284180	-40.382465
2621.667480	-42.676998
2627.050781	-45.185333
2632.434082	-47.393616
2637.817383	-47.452621
2643.200684	-46.017635
2648.583984	-45.015709
2653.967285	-43.808338
2659.350586	-42.627502
2664.733887	-42.865269
2670.117188	-43.430794
2675.500488	-44.571236
2680.883789	-47.700108
2686.267090	-52.143536
2691.650391	-56.117550
2697.033691	-58.426090
2702.416992	-57.616310
2707.800293	-55.955612
2713.183594	-55.872055
2718.566895	-55.294033
2723.950195	-51.610195
2729.333496	-48.393909
2734.716797	-46.343056
2740.100098	-45.074272
2745.483398	-45.283829
2750.866699	-47.012154
2756.250000	-50.311069
2761.633301	-52.609547
2767.016602	-50.146690
2772.399902	-46.787544
2777.783203	-44.117874
2783.166504	-42.814655
2788.549805	-41.919830
2793.933105	-41.383923
2799.316406	-41.249454
2804.699707	-40.660973
2810.083008	-40.649414
2815.466309	-41.266869
2820.849609	-42.381828
2826.232910	-44.049118
2831.616211	-46.429356
2836.999512	-48.734695
2842.382812	-49.762142
2847.766113	-49.067257
2853.149414	-48.518215
2858.532715	-48.205711
2863.916016	-47.728344
2869.299316	-47.796497
2874.682617	-46.883747
2880.065918	-45.427311
2885.449219	-44.734505
2890.832520	-44.051720
2896.215820	-43.864998
2901.599121	-44.453987
2906.982422	-45.630924
2912.365723	-47.608028
2917.749023	-48.991840
2923.132324	-50.420727
2928.515625	-51.520084
2933.898926	-51.790520
2939.282227	-51.100151
2944.665527	-49.232136
2950.048828	-47.317680
2955.432129	-45.444214
2960.815430	-44.497196
2966.198730	-44.049236
2971.582031	-43.296631
2976.965332	-43.023148
2982.348633	-43.306988
2987.731934	-43.170261
2993.115234	-42.492592
2998.498535	-42.101887
3003.881836	-42.056759
3009.265137	-42.554050
3014.648438	-43.700562
3020.031738	-45.160805
3025.415039	-46.303402
3030.798340	-46.886387
3036.181641	-47.626255
3041.564941	-48.485943
3046.948242	-49.100494
3052.331543	-50.483719
3057.714844	-50.179916
3063.098145	-51.897064
3068.481445	-53.647133
3073.864746	-52.286007
3079.248047	-50.597965
3084.631348	-49.933708
3090.014648	-49.994923
3095.397949	-50.053047
3100.781250	-48.835018
3106.164551	-47.795650
3111.547852	-47.533085
3116.931152	-47.786461
3122.314453	-48.851234
3127.697754	-50.339462
3133.081055	-52.715118
3138.464355	-56.153522
3143.847656	-56.475498
3149.230957	-55.734814
3154.614258	-53.654884
3159.997559	-51.777359
3165.380859	-51.490353
3170.764160	-53.158733
3176.147461	-56.122414
3181.530762	-59.756474
3186.914062	-57.481163
3192.297363	-52.621704
3197.680664	-48.878376
3203.063965	-46.490993
3208.447266	-44.105350
3213.830566	-42.144024
3219.213867	-41.439640
3224.597168	-41.616566
3229.980469	-42.775879
3235.363770	-43.020805
3240.747070	-43.954269
3246.130371	-44.998936
3251.513672	-46.166378
3256.896973	-48.054596
3262.280273	-51.198143
3267.663574	-53.002563
3273.046875	-53.639412
3278.430176	-55.645470
3283.813477	-57.897438
3289.196777	-57.552753
3294.580078	-54.601833
3299.963379	-52.144176
3305.346680	-49.756618
3310.729980	-47.692169
3316.113281	-46.465572
3321.496582	-45.982494
3326.879883	-46.082245
3332.263184	-46.873955
3337.646484	-48.796131
3343.029785	-51.960354
3348.413086	-55.280155
3353.796387	-52.676495
3359.179688	-49.388691
3364.562988	-47.383350
3369.946289	-46.759426
3375.329590	-47.003254
3380.712891	-47.877502
3386.096191	-48.416626
3391.479492	-48.302597
3396.862793	-47.905235
3402.246094	-49.016212
3407.629395	-51.791096
3413.012695	-57.566513
3418.395996	-62.186226
3423.779297	-55.260422
3429.162598	-51.001175
3434.545898	-49.389015
3439.929199	-48.961666
3445.312500	-48.974304
3450.695801	-50.003937
3456.079102	-51.871975
3461.462402	-53.701195
3466.845703	-53.300053
3472.229004	-51.667397
3477.612305	-50.424320
3482.995605	-49.792439
3488.378906	-49.696632
3493.762207	-49.204243
3499.145508	-48.204670
3504.528809	-47.069382
3509.912109	-46.221462
3515.295410	-45.643696
3520.678711	-46.376106
3526.062012	-48.034119
3531.445312	-52.113728
3536.828613	-55.557178
3542.211914	-54.085197
3547.595215	-53.759659
3552.978516	-54.637268
3558.361816	-58.653831
3563.745117	-56.760269
3569.128418	-51.461643
3574.511719	-48.412369
3579.895020	-46.747017
3585.278320	-46.279064
3590.661621	-48.035126
3596.044922	-49.102921
3601.428223	-47.284386
3606.811523	-45.586971
3612.194824	-44.979198
3617.578125	-44.497837
3622.961426	-44.226322
3628.344727	-44.421852
3633.728027	-45.731030
3639.111328	-47.012447
3644.494629	-48.909840
3649.877930	-49.085045
3655.261230	-47.807537
3660.644531	-46.983768
3666.027832	-46.519859
3671.411133	-47.014584
3676.794434	-47.157936
3682.177734	-46.672493
3687.561035	-46.173466
3692.944336	-46.183502
3698.327637	-46.715851
3703.710938	-47.417580
3709.094238	-47.592197
3714.477539	-48.019016
3719.860840	-47.938774
3725.244141	-47.722107
3730.627441	-48.142925
3736.010742	-49.185009
3741.394043	-50.749416
3746.777344	-52.281796
3752.160645	-53.274929
3757.543945	-52.546593
3762.927246	-53.502247
3768.310547	-56.459671
3773.693848	-61.126816
3779.077148	-61.600353
3784.460449	-54.898197
3789.843750	-51.861469
3795.227051	-50.488506
3800.610352	-49.736004
3805.993652	-49.916656
3811.376953	-50.938618
3816.760254	-52.435646
3822.143555	-54.201305
3827.526855	-55.750313
3832.910156	-57.641117
3838.293457	-58.112885
3843.676758	-56.254528
3849.060059	-57.284630
3854.443359	-61.256950
3859.826660	-59.264771
3865.209961	-54.619633
3870.593262	-52.733891
3875.976562	-51.552975
3881.359863	-50.668617
3886.743164	-50.826557
3892.126465	-51.652225
3897.509766	-50.332928
3902.893066	-49.482025
3908.276367	-49.977249
3913.659668	-51.387440
3919.042969	-53.781338
3924.426270	-57.190052
3929.809570	-62.629734
3935.192871	-61.926235
3940.576172	-59.675610
3945.959473	-56.225636
3951.342773	-54.212337
3956.726074	-53.692318
3962.109375	-53.740467
3967.492676	-52.371262
3972.875977	-49.955002
3978.259277	-47.690845
3983.642578	-46.914761
3989.025879	-46.850941
3994.409180	-46.052563
3999.792480	-44.771465
4005.175781	-44.433144
4010.559082	-45.094105
4015.942383	-45.780128
4021.325684	-46.536335
4026.708984	-45.884285
4032.092285	-45.094559
4037.475586	-44.709454
4042.858887	-45.248848
4048.242188	-46.506401
4053.625488	-46.844009
4059.008789	-46.630665
4064.392090	-47.095268
4069.775391	-48.470814
4075.158691	-48.509636
4080.541992	-49.165852
4085.925293	-51.936626
4091.308594	-53.736343
4096.691895	-53.266331
4102.075195	-53.639824
4107.458496	-48.493755
4112.841797	-46.578751
4118.225098	-46.698208
4123.608398	-45.764530
4128.991699	-45.401043
4134.375000	-47.446243
4139.758301	-49.935345
4145.141602	-51.529716
4150.524902	-53.051640
4155.908203	-50.397083
4161.291504	-48.701889
4166.674805	-47.735401
4172.058105	-47.548923
4177.441406	-46.386044
4182.824707	-46.432011
4188.208008	-46.790466
4193.591309	-46.093975
4198.974609	-46.144161
4204.357910	-46.803596
4209.741211	-48.968063
4215.124512	-50.554443
4220.507812	-51.823326
4225.891113	-53.693546
4231.274414	-54.642658
4236.657715	-55.851784
4242.041016	-58.249928
4247.424316	-56.392395
4252.807617	-52.887745
4258.190918	-49.213505
4263.574219	-47.492062
4268.957520	-46.922947
4274.340820	-46.260632
4279.724121	-46.174469
4285.107422	-45.132595
4290.490723	-44.403534
4295.874023	-46.194706
4301.257324	-47.002674
4306.640625	-45.485962
4312.023926	-44.711388
4317.407227	-45.392525
4322.790527	-47.609528
4328.173828	-49.491699
4333.557129	-49.892979
4338.940430	-48.671242
4344.323730	-48.174873
4349.707031	-48.182018
4355.090332	-48.520481
4360.473633	-50.721077
4365.856934	-54.809906
4371.240234	-59.373760
4376.623535	-59.521343
4382.006836	-55.895798
4387.390137	-54.957706
4392.773438	-56.140404
4398.156738	-55.587242
4403.540039	-57.116467
4408.923340	-61.791500
4414.306641	-66.808670
4419.689941	-63.974087
4425.073242	-69.326355
4430.456543	-67.396667
4435.839844	-57.007217
4441.223145	-53.421242
4446.606445	-51.722382
4451.989746	-49.445877
4457.373047	-47.982338
4462.756348	-46.263050
4468.139648	-46.357910
4473.522949	-46.641533
4478.906250	-46.241428
4484.289551	-47.142441
4489.672852	-51.007805
4495.056152	-54.165329
4500.439453	-54.495735
4505.822754	-56.064144
4511.206055	-57.901989
4516.589355	-52.786026
4521.972656	-51.671223
4527.355957	-51.135136
4532.739258	-51.303455
4538.122559	-50.683548
4543.505859	-48.484013
4548.889160	-47.024292
4554.272461	-46.302788
4559.655762	-46.603630
4565.039062	-46.726410
4570.422363	-46.696674
4575.805664	-46.892170
4581.188965	-47.501862
4586.572266	-48.184361
4591.955566	-49.010590
4597.338867	-50.532913
4602.722168	-52.661961
4608.105469	-53.625351
4613.488770	-56.978920
4618.872070	-60.932705
4624.255371	-64.923683
4629.638672	-66.672920
4635.021973	-61.521515
4640.405273	-60.468357
4645.788574	-61.871891
4651.171875	-61.456627
4656.555176	-60.169922
4661.938477	-57.415760
4667.321777	-55.850597
4672.705078	-55.722771
4678.088379	-54.695137
4683.471680	-55.878441
4688.854980	-54.843403
4694.238281	-55.003746
4699.621582	-54.954113
4705.004883	-51.133526
4710.388184	-49.561432
4715.771484	-49.684673
4721.154785	-48.651329
4726.538086	-47.963581
4731.921387	-49.047806
4737.304688	-50.261658
4742.687988	-51.248325
4748.071289	-52.421551
4753.454590	-53.189301
4758.837891	-55.238400
4764.221191	-56.962624
4769.604492	-56.288414
4774.987793	-55.980682
4780.371094	-55.021004
4785.754395	-52.307495
4791.137695	-50.942238
4796.520996	-51.033482
4801.904297	-51.831070
4807.287598	-52.234650
4812.670898	-52.825901
4818.054199	-53.122955
4823.437500	-52.650478
4828.820801	-52.359787
4834.204102	-52.913101
4839.587402	-53.085007
4844.970703	-54.242928
4850.354004	-58.416744
4855.737305	-62.994862
4861.120605	-64.118607
4866.503906	-64.407837
4871.887207	-63.042912
4877.270508	-61.499275
4882.653809	-59.327965
4888.037109	-55.746910
4893.420410	-54.382999
4898.803711	-53.907955
4904.187012	-54.863525
4909.570312	-55.384811
4914.953613	-55.912567
4920.336914	-55.372120
4925.720215	-53.879803
4931.103516	-53.971123
4936.486816	-54.025555
4941.870117	-54.610924
4947.253418	-55.689274
4952.636719	-57.073215
4958.020020	-56.697277
4963.403320	-56.629997
4968.786621	-55.940430
4974.169922	-55.659439
4979.553223	-56.088947
4984.936523	-56.386055
4990.319824	-56.075928
4995.703125	-56.049122
5001.086426	-56.537872
5006.469727	-57.444847
5011.853027	-55.531250
5017.236328	-55.573914
5022.619629	-55.050987
5028.002930	-53.740421
5033.386230	-52.816883
5038.769531	-51.417233
5044.152832	-50.771999
5049.536133	-51.075603
5054.919434	-51.342228
5060.302734	-51.961113
5065.686035	-52.808567
5071.069336	-53.626930
5076.452637	-54.630810
5081.835938	-55.350933
5087.219238	-55.503155
5092.602539	-55.526939
5097.985840	-56.439457
5103.369141	-55.809422
5108.752441	-55.647064
5114.135742	-56.897720
5119.519043	-58.748909
5124.902344	-62.113518
5130.285645	-64.953529
5135.668945	-62.908821
5141.052246	-62.681602
5146.435547	-63.443840
5151.818848	-61.084717
5157.202148	-57.824993
5162.585449	-54.435413
5167.968750	-52.558765
5173.352051	-51.262917
5178.735352	-51.182354
5184.118652	-51.152271
5189.501953	-51.404987
5194.885254	-51.937447
5200.268555	-52.590172
5205.651855	-55.053524
5211.035156	-56.801659
5216.418457	-57.341896
5221.801758	-58.556759
5227.185059	-59.831371
5232.568359	-60.863140
5237.951660	-59.136257
5243.334961	-60.468369
5248.718262	-59.688869
5254.101562	-60.225380
5259.484863	-62.887604
5264.868164	-64.518684
5270.251465	-60.251141
5275.634766	-57.066368
5281.018066	-56.850159
5286.401367	-57.079449
5291.784668	-56.504692
5297.167969	-57.801292
5302.551270	-61.316242
5307.934570	-63.681377
5313.317871	-62.372375
5318.701172	-60.185863
5324.084473	-57.593735
5329.467773	-53.441284
5334.851074	-50.742538
5340.234375	-49.847382
5345.617676	-49.115170
5351.000977	-48.123741
5356.384277	-47.727489
5361.767578	-47.944992
5367.150879	-48.070202
5372.534180	-48.467155
5377.917480	-48.547642
5383.300781	-48.283890
5388.684082	-48.547195
5394.067383	-48.449219
5399.450684	-47.452194
5404.833984	-45.639957
5410.217285	-45.403011
5415.600586	-45.604649
5420.983887	-44.855301
5426.367188	-44.984947
5431.750488	-45.412930
5437.133789	-45.566990
5442.517090	-46.168152
5447.900391	-46.757370
5453.283691	-46.847683
5458.666992	-47.995148
5464.050293	-48.670471
5469.433594	-49.223484
5474.816895	-50.744499
5480.200195	-51.391281
5485.583496	-49.571026
5490.966797	-49.570442
5496.350098	-49.090157
5501.733398	-48.425762
5507.116699	-49.419247
5512.500000	-48.960484
5517.883301	-47.368435
5523.266602	-46.483799
5528.649902	-45.657425
5534.033203	-45.084465
5539.416504	-44.968624
5544.799805	-45.114216
5550.183105	-45.896671
5555.566406	-47.386494
5560.949707	-48.942394
5566.333008	-51.135101
5571.716309	-54.249996
5577.099609	-59.335251
5582.482910	-66.337746
5587.866211	-62.003117
5593.249512	-57.092922
5598.632812	-53.980965
5604.016113	-52.667511
5609.399414	-52.653725
5614.782715	-52.391273
5620.166016	-51.971653
5625.549316	-51.857178
5630.932617	-51.480755
5636.315918	-50.937374
5641.699219	-51.875687
5647.082520	-52.122879
5652.465820	-51.136517
5657.849121	-50.643322
5663.232422	-50.049915
5668.615723	-49.179646
5673.999023	-49.517262
5679.382324	-49.955669
5684.765625	-50.128555
5690.148926	-50.976124
5695.532227	-51.079220
5700.915527	-50.136730
5706.298828	-49.585983
5711.682129	-49.745571
5717.065430	-49.572926
5722.448730	-47.836540
5727.832031	-47.823002
5733.215332	-48.910904
5738.598633	-48.654564
5743.981934	-49.341751
5749.365234	-50.325871
5754.748535	-50.593559
5760.131836	-51.683353
5765.515137	-52.028980
5770.898438	-50.191135
5776.281738	-49.390450
5781.665039	-50.761803
5787.048340	-52.427246
5792.431641	-53.934875
5797.814941	-54.138100
5803.198242	-51.686451
5808.581543	-50.418022
5813.964844	-50.512661
5819.348145	-49.927265
5824.731445	-50.122772
5830.114746	-50.926216
5835.498047	-52.617783
5840.881348	-54.151989
5846.264648	-53.052963
5851.647949	-52.292702
5857.031250	-52.229084
5862.414551	-52.380787
5867.797852	-53.523582
5873.181152	-54.973316
5878.564453	-54.420036
5883.947754	-54.284088
5889.331055	-53.827667
5894.714355	-53.015678
5900.097656	-52.729561
5905.480957	-52.617905
5910.864258	-52.695282
5916.247559	-53.166027
5921.630859	-54.999363
5927.014160	-56.895737
5932.397461	-56.466812
5937.780762	-54.579838
5943.164062	-53.703907
5948.547363	-54.116283
5953.930664	-55.656044
5959.313965	-56.894550
5964.697266	-57.385777
5970.080566	-57.608002
5975.463867	-58.083134
5980.847168	-58.651096
5986.230469	-59.528130
5991.613770	-60.018856
5996.997070	-61.681602
6002.380371	-66.162605
6007.763672	-67.251038
6013.146973	-60.105106
6018.530273	-55.403297
6023.913574	-54.106827
6029.296875	-53.229736
6034.680176	-52.078465
6040.063477	-52.111431
6045.446777	-53.679607
6050.830078	-54.968258
6056.213379	-55.736866
6061.596680	-56.369282
6066.979980	-56.544247
6072.363281	-55.394211
6077.746582	-55.511845
6083.129883	-56.889877
6088.513184	-55.860332
6093.896484	-53.341949
6099.279785	-50.865894
6104.663086	-49.264107
6110.046387	-48.389416
6115.429688	-48.056629
6120.812988	-48.136841
6126.196289	-48.086418
6131.579590	-48.028454
6136.962891	-47.801285
6142.346191	-47.417686
6147.729492	-47.487526
6153.112793	-48.055729
6158.496094	-49.022865
6163.879395	-49.663723
6169.262695	-49.755360
6174.645996	-49.438801
6180.029297	-48.491192
6185.412598	-48.193829
6190.795898	-47.872124
6196.179199	-47.694626
6201.562500	-48.105347
6206.945801	-48.788464
6212.329102	-49.467499
6217.712402	-49.878063
6223.095703	-49.746582
6228.479004	-49.535648
6233.862305	-49.564957
6239.245605	-50.212608
6244.628906	-50.550381
6250.012207	-50.947662
6255.395508	-52.485043
6260.778809	-54.226562
6266.162109	-55.049713
6271.545410	-54.431858
6276.928711	-52.338589
6282.312012	-50.550823
6287.695312	-49.932579
6293.078613	-49.690353
6298.461914	-50.086349
6303.845215	-51.004822
6309.228516	-51.423988
6314.611816	-50.952583
6319.995117	-50.406731
6325.378418	-49.910477
6330.761719	-49.677876
6336.145020	-49.900921
6341.528320	-50.479847
6346.911621	-51.378712
6352.294922	-52.557980
6357.678223	-54.412735
6363.061523	-55.910236
6368.444824	-55.709328
6373.828125	-55.740639
6379.211426	-55.890011
6384.594727	-55.461563
6389.978027	-54.801582
6395.361328	-53.888664
6400.744629	-53.165203
6406.127930	-52.746315
6411.511230	-52.581570
6416.894531	-52.709202
6422.277832	-52.611732
6427.661133	-51.938816
6433.044434	-51.010761
6438.427734	-50.042030
6443.811035	-49.330818
6449.194336	-48.955132
6454.577637	-48.782112
6459.960938	-48.969784
6465.344238	-49.629414
6470.727539	-50.809982
6476.110840	-52.477898
6481.494141	-53.214935
6486.877441	-52.680107
6492.260742	-51.650925
6497.644043	-51.153534
6503.027344	-51.681046
6508.410645	-52.129314
6513.793945	-52.659470
6519.177246	-52.746323
6524.560547	-52.564621
6529.943848	-53.132835
6535.327148	-54.212959
6540.710449	-54.609737
6546.093750	-53.531601
6551.477051	-52.266815
6556.860352	-51.338322
6562.243652	-51.031689
6567.626953	-50.974262
6573.010254	-50.743717
6578.393555	-50.257446
6583.776855	-49.465134
6589.160156	-48.851952
6594.543457	-48.477901
6599.926758	-48.588406
6605.310059	-48.860275
6610.693359	-49.067177
6616.076660	-49.702599
6621.459961	-50.574276
6626.843262	-51.630096
6632.226562	-52.772514
6637.609863	-54.216137
6642.993164	-55.909100
6648.376465	-58.509933
6653.759766	-61.252300
6659.143066	-61.439262
6664.526367	-59.150730
6669.909668	-57.000893
6675.292969	-56.218807
6680.676270	-56.632046
6686.059570	-58.114853
6691.442871	-61.231342
6696.826172	-65.126358
6702.209473	-69.352661
6707.592773	-70.753227
6712.976074	-67.493576
6718.359375	-63.532207
6723.742676	-60.780331
6729.125977	-59.312862
6734.509277	-58.116119
6739.892578	-57.934509
6745.275879	-57.610905
6750.659180	-56.627346
6756.042480	-56.502834
6761.425781	-57.235859
6766.809082	-58.470184
6772.192383	-60.599518
6777.575684	-63.954182
6782.958984	-68.835701
6788.342285	-68.863708
6793.725586	-63.986694
6799.108887	-60.400715
6804.492188	-58.177120
6809.875488	-57.089184
6815.258789	-56.268311
6820.642090	-56.152069
6826.025391	-56.177299
6831.408691	-55.904221
6836.791992	-56.100758
6842.175293	-57.023438
6847.558594	-58.708763
6852.941895	-61.218811
6858.325195	-62.880463
6863.708496	-61.754772
6869.091797	-60.575184
6874.475098	-60.387375
6879.858398	-60.032776
6885.241699	-58.628639
6890.625000	-56.547558
6896.008301	-54.952877
6901.391602	-54.043633
6906.774902	-53.594940
6912.158203	-53.561249
6917.541504	-53.431393
6922.924805	-53.373425
6928.308105	-53.488575
6933.691406	-53.680054
6939.074707	-54.199486
6944.458008	-54.662868
6949.841309	-55.144245
6955.224609	-55.392200
6960.607910	-55.523617
6965.991211	-55.989185
6971.374512	-56.976528
6976.757812	-57.383366
6982.141113	-57.595455
6987.524414	-57.729271
6992.907715	-57.959831
6998.291016	-58.651642
7003.674316	-59.297672
7009.057617	-59.676727
7014.440918	-60.217152
7019.824219	-60.847980
7025.207520	-62.998341
7030.590820	-66.201645
7035.974121	-67.589813
7041.357422	-66.579742
7046.740723	-66.734818
7052.124023	-66.355568
7057.507324	-65.439720
7062.890625	-64.456055
7068.273926	-62.357418
7073.657227	-60.947681
7079.040527	-60.670135
7084.423828	-61.641415
7089.807129	-63.766270
7095.190430	-66.809059
7100.573730	-69.210098
7105.957031	-70.195992
7111.340332	-69.620972
7116.723633	-67.997589
7122.106934	-66.805077
7127.490234	-65.610222
7132.873535	-63.432213
7138.256836	-61.628422
7143.640137	-59.900017
7149.023438	-59.382317
7154.406738	-59.988003
7159.790039	-60.698978
7165.173340	-60.714611
7170.556641	-60.285408
7175.939941	-58.857498
7181.323242	-57.395748
7186.706543	-56.493813
7192.089844	-56.248039
7197.473145	-56.205597
7202.856445	-56.082745
7208.239746	-55.921528
7213.623047	-55.670174
7219.006348	-55.767551
7224.389648	-56.330757
7229.772949	-56.441402
7235.156250	-56.887577
7240.539551	-57.920021
7245.922852	-59.229843
7251.306152	-61.407722
7256.689453	-64.270981
7262.072754	-66.185501
7267.456055	-66.402893
7272.839355	-65.117981
7278.222656	-64.323174
7283.605957	-66.418526
7288.989258	-69.498253
7294.372559	-69.693771
7299.755859	-68.240913
7305.139160	-66.889816
7310.522461	-65.601624
7315.905762	-64.533897
7321.289062	-63.212719
7326.672363	-61.633850
7332.055664	-59.685139
7337.438965	-58.046131
7342.822266	-57.112057
7348.205566	-56.866806
7353.588867	-57.121464
7358.972168	-57.452579
7364.355469	-57.260063
7369.738770	-56.554283
7375.122070	-55.775414
7380.505371	-55.163177
7385.888672	-54.399818
7391.271973	-53.762470
7396.655273	-53.130932
7402.038574	-52.669323
7407.421875	-52.998856
7412.805176	-53.896553
7418.188477	-55.156132
7423.571777	-56.128941
7428.955078	-56.626137
7434.338379	-56.514542
7439.721680	-56.472088
7445.104980	-56.994740
7450.488281	-57.642582
7455.871582	-58.101521
7461.254883	-57.714115
7466.638184	-57.163231
7472.021484	-57.159691
7477.404785	-57.667034
7482.788086	-58.613846
7488.171387	-59.977730
7493.554688	-62.166294
7498.937988	-64.408363
7504.321289	-66.313866
7509.704590	-68.324799
7515.087891	-70.262794
7520.471191	-70.205856
7525.854492	-67.609848
7531.237793	-64.926941
7536.621094	-62.957272
7542.004395	-61.522720
7547.387695	-60.607471
7552.770996	-60.097977
7558.154297	-59.951633
7563.537598	-59.562286
7568.920898	-58.655708
7574.304199	-57.573460
7579.687500	-56.619888
7585.070801	-56.098511
7590.454102	-56.278934
7595.837402	-57.175892
7601.220703	-58.503536
7606.604004	-59.607178
7611.987305	-59.483196
7617.370605	-58.877251
7622.753906	-59.073830
7628.137207	-60.381458
7633.520508	-63.314240
7638.903809	-69.100571
7644.287109	-71.441948
7649.670410	-65.271973
7655.053711	-62.113464
7660.437012	-60.942963
7665.820312	-60.543118
7671.203613	-60.386093
7676.586914	-60.210182
7681.970215	-59.990692
7687.353516	-59.615952
7692.736816	-58.936459
7698.120117	-58.319195
7703.503418	-57.980618
7708.886719	-57.689457
7714.270020	-57.259300
7719.653320	-56.764782
7725.036621	-56.332455
7730.419922	-56.125435
7735.803223	-56.089588
7741.186523	-56.314129
7746.569824	-56.461433
7751.953125	-55.920731
7757.336426	-54.950874
7762.719727	-54.248463
7768.103027	-54.099575
7773.486328	-54.436291
7778.869629	-55.168461
7784.252930	-56.070004
7789.636230	-57.157028
7795.019531	-58.271183
7800.402832	-59.309357
7805.786133	-59.841953
7811.169434	-59.079422
7816.552734	-57.409790
7821.936035	-55.879879
7827.319336	-54.960926
7832.702637	-54.697155
7838.085938	-54.900528
7843.469238	-55.469715
7848.852539	-56.217064
7854.235840	-57.063236
7859.619141	-57.892059
7865.002441	-58.420574
7870.385742	-58.712673
7875.769043	-58.945702
7881.152344	-59.381466
7886.535645	-60.108490
7891.918945	-61.778690
7897.302246	-64.489807
7902.685547	-65.972168
7908.068848	-63.833740
7913.452148	-61.272503
7918.835449	-59.530167
7924.218750	-58.680515
7929.602051	-58.594788
7934.985352	-59.160484
7940.368652	-60.292881
7945.751953	-61.669460
7951.135254	-62.710285
7956.518555	-63.423801
7961.901855	-64.190338
7967.285156	-64.724998
7972.668457	-64.961403
7978.051758	-64.975563
7983.435059	-64.219757
7988.818359	-63.125401
7994.201660	-62.463631
7999.584961	-62.325691
8004.968262	-62.669395
8010.351562	-63.798004
8015.734863	-65.114830
8021.118164	-66.068336
8026.501465	-65.803070
8031.884766	-64.436775
8037.268066	-63.101059
8042.651367	-62.309517
8048.034668	-62.340267
8053.417969	-63.450493
8058.801270	-65.045135
8064.184570	-65.680077
8069.567871	-64.655388
8074.951172	-63.272377
8080.334473	-62.204887
8085.717773	-61.648170
8091.101074	-61.368614
8096.484375	-61.034866
8101.867676	-60.186382
8107.250977	-59.049423
8112.634277	-58.018715
8118.017578	-57.376026
8123.400879	-57.217808
8128.784180	-57.396584
8134.167480	-57.911049
8139.550781	-58.515450
8144.934082	-58.509892
8150.317383	-57.737591
8155.700684	-56.951992
8161.083984	-56.468719
8166.467285	-56.403954
8171.850586	-56.809322
8177.233887	-57.593670
8182.617188	-58.581631
8188.000488	-59.373131
8193.383789	-59.462337
8198.767090	-59.042828
8204.150391	-58.782856
8209.533691	-58.548622
8214.916992	-58.168087
8220.300293	-58.069405
8225.683594	-58.559586
8231.066895	-59.569717
8236.450195	-61.081165
8241.833496	-62.908550
8247.216797	-64.016899
8252.600098	-63.972923
8257.983398	-63.584450
8263.366699	-63.477493
8268.750000	-64.478958
8274.133301	-66.700806
8279.516602	-69.931198
8284.899902	-72.568047
8290.283203	-72.973282
8295.666504	-72.469757
8301.049805	-72.540215
8306.433105	-74.100975
8311.816406	-74.293938
8317.199707	-71.331818
8322.583008	-68.110161
8327.966309	-65.257668
8333.349609	-63.326218
8338.732910	-62.292679
8344.116211	-61.609737
8349.499512	-61.147781
8354.882812	-60.750626
8360.266113	-60.425671
8365.649414	-60.163067
8371.032715	-59.812187
8376.416016	-59.498344
8381.799316	-59.600731
8387.182617	-60.146820
8392.565918	-61.155567
8397.949219	-62.316341
8403.332520	-62.696121
8408.715820	-62.131813
8414.099121	-61.294342
8419.482422	-60.449409
8424.865723	-60.225746
8430.249023	-60.860718
8435.632324	-62.349655
8441.015625	-64.483253
8446.398926	-66.025276
8451.782227	-65.272583
8457.165527	-63.761646
8462.548828	-62.688805
8467.932129	-62.099079
8473.315430	-62.214046
8478.698730	-63.110283
8484.082031	-64.428879
8489.465332	-66.111687
8494.848633	-67.786964
8500.231934	-69.402855
8505.615234	-71.651451
8510.998535	-73.440666
8516.381836	-74.149414
8521.765137	-73.348602
8527.148438	-71.430855
8532.531738	-70.075928
8537.915039	-69.076752
8543.298340	-68.518005
8548.681641	-68.232056
8554.064941	-68.050346
8559.448242	-68.769569
8564.831543	-70.379890
8570.214844	-72.616356
8575.598145	-74.424774
8580.981445	-74.703117
8586.364746	-74.603355
8591.748047	-75.365906
8597.131348	-75.425522
8602.514648	-74.046310
8607.897949	-72.455536
8613.281250	-71.191521
8618.664551	-70.554924
8624.047852	-70.605347
8629.431152	-71.559013
8634.814453	-75.108765
8640.197754	-81.431290
8645.581055	-76.752937
8650.964355	-71.519348
8656.347656	-69.154045
8661.730957	-68.247528
8667.114258	-68.217094
8672.497559	-69.032089
8677.880859	-70.426277
8683.264160	-72.834732
8688.647461	-76.083984
8694.030762	-80.068764
8699.414062	-77.741348
8704.797363	-72.880264
8710.180664	-70.098785
8715.563965	-69.000053
8720.947266	-69.914124
8726.330566	-72.935127
8731.713867	-74.988960
8737.097168	-71.423920
8742.480469	-68.357330
8747.863770	-66.740402
8753.247070	-66.345764
8758.630371	-67.008858
8764.013672	-68.033722
8769.396973	-68.175316
8774.780273	-66.278847
8780.163574	-63.970020
8785.546875	-62.512794
8790.930176	-61.722092
8796.313477	-61.391003
8801.696777	-61.722321
8807.080078	-62.586037
8812.463379	-64.050117
8817.846680	-65.812263
8823.229980	-66.559708
8828.613281	-65.251663
8833.996582	-63.356438
8839.379883	-61.909981
8844.763184	-61.060883
8850.146484	-60.948780
8855.529785	-61.373283
8860.913086	-62.495548
8866.296387	-63.958866
8871.679688	-65.060287
8877.062988	-65.970116
8882.446289	-67.062363
8887.829590	-67.660614
8893.212891	-66.985001
8898.596191	-65.686867
8903.979492	-64.656784
8909.362793	-64.268478
8914.746094	-64.396713
8920.129395	-64.423630
8925.512695	-64.044327
8930.895996	-63.152519
8936.279297	-62.241375
8941.662598	-61.670036
8947.045898	-61.589592
8952.429199	-61.558315
8957.812500	-61.212952
8963.195801	-61.052052
8968.579102	-61.264587
8973.962402	-61.839947
8979.345703	-62.671009
8984.729004	-63.405605
8990.112305	-63.855461
8995.495605	-64.259842
9000.878906	-64.678726
9006.262207	-64.907646
9011.645508	-64.181702
9017.028809	-62.618858
9022.412109	-61.020966
9027.795410	-60.069942
9033.178711	-59.972538
9038.562012	-60.500404
9043.945312	-61.356731
9049.328613	-62.013191
9054.711914	-62.165085
9060.095215	-62.140293
9065.478516	-62.203747
9070.861816	-62.418594
9076.245117	-63.020565
9081.628418	-63.859955
9087.011719	-64.465477
9092.395020	-64.861740
9097.778320	-65.436867
9103.161621	-66.780670
9108.544922	-69.212524
9113.928223	-70.405510
9119.311523	-68.034828
9124.694824	-65.431877
9130.078125	-63.724884
9135.461426	-62.559090
9140.844727	-62.097599
9146.228027	-62.027870
9151.611328	-61.981815
9156.994629	-61.803192
9162.377930	-61.352165
9167.761230	-60.865536
9173.144531	-60.633987
9178.527832	-60.487022
9183.911133	-60.397186
9189.294434	-60.702751
9194.677734	-61.454765
9200.061035	-62.317127
9205.444336	-62.889870
9210.827637	-62.957943
9216.210938	-62.803349
9221.594238	-62.855831
9226.977539	-63.159981
9232.360840	-63.755871
9237.744141	-64.728378
9243.127441	-65.720917
9248.510742	-66.469978
9253.894043	-67.684631
9259.277344	-69.769165
9264.660645	-72.852577
9270.043945	-75.726601
9275.427246	-74.817474
9280.810547	-72.467682
9286.193848	-69.643936
9291.577148	-67.354385
9296.960449	-65.994629
9302.343750	-65.168777
9307.727051	-65.202759
9313.110352	-66.270020
9318.493652	-68.183853
9323.876953	-70.440155
9329.260254	-71.241150
9334.643555	-70.561035
9340.026855	-70.622169
9345.410156	-71.491455
9350.793457	-72.455391
9356.176758	-73.484787
9361.560059	-75.954811
9366.943359	-80.504646
9372.326660	-80.657249
9377.709961	-74.914665
9383.093262	-72.335335
9388.476562	-71.663055
9393.859863	-73.202538
9399.243164	-77.336159
9404.626465	-77.049477
9410.009766	-72.004631
9415.393066	-69.491013
9420.776367	-69.136818
9426.159668	-70.510735
9431.542969	-73.372040
9436.926270	-75.846016
9442.309570	-74.058876
9447.692871	-72.077385
9453.076172	-71.419693
9458.459473	-71.959496
9463.842773	-73.586563
9469.226074	-74.372055
9474.609375	-73.390923
9479.992676	-72.950554
9485.375977	-74.234528
9490.759277	-77.551376
9496.142578	-81.568291
9501.525879	-79.008957
9506.909180	-75.639206
9512.292480	-73.942451
9517.675781	-73.284058
9523.059082	-73.076103
9528.442383	-74.276390
9533.825684	-76.751488
9539.208984	-81.217514
9544.592285	-87.307358
9549.975586	-79.333717
9555.358887	-73.854813
9560.742188	-70.365654
9566.125488	-68.247635
9571.508789	-66.879196
9576.892090	-65.981468
9582.275391	-64.845741
9587.658691	-63.241493
9593.041992	-61.756424
9598.425293	-60.698116
9603.808594	-60.103611
9609.191895	-60.143608
9614.575195	-60.699844
9619.958496	-61.778999
9625.341797	-63.176785
9630.725098	-64.148338
9636.108398	-64.445526
9641.491699	-64.499931
9646.875000	-64.369843
9652.258301	-64.031975
9657.641602	-63.835621
9663.024902	-64.111557
9668.408203	-65.184738
9673.791504	-66.917786
9679.174805	-67.633522
9684.558105	-66.624023
9689.941406	-64.996758
9695.324707	-63.711033
9700.708008	-63.068882
9706.091309	-63.236603
9711.474609	-63.894119
9716.857910	-64.329880
9722.241211	-64.737648
9727.624512	-65.498329
9733.007812	-66.919853
9738.391113	-68.850365
9743.774414	-69.811378
9749.157715	-69.095947
9754.541016	-67.595558
9759.924316	-66.341843
9765.307617	-65.429062
9770.690918	-64.969994
9776.074219	-64.931114
9781.457520	-64.916359
9786.840820	-65.202919
9792.224121	-66.280464
9797.607422	-68.272980
9802.990723	-71.324165
9808.374023	-72.695976
9813.757324	-70.971657
9819.140625	-69.328285
9824.523926	-68.870644
9829.907227	-69.030762
9835.290527	-69.528595
9840.673828	-69.376175
9846.057129	-67.551079
9851.440430	-65.534218
9856.823730	-64.509956
9862.207031	-64.380783
9867.590332	-65.104965
9872.973633	-66.006386
9878.356934	-65.878677
9883.740234	-64.862602
9889.123535	-63.847729
9894.506836	-63.159634
9899.890137	-63.035000
9905.273438	-63.697128
9910.656738	-64.853279
9916.040039	-65.955414
9921.423340	-66.005287
9926.806641	-64.950920
9932.189941	-63.733200
9937.573242	-63.068970
9942.956543	-63.057652
9948.339844	-63.573814
9953.723145	-64.460670
9959.106445	-64.908279
9964.489746	-64.691231
9969.873047	-64.768631
9975.256348	-65.575180
9980.639648	-67.290756
9986.022949	-69.717552
9991.406250	-71.636955
9996.789551	-72.402435
10002.172852	-73.321747
10007.556152	-75.636536
10012.939453	-76.070778
10018.322754	-71.657074
10023.706055	-68.387459
10029.089355	-66.874962
10034.472656	-66.770554
10039.855957	-68.014282
10045.239258	-69.079491
10050.622559	-69.038300
10056.005859	-68.699593
10061.389160	-68.307114
10066.772461	-67.634392
10072.155762	-66.727104
10077.539062	-65.684151
10082.922363	-64.378494
10088.305664	-63.435143
10093.688965	-62.946346
10099.072266	-62.471893
10104.455566	-61.917847
10109.838867	-61.400841
10115.222168	-61.081604
10120.605469	-61.087059
10125.988770	-61.123558
10131.372070	-61.013927
10136.755371	-60.932789
10142.138672	-61.165840
10147.521973	-61.713802
10152.905273	-62.295052
10158.288574	-62.626820
10163.671875	-62.328506
10169.055176	-61.587921
10174.438477	-61.079967
10179.821777	-60.815277
10185.205078	-60.362209
10190.588379	-59.480404
10195.971680	-58.550770
10201.354980	-58.042339
10206.738281	-58.126572
10212.121582	-58.739975
10217.504883	-59.476658
10222.888184	-59.924343
10228.271484	-59.954266
10233.654785	-59.731739
10239.038086	-59.748997
10244.421387	-60.299824
10249.804688	-61.064011
10255.187988	-61.556568
10260.571289	-61.701248
10265.954590	-61.680138
10271.337891	-61.624409
10276.721191	-61.660618
10282.104492	-61.824589
10287.487793	-62.149765
10292.871094	-62.613308
10298.254395	-62.929611
10303.637695	-62.991306
10309.020996	-63.238659
10314.404297	-63.828224
10319.787598	-64.583298
10325.170898	-65.415924
10330.554199	-65.958145
10335.937500	-65.467216
10341.320801	-64.672668
10346.704102	-64.635109
10352.087402	-65.539291
10357.470703	-67.311188
10362.854004	-69.008522
10368.237305	-69.625977
10373.620605	-69.655380
10379.003906	-70.352936
10384.387207	-71.624832
10389.770508	-72.637817
10395.153809	-71.660736
10400.537109	-70.032967
10405.920410	-69.335297
10411.303711	-69.073898
10416.687012	-68.813156
10422.070312	-68.063187
10427.453613	-67.259621
10432.836914	-66.787415
10438.220215	-66.069778
10443.603516	-64.839333
10448.986816	-63.677921
10454.370117	-63.044659
10459.753418	-63.034958
10465.136719	-63.776115
10470.520020	-65.062851
10475.903320	-65.936218
10481.286621	-65.443398
10486.669922	-64.289764
10492.053223	-63.701717
10497.436523	-64.145065
10502.819824	-65.384720
10508.203125	-66.600380
10513.586426	-66.937279
10518.969727	-66.328957
10524.353027	-65.189674
10529.736328	-64.155693
10535.119629	-63.667461
10540.502930	-63.498787
10545.886230	-63.485062
10551.269531	-63.545433
10556.652832	-63.330902
10562.036133	-62.732304
10567.419434	-61.873272
10572.802734	-61.058838
10578.186035	-60.751789
10583.569336	-61.165894
10588.952637	-62.143574
10594.335938	-63.312935
10599.719238	-64.061707
10605.102539	-63.906818
10610.485840	-63.347927
10615.869141	-63.050064
10621.252441	-63.027458
10626.635742	-63.328705
10632.019043	-63.643772
10637.402344	-63.467838
10642.785645	-63.155563
10648.168945	-63.264626
10653.552246	-63.836884
10658.935547	-64.706726
10664.318848	-65.649139
10669.702148	-66.286392
10675.085449	-66.570267
10680.468750	-66.697906
10685.852051	-66.872124
10691.235352	-67.643829
10696.618652	-69.508270
10702.001953	-72.272827
10707.385254	-75.231209
10712.768555	-74.816391
10718.151855	-72.123222
10723.535156	-69.948273
10728.918457	-69.387093
10734.301758	-70.762825
10739.685059	-74.251770
10745.068359	-78.008781
10750.451660	-74.276062
10755.834961	-71.093437
10761.218262	-69.950340
10766.601562	-70.773956
10771.984863	-73.209465
10777.368164	-75.355789
10782.751465	-73.088974
10788.134766	-70.262741
10793.518066	-69.155731
10798.901367	-69.634972
10804.284668	-71.022743
10809.667969	-71.707199
10815.051270	-70.954185
10820.434570	-69.773064
10825.817871	-68.495102
10831.201172	-67.246185
10836.584473	-66.135223
10841.967773	-65.083336
10847.351074	-64.308617
10852.734375	-63.968884
10858.117676	-63.979488
10863.500977	-64.165985
10868.884277	-64.356544
10874.267578	-64.387970
10879.650879	-64.728554
10885.034180	-65.745087
10890.417480	-66.932175
10895.800781	-67.536629
10901.184082	-67.406425
10906.567383	-66.876640
10911.950684	-65.941734
10917.333984	-64.893288
10922.717285	-63.839043
10928.100586	-62.729004
10933.483887	-61.918800
10938.867188	-61.620312
10944.250488	-61.821178
10949.633789	-62.375511
10955.017090	-62.815048
10960.400391	-62.713940
10965.783691	-62.471809
10971.166992	-62.513596
10976.550293	-62.758923
10981.933594	-63.292774
10987.316895	-64.097786
10992.700195	-64.783813
10998.083496	-65.079628
11003.466797	-64.866867
11008.850098	-64.152672
11014.233398	-63.261448
11019.616699	-62.366234
11025.000000	-61.654972
11030.383301	-61.436043
11035.766602	-61.784081
11041.149902	-62.388554
11046.533203	-63.064156
11051.916504	-63.604454
11057.299805	-63.726727
11062.683105	-63.392548
11068.066406	-62.882423
11073.449707	-62.239685
11078.833008	-61.621258
11084.216309	-61.177265
11089.599609	-60.816219
11094.982910	-60.627312
11100.366211	-60.735378
11105.749512	-60.935783
11111.132812	-61.185528
11116.516113	-61.665295
11121.899414	-62.407963
11127.282715	-63.172237
11132.666016	-63.591602
11138.049316	-63.256039
11143.432617	-62.568111
11148.815918	-62.061176
11154.199219	-61.902924
11159.582520	-62.052483
11164.965820	-62.374454
11170.349121	-62.261539
11175.732422	-61.418018
11181.115723	-60.448547
11186.499023	-59.648876
11191.882324	-59.046177
11197.265625	-58.693913
11202.648926	-58.683475
11208.032227	-59.049294
11213.415527	-59.884712
11218.798828	-61.019150
11224.182129	-62.205521
11229.565430	-62.970985
11234.948730	-63.067463
11240.332031	-62.558922
11245.715332	-62.189991
11251.098633	-62.309593
11256.481934	-62.578945
11261.865234	-62.661301
11267.248535	-62.635235
11272.631836	-62.600430
11278.015137	-62.726765
11283.398438	-63.140110
11288.781738	-63.830166
11294.165039	-64.901657
11299.548340	-66.141945
11304.931641	-67.206169
11310.314941	-68.212585
11315.698242	-69.629684
11321.081543	-71.474457
11326.464844	-73.846825
11331.848145	-77.127930
11337.231445	-77.604004
11342.614746	-74.814903
11347.998047	-72.387711
11353.381348	-71.723152
11358.764648	-72.512222
11364.147949	-74.010986
11369.531250	-74.163483
11374.914551	-72.003769
11380.297852	-69.290672
11385.681152	-67.536598
11391.064453	-67.027275
11396.447754	-67.138130
11401.831055	-67.144890
11407.214355	-66.554207
11412.597656	-65.525970
11417.980957	-64.292244
11423.364258	-63.216255
11428.747559	-62.351509
11434.130859	-61.627735
11439.514160	-61.219208
11444.897461	-60.975147
11450.280762	-60.942772
11455.664062	-61.444786
11461.047363	-62.361458
11466.430664	-63.359093
11471.813965	-64.209358
11477.197266	-64.574478
11482.580566	-64.446526
11487.963867	-64.241394
11493.347168	-64.279846
11498.730469	-64.527428
11504.113770	-65.110329
11509.497070	-65.697411
11514.880371	-65.912788
11520.263672	-66.160759
11525.646973	-66.607460
11531.030273	-66.806679
11536.413574	-66.918098
11541.796875	-66.705574
11547.180176	-66.071220
11552.563477	-65.252121
11557.946777	-64.852554
11563.330078	-65.037666
11568.713379	-65.906494
11574.096680	-67.551315
11579.479980	-69.048065
11584.863281	-69.084221
11590.246582	-67.976036
11595.629883	-66.761169
11601.013184	-66.020676
11606.396484	-66.196594
11611.779785	-67.067398
11617.163086	-68.279915
11622.546387	-70.003418
11627.929688	-72.709671
11633.312988	-77.151054
11638.696289	-78.293037
11644.079590	-73.055153
11649.462891	-69.483505
11654.846191	-67.421860
11660.229492	-66.583679
11665.612793	-66.817528
11670.996094	-67.991249
11676.379395	-69.898102
11681.762695	-71.176186
11687.145996	-70.340347
11692.529297	-69.157051
11697.912598	-68.228096
11703.295898	-67.661133
11708.679199	-67.850052
11714.062500	-68.460823
11719.445801	-68.745224
11724.829102	-68.455994
11730.212402	-67.969765
11735.595703	-67.534317
11740.979004	-67.504272
11746.362305	-67.535049
11751.745605	-67.033806
11757.128906	-65.912010
11762.512207	-64.454559
11767.895508	-63.162735
11773.278809	-62.478329
11778.662109	-62.502892
11784.045410	-62.910973
11789.428711	-63.347046
11794.812012	-63.603817
11800.195312	-63.423912
11805.578613	-62.955303
11810.961914	-62.497612
11816.345215	-62.061630
11821.728516	-61.638603
11827.111816	-61.315479
11832.495117	-61.080322
11837.878418	-61.182316
11843.261719	-61.757236
11848.645020	-62.433567
11854.028320	-62.550652
11859.411621	-61.995739
11864.794922	-61.013653
11870.178223	-60.132717
11875.561523	-59.618214
11880.944824	-59.466053
11886.328125	-59.602352
11891.711426	-60.016525
11897.094727	-60.473969
11902.478027	-60.959152
11907.861328	-61.505886
11913.244629	-61.941513
11918.627930	-62.142101
11924.011230	-62.351673
11929.394531	-62.658863
11934.777832	-63.030792
11940.161133	-63.321800
11945.544434	-63.284206
11950.927734	-62.914993
11956.311035	-62.578114
11961.694336	-62.396305
11967.077637	-62.365211
11972.460938	-62.609364
11977.844238	-62.987537
11983.227539	-63.249069
11988.610840	-63.405369
11993.994141	-63.511906
11999.377441	-63.461750
12004.760742	-63.390881
12010.144043	-63.556755
12015.527344	-64.179733
12020.910645	-65.258347
12026.293945	-66.246208
12031.677246	-65.819305
12037.060547	-64.354164
12042.443848	-63.076485
12047.827148	-62.371250
12053.210449	-62.491482
12058.593750	-63.568974
12063.977051	-65.286407
12069.360352	-66.755600
12074.743652	-67.052605
12080.126953	-66.583755
12085.510254	-66.194626
12090.893555	-66.387482
12096.276855	-67.192238
12101.660156	-68.227005
12107.043457	-69.071495
12112.426758	-69.431656
12117.810059	-69.571693
12123.193359	-70.064171
12128.576660	-71.146156
12133.959961	-72.025772
12139.343262	-72.182098
12144.726562	-71.796700
12150.109863	-71.210518
12155.493164	-71.092087
12160.876465	-72.401764
12166.259766	-73.499893
12171.643066	-71.817070
12177.026367	-68.967445
12182.409668	-66.993111
12187.792969	-66.031433
12193.176270	-66.060623
12198.559570	-66.824440
12203.942871	-67.266930
12209.326172	-66.671181
12214.709473	-65.558243
12220.092773	-64.694748
12225.476074	-64.209877
12230.859375	-63.795689
12236.242676	-63.027348
12241.625977	-62.058533
12247.009277	-61.323498
12252.392578	-60.953590
12257.775879	-60.974922
12263.159180	-61.543865
12268.542480	-62.451862
12273.925781	-63.419300
12279.309082	-64.212502
12284.692383	-64.617775
12290.075684	-64.460365
12295.458984	-64.001526
12300.842285	-63.466557
12306.225586	-63.140324
12311.608887	-63.275974
12316.992188	-63.721222
12322.375488	-64.198189
12327.758789	-64.600052
12333.142090	-64.794067
12338.525391	-64.649429
12343.908691	-64.468071
12349.291992	-64.627975
12354.675293	-65.092232
12360.058594	-66.125160
12365.441895	-67.936783
12370.825195	-70.299202
12376.208496	-71.870224
12381.591797	-70.134567
12386.975098	-67.422516
12392.358398	-65.462776
12397.741699	-64.385666
12403.125000	-63.878914
12408.508301	-63.700897
12413.891602	-63.864414
12419.274902	-64.268013
12424.658203	-64.937851
12430.041504	-66.010933
12435.424805	-67.487457
12440.808105	-69.190308
12446.191406	-70.875824
12451.574707	-72.009178
12456.958008	-72.892097
12462.341309	-74.892509
12467.724609	-77.975548
12473.107910	-83.081772
12478.491211	-85.696114
12483.874512	-80.974373
12489.257812	-77.462784
12494.641113	-75.508713
12500.024414	-75.005600
12505.407715	-74.984253
12510.791016	-75.214722
12516.174316	-75.559212
12521.557617	-75.085770
12526.940918	-74.206322
12532.324219	-73.409157
12537.707520	-72.298965
12543.090820	-71.760605
12548.474121	-71.827942
12553.857422	-72.688110
12559.240723	-74.634056
12564.624023	-77.245659
12570.007324	-81.111862
12575.390625	-83.823433
12580.773926	-84.394928
12586.157227	-82.788864
12591.540527	-82.612083
12596.923828	-81.355316
12602.307129	-81.097954
12607.690430	-81.217911
12613.073730	-82.382744
12618.457031	-85.120056
12623.840332	-89.406570
12629.223633	-94.547424
12634.606934	-83.478310
12639.990234	-77.627373
12645.373535	-73.465317
12650.756836	-70.615692
12656.140137	-68.683868
12661.523438	-67.297791
12666.906738	-66.515457
12672.290039	-66.171120
12677.673340	-65.887047
12683.056641	-65.617157
12688.439941	-65.450417
12693.823242	-65.311554
12699.206543	-65.179642
12704.589844	-65.030037
12709.973145	-64.856247
12715.356445	-64.960068
12720.739746	-65.437386
12726.123047	-66.057373
12731.506348	-66.670898
12736.889648	-66.804771
12742.272949	-66.327705
12747.656250	-65.577538
12753.039551	-65.051514
12758.422852	-64.662933
12763.806152	-64.394272
12769.189453	-64.210243
12774.572754	-64.040695
12779.956055	-63.999409
12785.339355	-63.937050
12790.722656	-63.640720
12796.105957	-63.352390
12801.489258	-63.366051
12806.872559	-63.760178
12812.255859	-64.495171
12817.639160	-65.164902
12823.022461	-65.107445
12828.405762	-64.266830
12833.789062	-63.291130
12839.172363	-62.619942
12844.555664	-62.504776
12849.938965	-62.921703
12855.322266	-63.476952
12860.705566	-63.956951
12866.088867	-64.362885
12871.472168	-64.457397
12876.855469	-64.286285
12882.238770	-64.203369
12887.622070	-64.427994
12893.005371	-65.070915
12898.388672	-66.475311
12903.771973	-68.605576
12909.155273	-71.175941
12914.538574	-72.828316
12919.921875	-71.660210
12925.305176	-70.275200
12930.688477	-70.169327
12936.071777	-71.238197
12941.455078	-73.417442
12946.838379	-77.161911
12952.221680	-80.870750
12957.604980	-80.439835
12962.988281	-78.115074
12968.371582	-76.846550
12973.754883	-75.571541
12979.138184	-74.573723
12984.521484	-73.949593
12989.904785	-73.697372
12995.288086	-74.744293
13000.671387	-77.422287
13006.054688	-82.381989
13011.437988	-86.943199
13016.821289	-82.056618
13022.204590	-79.042412
13027.587891	-78.150742
13032.971191	-79.059883
13038.354492	-80.606522
13043.737793	-83.769211
13049.121094	-85.759155
13054.504395	-87.171494
13059.887695	-87.046791
13065.270996	-85.004059
13070.654297	-83.010849
13076.037598	-80.379517
13081.420898	-76.960091
13086.804199	-74.132187
13092.187500	-72.006935
13097.570801	-70.742462
13102.954102	-70.456078
13108.337402	-70.815193
13113.720703	-70.757225
13119.104004	-69.870293
13124.487305	-68.454720
13129.870605	-67.083824
13135.253906	-66.289642
13140.637207	-66.146141
13146.020508	-66.418198
13151.403809	-67.232544
13156.787109	-68.324287
13162.170410	-69.659103
13167.553711	-71.349060
13172.937012	-71.671806
13178.320312	-69.673485
13183.703613	-67.567932
13189.086914	-66.390671
13194.470215	-65.879417
13199.853516	-65.931671
13205.236816	-66.290337
13210.620117	-66.326279
13216.003418	-65.919128
13221.386719	-65.578835
13226.770020	-65.561180
13232.153320	-66.005356
13237.536621	-66.793007
13242.919922	-67.762497
13248.303223	-68.988869
13253.686523	-70.556870
13259.069824	-71.645287
13264.453125	-71.144089
13269.836426	-69.939896
13275.219727	-69.278625
13280.603027	-69.462440
13285.986328	-70.739716
13291.369629	-72.357582
13296.752930	-72.359589
13302.136230	-71.079308
13307.519531	-70.331871
13312.902832	-70.734818
13318.286133	-72.714195
13323.669434	-76.150719
13329.052734	-79.094299
13334.436035	-79.917847
13339.819336	-80.854958
13345.202637	-80.967392
13350.585938	-77.743675
13355.969238	-74.618309
13361.352539	-73.109818
13366.735840	-72.993576
13372.119141	-74.734367
13377.502441	-76.223511
13382.885742	-74.145004
13388.269043	-71.475792
13393.652344	-70.267921
13399.035645	-70.116768
13404.418945	-70.706718
13409.802246	-71.509315
13415.185547	-71.741318
13420.568848	-71.187393
13425.952148	-70.685410
13431.335449	-70.441376
13436.718750	-70.177361
13442.102051	-69.899162
13447.485352	-69.606125
13452.868652	-69.098442
13458.251953	-68.173431
13463.635254	-66.812408
13469.018555	-65.377777
13474.401855	-64.489960
13479.785156	-64.385742
13485.168457	-64.806053
13490.551758	-65.672066
13495.935059	-66.684921
13501.318359	-67.478577
13506.701660	-68.148796
13512.084961	-69.234512
13517.468262	-70.203949
13522.851562	-70.654564
13528.234863	-70.101646
13533.618164	-69.048035
13539.001465	-68.137138
13544.384766	-67.634827
13549.768066	-67.049576
13555.151367	-66.234596
13560.534668	-65.676437
13565.917969	-65.630981
13571.301270	-66.125526
13576.684570	-67.286888
13582.067871	-68.778740
13587.451172	-69.711143
13592.834473	-70.118805
13598.217773	-70.366554
13603.601074	-70.674049
13608.984375	-71.523636
13614.367676	-72.454803
13619.750977	-73.043602
13625.134277	-73.427017
13630.517578	-73.492516
13635.900879	-72.474777
13641.284180	-70.844131
13646.667480	-69.581650
13652.050781	-68.921066
13657.434082	-69.062447
13662.817383	-69.943871
13668.200684	-71.245392
13673.583984	-73.032974
13678.967285	-74.664574
13684.350586	-75.129181
13689.733887	-75.053886
13695.117188	-74.692207
13700.500488	-74.772453
13705.883789	-76.231544
13711.267090	-78.982979
13716.650391	-82.970306
13722.033691	-82.278008
13727.416992	-78.587059
13732.800293	-76.247787
13738.183594	-75.639786
13743.566895	-75.860077
13748.950195	-76.012512
13754.333496	-75.875290
13759.716797	-75.752304
13765.100098	-76.637497
13770.483398	-79.322006
13775.866699	-84.047310
13781.250000	-84.213043
13786.633301	-79.854836
13792.016602	-77.802391
13797.399902	-77.467606
13802.783203	-79.521545
13808.166504	-83.055603
13813.549805	-85.172180
13818.933105	-80.988754
13824.316406	-78.020607
13829.699707	-76.378174
13835.083008	-75.267380
13840.466309	-74.911865
13845.849609	-74.544601
13851.232910	-74.188133
13856.616211	-74.083092
13861.999512	-73.665482
13867.382812	-73.299980
13872.766113	-72.857346
13878.149414	-72.351761
13883.532715	-72.330887
13888.916016	-72.344749
13894.299316	-72.609955
13899.682617	-72.938873
13905.065918	-71.995300
13910.449219	-70.357361
13915.832520	-68.835732
13921.215820	-67.738762
13926.599121	-67.326111
13931.982422	-67.664871
13937.365723	-68.380112
13942.749023	-69.212723
13948.132324	-69.947906
13953.515625	-70.380058
13958.898926	-70.922363
13964.282227	-71.871384
13969.665527	-72.131393
13975.048828	-70.932724
13980.432129	-68.926865
13985.815430	-67.215759
13991.198730	-66.163879
13996.582031	-65.757576
14001.965332	-65.651016
14007.348633	-65.543983
14012.731934	-65.404045
14018.115234	-64.898415
14023.498535	-64.199654
14028.881836	-63.612793
14034.265137	-63.319134
14039.648438	-63.344509
14045.031738	-63.792233
14050.415039	-64.404800
14055.798340	-64.816910
14061.181641	-64.573601
14066.564941	-63.838902
14071.948242	-63.199257
14077.331543	-63.064438
14082.714844	-63.338577
14088.098145	-63.644333
14093.481445	-63.723095
14098.864746	-63.466217
14104.248047	-63.173080
14109.631348	-63.320999
14115.014648	-64.017982
14120.397949	-65.230988
14125.781250	-66.857628
14131.164551	-68.184418
14136.547852	-68.663277
14141.931152	-68.962013
14147.314453	-69.806938
14152.697754	-70.913246
14158.081055	-71.875999
14163.464355	-71.901680
14168.847656	-71.068520
14174.230957	-70.095520
14179.614258	-69.562737
14184.997559	-69.207069
14190.380859	-68.872192
14195.764160	-68.579712
14201.147461	-68.263954
14206.530762	-68.248634
14211.914062	-68.715561
14217.297363	-69.377296
14222.680664	-70.383850
14228.063965	-71.623436
14233.447266	-72.849556
14238.830566	-73.861656
14244.213867	-74.898186
14249.597168	-75.702873
14254.980469	-76.245224
14260.363770	-76.971222
14265.747070	-77.219658
14271.130371	-77.157364
14276.513672	-77.589111
14281.896973	-77.971542
14287.280273	-78.482452
14292.663574	-79.801178
14298.046875	-80.900314
14303.430176	-80.098969
14308.813477	-77.683586
14314.196777	-74.933800
14319.580078	-73.189926
14324.963379	-72.425735
14330.346680	-72.228928
14335.729980	-72.966667
14341.113281	-74.247963
14346.496582	-75.555931
14351.879883	-76.031601
14357.263184	-75.586189
14362.646484	-74.959312
14368.029785	-75.347267
14373.413086	-76.989342
14378.796387	-79.385048
14384.179688	-79.054062
14389.562988	-75.779366
14394.946289	-72.614906
14400.329590	-70.458435
14405.712891	-69.117844
14411.096191	-68.464577
14416.479492	-68.306168
14421.862793	-68.454109
14427.246094	-68.573990
14432.629395	-68.493599
14438.012695	-68.342453
14443.395996	-68.147118
14448.779297	-68.212646
14454.162598	-68.598885
14459.545898	-69.369865
14464.929199	-70.752701
14470.312500	-72.538811
14475.695801	-74.342506
14481.079102	-76.566132
14486.462402	-78.762978
14491.845703	-81.107933
14497.229004	-83.046074
14502.612305	-82.210770
14507.995605	-79.498466
14513.378906	-77.151428
14518.762207	-75.815338
14524.145508	-74.938789
14529.528809	-74.720985
14534.912109	-75.113800
14540.295410	-75.443474
14545.678711	-75.968872
14551.062012	-77.470955
14556.445312	-79.876549
14561.828613	-84.259483
14567.211914	-89.807365
14572.595215	-84.629349
14577.978516	-80.551361
14583.361816	-78.813728
14588.745117	-78.955437
14594.128418	-79.699875
14599.511719	-80.127853
14604.895020	-78.391449
14610.278320	-76.000549
14615.661621	-74.486481
14621.044922	-74.222397
14626.428223	-74.477394
14631.811523	-75.208809
14637.194824	-75.712074
14642.578125	-75.228928
14647.961426	-75.003319
14653.344727	-75.679596
14658.728027	-76.874435
14664.111328	-79.091309
14669.494629	-80.666985
14674.877930	-80.736320
14680.261230	-80.826973
14685.644531	-80.618744
14691.027832	-79.860901
14696.411133	-76.756073
14701.794434	-73.615906
14707.177734	-71.551323
14712.561035	-70.321198
14717.944336	-69.588562
14723.327637	-69.445496
14728.710938	-69.549225
14734.094238	-69.814903
14739.477539	-70.574715
14744.860840	-71.539513
14750.244141	-72.848488
14755.627441	-74.999008
14761.010742	-77.700531
14766.394043	-79.788979
14771.777344	-78.170670
14777.160645	-75.355759
14782.543945	-72.783943
14787.927246	-71.392593
14793.310547	-70.958412
14798.693848	-71.053146
14804.077148	-71.866005
14809.460449	-72.664467
14814.843750	-72.667419
14820.227051	-72.066216
14825.610352	-71.577499
14830.993652	-71.452980
14836.376953	-72.186775
14841.760254	-73.600006
14847.143555	-75.238121
14852.526855	-76.219551
14857.910156	-75.916283
14863.293457	-74.711975
14868.676758	-73.634621
14874.060059	-72.886551
14879.443359	-72.229652
14884.826660	-71.309929
14890.209961	-70.078957
14895.593262	-68.676407
14900.976562	-67.497971
14906.359863	-66.695808
14911.743164	-66.144882
14917.126465	-66.174095
14922.509766	-66.677559
14927.893066	-67.612015
14933.276367	-69.238525
14938.659668	-71.042763
14944.042969	-72.487457
14949.426270	-73.244102
14954.809570	-73.271843
14960.192871	-73.288277
14965.576172	-73.823074
14970.959473	-74.653938
14976.342773	-75.211227
14981.726074	-76.241997
14987.109375	-77.095261
14992.492676	-77.335907
14997.875977	-76.109695
15003.259277	-74.298233
15008.642578	-72.847054
15014.025879	-72.091492
15019.409180	-72.289841
15024.792480	-72.525009
15030.175781	-72.581650
15035.559082	-72.700310
15040.942383	-72.538528
15046.325684	-72.563446
15051.708984	-72.830147
15057.092285	-72.837624
15062.475586	-72.197830
15067.858887	-71.171089
15073.242188	-70.204086
15078.625488	-69.745956
15084.008789	-69.782402
15089.392090	-70.138298
15094.775391	-70.611595
15100.158691	-71.165596
15105.541992	-71.933090
15110.925293	-72.832588
15116.308594	-74.649704
15121.691895	-77.182495
15127.075195	-80.530762
15132.458496	-84.836487
15137.841797	-86.508682
15143.225098	-88.037224
15148.608398	-91.142242
15153.991699	-91.528107
15159.375000	-87.424644
15164.758301	-83.104324
15170.141602	-80.173859
15175.524902	-79.262070
15180.908203	-78.759163
15186.291504	-79.696518
15191.674805	-81.420647
15197.058105	-83.641945
15202.441406	-83.811234
15207.824707	-80.875137
15213.208008	-78.727150
15218.591309	-77.254227
15223.974609	-76.072273
15229.357910	-74.760910
15234.741211	-73.017517
15240.124512	-71.424561
15245.507812	-70.329155
15250.891113	-69.374153
15256.274414	-68.962463
15261.657715	-69.041794
15267.041016	-69.432777
15272.424316	-70.199661
15277.807617	-71.062195
15283.190918	-71.637596
15288.574219	-72.258034
15293.957520	-72.644081
15299.340820	-72.722748
15304.724121	-72.887421
15310.107422	-73.228294
15315.490723	-73.308006
15320.874023	-73.559013
15326.257324	-74.155357
15331.640625	-74.273026
15337.023926	-74.321480
15342.407227	-74.185616
15347.790527	-74.020691
15353.173828	-74.492889
15358.557129	-75.731239
15363.940430	-77.765770
15369.323730	-81.275772
15374.707031	-83.675926
15380.090332	-83.077988
15385.473633	-81.463570
15390.856934	-81.829056
15396.240234	-84.309914
15401.623535	-88.950630
15407.006836	-86.059021
15412.390137	-81.382683
15417.773438	-78.190811
15423.156738	-76.371193
15428.540039	-75.296997
15433.923340	-74.241852
15439.306641	-73.812279
15444.689941	-73.375748
15450.073242	-73.012863
15455.456543	-72.992638
15460.839844	-72.862793
15466.223145	-72.781517
15471.606445	-72.630013
15476.989746	-72.442459
15482.373047	-72.458862
15487.756348	-72.832886
15493.139648	-73.022621
15498.522949	-72.985756
15503.906250	-72.883957
15509.289551	-72.720345
15514.672852	-72.797714
15520.056152	-73.147934
15525.439453	-73.086945
15530.822754	-72.621887
15536.206055	-72.116165
15541.589355	-71.529869
15546.972656	-71.382637
15552.355957	-71.648170
15557.739258	-71.293472
15563.122559	-70.026596
15568.505859	-68.779327
15573.889160	-67.783592
15579.272461	-67.244064
15584.655762	-67.345345
15590.039062	-67.965729
15595.422363	-69.143341
15600.805664	-70.705910
15606.188965	-71.651520
15611.572266	-71.144386
15616.955566	-69.751419
15622.338867	-68.424477
15627.722168	-67.540504
15633.105469	-67.376183
15638.488770	-67.735092
15643.872070	-68.434158
15649.255371	-69.239777
15654.638672	-69.692169
15660.021973	-69.802803
15665.405273	-70.089226
15670.788574	-70.441139
15676.171875	-70.704544
15681.555176	-71.263344
15686.938477	-71.775192
15692.321777	-72.186508
15697.705078	-73.118141
15703.088379	-74.195168
15708.471680	-75.561211
15713.854980	-77.414948
15719.238281	-79.135803
15724.621582	-80.761040
15730.004883	-81.766754
15735.388184	-81.857399
15740.771484	-82.702019
15746.154785	-84.316605
15751.538086	-85.447899
15756.921387	-83.016022
15762.304688	-79.491310
15767.687988	-77.001625
15773.071289	-75.797043
15778.454590	-75.884651
15783.837891	-76.639107
15789.221191	-78.862579
15794.604492	-81.689995
15799.987793	-81.202583
15805.371094	-77.682991
15810.754395	-74.785706
15816.137695	-72.887131
15821.520996	-71.661789
15826.904297	-71.060493
15832.287598	-70.818092
15837.670898	-70.320831
15843.054199	-69.779816
15848.437500	-69.205490
15853.820801	-68.653778
15859.204102	-68.414154
15864.587402	-68.274178
15869.970703	-67.958961
15875.354004	-67.694443
15880.737305	-67.518379
15886.120605	-67.782906
15891.503906	-68.818695
15896.887207	-70.359756
15902.270508	-71.745476
15907.653809	-72.146164
15913.037109	-71.538536
15918.420410	-71.038437
15923.803711	-71.483955
15929.187012	-73.035332
15934.570312	-75.810905
15939.953613	-79.725998
15945.336914	-82.111183
15950.720215	-82.408653
15956.103516	-83.157852
15961.486816	-84.228531
15966.870117	-82.965775
15972.253418	-80.282921
15977.636719	-78.511230
15983.020020	-77.687729
15988.403320	-76.598206
15993.786621	-76.465767
15999.169922	-76.573006
16004.553223	-77.101845
16009.936523	-78.746567
16015.319824	-81.411880
16020.703125	-84.584763
16026.086426	-88.301979
16031.469727	-88.990845
16036.853027	-87.405785
16042.236328	-83.601471
16047.619629	-80.111954
16053.002930	-78.267403
16058.386230	-77.567062
16063.769531	-77.647293
16069.152832	-78.452942
16074.536133	-79.351974
16079.919434	-80.934448
16085.302734	-83.753555
16090.686035	-83.478333
16096.069336	-77.999542
16101.452637	-74.330017
16106.835938	-72.026138
16112.219238	-70.936211
16117.602539	-71.136421
16122.985840	-72.125206
16128.369141	-73.850288
16133.752441	-75.708168
16139.135742	-76.165459
16144.519043	-75.950462
16149.902344	-76.132538
16155.285645	-76.604233
16160.668945	-77.765106
16166.052246	-78.636658
16171.435547	-78.658836
16176.818848	-78.699677
16182.202148	-78.022011
16187.585449	-77.093208
16192.968750	-76.364723
16198.352051	-75.847397
16203.735352	-76.021599
16209.118652	-76.506783
16214.501953	-76.981071
16219.885254	-78.349281
16225.268555	-80.412354
16230.651855	-83.616890
16236.035156	-88.402596
16241.418457	-86.372673
16246.801758	-83.892151
16252.185059	-82.027023
16257.568359	-81.466743
16262.951660	-79.611153
16268.334961	-76.892929
16273.718262	-75.328568
16279.101562	-75.200462
16284.484863	-75.675041
16289.868164	-76.212326
16295.251465	-74.974297
16300.634766	-72.653397
16306.018066	-71.031715
16311.401367	-70.591339
16316.784668	-70.860725
16322.167969	-71.706688
16327.551270	-72.233154
16332.934570	-71.496452
16338.317871	-70.417191
16343.701172	-69.940491
16349.084473	-70.015945
16354.467773	-70.634300
16359.851074	-71.654480
16365.234375	-72.648300
16370.617676	-73.458534
16376.000977	-74.281639
16381.384277	-74.720047
16386.767578	-74.542000
16392.150879	-74.014565
16397.534180	-73.466164
16402.917480	-73.262711
16408.300781	-73.629601
16413.684082	-73.626617
16419.067383	-72.888222
16424.450684	-71.829124
16429.833984	-71.098228
16435.217285	-70.497925
16440.600586	-70.106560
16445.983887	-69.695435
16451.367188	-69.116653
16456.750488	-68.741341
16462.133789	-68.692101
16467.517090	-68.865738
16472.900391	-69.393990
16478.283691	-69.893196
16483.666992	-70.127785
16489.050293	-70.512901
16494.433594	-71.463150
16499.816895	-72.737946
16505.200195	-74.036095
16510.583496	-74.184273
16515.966797	-73.093124
16521.350098	-72.408882
16526.733398	-72.516441
16532.116699	-73.265366
16537.500000	-74.016251
16542.883301	-73.700775
16548.266602	-72.527786
16553.649902	-71.735031
16559.033203	-71.934593
16564.416504	-72.977135
16569.799805	-74.460831
16575.183105	-75.885521
16580.566406	-76.723991
16585.949707	-77.054817
16591.333008	-78.258499
16596.716309	-79.847305
16602.099609	-80.423714
16607.482910	-78.983162
16612.866211	-76.563553
16618.249512	-74.365593
16623.632812	-72.921715
16629.016113	-72.137161
16634.399414	-71.902092
16639.782715	-72.449669
16645.166016	-73.856674
16650.549316	-76.181252
16655.932617	-79.613304
16661.315918	-82.425156
16666.699219	-82.837151
16672.082520	-80.818047
16677.465820	-77.128746
16682.849121	-74.089104
16688.232422	-71.748718
16693.615723	-70.125359
16698.999023	-69.479095
16704.382324	-69.158844
16709.765625	-68.944542
16715.148926	-68.679543
16720.532227	-68.272041
16725.915527	-68.160591
16731.298828	-68.417847
16736.682129	-68.930099
16742.065430	-69.757614
16747.448730	-70.816544
16752.832031	-71.648003
16758.215332	-72.697136
16763.598633	-74.010971
16768.981934	-74.605141
16774.365234	-74.116035
16779.748535	-73.464355
16785.131836	-72.942375
16790.515137	-72.854576
16795.898438	-72.748833
16801.281738	-72.295761
16806.665039	-71.570602
16812.048340	-71.177872
16817.431641	-70.993614
16822.814941	-70.879593
16828.198242	-71.107574
16833.581543	-71.578384
16838.964844	-72.042656
16844.348145	-72.728325
16849.731445	-73.432610
16855.114746	-73.537735
16860.498047	-72.810539
16865.881348	-72.208176
16871.264648	-71.664146
16876.647949	-71.396469
16882.031250	-71.483055
16887.414551	-71.699059
16892.797852	-72.254517
16898.181152	-73.559662
16903.564453	-75.828804
16908.947754	-78.441704
16914.331055	-78.736366
16919.714355	-76.784523
16925.097656	-75.216553
16930.480957	-74.953072
16935.864258	-75.999840
16941.247559	-77.051994
16946.630859	-76.622360
16952.014160	-74.962791
16957.397461	-73.714729
16962.780762	-72.698425
16968.164062	-72.478508
16973.547363	-72.500473
16978.930664	-72.738365
16984.313965	-73.362724
16989.697266	-74.260902
16995.080566	-75.813560
17000.463867	-78.022362
17005.847168	-80.234779
17011.230469	-80.765984
17016.613770	-79.654839
17021.997070	-77.623810
17027.380371	-75.997253
17032.763672	-75.141724
17038.146973	-75.113831
17043.530273	-75.426483
17048.913574	-75.615532
17054.296875	-74.984337
17059.680176	-73.532356
17065.063477	-71.766441
17070.446777	-70.468185
17075.830078	-69.526390
17081.213379	-68.676872
17086.596680	-68.218094
17091.979980	-68.010941
17097.363281	-68.099625
17102.746582	-68.827957
17108.129883	-69.952255
17113.513184	-71.130554
17118.896484	-71.735855
17124.279785	-71.272682
17129.663086	-70.108200
17135.046387	-69.238342
17140.429688	-69.044685
17145.812988	-69.398430
17151.196289	-70.651741
17156.579590	-72.538101
17161.962891	-74.650421
17167.346191	-76.037834
17172.729492	-75.394653
17178.112793	-73.902069
17183.496094	-72.925850
17188.879395	-72.956764
17194.262695	-73.422371
17199.645996	-74.454811
17205.029297	-75.045303
17210.412598	-74.883797
17215.795898	-74.543114
17221.179199	-73.959457
17226.562500	-73.219193
17231.945801	-72.394417
17237.329102	-71.391594
17242.712402	-70.236092
17248.095703	-69.213341
17253.479004	-68.592903
17258.862305	-67.970184
17264.245605	-67.615967
17269.628906	-67.467110
17275.012207	-67.420189
17280.395508	-67.831352
17285.778809	-68.678459
17291.162109	-69.683144
17296.545410	-70.670815
17301.928711	-70.786385
17307.312012	-69.866104
17312.695312	-68.743973
17318.078613	-68.085907
17323.461914	-67.775230
17328.845215	-67.901466
17334.228516	-68.344810
17339.611816	-68.508560
17344.995117	-68.323982
17350.378418	-67.690704
17355.761719	-66.757874
17361.145020	-66.127731
17366.528320	-66.122597
17371.911621	-66.605301
17377.294922	-67.651855
17382.678223	-69.239120
17388.061523	-70.793259
17393.444824	-71.433060
17398.828125	-71.011742
17404.211426	-70.110703
17409.594727	-69.268509
17414.978027	-68.696091
17420.361328	-68.260857
17425.744629	-68.055740
17431.127930	-68.344795
17436.511230	-68.862556
17441.894531	-69.349854
17447.277832	-69.929520
17452.661133	-70.480110
17458.044434	-70.979874
17463.427734	-71.635162
17468.811035	-72.574608
17474.194336	-73.802895
17479.577637	-75.932610
17484.960938	-79.013550
17490.344238	-84.318298
17495.727539	-89.703789
17501.110840	-83.408981
17506.494141	-79.203827
17511.877441	-76.791954
17517.260742	-75.413368
17522.644043	-74.209259
17528.027344	-72.898315
17533.410645	-71.977875
17538.793945	-71.706734
17544.177246	-71.851547
17549.560547	-72.473740
17554.943848	-72.807335
17560.327148	-71.969551
17565.710449	-70.444748
17571.093750	-69.392593
17576.477051	-68.854103
17581.860352	-68.969833
17587.243652	-69.848541
17592.626953	-70.935730
17598.010254	-72.478317
17603.393555	-74.673248
17608.776855	-76.887939
17614.160156	-77.714432
17619.543457	-76.476425
17624.926758	-74.399323
17630.310059	-73.089874
17635.693359	-73.378998
17641.076660	-75.002022
17646.459961	-78.358215
17651.843262	-81.911903
17657.226562	-78.907204
17662.609863	-75.531212
17667.993164	-73.685326
17673.376465	-72.983269
17678.759766	-72.662781
17684.143066	-72.634300
17689.526367	-72.520081
17694.909668	-71.918602
17700.292969	-71.513786
17705.676270	-71.286591
17711.059570	-71.227440
17716.442871	-71.473755
17721.826172	-72.132454
17727.209473	-72.993065
17732.592773	-74.026550
17737.976074	-74.683029
17743.359375	-74.892799
17748.742676	-75.350548
17754.125977	-76.881660
17759.509277	-79.615654
17764.892578	-85.288345
17770.275879	-90.522141
17775.659180	-83.584496
17781.042480	-79.405235
17786.425781	-76.863388
17791.809082	-75.371208
17797.192383	-74.140785
17802.575684	-73.557022
17807.958984	-73.656754
17813.342285	-74.203728
17818.725586	-75.900734
17824.108887	-77.777733
17829.492188	-78.367386
17834.875488	-77.093620
17840.258789	-75.418663
17845.642090	-74.066750
17851.025391	-73.718567
17856.408691	-73.976219
17861.791992	-74.575485
17867.175293	-75.487267
17872.558594	-75.885330
17877.941895	-75.837151
17883.325195	-75.581375
17888.708496	-75.224289
17894.091797	-74.781166
17899.475098	-74.813370
17904.858398	-75.303200
17910.241699	-76.249474
17915.625000	-77.645958
17921.008301	-78.906136
17926.391602	-79.741348
17931.774902	-79.881409
17937.158203	-79.002312
17942.541504	-78.162727
17947.924805	-77.428810
17953.308105	-77.002136
17958.691406	-77.340004
17964.074707	-77.896278
17969.458008	-78.687538
17974.841309	-79.554825
17980.224609	-79.675056
17985.607910	-80.056602
17990.991211	-80.836014
17996.374512	-82.174187
18001.757812	-85.536430
18007.141113	-87.814178
18012.524414	-85.785889
18017.907715	-83.942825
18023.291016	-84.708672
18028.674316	-87.025444
18034.057617	-88.344223
18039.440918	-83.011253
18044.824219	-79.757622
18050.207520	-77.912918
18055.590820	-77.371773
18060.974121	-77.778885
18066.357422	-77.797607
18071.740723	-76.866875
18077.124023	-75.362717
18082.507324	-73.984665
18087.890625	-73.247162
18093.273926	-73.080742
18098.657227	-72.840355
18104.040527	-72.539970
18109.423828	-72.146889
18114.807129	-71.409599
18120.190430	-70.773956
18125.573730	-70.660217
18130.957031	-70.945732
18136.340332	-71.914017
18141.723633	-73.105629
18147.106934	-73.622208
18152.490234	-73.090790
18157.873535	-72.348770
18163.256836	-71.630981
18168.640137	-71.544930
18174.023438	-72.142235
18179.406738	-73.019485
18184.790039	-73.373878
18190.173340	-73.350822
18195.556641	-72.740776
18200.939941	-72.088409
18206.323242	-71.784325
18211.706543	-71.529655
18217.089844	-71.143501
18222.473145	-70.981995
18227.856445	-71.019569
18233.239746	-71.160950
18238.623047	-71.673363
18244.006348	-72.438484
18249.389648	-73.104332
18254.772949	-73.875099
18260.156250	-74.730377
18265.539551	-75.292648
18270.922852	-75.723763
18276.306152	-75.848846
18281.689453	-75.936302
18287.072754	-76.689278
18292.456055	-78.084518
18297.839355	-79.908966
18303.222656	-83.290894
18308.605957	-88.452591
18313.989258	-91.168526
18319.372559	-88.720535
18324.755859	-86.445198
18330.139160	-85.188423
18335.522461	-84.262672
18340.905762	-83.180107
18346.289062	-81.999573
18351.672363	-80.298149
18357.055664	-78.786537
18362.438965	-77.917686
18367.822266	-77.577545
18373.205566	-77.606804
18378.588867	-78.163155
18383.972168	-78.539314
18389.355469	-78.585609
18394.738770	-78.813942
18400.122070	-79.305420
18405.505371	-80.149544
18410.888672	-81.191078
18416.271973	-79.487701
18421.655273	-76.782639
18427.038574	-74.992958
18432.421875	-74.327827
18437.805176	-74.489212
18443.188477	-76.046333
18448.571777	-79.097122
18453.955078	-83.564453
18459.338379	-83.111053
18464.721680	-79.906715
18470.104980	-78.305161
18475.488281	-78.718391
18480.871582	-80.410255
18486.254883	-81.755638
18491.638184	-80.212662
18497.021484	-77.744858
18502.404785	-75.721848
18507.788086	-74.777733
18513.171387	-75.019310
18518.554688	-75.608566
18523.937988	-76.114273
18529.321289	-76.243317
18534.704590	-76.168182
18540.087891	-76.197372
18545.471191	-76.817665
18550.854492	-77.220245
18556.237793	-77.614021
18561.621094	-77.469406
18567.004395	-76.698975
18572.387695	-75.975891
18577.770996	-75.525230
18583.154297	-75.183884
18588.537598	-74.532082
18593.920898	-74.317627
18599.304199	-74.236168
18604.687500	-74.310265
18610.070801	-74.808128
18615.454102	-75.467079
18620.837402	-76.019547
18626.220703	-76.320518
18631.604004	-75.285042
18636.987305	-73.518616
18642.370605	-72.195526
18647.753906	-71.473198
18653.137207	-71.120903
18658.520508	-71.347969
18663.903809	-71.953568
18669.287109	-72.386261
18674.670410	-72.442642
18680.053711	-72.197533
18685.437012	-72.093887
18690.820312	-72.767853
18696.203613	-74.009087
18701.586914	-75.501190
18706.970215	-78.165749
18712.353516	-81.832817
18717.736816	-85.857704
18723.120117	-86.146118
18728.503418	-83.043976
18733.886719	-81.406746
18739.270020	-80.237572
18744.653320	-79.821846
18750.036621	-79.689964
18755.419922	-78.691299
18760.803223	-77.345161
18766.186523	-76.926735
18771.569824	-77.349190
18776.953125	-78.568817
18782.336426	-80.450928
18787.719727	-82.001793
18793.103027	-83.378120
18798.486328	-83.300621
18803.869629	-82.232224
18809.252930	-81.237152
18814.636230	-81.576744
18820.019531	-83.232040
18825.402832	-86.702515
18830.786133	-85.535278
18836.169434	-80.453171
18841.552734	-76.989395
18846.936035	-75.156021
18852.319336	-74.926537
18857.702637	-75.284325
18863.085938	-75.102028
18868.469238	-74.305794
18873.852539	-73.072266
18879.235840	-72.158157
18884.619141	-72.188828
18890.002441	-72.981682
18895.385742	-73.713226
18900.769043	-73.661118
18906.152344	-72.656776
18911.535645	-71.624710
18916.918945	-71.329262
18922.302246	-71.382446
18927.685547	-71.614182
18933.068848	-72.028244
18938.452148	-72.452713
18943.835449	-72.808426
18949.218750	-73.647697
18954.602051	-74.652367
18959.985352	-75.841934
18965.368652	-77.595711
18970.751953	-79.098236
18976.135254	-80.438721
18981.518555	-82.789780
18986.901855	-85.624725
18992.285156	-89.224419
18997.668457	-92.926254
19003.051758	-93.222397
19008.435059	-90.519470
19013.818359	-86.035446
19019.201660	-82.487213
19024.584961	-79.344154
19029.968262	-76.636238
19035.351562	-74.663162
19040.734863	-73.155602
19046.118164	-72.355560
19051.501465	-72.107048
19056.884766	-71.914757
19062.268066	-71.913475
19067.651367	-72.134209
19073.034668	-72.491066
19078.417969	-73.136284
19083.801270	-73.436401
19089.184570	-73.098335
19094.567871	-72.721619
19099.951172	-72.310684
19105.334473	-72.342346
19110.717773	-72.946922
19116.101074	-74.075371
19121.484375	-74.942459
19126.867676	-75.204712
19132.250977	-75.220367
19137.634277	-75.755859
19143.017578	-77.401276
19148.400879	-79.198448
19153.784180	-80.333168
19159.167480	-81.435966
19164.550781	-81.529579
19169.934082	-81.188286
19175.317383	-80.197632
19180.700684	-78.800217
19186.083984	-77.585945
19191.467285	-76.582802
19196.850586	-76.018921
19202.233887	-75.389412
19207.617188	-74.254845
19213.000488	-73.694725
19218.383789	-74.013382
19223.767090	-75.106400
19229.150391	-77.134117
19234.533691	-78.743340
19239.916992	-78.935669
19245.300293	-79.200562
19250.683594	-80.561554
19256.066895	-81.553459
19261.450195	-79.844727
19266.833496	-77.184929
19272.216797	-75.436317
19277.600098	-74.950829
19282.983398	-75.596306
19288.366699	-75.648399
19293.750000	-73.843277
19299.133301	-72.074860
19304.516602	-71.046387
19309.899902	-70.687675
19315.283203	-70.964478
19320.666504	-71.468727
19326.049805	-71.371490
19331.433105	-70.848457
19336.816406	-70.338272
19342.199707	-69.974060
19347.583008	-69.906380
19352.966309	-70.032005
19358.349609	-70.023582
19363.732910	-70.308434
19369.116211	-70.871956
19374.499512	-71.044853
19379.882812	-70.827621
19385.266113	-70.579399
19390.649414	-70.472679
19396.032715	-70.624832
19401.416016	-71.246307
19406.799316	-71.867378
19412.182617	-72.346214
19417.565918	-72.741844
19422.949219	-72.963959
19428.332520	-72.979263
19433.715820	-72.788536
19439.099121	-71.963867
19444.482422	-71.146729
19449.865723	-70.707550
19455.249023	-70.968056
19460.632324	-71.098618
19466.015625	-70.811333
19471.398926	-70.375450
19476.782227	-69.753296
19482.165527	-69.409454
19487.548828	-69.680824
19492.932129	-70.390480
19498.315430	-71.412895
19503.698730	-72.496513
19509.082031	-73.081001
19514.465332	-73.602547
19519.848633	-74.126259
19525.231934	-74.447815
19530.615234	-74.820892
19535.998535	-75.734779
19541.381836	-77.000465
19546.765137	-77.785614
19552.148438	-76.904030
19557.531738	-75.438461
19562.915039	-73.800110
19568.298340	-72.626823
19573.681641	-72.281105
19579.064941	-72.420929
19584.448242	-72.931015
19589.831543	-73.439056
19595.214844	-73.864120
19600.598145	-74.349472
19605.981445	-74.854927
19611.364746	-74.996490
19616.748047	-74.938660
19622.131348	-75.198586
19627.514648	-76.048515
19632.897949	-78.245384
19638.281250	-81.788612
19643.664551	-88.601906
19649.047852	-90.135567
19654.431152	-84.392265
19659.814453	-82.506256
19665.197754	-83.141510
19670.581055	-87.099838
19675.964355	-92.737503
19681.347656	-89.165405
19686.730957	-84.772858
19692.114258	-83.527618
19697.497559	-83.313644
19702.880859	-85.275261
19708.264160	-87.101639
19713.647461	-84.937500
19719.030762	-80.987724
19724.414062	-78.286980
19729.797363	-76.544540
19735.180664	-75.160683
19740.563965	-74.536263
19745.947266	-74.465309
19751.330566	-74.801369
19756.713867	-75.771042
19762.097168	-76.701317
19767.480469	-77.478340
19772.863770	-77.975052
19778.247070	-77.630646
19783.630371	-76.995674
19789.013672	-76.819649
19794.396973	-77.208107
19799.780273	-78.829544
19805.163574	-81.835266
19810.546875	-85.270348
19815.930176	-86.055763
19821.313477	-82.447617
19826.696777	-80.052452
19832.080078	-79.087425
19837.463379	-79.448372
19842.846680	-79.952881
19848.229980	-79.429161
19853.613281	-78.347336
19858.996582	-77.350685
19864.379883	-76.626480
19869.763184	-76.477715
19875.146484	-77.328545
19880.529785	-78.316261
19885.913086	-78.849373
19891.296387	-78.378326
19896.679688	-76.779869
19902.062988	-75.451637
19907.446289	-74.809052
19912.829590	-74.323662
19918.212891	-74.493767
19923.596191	-75.408951
19928.979492	-76.728226
19934.362793	-78.743416
19939.746094	-81.977898
19945.129395	-86.837273
19950.512695	-97.660950
19955.895996	-90.588234
19961.279297	-87.007866
19966.662598	-85.223717
19972.045898	-86.615807
19977.429199	-90.913803
19982.812500	-92.079918
19988.195801	-85.142570
19993.579102	-81.338104
19998.962402	-79.561905
20004.345703	-79.082321
20009.729004	-80.366516
20015.112305	-82.775002
20020.495605	-87.032166
20025.878906	-90.897873
20031.262207	-87.031021
20036.645508	-84.097809
20042.028809	-83.942879
20047.412109	-85.000526
20052.795410	-87.394432
20058.178711	-88.445320
20063.562012	-85.555901
20068.945312	-82.964561
20074.328613	-80.957909
20079.711914	-79.605713
20085.095215	-79.015923
20090.478516	-77.866928
20095.861816	-77.151726
20101.245117	-76.184158
20106.628418	-75.233086
20112.011719	-75.005516
20117.395020	-74.884666
20122.778320	-74.582550
20128.161621	-74.818436
20133.544922	-75.237877
20138.928223	-76.431976
20144.311523	-78.407272
20149.694824	-80.464737
20155.078125	-80.394699
20160.461426	-78.016281
20165.844727	-75.720459
20171.228027	-74.357506
20176.611328	-74.122963
20181.994629	-74.684944
20187.377930	-75.604805
20192.761230	-76.530334
20198.144531	-76.220917
20203.527832	-74.932686
20208.911133	-73.855293
20214.294434	-73.454140
20219.677734	-73.786377
20225.061035	-74.814865
20230.444336	-76.049156
20235.827637	-77.498718
20241.210938	-79.709084
20246.594238	-82.493553
20251.977539	-85.283569
20257.360840	-83.676292
20262.744141	-80.683792
20268.127441	-77.742996
20273.510742	-76.288528
20278.894043	-75.612297
20284.277344	-75.053589
20289.660645	-74.576996
20295.043945	-73.973854
20300.427246	-73.508720
20305.810547	-73.238625
20311.193848	-73.577370
20316.577148	-73.922020
20321.960449	-74.761047
20327.343750	-75.975662
20332.727051	-77.210091
20338.110352	-76.925415
20343.493652	-75.606583
20348.876953	-74.128334
20354.260254	-73.283646
20359.643555	-73.562889
20365.026855	-74.975128
20370.410156	-77.236580
20375.793457	-78.160721
20381.176758	-75.845985
20386.560059	-73.472412
20391.943359	-72.520866
20397.326660	-72.445229
20402.709961	-72.805656
20408.093262	-73.435440
20413.476562	-73.660843
20418.859863	-73.589996
20424.243164	-73.225716
20429.626465	-72.978210
20435.009766	-73.072197
20440.393066	-73.257080
20445.776367	-73.450310
20451.159668	-73.585655
20456.542969	-74.197838
20461.926270	-74.991539
20467.309570	-75.417114
20472.692871	-76.381081
20478.076172	-78.351120
20483.459473	-81.768417
20488.842773	-88.698189
20494.226074	-93.022186
20499.609375	-87.020767
20504.992676	-84.414368
20510.375977	-84.555496
20515.759277	-86.356583
20521.142578	-86.320946
20526.525879	-84.011543
20531.909180	-82.068832
20537.292480	-80.750732
20542.675781	-78.859367
20548.059082	-76.945152
20553.442383	-75.098518
20558.825684	-74.018600
20564.208984	-74.057495
20569.592285	-74.492332
20574.975586	-75.335541
20580.358887	-76.065498
20585.742188	-75.575874
20591.125488	-75.024498
20596.508789	-75.212944
20601.892090	-75.880974
20607.275391	-76.887115
20612.658691	-77.259552
20618.041992	-76.875809
20623.425293	-76.925453
20628.808594	-78.302498
20634.191895	-80.739494
20639.575195	-83.269760
20644.958496	-81.516075
20650.341797	-78.439789
20655.725098	-76.103279
20661.108398	-75.120232
20666.491699	-75.161469
20671.875000	-75.663811
20677.258301	-76.777794
20682.641602	-77.957466
20688.024902	-79.072258
20693.408203	-79.880447
20698.791504	-79.057060
20704.174805	-77.519737
20709.558105	-76.589989
20714.941406	-76.581467
20720.324707	-76.760765
20725.708008	-77.498146
20731.091309	-78.423775
20736.474609	-79.009537
20741.857910	-79.863724
20747.241211	-81.324158
20752.624512	-83.433578
20758.007812	-86.393539
20763.391113	-84.819496
20768.774414	-81.663307
20774.157715	-80.132301
20779.541016	-79.860565
20784.924316	-81.015465
20790.307617	-83.790657
20795.690918	-88.826782
20801.074219	-91.766190
20806.457520	-86.970551
20811.840820	-83.922623
20817.224121	-81.599945
20822.607422	-79.466209
20827.990723	-77.883980
20833.374023	-76.752129
20838.757324	-76.265465
20844.140625	-76.540245
20849.523926	-76.893623
20854.907227	-77.064919
20860.290527	-77.155640
20865.673828	-76.986107
20871.057129	-76.597710
20876.440430	-76.189896
20881.823730	-75.646378
20887.207031	-75.028908
20892.590332	-74.787636
20897.973633	-74.765076
20903.356934	-75.356934
20908.740234	-77.210953
20914.123535	-79.860542
20919.506836	-82.468002
20924.890137	-84.103180
20930.273438	-83.224655
20935.656738	-81.832161
20941.040039	-80.575394
20946.423340	-79.653481
20951.806641	-78.616837
20957.189941	-78.449684
20962.573242	-78.681618
20967.956543	-79.476334
20973.339844	-80.952606
20978.723145	-81.976837
20984.106445	-83.392052
20989.489746	-83.749733
20994.873047	-84.275307
21000.256348	-85.075623
21005.639648	-84.010574
21011.022949	-83.523346
21016.406250	-83.689308
21021.789551	-83.521477
21027.172852	-84.146889
21032.556152	-84.662170
21037.939453	-84.261902
21043.322754	-83.602882
21048.706055	-83.492233
21054.089355	-83.478554
21059.472656	-83.983192
21064.855957	-82.997574
21070.239258	-81.958900
21075.622559	-80.767326
21081.005859	-79.728004
21086.389160	-80.125702
21091.772461	-80.491165
21097.155762	-81.424095
21102.539062	-82.316826
21107.922363	-82.015297
21113.305664	-81.191666
21118.688965	-80.305771
21124.072266	-79.242340
21129.455566	-77.831009
21134.838867	-76.708130
21140.222168	-75.189095
21145.605469	-73.813751
21150.988770	-73.323624
21156.372070	-73.659409
21161.755371	-74.644730
21167.138672	-76.358711
21172.521973	-77.439796
21177.905273	-76.715210
21183.288574	-75.140594
21188.671875	-73.852119
21194.055176	-73.400475
21199.438477	-73.891884
21204.821777	-75.126312
21210.205078	-75.812904
21215.588379	-76.074623
21220.971680	-75.644859
21226.354980	-74.584763
21231.738281	-73.940170
21237.121582	-73.976242
21242.504883	-74.318199
21247.888184	-74.763397
21253.271484	-74.740402
21258.654785	-74.064438
21264.038086	-73.240097
21269.421387	-72.814911
21274.804688	-72.637177
21280.187988	-72.782356
21285.571289	-73.348114
21290.954590	-73.567123
21296.337891	-73.397156
21301.721191	-73.488480
21307.104492	-73.663528
21312.487793	-74.511406
21317.871094	-76.177299
21323.254395	-78.555504
21328.637695	-82.209221
21334.020996	-87.258492
21339.404297	-86.062584
21344.787598	-81.528122
21350.170898	-78.790474
21355.554199	-77.360512
21360.937500	-76.506828
21366.320801	-76.376305
21371.704102	-76.612816
21377.087402	-76.557541
21382.470703	-75.551804
21387.854004	-74.757362
21393.237305	-74.254204
21398.620605	-74.060547
21404.003906	-74.625687
21409.387207	-75.399429
21414.770508	-75.798180
21420.153809	-75.476112
21425.537109	-74.559364
21430.920410	-74.004837
21436.303711	-74.043594
21441.687012	-74.516426
21447.070312	-74.901718
21452.453613	-75.584991
21457.836914	-75.946861
21463.220215	-76.134209
21468.603516	-76.911018
21473.986816	-78.566544
21479.370117	-81.337929
21484.753418	-85.622421
21490.136719	-85.212685
21495.520020	-81.311951
21500.903320	-78.533142
21506.286621	-76.810966
21511.669922	-75.540047
21517.053223	-74.534103
21522.436523	-74.044540
21527.819824	-73.656006
21533.203125	-73.566795
21538.586426	-74.067398
21543.969727	-74.795013
21549.353027	-75.615395
21554.736328	-76.718513
21560.119629	-77.171066
21565.502930	-77.410469
21570.886230	-77.280342
21576.269531	-76.809418
21581.652832	-76.979454
21587.036133	-78.021004
21592.419434	-79.767036
21597.802734	-82.187279
21603.186035	-83.075912
21608.569336	-80.427902
21613.952637	-77.421371
21619.335938	-75.864273
21624.719238	-75.032959
21630.102539	-74.816933
21635.485840	-74.922348
21640.869141	-74.645317
21646.252441	-74.282173
21651.635742	-74.469070
21657.019043	-74.929253
21662.402344	-75.604767
21667.785645	-76.417831
21673.168945	-76.614639
21678.552246	-75.822166
21683.935547	-74.896973
21689.318848	-74.444817
21694.702148	-74.240555
21700.085449	-74.391098
21705.468750	-74.526100
21710.852051	-74.561630
21716.235352	-75.103996
21721.618652	-75.928505
21727.001953	-76.294785
21732.385254	-76.473740
21737.768555	-76.278030
21743.151855	-75.743217
21748.535156	-75.434998
21753.918457	-75.585045
21759.301758	-76.081482
21764.685059	-77.663422
21770.068359	-80.563171
21775.451660	-85.341331
21780.834961	-95.352310
21786.218262	-87.718575
21791.601562	-83.693459
21796.984863	-82.885284
21802.368164	-84.314545
21807.751465	-83.603195
21813.134766	-79.943451
21818.518066	-77.014534
21823.901367	-75.443726
21829.284668	-74.694679
21834.667969	-74.644226
21840.051270	-75.304535
21845.434570	-75.878418
21850.817871	-76.553177
21856.201172	-77.300674
21861.584473	-79.125938
21866.967773	-83.507607
21872.351074	-89.916542
21877.734375	-84.959641
21883.117676	-80.701874
21888.500977	-79.418732
21893.884277	-79.475327
21899.267578	-79.150902
21904.650879	-78.516953
21910.034180	-76.882217
21915.417480	-75.256973
21920.800781	-74.629303
21926.184082	-74.798637
21931.567383	-75.573372
21936.950684	-76.640549
21942.333984	-77.651848
21947.717285	-77.815948
21953.100586	-77.653297
21958.483887	-77.326286
21963.867188	-76.990868
21969.250488	-77.474007
21974.633789	-78.614632
21980.017090	-79.473259
21985.400391	-78.821465
21990.783691	-76.968613
21996.166992	-75.143326
22001.550293	-74.105408
22006.933594	-74.274208
22012.316895	-75.325371
22017.700195	-77.166504
22023.083496	-79.303688
22028.466797	-79.102112
22033.850098	-77.791527
22039.233398	-76.848450
22044.616699	-76.216988
