Frequency (Hz)	Level (dB)
5.383301	-61.557270
10.766602	-57.888287
16.149902	-55.165829
21.533203	-57.376648
26.916504	-53.920773
32.299805	-47.566086
37.683105	-46.084610
43.066406	-51.236248
48.449707	-35.144459
53.833008	-33.891945
59.216309	-39.749504
64.599609	-43.991299
69.982910	-45.380806
75.366211	-48.099617
80.749512	-52.995598
86.132812	-51.436737
91.516113	-48.124561
96.899414	-46.856922
102.282715	-46.476810
107.666016	-47.233330
113.049316	-47.245667
118.432617	-47.669067
123.815918	-51.878380
129.199219	-52.637074
134.582520	-46.480312
139.965820	-41.523743
145.349121	-41.046635
150.732422	-43.262897
156.115723	-47.111557
161.499023	-43.055199
166.882324	-38.466782
172.265625	-37.694279
177.648926	-39.670563
183.032227	-43.229675
188.415527	-45.567112
193.798828	-39.875118
199.182129	-36.017246
204.565430	-35.005051
209.948730	-37.638752
215.332031	-44.524494
220.715332	-47.518211
226.098633	-42.001602
231.481934	-41.357002
236.865234	-38.994534
242.248535	-34.819069
247.631836	-34.773815
253.015137	-32.380795
258.398438	-31.366560
263.781738	-31.315016
269.165039	-28.167564
274.548340	-24.278620
279.931641	-25.091986
285.314941	-29.209061
290.698242	-31.868633
296.081543	-38.989697
301.464844	-37.512978
306.848145	-34.798141
312.231445	-31.844519
317.614746	-31.395523
322.998047	-33.937969
328.381348	-38.611755
333.764648	-41.824291
339.147949	-42.357601
344.531250	-40.770267
349.914551	-37.770828
355.297852	-33.947895
360.681152	-33.221924
366.064453	-37.510429
371.447754	-40.942795
376.831055	-38.544567
382.214355	-35.859936
387.597656	-37.846188
392.980957	-41.020615
398.364258	-40.096157
403.747559	-39.733669
409.130859	-44.709755
414.514160	-38.466587
419.897461	-35.626526
425.280762	-34.487446
430.664062	-32.992268
436.047363	-34.893200
441.430664	-42.972893
446.813965	-35.454979
452.197266	-35.442291
457.580566	-38.534725
462.963867	-38.275726
468.347168	-37.591320
473.730469	-31.787752
479.113770	-31.030939
484.497070	-31.472624
489.880371	-33.403049
495.263672	-38.335220
500.646973	-42.146889
506.030273	-39.872074
511.413574	-35.904079
516.796875	-33.035080
522.180176	-34.251228
527.563477	-36.881805
532.946777	-38.676167
538.330078	-39.977161
543.713379	-39.035019
549.096680	-40.117176
554.479980	-43.161388
559.863281	-41.613228
565.246582	-42.345680
570.629883	-48.646923
576.013184	-44.095066
581.396484	-34.474224
586.779785	-31.139565
592.163086	-32.183521
597.546387	-32.789742
602.929688	-35.506886
608.312988	-39.619049
613.696289	-41.604389
619.079590	-43.230080
624.462891	-43.758133
629.846191	-42.724468
635.229492	-45.026077
640.612793	-46.735561
645.996094	-40.945072
651.379395	-38.024609
656.762695	-39.656372
662.145996	-43.829803
667.529297	-51.195015
672.912598	-47.510826
678.295898	-42.912495
683.679199	-44.257442
689.062500	-46.764721
694.445801	-44.994049
699.829102	-44.071827
705.212402	-45.756248
710.595703	-43.855228
715.979004	-44.152565
721.362305	-44.898197
726.745605	-46.204891
732.128906	-49.131916
737.512207	-46.099834
742.895508	-42.847466
748.278809	-40.748154
753.662109	-37.540054
759.045410	-36.446369
764.428711	-37.543537
769.812012	-34.877541
775.195312	-32.247677
780.578613	-30.603859
785.961914	-32.965572
791.345215	-38.151192
796.728516	-37.190605
802.111816	-36.791649
807.495117	-42.390892
812.878418	-43.605579
818.261719	-40.603214
823.645020	-38.448299
829.028320	-37.364281
834.411621	-40.348587
839.794922	-44.905205
845.178223	-43.522930
850.561523	-38.801041
855.944824	-36.031582
861.328125	-36.382584
866.711426	-39.656662
872.094727	-45.196232
877.478027	-50.573158
882.861328	-53.642509
888.244629	-45.816666
893.627930	-41.172951
899.011230	-41.088192
904.394531	-44.769981
909.777832	-52.847641
915.161133	-60.058723
920.544434	-62.326187
925.927734	-53.443726
931.311035	-49.271896
936.694336	-48.227543
942.077637	-45.375858
947.460938	-42.598221
952.844238	-40.637398
958.227539	-40.574352
963.610840	-43.673702
968.994141	-49.647335
974.377441	-48.803612
979.760742	-41.569244
985.144043	-40.103497
990.527344	-37.665493
995.910645	-36.674252
1001.293945	-37.226692
1006.677246	-39.048344
1012.060547	-42.071117
1017.443848	-44.860020
1022.827148	-45.218102
1028.210449	-46.487991
1033.593750	-48.532848
1038.977051	-49.095688
1044.360352	-50.540077
1049.743652	-53.400723
1055.126953	-56.201355
1060.510254	-59.102123
1065.893555	-61.089451
1071.276855	-61.380810
1076.660156	-59.993382
1082.043457	-60.468010
1087.426758	-50.638958
1092.810059	-46.152798
1098.193359	-46.778484
1103.576660	-46.512035
1108.959961	-47.527992
1114.343262	-53.301147
1119.726562	-59.187038
1125.109863	-59.586861
1130.493164	-55.946243
1135.876465	-55.029659
1141.259766	-52.246086
1146.643066	-48.584343
1152.026367	-48.640209
1157.409668	-50.386391
1162.792969	-49.243320
1168.176270	-48.674839
1173.559570	-45.467125
1178.942871	-45.702427
1184.326172	-48.114025
1189.709473	-46.851234
1195.092773	-46.408997
1200.476074	-46.981506
1205.859375	-46.724804
1211.242676	-43.960461
1216.625977	-43.138371
1222.009277	-44.068520
1227.392578	-45.649773
1232.775879	-45.005367
1238.159180	-43.387455
1243.542480	-44.904163
1248.925781	-48.104679
1254.309082	-51.422573
1259.692383	-54.249950
1265.075684	-52.782215
1270.458984	-50.748470
1275.842285	-49.662086
1281.225586	-50.766132
1286.608887	-52.725445
1291.992188	-54.668621
1297.375488	-53.310326
1302.758789	-49.566891
1308.142090	-47.856316
1313.525391	-46.015915
1318.908691	-47.810741
1324.291992	-50.562592
1329.675293	-53.951660
1335.058594	-54.694824
1340.441895	-61.004799
1345.825195	-63.843613
1351.208496	-56.191559
1356.591797	-53.096386
1361.975098	-52.727379
1367.358398	-54.441235
1372.741699	-53.914337
1378.125000	-53.113834
1383.508301	-50.739094
1388.891602	-48.594360
1394.274902	-48.622482
1399.658203	-49.908501
1405.041504	-51.455612
1410.424805	-51.313229
1415.808105	-49.928711
1421.191406	-49.527905
1426.574707	-49.871342
1431.958008	-50.086926
1437.341309	-50.595486
1442.724609	-52.857304
1448.107910	-56.440273
1453.491211	-54.503185
1458.874512	-53.687359
1464.257812	-51.139332
1469.641113	-50.659550
1475.024414	-51.938812
1480.407715	-52.163925
1485.791016	-51.687645
1491.174316	-52.926376
1496.557617	-57.391056
1501.940918	-63.151028
1507.324219	-58.841228
1512.707520	-52.418526
1518.090820	-51.258663
1523.474121	-53.737000
1528.857422	-57.058613
1534.240723	-53.839180
1539.624023	-51.834732
1545.007324	-53.292892
1550.390625	-54.178917
1555.773926	-51.329624
1561.157227	-48.272827
1566.540527	-47.083740
1571.923828	-45.191071
1577.307129	-44.260700
1582.690430	-46.481400
1588.073730	-52.975010
1593.457031	-56.074448
1598.840332	-53.308876
1604.223633	-55.612080
1609.606934	-57.691536
1614.990234	-53.446480
1620.373535	-48.644588
1625.756836	-46.659195
1631.140137	-46.218670
1636.523438	-46.220314
1641.906738	-47.193451
1647.290039	-45.420418
1652.673340	-42.832226
1658.056641	-44.057629
1663.439941	-49.278854
1668.823242	-52.901279
1674.206543	-45.221436
1679.589844	-41.938602
1684.973145	-40.958832
1690.356445	-41.884453
1695.739746	-44.660221
1701.123047	-49.095974
1706.506348	-53.027451
1711.889648	-48.623581
1717.272949	-45.493477
1722.656250	-45.176151
1728.039551	-45.802444
1733.422852	-47.225582
1738.806152	-50.342606
1744.189453	-57.692905
1749.572754	-63.446636
1754.956055	-56.056637
1760.339355	-50.882263
1765.722656	-50.008205
1771.105957	-53.214165
1776.489258	-58.809921
1781.872559	-57.716316
1787.255859	-54.282536
1792.639160	-53.961643
1798.022461	-56.784367
1803.405762	-64.524887
1808.789062	-58.681160
1814.172363	-54.115002
1819.555664	-52.886208
1824.938965	-54.249310
1830.322266	-54.173836
1835.705566	-55.005798
1841.088867	-55.623318
1846.472168	-59.115810
1851.855469	-61.533733
1857.238770	-63.252640
1862.622070	-57.987892
1868.005371	-51.113827
1873.388672	-48.108704
1878.771973	-47.613281
1884.155273	-48.589607
1889.538574	-51.419823
1894.921875	-56.782318
1900.305176	-62.258678
1905.688477	-58.877464
1911.071777	-55.023857
1916.455078	-53.026596
1921.838379	-53.412518
1927.221680	-56.297417
1932.604980	-57.657997
1937.988281	-55.191715
1943.371582	-54.573250
1948.754883	-57.469307
1954.138184	-59.880894
1959.521484	-58.306080
1964.904785	-61.647560
1970.288086	-59.897205
1975.671387	-53.722176
1981.054688	-51.711014
1986.437988	-49.747105
1991.821289	-48.610107
1997.204590	-49.395718
2002.587891	-53.270836
2007.971191	-51.431534
2013.354492	-47.903313
2018.737793	-45.885540
2024.121094	-45.489765
2029.504395	-46.498596
2034.887695	-48.465633
2040.270996	-50.820690
2045.654297	-54.402836
2051.037598	-56.900520
2056.420898	-55.318787
2061.804199	-53.912861
2067.187500	-54.157948
2072.570801	-57.362461
2077.954102	-65.588020
2083.337402	-63.728790
2088.720703	-58.136074
2094.104004	-53.950607
2099.487305	-52.120789
2104.870605	-52.858788
2110.253906	-54.838135
2115.637207	-56.242748
2121.020508	-57.924614
2126.403809	-58.658409
2131.787109	-56.904934
2137.170410	-54.713696
2142.553711	-55.626320
2147.937012	-57.909378
2153.320312	-59.265907
2158.703613	-61.771942
2164.086914	-61.447849
2169.470215	-57.766193
2174.853516	-55.831139
2180.236816	-55.793331
2185.620117	-57.209881
2191.003418	-59.956444
2196.386719	-66.030067
2201.770020	-65.736115
2207.153320	-60.289387
2212.536621	-58.955029
2217.919922	-59.250671
2223.303223	-59.094475
2228.686523	-57.857338
2234.069824	-56.550701
2239.453125	-57.306545
2244.836426	-59.791603
2250.219727	-62.108265
2255.603027	-58.805195
2260.986328	-57.315567
2266.369629	-58.906570
2271.752930	-60.793816
2277.136230	-57.666782
2282.519531	-55.814526
2287.902832	-55.132877
2293.286133	-55.155415
2298.669434	-55.380722
2304.052734	-54.974697
2309.436035	-54.319870
2314.819336	-55.428715
2320.202637	-60.643623
2325.585938	-61.704464
2330.969238	-58.864101
2336.352539	-58.511448
2341.735840	-59.659122
2347.119141	-60.766117
2352.502441	-61.827415
2357.885742	-65.569061
2363.269043	-67.043297
2368.652344	-66.813545
2374.035645	-67.394821
2379.418945	-65.808647
2384.802246	-60.306278
2390.185547	-59.279930
2395.568848	-63.745842
2400.952148	-67.361130
2406.335449	-62.237358
2411.718750	-58.371494
2417.102051	-57.337173
2422.485352	-59.819012
2427.868652	-65.146194
2433.251953	-70.845482
2438.635254	-75.407616
2444.018555	-71.292534
2449.401855	-66.199142
2454.785156	-70.153442
2460.168457	-68.961723
2465.551758	-61.823742
2470.935059	-57.193771
2476.318359	-55.217976
2481.701660	-54.657238
2487.084961	-55.294071
2492.468262	-55.951813
2497.851562	-56.713905
2503.234863	-58.798958
2508.618164	-59.861969
2514.001465	-56.434151
2519.384766	-54.574417
2524.768066	-54.157425
2530.151367	-54.316559
2535.534668	-55.277344
2540.917969	-55.766594
2546.301270	-56.117771
2551.684570	-58.560856
2557.067871	-63.101406
2562.451172	-67.395737
2567.834473	-67.914330
2573.217773	-70.677895
2578.601074	-62.351639
2583.984375	-56.573246
2589.367676	-54.647099
2594.750977	-54.116447
2600.134277	-53.503872
2605.517578	-52.829533
2610.900879	-49.807495
2616.284180	-47.560658
2621.667480	-47.864491
2627.050781	-50.446312
2632.434082	-55.269047
2637.817383	-54.560299
2643.200684	-49.865051
2648.583984	-48.248501
2653.967285	-49.583511
2659.350586	-53.214993
2664.733887	-55.675583
2670.117188	-54.005146
2675.500488	-52.145458
2680.883789	-52.992329
2686.267090	-57.327457
2691.650391	-61.107864
2697.033691	-52.206360
2702.416992	-49.919266
2707.800293	-52.492847
2713.183594	-59.529892
2718.566895	-54.203861
2723.950195	-50.162544
2729.333496	-49.719273
2734.716797	-51.459034
2740.100098	-56.285835
2745.483398	-61.823360
2750.866699	-57.465763
2756.250000	-55.600586
2761.633301	-56.237183
2767.016602	-59.103222
2772.399902	-60.108150
2777.783203	-56.450523
2783.166504	-53.504963
2788.549805	-50.990723
2793.933105	-49.309696
2799.316406	-49.380310
2804.699707	-51.157253
2810.083008	-53.281872
2815.466309	-56.490929
2820.849609	-63.919216
2826.232910	-62.244648
2831.616211	-56.293240
2836.999512	-53.930035
2842.382812	-54.143703
2847.766113	-54.714718
2853.149414	-55.712963
2858.532715	-57.332279
2863.916016	-59.601215
2869.299316	-59.815823
2874.682617	-58.100285
2880.065918	-58.425705
2885.449219	-59.556892
2890.832520	-62.221794
2896.215820	-62.641567
2901.599121	-62.147339
2906.982422	-63.867336
2912.365723	-64.034492
2917.749023	-64.798714
2923.132324	-64.665764
2928.515625	-63.251614
2933.898926	-62.266026
2939.282227	-62.644848
2944.665527	-64.530052
2950.048828	-69.300461
2955.432129	-68.336807
2960.815430	-65.457672
2966.198730	-62.805325
2971.582031	-59.557083
2976.965332	-58.041008
2982.348633	-58.566772
2987.731934	-58.499187
2993.115234	-58.560955
2998.498535	-58.328064
3003.881836	-58.454803
3009.265137	-58.942753
3014.648438	-59.761364
3020.031738	-61.448151
3025.415039	-61.577526
3030.798340	-63.282291
3036.181641	-62.157703
3041.564941	-60.253670
3046.948242	-58.973721
3052.331543	-57.963219
3057.714844	-56.369427
3063.098145	-55.805756
3068.481445	-56.768764
3073.864746	-60.249119
3079.248047	-63.674938
3084.631348	-66.899376
3090.014648	-68.488159
3095.397949	-64.442657
3100.781250	-61.351326
3106.164551	-60.996426
3111.547852	-65.769272
3116.931152	-69.298401
3122.314453	-61.889568
3127.697754	-59.484222
3133.081055	-59.189568
3138.464355	-57.989429
3143.847656	-56.254341
3149.230957	-56.480858
3154.614258	-58.449406
3159.997559	-59.592789
3165.380859	-59.714565
3170.764160	-60.782093
3176.147461	-61.307194
3181.530762	-59.605053
3186.914062	-57.801826
3192.297363	-57.554436
3197.680664	-58.896152
3203.063965	-61.379745
3208.447266	-62.706684
3213.830566	-66.933968
3219.213867	-69.339493
3224.597168	-66.927620
3229.980469	-66.785690
3235.363770	-66.648506
3240.747070	-64.836510
3246.130371	-65.494202
3251.513672	-69.955170
3256.896973	-75.004868
3262.280273	-68.457306
3267.663574	-67.283882
3273.046875	-70.192879
3278.430176	-72.687935
3283.813477	-75.479279
3289.196777	-69.211006
3294.580078	-66.817635
3299.963379	-68.378578
3305.346680	-75.809090
3310.729980	-77.484665
3316.113281	-69.940475
3321.496582	-64.612488
3326.879883	-61.192215
3332.263184	-59.567909
3337.646484	-58.852654
3343.029785	-58.258305
3348.413086	-58.542732
3353.796387	-59.750713
3359.179688	-61.582394
3364.562988	-64.420998
3369.946289	-69.770630
3375.329590	-65.746643
3380.712891	-61.681793
3386.096191	-60.203743
3391.479492	-61.873688
3396.862793	-65.734978
3402.246094	-67.687614
3407.629395	-63.178238
3413.012695	-59.642178
3418.395996	-57.231678
3423.779297	-56.935081
3429.162598	-58.695007
3434.545898	-63.523266
3439.929199	-63.109009
3445.312500	-60.557167
3450.695801	-55.690559
3456.079102	-55.190914
3461.462402	-58.434326
3466.845703	-63.670399
3472.229004	-68.058594
3477.612305	-70.941032
3482.995605	-75.564049
3488.378906	-71.202873
3493.762207	-70.473343
3499.145508	-71.495064
3504.528809	-70.636871
3509.912109	-66.219933
3515.295410	-64.441765
3520.678711	-65.160080
3526.062012	-66.295349
3531.445312	-66.259727
3536.828613	-66.070061
3542.211914	-67.865944
3547.595215	-70.309929
3552.978516	-72.109367
3558.361816	-71.660385
3563.745117	-71.043343
3569.128418	-71.415657
3574.511719	-68.567848
3579.895020	-66.132050
3585.278320	-65.672867
3590.661621	-66.728241
3596.044922	-67.291985
3601.428223	-66.835976
3606.811523	-65.090775
3612.194824	-65.169136
3617.578125	-65.936462
3622.961426	-69.819687
3628.344727	-69.804634
3633.728027	-63.392357
3639.111328	-60.632221
3644.494629	-61.263214
3649.877930	-63.168236
3655.261230	-64.666534
3660.644531	-66.468468
3666.027832	-65.258591
3671.411133	-62.229961
3676.794434	-61.636677
3682.177734	-61.916851
3687.561035	-61.998253
3692.944336	-62.377396
3698.327637	-62.698032
3703.710938	-62.705620
3709.094238	-64.012543
3714.477539	-62.305119
3719.860840	-61.810699
3725.244141	-62.856869
3730.627441	-66.676361
3736.010742	-73.486557
3741.394043	-67.372147
3746.777344	-62.907127
3752.160645	-60.194324
3757.543945	-59.531788
3762.927246	-62.188541
3768.310547	-64.803734
3773.693848	-59.322037
3779.077148	-56.112316
3784.460449	-54.525337
3789.843750	-55.111427
3795.227051	-56.563324
3800.610352	-59.433586
3805.993652	-64.249214
3811.376953	-71.385384
3816.760254	-70.584114
3822.143555	-67.939186
3827.526855	-67.192543
3832.910156	-67.319412
3838.293457	-62.964874
3843.676758	-60.929886
3849.060059	-60.234528
3854.443359	-60.231350
3859.826660	-60.229416
3865.209961	-60.534752
3870.593262	-61.454697
3875.976562	-64.496368
3881.359863	-70.374321
3886.743164	-74.605476
3892.126465	-70.363129
3897.509766	-69.463516
3902.893066	-66.413177
3908.276367	-63.977654
3913.659668	-63.425041
3919.042969	-62.795219
3924.426270	-65.009361
3929.809570	-64.406685
3935.192871	-59.727497
3940.576172	-55.278130
3945.959473	-54.810066
3951.342773	-55.026630
3956.726074	-55.181175
3962.109375	-57.385620
3967.492676	-62.021210
3972.875977	-65.532257
3978.259277	-60.519077
3983.642578	-56.338558
3989.025879	-56.509167
3994.409180	-59.963352
3999.792480	-68.182213
4005.175781	-63.431324
4010.559082	-58.794621
4015.942383	-56.920147
4021.325684	-59.073444
4026.708984	-62.916317
4032.092285	-67.788155
4037.475586	-73.247627
4042.858887	-70.154747
4048.242188	-63.825844
4053.625488	-61.736904
4059.008789	-63.023621
4064.392090	-66.399879
4069.775391	-68.231575
4075.158691	-67.563416
4080.541992	-65.184845
4085.925293	-65.622849
4091.308594	-71.565002
4096.691895	-67.700043
4102.075195	-64.789062
4107.458496	-63.892574
4112.841797	-63.886234
4118.225098	-65.618446
4123.608398	-63.796375
4128.991699	-61.089603
4134.375000	-60.202168
4139.758301	-60.762806
4145.141602	-60.770424
4150.524902	-59.793133
4155.908203	-59.655960
4161.291504	-62.733932
4166.674805	-66.282196
4172.058105	-64.535500
4177.441406	-60.638794
4182.824707	-59.757549
4188.208008	-60.984081
4193.591309	-60.396652
4198.974609	-58.662674
4204.357910	-56.984631
4209.741211	-57.019974
4215.124512	-59.275307
4220.507812	-64.137703
4225.891113	-63.536354
4231.274414	-59.015125
4236.657715	-56.996216
4242.041016	-57.045712
4247.424316	-59.607716
4252.807617	-64.985657
4258.190918	-66.292450
4263.574219	-62.603943
4268.957520	-63.179832
4274.340820	-64.033585
4279.724121	-64.737213
4285.107422	-65.214546
4290.490723	-63.480724
4295.874023	-62.561756
4301.257324	-63.372204
4306.640625	-65.631477
4312.023926	-69.110962
4317.407227	-66.849403
4322.790527	-64.793930
4328.173828	-59.717529
4333.557129	-55.216118
4338.940430	-53.311775
4344.323730	-52.670624
4349.707031	-53.741680
4355.090332	-56.162708
4360.473633	-57.473953
4365.856934	-56.815849
4371.240234	-54.680325
4376.623535	-53.268169
4382.006836	-53.774940
4387.390137	-56.993832
4392.773438	-61.655365
4398.156738	-59.072571
4403.540039	-54.488152
4408.923340	-52.553658
4414.306641	-52.026615
4419.689941	-52.551586
4425.073242	-55.569702
4430.456543	-59.559708
4435.839844	-56.167042
4441.223145	-54.337013
4446.606445	-54.541080
4451.989746	-55.373180
4457.373047	-56.487522
4462.756348	-57.584625
4468.139648	-57.481213
4473.522949	-54.286743
4478.906250	-51.869926
4484.289551	-51.643791
4489.672852	-53.080448
4495.056152	-55.317841
4500.439453	-56.573204
4505.822754	-54.833588
4511.206055	-53.111118
4516.589355	-53.571156
4521.972656	-57.073643
4527.355957	-63.840588
4532.739258	-71.642944
4538.122559	-66.469772
4543.505859	-62.821278
4548.889160	-61.324375
4554.272461	-60.675724
4559.655762	-61.303547
4565.039062	-64.569870
4570.422363	-65.801506
4575.805664	-65.951073
4581.188965	-69.212982
4586.572266	-69.285423
4591.955566	-64.895851
4597.338867	-62.750439
4602.722168	-62.546883
4608.105469	-64.922371
4613.488770	-67.287163
4618.872070	-68.165962
4624.255371	-71.583862
4629.638672	-78.277107
4635.021973	-74.814102
4640.405273	-71.327599
4645.788574	-68.348206
4651.171875	-65.796585
4656.555176	-64.407692
4661.938477	-65.251160
4667.321777	-69.626396
4672.705078	-73.137207
4678.088379	-65.282082
4683.471680	-62.324970
4688.854980	-62.193081
4694.238281	-64.914764
4699.621582	-69.914116
4705.004883	-72.234306
4710.388184	-64.860085
4715.771484	-62.510452
4721.154785	-60.829147
4726.538086	-60.047047
4731.921387	-60.011032
4737.304688	-60.751888
4742.687988	-60.808830
4748.071289	-60.911434
4753.454590	-62.261265
4758.837891	-62.688404
4764.221191	-62.471291
4769.604492	-61.206131
4774.987793	-60.821022
4780.371094	-62.229214
4785.754395	-66.939476
4791.137695	-74.998337
4796.520996	-68.073227
4801.904297	-62.653847
4807.287598	-59.995625
4812.670898	-58.853016
4818.054199	-59.001392
4823.437500	-61.209267
4828.820801	-61.273384
4834.204102	-59.947369
4839.587402	-58.551861
4844.970703	-57.608948
4850.354004	-57.118473
4855.737305	-58.326191
4861.120605	-61.741001
4866.503906	-61.367493
4871.887207	-59.955589
4877.270508	-58.164749
4882.653809	-58.492027
4888.037109	-59.491665
4893.420410	-60.465714
4898.803711	-61.364296
4904.187012	-63.215240
4909.570312	-69.602425
4914.953613	-70.756721
4920.336914	-68.873535
4925.720215	-64.953918
4931.103516	-61.779781
4936.486816	-62.041023
4941.870117	-64.368317
4947.253418	-64.374367
4952.636719	-62.631142
4958.020020	-61.753757
4963.403320	-61.087513
4968.786621	-62.434429
4974.169922	-67.049377
4979.553223	-64.867332
4984.936523	-60.184582
4990.319824	-59.167690
4995.703125	-57.283367
5001.086426	-53.689835
5006.469727	-52.912205
5011.853027	-54.199295
5017.236328	-57.562950
5022.619629	-57.535828
5028.002930	-53.544449
5033.386230	-51.673542
5038.769531	-50.005959
5044.152832	-48.914646
5049.536133	-50.174038
5054.919434	-54.301094
5060.302734	-62.763493
5065.686035	-60.373569
5071.069336	-56.131500
5076.452637	-55.182327
5081.835938	-57.075565
5087.219238	-61.037052
5092.602539	-64.028915
5097.985840	-64.128487
5103.369141	-64.678658
5108.752441	-67.786049
5114.135742	-73.439514
5119.519043	-65.841629
5124.902344	-60.507156
5130.285645	-57.422852
5135.668945	-55.802563
5141.052246	-57.043282
5146.435547	-61.551960
5151.818848	-66.595352
5157.202148	-63.540390
5162.585449	-61.977249
5167.968750	-64.246681
5173.352051	-62.062569
5178.735352	-59.660496
5184.118652	-57.433216
5189.501953	-56.567253
5194.885254	-56.786308
5200.268555	-57.708870
5205.651855	-58.519222
5211.035156	-58.347366
5216.418457	-58.485806
5221.801758	-59.017796
5227.185059	-58.783825
5232.568359	-58.491707
5237.951660	-59.154758
5243.334961	-59.684372
5248.718262	-61.346336
5254.101562	-66.818344
5259.484863	-67.647278
5264.868164	-62.375072
5270.251465	-60.095135
5275.634766	-59.362602
5281.018066	-59.230385
5286.401367	-59.497841
5291.784668	-60.403446
5297.167969	-63.132671
5302.551270	-70.195656
5307.934570	-70.557678
5313.317871	-62.348866
5318.701172	-59.197624
5324.084473	-58.166679
5329.467773	-58.001072
5334.851074	-58.388351
5340.234375	-58.775772
5345.617676	-61.174377
5351.000977	-64.750343
5356.384277	-63.547024
5361.767578	-60.484337
5367.150879	-58.255287
5372.534180	-58.143177
5377.917480	-59.428505
5383.300781	-63.269848
5388.684082	-67.143265
5394.067383	-58.174404
5399.450684	-54.374687
5404.833984	-53.325451
5410.217285	-53.970642
5415.600586	-55.512131
5420.983887	-59.273731
5426.367188	-66.538757
5431.750488	-67.150177
5437.133789	-61.224121
5442.517090	-59.228611
5447.900391	-59.488308
5453.283691	-61.794506
5458.666992	-66.878944
5464.050293	-66.324089
5469.433594	-59.914036
5474.816895	-58.012009
5480.200195	-58.626694
5485.583496	-60.478603
5490.966797	-64.636116
5496.350098	-72.222809
5501.733398	-68.560753
5507.116699	-62.438488
5512.500000	-58.925396
5517.883301	-57.853420
5523.266602	-59.526894
5528.649902	-63.666080
5534.033203	-69.813148
5539.416504	-75.916489
5544.799805	-70.383980
5550.183105	-64.965202
5555.566406	-63.190308
5560.949707	-62.251141
5566.333008	-61.444351
5571.716309	-61.959183
5577.099609	-65.122185
5582.482910	-67.696266
5587.866211	-65.776787
5593.249512	-65.539009
5598.632812	-63.824329
5604.016113	-61.566479
5609.399414	-60.112122
5614.782715	-58.987064
5620.166016	-58.569263
5625.549316	-59.381950
5630.932617	-59.801674
5636.315918	-59.401299
5641.699219	-59.013092
5647.082520	-58.532951
5652.465820	-59.206493
5657.849121	-61.705807
5663.232422	-63.690273
5668.615723	-63.620609
5673.999023	-63.182419
5679.382324	-62.348930
5684.765625	-61.608582
5690.148926	-61.197456
5695.532227	-60.904888
5700.915527	-60.458256
5706.298828	-59.440392
5711.682129	-58.829914
5717.065430	-58.807545
5722.448730	-59.379822
5727.832031	-60.178108
5733.215332	-60.691078
5738.598633	-62.266342
5743.981934	-66.715736
5749.365234	-69.907890
5754.748535	-63.864697
5760.131836	-61.189171
5765.515137	-61.562473
5770.898438	-63.349449
5776.281738	-67.489037
5781.665039	-70.153046
5787.048340	-66.783897
5792.431641	-64.406006
5797.814941	-63.539345
5803.198242	-63.253963
5808.581543	-64.258286
5813.964844	-67.698235
5819.348145	-72.243507
5824.731445	-76.289780
5830.114746	-81.536568
5835.498047	-77.124825
5840.881348	-78.948486
5846.264648	-82.967072
5851.647949	-78.419739
5857.031250	-79.528000
5862.414551	-77.849083
5867.797852	-77.890175
5873.181152	-75.739372
5878.564453	-73.131561
5883.947754	-73.653732
5889.331055	-79.696983
5894.714355	-74.314987
5900.097656	-68.665306
5905.480957	-66.263016
5910.864258	-64.885941
5916.247559	-64.519753
5921.630859	-65.538872
5927.014160	-67.816780
5932.397461	-68.994011
5937.780762	-65.967537
5943.164062	-63.854179
5948.547363	-64.051888
5953.930664	-63.213970
5959.313965	-63.103451
5964.697266	-66.325508
5970.080566	-67.411575
5975.463867	-64.686974
5980.847168	-62.220894
5986.230469	-61.830624
5991.613770	-63.738541
5996.997070	-67.569115
6002.380371	-70.820686
6007.763672	-75.663528
6013.146973	-69.028381
6018.530273	-64.015709
6023.913574	-61.758808
6029.296875	-61.404858
6034.680176	-62.121548
6040.063477	-65.010933
6045.446777	-71.626747
6050.830078	-72.507668
6056.213379	-67.144997
6061.596680	-66.301460
6066.979980	-66.366570
6072.363281	-67.300316
6077.746582	-68.842133
6083.129883	-71.288902
6088.513184	-75.830261
6093.896484	-82.232613
6099.279785	-89.046326
6104.663086	-80.658661
6110.046387	-71.693993
6115.429688	-67.740822
6120.812988	-65.947159
6126.196289	-65.294411
6131.579590	-65.822708
6136.962891	-66.050735
6142.346191	-65.409050
6147.729492	-64.699051
6153.112793	-63.731148
6158.496094	-62.426506
6163.879395	-63.412388
6169.262695	-65.756554
6174.645996	-67.108940
6180.029297	-67.326294
6185.412598	-67.826187
6190.795898	-70.680321
6196.179199	-75.730957
6201.562500	-69.428513
6206.945801	-66.565308
6212.329102	-65.626152
6217.712402	-65.472656
6223.095703	-67.708672
6228.479004	-72.479324
6233.862305	-72.877831
6239.245605	-68.701996
6244.628906	-66.890190
6250.012207	-66.323112
6255.395508	-66.544006
6260.778809	-66.879753
6266.162109	-67.575890
6271.545410	-68.651520
6276.928711	-70.043739
6282.312012	-72.646149
6287.695312	-76.148178
6293.078613	-78.302322
6298.461914	-80.421120
6303.845215	-80.429642
6309.228516	-76.768799
6314.611816	-77.535309
6319.995117	-79.148010
6325.378418	-75.572281
6330.761719	-72.265884
6336.145020	-70.011314
6341.528320	-69.222115
6346.911621	-70.636566
6352.294922	-69.915184
6357.678223	-68.439102
6363.061523	-68.478455
6368.444824	-68.113930
6373.828125	-67.541855
6379.211426	-68.126953
6384.594727	-70.098457
6389.978027	-73.065384
6395.361328	-75.248421
6400.744629	-72.556717
6406.127930	-70.455048
6411.511230	-70.137558
6416.894531	-70.935875
6422.277832	-73.926613
6427.661133	-80.966965
6433.044434	-79.445358
6438.427734	-75.682617
6443.811035	-74.095306
6449.194336	-72.275307
6454.577637	-69.876678
6459.960938	-69.442657
6465.344238	-70.278664
6470.727539	-72.811256
6476.110840	-75.126732
6481.494141	-72.725334
6486.877441	-70.154350
6492.260742	-69.238716
6497.644043	-70.023918
6503.027344	-72.347137
6508.410645	-76.358093
6513.793945	-81.381966
6519.177246	-83.357826
6524.560547	-76.229256
6529.943848	-73.483368
6535.327148	-73.988533
6540.710449	-75.151184
6546.093750	-76.062881
6551.477051	-77.853462
6556.860352	-77.358376
6562.243652	-76.616371
6567.626953	-76.787460
6573.010254	-77.021278
6578.393555	-76.907700
6583.776855	-75.706528
6589.160156	-76.607735
6594.543457	-79.021904
6599.926758	-80.981728
6605.310059	-85.052376
6610.693359	-82.989014
6616.076660	-81.739799
6621.459961	-86.856483
6626.843262	-86.721596
6632.226562	-87.401764
6637.609863	-82.429405
6642.993164	-78.184464
6648.376465	-75.698250
6653.759766	-74.341995
6659.143066	-74.932281
6664.526367	-78.035042
6669.909668	-80.773331
6675.292969	-85.651833
6680.676270	-80.639313
6686.059570	-75.349289
6691.442871	-74.172493
6696.826172	-75.384857
6702.209473	-76.023804
6707.592773	-77.302757
6712.976074	-81.702919
6718.359375	-88.037521
6723.742676	-85.779236
6729.125977	-88.499947
6734.509277	-90.595695
6739.892578	-83.447617
6745.275879	-78.205521
6750.659180	-75.364876
6756.042480	-74.641594
6761.425781	-75.287712
6766.809082	-75.872360
6772.192383	-77.955917
6777.575684	-80.827576
6782.958984	-79.534203
6788.342285	-73.081787
6793.725586	-70.488510
6799.108887	-68.831818
6804.492188	-67.675613
6809.875488	-67.519989
6815.258789	-67.938057
6820.642090	-70.191132
6826.025391	-71.894295
6831.408691	-73.494247
6836.791992	-74.863274
6842.175293	-73.046562
6847.558594	-73.033401
6852.941895	-75.549706
6858.325195	-80.919846
6863.708496	-74.754326
6869.091797	-71.317657
6874.475098	-70.773499
6879.858398	-73.011871
6885.241699	-78.718987
6890.625000	-82.525795
6896.008301	-78.970978
6901.391602	-76.530258
6906.774902	-77.988411
6912.158203	-79.022224
6917.541504	-79.196434
6922.924805	-82.470154
6928.308105	-83.144768
6933.691406	-79.359108
6939.074707	-77.499733
6944.458008	-76.270920
6949.841309	-75.078239
6955.224609	-74.536240
6960.607910	-75.333374
6965.991211	-78.432724
6971.374512	-79.577621
6976.757812	-77.934341
6982.141113	-76.510086
6987.524414	-76.369522
6992.907715	-77.918182
6998.291016	-81.337173
7003.674316	-80.108292
7009.057617	-76.806244
7014.440918	-75.172523
7019.824219	-76.125031
7025.207520	-79.108612
7030.590820	-81.461205
7035.974121	-79.574112
7041.357422	-80.771652
7046.740723	-84.778275
7052.124023	-81.291817
7057.507324	-77.958954
7062.890625	-76.934853
7068.273926	-78.159576
7073.657227	-81.634201
7079.040527	-84.247734
7084.423828	-82.834343
7089.807129	-81.628716
7095.190430	-79.295113
7100.573730	-76.791351
7105.957031	-78.149292
7111.340332	-80.293434
7116.723633	-82.730110
7122.106934	-83.523300
7127.490234	-80.178955
7132.873535	-79.004982
7138.256836	-79.855324
7143.640137	-78.994896
7149.023438	-78.687836
7154.406738	-79.902863
7159.790039	-83.240326
7165.173340	-90.383621
7170.556641	-88.696152
7175.939941	-85.319427
7181.323242	-84.049042
7186.706543	-83.624634
7192.089844	-81.728615
7197.473145	-78.396629
7202.856445	-77.212723
7208.239746	-78.291466
7213.623047	-79.120537
7219.006348	-79.817230
7224.389648	-80.613922
7229.772949	-80.829712
7235.156250	-79.390366
7240.539551	-77.165932
7245.922852	-76.864082
7251.306152	-77.408081
7256.689453	-79.391243
7262.072754	-81.180870
7267.456055	-81.658607
7272.839355	-79.398415
7278.222656	-77.444878
7283.605957	-76.284218
7288.989258	-76.208221
7294.372559	-76.790184
7299.755859	-78.450699
7305.139160	-80.152390
7310.522461	-79.685921
7315.905762	-79.013893
7321.289062	-78.143585
7326.672363	-78.752365
7332.055664	-79.975014
7337.438965	-84.790619
7342.822266	-84.489861
7348.205566	-77.589050
7353.588867	-75.006668
7358.972168	-74.792938
7364.355469	-76.174309
7369.738770	-77.213921
7375.122070	-74.947678
7380.505371	-71.789482
7385.888672	-71.345062
7391.271973	-69.270241
7396.655273	-67.313873
7402.038574	-68.314484
7407.421875	-70.956062
7412.805176	-72.840622
7418.188477	-72.241035
7423.571777	-71.528694
7428.955078	-72.082603
7434.338379	-73.271637
7439.721680	-74.235893
7445.104980	-76.464149
7450.488281	-81.089355
7455.871582	-88.359230
7461.254883	-87.556084
7466.638184	-85.115356
7472.021484	-84.476288
7477.404785	-86.516167
7482.788086	-90.331245
7488.171387	-86.041054
7493.554688	-81.975563
7498.937988	-81.167503
7504.321289	-83.296486
7509.704590	-85.580276
7515.087891	-84.679245
7520.471191	-83.815872
7525.854492	-82.501495
7531.237793	-81.295029
7536.621094	-80.500793
7542.004395	-80.937157
7547.387695	-80.997826
7552.770996	-80.213791
7558.154297	-80.667435
7563.537598	-84.000175
7568.920898	-90.308037
7574.304199	-91.733711
7579.687500	-89.339821
7585.070801	-89.835960
7590.454102	-90.260773
7595.837402	-93.307343
7601.220703	-91.865601
7606.604004	-90.386513
7611.987305	-89.729729
7617.370605	-86.792648
7622.753906	-84.525787
7628.137207	-84.136978
7633.520508	-85.381447
7638.903809	-88.052437
7644.287109	-88.819687
7649.670410	-86.047729
7655.053711	-85.109253
7660.437012	-87.424782
7665.820312	-89.693588
7671.203613	-84.888412
7676.586914	-80.968285
7681.970215	-80.398514
7687.353516	-81.803375
7692.736816	-83.983086
7698.120117	-84.815392
7703.503418	-84.352608
7708.886719	-84.462234
7714.270020	-83.728569
7719.653320	-81.588837
7725.036621	-80.975548
7730.419922	-82.446297
7735.803223	-85.403664
7741.186523	-90.771530
7746.569824	-94.829224
7751.953125	-90.522079
7757.336426	-89.223442
7762.719727	-92.563820
7768.103027	-95.526466
7773.486328	-93.840836
7778.869629	-89.387146
7784.252930	-86.403862
7789.636230	-84.161613
7795.019531	-84.078529
7800.402832	-85.987648
7805.786133	-89.824905
7811.169434	-90.679756
7816.552734	-85.429153
7821.936035	-82.120331
7827.319336	-80.705498
7832.702637	-79.520836
7838.085938	-79.747665
7843.469238	-81.894753
7848.852539	-85.291405
7854.235840	-83.636612
7859.619141	-80.004349
7865.002441	-77.912949
7870.385742	-77.858192
7875.769043	-79.992104
7881.152344	-83.423828
7886.535645	-85.162727
7891.918945	-82.300858
7897.302246	-80.350426
7902.685547	-80.678276
7908.068848	-83.688263
7913.452148	-89.286430
7918.835449	-89.441032
7924.218750	-84.329506
7929.602051	-80.940491
7934.985352	-79.781303
7940.368652	-79.917641
7945.751953	-80.232048
7951.135254	-81.763687
7956.518555	-82.472229
7961.901855	-83.909950
7967.285156	-85.421570
7972.668457	-85.236443
7978.051758	-86.833466
7983.435059	-91.557228
7988.818359	-94.044090
7994.201660	-91.007011
7999.584961	-90.117561
8004.968262	-93.199448
8010.351562	-89.476257
8015.734863	-87.223953
8021.118164	-87.024956
8026.501465	-86.206474
8031.884766	-85.039970
8037.268066	-84.519539
8042.651367	-84.707932
8048.034668	-83.584709
8053.417969	-80.919426
8058.801270	-80.255974
8064.184570	-81.518158
8069.567871	-85.219185
8074.951172	-90.616936
8080.334473	-87.364029
8085.717773	-83.896660
8091.101074	-82.960159
8096.484375	-84.543198
8101.867676	-88.400383
8107.250977	-90.587097
8112.634277	-87.812012
8118.017578	-86.142395
8123.400879	-86.062653
8128.784180	-87.013474
8134.167480	-87.187317
8139.550781	-88.682198
8144.934082	-92.474045
8150.317383	-95.178711
8155.700684	-93.352989
8161.083984	-91.595711
8166.467285	-93.173050
8171.850586	-94.273483
8177.233887	-92.695641
8182.617188	-92.062057
8188.000488	-89.506996
8193.383789	-87.244308
8198.767090	-86.223251
8204.150391	-86.975510
8209.533691	-90.663666
8214.916992	-99.004059
8220.300293	-93.960518
8225.683594	-89.652679
8231.066895	-87.580788
8236.450195	-88.111099
8241.833496	-90.904488
8247.216797	-94.530609
8252.600098	-96.208160
8257.983398	-89.940193
8263.366699	-86.951576
8268.750000	-86.477898
8274.133301	-87.983612
8279.516602	-92.591797
8284.899902	-94.436813
8290.283203	-91.400108
8295.666504	-89.963516
8301.049805	-89.353027
8306.433105	-89.227890
8311.816406	-88.257622
8317.199707	-87.263084
8322.583008	-85.980125
8327.966309	-85.276062
8333.349609	-85.428375
8338.732910	-85.897491
8344.116211	-86.060463
8349.499512	-85.451057
8354.882812	-86.112740
8360.266113	-88.952507
8365.649414	-91.430481
8371.032715	-88.120483
8376.416016	-85.698631
8381.799316	-85.170837
8387.182617	-85.553223
8392.565918	-86.584747
8397.949219	-90.273163
8403.332520	-93.922508
8408.715820	-88.139069
8414.099121	-84.600220
8419.482422	-82.898499
8424.865723	-81.192688
8430.249023	-79.370064
8435.632324	-78.998505
8441.015625	-81.406059
8446.398926	-87.216545
8451.782227	-86.153114
8457.165527	-82.283951
8462.548828	-81.512924
8467.932129	-82.578255
8473.315430	-84.680122
8478.698730	-86.913994
8484.082031	-86.708069
8489.465332	-86.438179
8494.848633	-87.558937
8500.231934	-87.539986
8505.615234	-87.598412
8510.998535	-88.481117
8516.381836	-90.316925
8521.765137	-91.424568
8527.148438	-91.501389
8532.531738	-89.192940
8537.915039	-87.819344
8543.298340	-87.772621
8548.681641	-88.469147
8554.064941	-89.358177
8559.448242	-87.909332
8564.831543	-87.146042
8570.214844	-87.438843
8575.598145	-88.225075
8580.981445	-89.782051
8586.364746	-90.464066
8591.748047	-89.292854
8597.131348	-86.897003
8602.514648	-85.152779
8607.897949	-84.898666
8613.281250	-86.927650
8618.664551	-90.909492
8624.047852	-95.128738
8629.431152	-91.738716
8634.814453	-90.569298
8640.197754	-91.836769
8645.581055	-94.254951
8650.964355	-92.009140
8656.347656	-89.140182
8661.730957	-87.387032
8667.114258	-86.594284
8672.497559	-87.455948
8677.880859	-87.840202
8683.264160	-88.404274
8688.647461	-90.682449
8694.030762	-94.215416
8699.414062	-97.814095
8704.797363	-95.384201
8710.180664	-91.951286
8715.563965	-91.599701
8720.947266	-91.597160
8726.330566	-94.396141
8731.713867	-100.206001
8737.097168	-94.363274
8742.480469	-93.248619
8747.863770	-95.295525
8753.247070	-98.776505
8758.630371	-98.642448
8764.013672	-95.257301
8769.396973	-96.282043
8774.780273	-98.128525
8780.163574	-96.989998
8785.546875	-93.717094
8790.930176	-92.030319
8796.313477	-95.051254
8801.696777	-95.960281
8807.080078	-93.582245
8812.463379	-90.447609
8817.846680	-90.053230
8823.229980	-90.585274
8828.613281	-92.141953
8833.996582	-92.161743
8839.379883	-91.820808
8844.763184	-93.248779
8850.146484	-92.016220
8855.529785	-90.310951
8860.913086	-88.972130
8866.296387	-89.293526
8871.679688	-90.791725
8877.062988	-93.304977
8882.446289	-95.488426
8887.829590	-92.664062
8893.212891	-90.943291
8898.596191	-91.724281
8903.979492	-93.748650
8909.362793	-95.403137
8914.746094	-92.021172
8920.129395	-90.794861
8925.512695	-90.417992
8930.895996	-90.208893
8936.279297	-89.367416
8941.662598	-91.165314
8947.045898	-91.544525
8952.429199	-92.130806
8957.812500	-92.226112
8963.195801	-92.414185
8968.579102	-91.508232
8973.962402	-90.987892
8979.345703	-89.226112
8984.729004	-89.706932
8990.112305	-91.058876
8995.495605	-93.692535
9000.878906	-93.088760
9006.262207	-91.119766
9011.645508	-89.662865
9017.028809	-90.332695
9022.412109	-92.687721
9027.795410	-96.473671
9033.178711	-95.451927
9038.562012	-92.857399
9043.945312	-92.932007
9049.328613	-93.418175
9054.711914	-95.708542
9060.095215	-96.972702
9065.478516	-100.119392
9070.861816	-96.706490
9076.245117	-96.692406
9081.628418	-95.604210
9087.011719	-96.170113
9092.395020	-96.729225
9097.778320	-97.755920
9103.161621	-97.943062
9108.544922	-99.129311
9113.928223	-98.176987
9119.311523	-97.392548
9124.694824	-94.725090
9130.078125	-94.719330
9135.461426	-93.984024
9140.844727	-95.028519
9146.228027	-96.808098
9151.611328	-99.459373
9156.994629	-97.898415
9162.377930	-96.823814
9167.761230	-97.716629
9173.144531	-97.764252
9178.527832	-101.184982
9183.911133	-98.398109
9189.294434	-97.417328
9194.677734	-98.028328
9200.061035	-97.297760
9205.444336	-98.175156
9210.827637	-99.671188
9216.210938	-98.672699
9221.594238	-97.982475
9226.977539	-98.670891
9232.360840	-96.428177
9237.744141	-94.803223
9243.127441	-94.999916
9248.510742	-96.194916
9253.894043	-97.517838
9259.277344	-95.899475
9264.660645	-95.071693
9270.043945	-95.009308
9275.427246	-95.203148
9280.810547	-95.253883
9286.193848	-96.082726
9291.577148	-95.123314
9296.960449	-94.980194
9302.343750	-93.278877
9307.727051	-93.620483
9313.110352	-93.403557
9318.493652	-93.972450
9323.876953	-95.332497
9329.260254	-95.285583
9334.643555	-93.827179
9340.026855	-94.817657
9345.410156	-93.228241
9350.793457	-93.540054
9356.176758	-93.450424
9361.560059	-93.480530
9366.943359	-93.853958
9372.326660	-93.169647
9377.709961	-94.422150
9383.093262	-96.623955
9388.476562	-95.428368
9393.859863	-95.350647
9399.243164	-96.640442
9404.626465	-100.067841
9410.009766	-99.198593
9415.393066	-99.597977
9420.776367	-96.898911
9426.159668	-97.163582
9431.542969	-97.103424
9436.926270	-100.162262
9442.309570	-101.065605
9447.692871	-96.406578
9453.076172	-95.473839
9458.459473	-97.005493
9463.842773	-98.966011
9469.226074	-101.761009
9474.609375	-100.402824
9479.992676	-100.078560
9485.375977	-98.512833
9490.759277	-100.858299
9496.142578	-99.635796
9501.525879	-98.452591
9506.909180	-98.194748
9512.292480	-97.513145
9517.675781	-98.452805
9523.059082	-100.754288
9528.442383	-97.980118
9533.825684	-97.242035
9539.208984	-98.567101
9544.592285	-102.063911
9549.975586	-99.345093
9555.358887	-95.595665
9560.742188	-95.300621
9566.125488	-97.143112
9571.508789	-96.917702
9576.892090	-94.527542
9582.275391	-92.787636
9587.658691	-91.330284
9593.041992	-90.284630
9598.425293	-89.710251
9603.808594	-90.398544
9609.191895	-92.147232
9614.575195	-94.819290
9619.958496	-94.905746
9625.341797	-93.748810
9630.725098	-93.162018
9636.108398	-91.701256
9641.491699	-91.537796
9646.875000	-92.361404
9652.258301	-93.683479
9657.641602	-96.906799
9663.024902	-98.943588
9668.408203	-98.824173
9673.791504	-98.643364
9679.174805	-97.414871
9684.558105	-97.597008
9689.941406	-100.336624
9695.324707	-103.299629
9700.708008	-98.625572
9706.091309	-95.652145
9711.474609	-94.525543
9716.857910	-97.081032
9722.241211	-98.574196
9727.624512	-99.457451
9733.007812	-98.531822
9738.391113	-98.673546
9743.774414	-100.498611
9749.157715	-99.885300
9754.541016	-98.824295
9759.924316	-96.380630
9765.307617	-97.519127
9770.690918	-101.002579
9776.074219	-98.166710
9781.457520	-94.731873
9786.840820	-94.704521
9792.224121	-95.070709
9797.607422	-98.241615
9802.990723	-101.116211
9808.374023	-99.627350
9813.757324	-98.454170
9819.140625	-98.443047
9824.523926	-100.365273
9829.907227	-102.581955
9835.290527	-100.614944
9840.673828	-97.356041
9846.057129	-95.962585
9851.440430	-95.876404
9856.823730	-97.090424
9862.207031	-100.375778
9867.590332	-97.485626
9872.973633	-95.565437
9878.356934	-95.214012
9883.740234	-97.909592
9889.123535	-97.460121
9894.506836	-96.514015
9899.890137	-97.307823
9905.273438	-97.103638
9910.656738	-99.499893
9916.040039	-100.393532
9921.423340	-99.716530
9926.806641	-98.170555
9932.189941	-98.710846
9937.573242	-101.019539
9942.956543	-99.464577
9948.339844	-97.655212
9953.723145	-99.498871
9959.106445	-97.915421
9964.489746	-97.469238
9969.873047	-99.472191
9975.256348	-99.698723
9980.639648	-103.444061
9986.022949	-100.029938
9991.406250	-100.504433
9996.789551	-101.579308
10002.172852	-99.862900
10007.556152	-103.177567
10012.939453	-100.598396
10018.322754	-100.496834
10023.706055	-102.997665
10029.089355	-100.574173
10034.472656	-98.721817
10039.855957	-100.924500
10045.239258	-100.487564
10050.622559	-100.653320
10056.005859	-96.792587
10061.389160	-94.084671
10066.772461	-93.932907
10072.155762	-94.307663
10077.539062	-94.783562
10082.922363	-94.563126
10088.305664	-96.021042
10093.688965	-95.507965
10099.072266	-94.919922
10104.455566	-97.113197
10109.838867	-97.868683
10115.222168	-99.201553
10120.605469	-98.420547
10125.988770	-96.030045
10131.372070	-95.413773
10136.755371	-95.584846
10142.138672	-94.986374
10147.521973	-95.153320
10152.905273	-95.431061
10158.288574	-96.034386
10163.671875	-99.237061
10169.055176	-101.271156
10174.438477	-100.951675
10179.821777	-96.474792
10185.205078	-96.690208
10190.588379	-96.563942
10195.971680	-94.594223
10201.354980	-92.230064
10206.738281	-92.174957
10212.121582	-92.385330
10217.504883	-95.413139
10222.888184	-96.203423
10228.271484	-96.285423
10233.654785	-96.629395
10239.038086	-94.547928
10244.421387	-95.065796
10249.804688	-94.129265
10255.187988	-93.451584
10260.571289	-93.171944
10265.954590	-93.133453
10271.337891	-93.183311
10276.721191	-93.908272
10282.104492	-95.479446
10287.487793	-95.155846
10292.871094	-94.711418
10298.254395	-94.277481
10303.637695	-97.052231
10309.020996	-96.810425
10314.404297	-97.025230
10319.787598	-93.899307
10325.170898	-95.202957
10330.554199	-96.967606
10335.937500	-99.449844
10341.320801	-99.961578
10346.704102	-96.438866
10352.087402	-97.895554
10357.470703	-97.719940
10362.854004	-97.509056
10368.237305	-96.097900
10373.620605	-96.395775
10379.003906	-95.274529
10384.387207	-94.020966
10389.770508	-94.642761
10395.153809	-97.219040
10400.537109	-95.659988
10405.920410	-93.132889
10411.303711	-92.219887
10416.687012	-93.404808
10422.070312	-95.672821
10427.453613	-97.614067
10432.836914	-95.240196
10438.220215	-95.359283
10443.603516	-95.141678
10448.986816	-96.327606
10454.370117	-99.935059
10459.753418	-97.923149
10465.136719	-96.277748
10470.520020	-97.005287
10475.903320	-96.111244
10481.286621	-94.544945
10486.669922	-95.185280
10492.053223	-97.085167
10497.436523	-100.800568
10502.819824	-99.437004
10508.203125	-96.024223
10513.586426	-94.442719
10518.969727	-96.405693
10524.353027	-99.964355
10529.736328	-100.533272
10535.119629	-96.083122
10540.502930	-93.388901
10545.886230	-93.054214
10551.269531	-93.750046
10556.652832	-94.002159
10562.036133	-95.196548
10567.419434	-94.004257
10572.802734	-93.491653
10578.186035	-94.759659
10583.569336	-96.866951
10588.952637	-98.575600
10594.335938	-98.711220
10599.719238	-100.398544
10605.102539	-99.869209
10610.485840	-102.058693
10615.869141	-100.538269
10621.252441	-98.223251
10626.635742	-97.608459
10632.019043	-98.944099
10637.402344	-100.073662
10642.785645	-102.532333
10648.168945	-98.678940
10653.552246	-96.027863
10658.935547	-97.332581
10664.318848	-99.453377
10669.702148	-101.128189
10675.085449	-99.420334
10680.468750	-96.887329
10685.852051	-96.364952
10691.235352	-96.468536
10696.618652	-97.627945
10702.001953	-97.976646
10707.385254	-98.353302
10712.768555	-96.776039
10718.151855	-98.035492
10723.535156	-98.745956
10728.918457	-98.898804
10734.301758	-96.200394
10739.685059	-96.738335
10745.068359	-97.686707
10750.451660	-99.221481
10755.834961	-99.713371
10761.218262	-98.343597
10766.601562	-97.673698
10771.984863	-96.192032
10777.368164	-97.432602
10782.751465	-98.291527
10788.134766	-101.631607
10793.518066	-100.294556
10798.901367	-97.877693
10804.284668	-97.570946
10809.667969	-98.057121
10815.051270	-99.649956
10820.434570	-100.900490
10825.817871	-100.311882
10831.201172	-102.517082
10836.584473	-100.419571
10841.967773	-100.107841
10847.351074	-99.562042
10852.734375	-99.776131
10858.117676	-99.791283
10863.500977	-103.142769
10868.884277	-100.508163
10874.267578	-98.819527
10879.650879	-99.171722
10885.034180	-98.335098
10890.417480	-96.949554
10895.800781	-99.614326
10901.184082	-98.415771
10906.567383	-98.246407
10911.950684	-98.820633
10917.333984	-97.992195
10922.717285	-101.397530
10928.100586	-100.189873
10933.483887	-99.617729
10938.867188	-98.595093
10944.250488	-99.721001
10949.633789	-102.605667
10955.017090	-100.246292
10960.400391	-100.141754
10965.783691	-99.435844
10971.166992	-102.499207
10976.550293	-102.111824
10981.933594	-100.960388
10987.316895	-99.884628
10992.700195	-98.699783
10998.083496	-101.185303
11003.466797	-100.618996
11008.850098	-100.160828
11014.233398	-100.969803
11019.616699	-100.418434
11025.000000	-102.968674
11030.383301	-101.057213
11035.766602	-102.243820
11041.149902	-99.681381
11046.533203	-100.330505
11051.916504	-101.513443
11057.299805	-100.546066
11062.683105	-102.072342
11068.066406	-98.450310
11073.449707	-97.608246
11078.833008	-98.230865
11084.216309	-99.998573
11089.599609	-99.892517
11094.982910	-98.158806
11100.366211	-98.775146
11105.749512	-100.010361
11111.132812	-104.594925
11116.516113	-101.082191
11121.899414	-100.305641
11127.282715	-99.696815
11132.666016	-99.389732
11138.049316	-98.769279
11143.432617	-100.376137
11148.815918	-102.120903
11154.199219	-102.130981
11159.582520	-100.223557
11164.965820	-99.855110
11170.349121	-101.263718
11175.732422	-100.490173
11181.115723	-100.513863
11186.499023	-99.960022
11191.882324	-99.056343
11197.265625	-101.665749
11202.648926	-101.336411
11208.032227	-98.030678
11213.415527	-98.777718
11218.798828	-100.179443
11224.182129	-101.673683
11229.565430	-104.762398
11234.948730	-101.079483
11240.332031	-100.322594
11245.715332	-100.796684
11251.098633	-101.196266
11256.481934	-102.711685
11261.865234	-100.779289
11267.248535	-101.024307
11272.631836	-100.940483
11278.015137	-98.779648
11283.398438	-97.422867
11288.781738	-98.851540
11294.165039	-100.526985
11299.548340	-101.574394
11304.931641	-101.816330
11310.314941	-103.058365
11315.698242	-102.237076
11321.081543	-101.468094
11326.464844	-102.701141
11331.848145	-103.439049
11337.231445	-101.642555
11342.614746	-102.310081
11347.998047	-99.152519
11353.381348	-102.425552
11358.764648	-100.730804
11364.147949	-102.632454
11369.531250	-101.553871
11374.914551	-98.894386
11380.297852	-97.334717
11385.681152	-97.798828
11391.064453	-98.244652
11396.447754	-98.080856
11401.831055	-96.047249
11407.214355	-96.087227
11412.597656	-96.812737
11417.980957	-98.148865
11423.364258	-100.426819
11428.747559	-101.645599
11434.130859	-101.307465
11439.514160	-100.121719
11444.897461	-98.303886
11450.280762	-98.560905
11455.664062	-99.261238
11461.047363	-102.626602
11466.430664	-101.818108
11471.813965	-97.816933
11477.197266	-94.394661
11482.580566	-94.884140
11487.963867	-96.599022
11493.347168	-99.116402
11498.730469	-101.031769
11504.113770	-98.027702
11509.497070	-97.386131
11514.880371	-97.740692
11520.263672	-99.129311
11525.646973	-100.653969
11531.030273	-101.332893
11536.413574	-100.132103
11541.796875	-102.549385
11547.180176	-102.978508
11552.563477	-102.188469
11557.946777	-99.535927
11563.330078	-101.498993
11568.713379	-100.880554
11574.096680	-100.929039
11579.479980	-103.766556
11584.863281	-100.243965
11590.246582	-102.076447
11595.629883	-103.026520
11601.013184	-99.784370
11606.396484	-98.680519
11611.779785	-98.072418
11617.163086	-97.453896
11622.546387	-98.367203
11627.929688	-98.920288
11633.312988	-99.819862
11638.696289	-98.080002
11644.079590	-98.046448
11649.462891	-98.259918
11654.846191	-98.570595
11660.229492	-97.375381
11665.612793	-97.984833
11670.996094	-99.088615
11676.379395	-100.231842
11681.762695	-98.446678
11687.145996	-96.522537
11692.529297	-96.596100
11697.912598	-99.542725
11703.295898	-101.585220
11708.679199	-98.844223
11714.062500	-97.403786
11719.445801	-99.894310
11724.829102	-100.410820
11730.212402	-98.793152
11735.595703	-97.275108
11740.979004	-97.608528
11746.362305	-100.708725
11751.745605	-102.299438
11757.128906	-102.383324
11762.512207	-99.580406
11767.895508	-98.298454
11773.278809	-97.920334
11778.662109	-101.298721
11784.045410	-98.539185
11789.428711	-95.188019
11794.812012	-92.113152
11800.195312	-92.345924
11805.578613	-93.065948
11810.961914	-95.876854
11816.345215	-97.921570
11821.728516	-99.844872
11827.111816	-97.189262
11832.495117	-95.912849
11837.878418	-97.178253
11843.261719	-97.321632
11848.645020	-97.211678
11854.028320	-97.962509
11859.411621	-102.343262
11864.794922	-98.416939
11870.178223	-95.287506
11875.561523	-95.291580
11880.944824	-97.589111
11886.328125	-101.171799
11891.711426	-100.284615
11897.094727	-100.061134
11902.478027	-100.068420
11907.861328	-100.863586
11913.244629	-103.146652
11918.627930	-101.861855
11924.011230	-98.477158
11929.394531	-97.988724
11934.777832	-96.818260
11940.161133	-97.499672
11945.544434	-97.297920
11950.927734	-96.289665
11956.311035	-96.110992
11961.694336	-98.588745
11967.077637	-99.087135
11972.460938	-98.178757
11977.844238	-95.265022
11983.227539	-95.758728
11988.610840	-94.957832
11993.994141	-96.794739
11999.377441	-96.106415
12004.760742	-95.245338
12010.144043	-94.712151
12015.527344	-96.358910
12020.910645	-96.077110
12026.293945	-95.423317
12031.677246	-94.059219
12037.060547	-94.635895
12042.443848	-96.549217
12047.827148	-98.114601
12053.210449	-96.101730
12058.593750	-94.362259
12063.977051	-94.637482
12069.360352	-97.093636
12074.743652	-100.655380
12080.126953	-100.683746
12085.510254	-98.094437
12090.893555	-97.397011
12096.276855	-97.122269
12101.660156	-97.978714
12107.043457	-97.248138
12112.426758	-95.132973
12117.810059	-95.021767
12123.193359	-94.532516
12128.576660	-94.985451
12133.959961	-94.227692
12139.343262	-93.941727
12144.726562	-94.413261
12150.109863	-96.055908
12155.493164	-99.709335
12160.876465	-100.244514
12166.259766	-96.161407
12171.643066	-94.828728
12177.026367	-95.881622
12182.409668	-98.861580
12187.792969	-100.447037
12193.176270	-96.671928
12198.559570	-96.442619
12203.942871	-93.530289
12209.326172	-94.974861
12214.709473	-96.424217
12220.092773	-98.403008
12225.476074	-97.887283
12230.859375	-99.316139
12236.242676	-99.983315
12241.625977	-99.885597
12247.009277	-98.527283
12252.392578	-97.725403
12257.775879	-99.203362
12263.159180	-102.859055
12268.542480	-98.526230
12273.925781	-95.108627
12279.309082	-93.585724
12284.692383	-94.161179
12290.075684	-96.922928
12295.458984	-97.305824
12300.842285	-97.587563
12306.225586	-96.746353
12311.608887	-99.383820
12316.992188	-98.075256
12322.375488	-98.890594
12327.758789	-98.863426
12333.142090	-100.107483
12338.525391	-98.734108
12343.908691	-102.340027
12349.291992	-101.190956
12354.675293	-100.909622
12360.058594	-97.023308
12365.441895	-97.846756
12370.825195	-100.200569
12376.208496	-104.455002
12381.591797	-100.530296
12386.975098	-104.624817
12392.358398	-101.129143
12397.741699	-100.499329
12403.125000	-102.353645
12408.508301	-100.690552
12413.891602	-100.973412
12419.274902	-102.753197
12424.658203	-101.785988
12430.041504	-99.941628
12435.424805	-99.593193
12440.808105	-101.330978
12446.191406	-103.201103
12451.574707	-101.172913
12456.958008	-102.179848
12462.341309	-99.496445
12467.724609	-101.637978
12473.107910	-104.269409
12478.491211	-100.854698
12483.874512	-102.346069
12489.257812	-102.613876
12494.641113	-101.611916
12500.024414	-102.619347
12505.407715	-102.511673
12510.791016	-102.167946
12516.174316	-103.082886
12521.557617	-103.511368
12526.940918	-100.163948
12532.324219	-99.690247
12537.707520	-97.532478
12543.090820	-96.554657
12548.474121	-98.808167
12553.857422	-100.694962
12559.240723	-99.842941
12564.624023	-97.852631
12570.007324	-97.913803
12575.390625	-99.932030
12580.773926	-100.553001
12586.157227	-98.381691
12591.540527	-99.401070
12596.923828	-100.000351
12602.307129	-98.211990
12607.690430	-96.742500
12613.073730	-95.714203
12618.457031	-97.174065
12623.840332	-98.834068
12629.223633	-103.236664
12634.606934	-101.544205
12639.990234	-101.191650
12645.373535	-100.930336
12650.756836	-101.309006
12656.140137	-102.576065
12661.523438	-103.402779
12666.906738	-104.146759
12672.290039	-101.793648
12677.673340	-100.942039
12683.056641	-103.625641
12688.439941	-100.495369
12693.823242	-97.996689
12699.206543	-100.077560
12704.589844	-98.894447
12709.973145	-101.491776
12715.356445	-99.143898
12720.739746	-96.293236
12726.123047	-97.636414
12731.506348	-99.393646
12736.889648	-102.653160
12742.272949	-100.080978
12747.656250	-100.386620
12753.039551	-97.873161
12758.422852	-97.374947
12763.806152	-99.560219
12769.189453	-100.880539
12774.572754	-104.628487
12779.956055	-101.844093
12785.339355	-99.734062
12790.722656	-100.921066
12796.105957	-101.672859
12801.489258	-101.735352
12806.872559	-99.224823
12812.255859	-103.557854
12817.639160	-99.856361
12823.022461	-101.109673
12828.405762	-99.188995
12833.789062	-99.182602
12839.172363	-100.731079
12844.555664	-100.431328
12849.938965	-101.980469
12855.322266	-98.488655
12860.705566	-98.122482
12866.088867	-98.527054
12871.472168	-99.674454
12876.855469	-105.163544
12882.238770	-100.226601
12887.622070	-100.347153
12893.005371	-99.181862
12898.388672	-100.356308
12903.771973	-98.866791
12909.155273	-99.499138
12914.538574	-98.301575
12919.921875	-100.096024
12925.305176	-101.361511
12930.688477	-100.340576
12936.071777	-103.809830
12941.455078	-100.988914
12946.838379	-103.120697
12952.221680	-101.397209
12957.604980	-105.367004
12962.988281	-101.435822
12968.371582	-103.196045
12973.754883	-102.186401
12979.138184	-103.486389
12984.521484	-102.809547
12989.904785	-101.311890
12995.288086	-100.215904
13000.671387	-98.261711
13006.054688	-99.067482
13011.437988	-98.161201
13016.821289	-96.810852
13022.204590	-97.243286
13027.587891	-98.194672
13032.971191	-102.606438
13038.354492	-102.487930
13043.737793	-97.826897
13049.121094	-96.957298
13054.504395	-97.683060
13059.887695	-100.706795
13065.270996	-103.047874
13070.654297	-98.714943
13076.037598	-94.690628
13081.420898	-94.126282
13086.804199	-94.236427
13092.187500	-95.337112
13097.570801	-96.684387
13102.954102	-97.432678
13108.337402	-99.777061
13113.720703	-99.354881
13119.104004	-97.403595
13124.487305	-96.741615
13129.870605	-96.708984
13135.253906	-99.606857
13140.637207	-100.658981
13146.020508	-100.675865
13151.403809	-100.660362
13156.787109	-98.929214
13162.170410	-100.803909
13167.553711	-99.950897
13172.937012	-103.362022
13178.320312	-101.576050
13183.703613	-99.139008
13189.086914	-97.838356
13194.470215	-97.541801
13199.853516	-98.588654
13205.236816	-99.127708
13210.620117	-98.638687
13216.003418	-101.065208
13221.386719	-100.022995
13226.770020	-105.080017
13232.153320	-104.163750
13237.536621	-98.130699
13242.919922	-103.561882
13248.303223	-100.290802
13253.686523	-100.883553
13259.069824	-98.544044
13264.453125	-98.638054
13269.836426	-101.141296
13275.219727	-101.282341
13280.603027	-101.959244
13285.986328	-99.113426
13291.369629	-103.614601
13296.752930	-100.038528
13302.136230	-101.582535
13307.519531	-102.225250
13312.902832	-100.371597
13318.286133	-100.602043
13323.669434	-102.050163
13329.052734	-101.148354
13334.436035	-101.706459
13339.819336	-98.218376
13345.202637	-99.735199
13350.585938	-102.078308
13355.969238	-104.281670
13361.352539	-99.900650
13366.735840	-97.853310
13372.119141	-96.619804
13377.502441	-97.384750
13382.885742	-101.213165
13388.269043	-101.668434
13393.652344	-101.979500
13399.035645	-99.977325
13404.418945	-99.565735
13409.802246	-99.221329
13415.185547	-99.521957
13420.568848	-98.599831
13425.952148	-98.888367
13431.335449	-99.390213
13436.718750	-100.967590
13442.102051	-104.379150
13447.485352	-104.166321
13452.868652	-101.437851
13458.251953	-100.649910
13463.635254	-100.109512
13469.018555	-98.409096
13474.401855	-98.851051
13479.785156	-98.585419
13485.168457	-101.784576
13490.551758	-103.988831
13495.935059	-103.044121
13501.318359	-102.105286
13506.701660	-103.303413
13512.084961	-102.989029
13517.468262	-102.737106
13522.851562	-101.030319
13528.234863	-103.205597
13533.618164	-100.904449
13539.001465	-102.190102
13544.384766	-102.281914
13549.768066	-99.787041
13555.151367	-101.060234
13560.534668	-101.346664
13565.917969	-99.703285
13571.301270	-98.512962
13576.684570	-97.393852
13582.067871	-98.059357
13587.451172	-102.573616
13592.834473	-100.045044
13598.217773	-96.660172
13603.601074	-94.252449
13608.984375	-95.687141
13614.367676	-96.014809
13619.750977	-98.048851
13625.134277	-97.390305
13630.517578	-97.723747
13635.900879	-94.824478
13641.284180	-94.867928
13646.667480	-94.397240
13652.050781	-95.113762
13657.434082	-95.820389
13662.817383	-95.271606
13668.200684	-94.231209
13673.583984	-92.661987
13678.967285	-92.179527
13684.350586	-92.321144
13689.733887	-93.886871
13695.117188	-97.188026
13700.500488	-98.610023
13705.883789	-98.445793
13711.267090	-97.499565
13716.650391	-96.289413
13722.033691	-94.911522
13727.416992	-95.894539
13732.800293	-98.479195
13738.183594	-96.867134
13743.566895	-96.413086
13748.950195	-95.574661
13754.333496	-95.743958
13759.716797	-97.222511
13765.100098	-96.322250
13770.483398	-96.478523
13775.866699	-97.340614
13781.250000	-99.459755
13786.633301	-99.425873
13792.016602	-96.990761
13797.399902	-96.585541
13802.783203	-98.970787
13808.166504	-101.929031
13813.549805	-102.360794
13818.933105	-100.352341
13824.316406	-99.759338
13829.699707	-99.048241
13835.083008	-98.404922
13840.466309	-99.729103
13845.849609	-99.100822
13851.232910	-100.520691
13856.616211	-101.454926
13861.999512	-101.656883
13867.382812	-99.920746
13872.766113	-99.530983
13878.149414	-100.070374
13883.532715	-101.131180
13888.916016	-100.580460
13894.299316	-100.249397
13899.682617	-99.376266
13905.065918	-100.656631
13910.449219	-101.004601
13915.832520	-104.608940
13921.215820	-101.948082
13926.599121	-101.583260
13931.982422	-99.749611
13937.365723	-101.443779
13942.749023	-104.813614
13948.132324	-101.470634
13953.515625	-103.056541
13958.898926	-102.864601
13964.282227	-102.820427
13969.665527	-101.393631
13975.048828	-102.524597
13980.432129	-102.084114
13985.815430	-103.031609
13991.198730	-99.130661
13996.582031	-98.830734
14001.965332	-99.329430
14007.348633	-98.711349
14012.731934	-98.750526
14018.115234	-97.449608
14023.498535	-96.199852
14028.881836	-97.458130
14034.265137	-97.857628
14039.648438	-98.037003
14045.031738	-96.544380
14050.415039	-95.350548
14055.798340	-96.133278
14061.181641	-100.304138
14066.564941	-99.734673
14071.948242	-94.284767
14077.331543	-93.569656
14082.714844	-92.697136
14088.098145	-92.102646
14093.481445	-92.517242
14098.864746	-95.256821
14104.248047	-95.612007
14109.631348	-92.482849
14115.014648	-90.963638
14120.397949	-91.484596
14125.781250	-94.065811
14131.164551	-95.966774
14136.547852	-96.676666
14141.931152	-100.305077
14147.314453	-96.096855
14152.697754	-91.625481
14158.081055	-91.042801
14163.464355	-91.762352
14168.847656	-93.135696
14174.230957	-92.017395
14179.614258	-91.719849
14184.997559	-92.050514
14190.380859	-91.453400
14195.764160	-91.734795
14201.147461	-93.189980
14206.530762	-100.762955
14211.914062	-96.946236
14217.297363	-94.089699
14222.680664	-94.271362
14228.063965	-94.740387
14233.447266	-95.566513
14238.830566	-94.745033
14244.213867	-95.357079
14249.597168	-95.230576
14254.980469	-94.986099
14260.363770	-95.452103
14265.747070	-94.510513
14271.130371	-94.825058
14276.513672	-94.050308
14281.896973	-96.162125
14287.280273	-98.928566
14292.663574	-95.796638
14298.046875	-93.514664
14303.430176	-93.065956
14308.813477	-92.744408
14314.196777	-92.686920
14319.580078	-93.659767
14324.963379	-92.555611
14330.346680	-91.519203
14335.729980	-90.481361
14341.113281	-90.164314
14346.496582	-89.400330
14351.879883	-90.104828
14357.263184	-91.473770
14362.646484	-93.365562
14368.029785	-94.062462
14373.413086	-94.200699
14378.796387	-94.578812
14384.179688	-94.235825
14389.562988	-95.136658
14394.946289	-98.472160
14400.329590	-96.523582
14405.712891	-93.179733
14411.096191	-91.769745
14416.479492	-92.297821
14421.862793	-94.956070
14427.246094	-96.202133
14432.629395	-96.923401
14438.012695	-96.288277
14443.395996	-95.573273
14448.779297	-95.803543
14454.162598	-98.295258
14459.545898	-99.133728
14464.929199	-97.694153
14470.312500	-96.068375
14475.695801	-96.152962
14481.079102	-96.391396
14486.462402	-96.017128
14491.845703	-95.469948
14497.229004	-97.185402
14502.612305	-97.425331
14507.995605	-97.103966
14513.378906	-98.154709
14518.762207	-98.458145
14524.145508	-99.473511
14529.528809	-104.938454
14534.912109	-100.875450
14540.295410	-99.435265
14545.678711	-97.716560
14551.062012	-97.271873
14556.445312	-98.919815
14561.828613	-99.807411
14567.211914	-101.879883
14572.595215	-101.921860
14577.978516	-101.095139
14583.361816	-98.620735
14588.745117	-98.708199
14594.128418	-98.995995
14599.511719	-97.907547
14604.895020	-98.769646
14610.278320	-101.214050
14615.661621	-100.724030
14621.044922	-101.031067
14626.428223	-101.984238
14631.811523	-103.309784
14637.194824	-104.494255
14642.578125	-103.341087
14647.961426	-102.964417
14653.344727	-102.545448
14658.728027	-101.919281
14664.111328	-101.642464
14669.494629	-103.033043
14674.877930	-100.544632
14680.261230	-104.344505
14685.644531	-103.069084
14691.027832	-104.161064
14696.411133	-101.853149
14701.794434	-102.739044
14707.177734	-101.914474
14712.561035	-101.998734
14717.944336	-99.655960
14723.327637	-98.412369
14728.710938	-101.081207
14734.094238	-101.556068
14739.477539	-100.390068
14744.860840	-97.375397
14750.244141	-96.090103
14755.627441	-95.227768
14761.010742	-96.883095
14766.394043	-102.885368
14771.777344	-100.013359
14777.160645	-96.392036
14782.543945	-96.116013
14787.927246	-96.892334
14793.310547	-98.804512
14798.693848	-98.150085
14804.077148	-97.708519
14809.460449	-97.718376
14814.843750	-95.111389
14820.227051	-93.410622
14825.610352	-92.696602
14830.993652	-93.754768
14836.376953	-94.177094
14841.760254	-93.617790
14847.143555	-94.744041
14852.526855	-96.127312
14857.910156	-95.884689
14863.293457	-95.071548
14868.676758	-96.169998
14874.060059	-98.321945
14879.443359	-94.615074
14884.826660	-93.612244
14890.209961	-93.559662
14895.593262	-93.804832
14900.976562	-96.972054
14906.359863	-99.556244
14911.743164	-102.067215
14917.126465	-99.350204
14922.509766	-99.614380
14927.893066	-101.116043
14933.276367	-101.125374
14938.659668	-103.099739
14944.042969	-100.101387
14949.426270	-99.312836
14954.809570	-98.685303
14960.192871	-97.921356
14965.576172	-97.439369
14970.959473	-98.497017
14976.342773	-98.433372
14981.726074	-99.355133
14987.109375	-99.764389
14992.492676	-99.252029
14997.875977	-96.558601
15003.259277	-97.996918
15008.642578	-95.609550
15014.025879	-96.066673
15019.409180	-96.492264
15024.792480	-96.194969
15030.175781	-98.852287
15035.559082	-101.533226
15040.942383	-98.554596
15046.325684	-96.403740
15051.708984	-96.357628
15057.092285	-99.624817
15062.475586	-102.004326
15067.858887	-105.016693
15073.242188	-102.389778
15078.625488	-99.815498
15084.008789	-105.382202
15089.392090	-103.347755
15094.775391	-98.419601
15100.158691	-96.743813
15105.541992	-94.470337
15110.925293	-94.112350
15116.308594	-94.783890
15121.691895	-93.824913
15127.075195	-94.042740
15132.458496	-94.827286
15137.841797	-95.768387
15143.225098	-93.443367
15148.608398	-93.727272
15153.991699	-93.719780
15159.375000	-95.169052
15164.758301	-98.320213
15170.141602	-99.248756
15175.524902	-98.278625
15180.908203	-96.709648
15186.291504	-97.863937
15191.674805	-98.527542
15197.058105	-97.917686
15202.441406	-97.139130
15207.824707	-95.909477
15213.208008	-95.210999
15218.591309	-95.166862
15223.974609	-94.954414
15229.357910	-94.744278
15234.741211	-92.363525
15240.124512	-92.197906
15245.507812	-92.709236
15250.891113	-92.581703
15256.274414	-91.485649
15261.657715	-92.431107
15267.041016	-95.406876
15272.424316	-98.857323
15277.807617	-100.583633
15283.190918	-96.478065
15288.574219	-95.019814
15293.957520	-94.968719
15299.340820	-96.142868
15304.724121	-97.342865
15310.107422	-94.989479
15315.490723	-92.268646
15320.874023	-91.713600
15326.257324	-94.560844
15331.640625	-95.182823
15337.023926	-95.345390
15342.407227	-96.875595
15347.790527	-95.458000
15353.173828	-96.781746
15358.557129	-96.738136
15363.940430	-96.472466
15369.323730	-96.328506
15374.707031	-96.773697
15380.090332	-97.638054
15385.473633	-99.208939
15390.856934	-98.603981
15396.240234	-98.593292
15401.623535	-98.365128
15407.006836	-99.348862
15412.390137	-99.197227
15417.773438	-96.140984
15423.156738	-95.086586
15428.540039	-95.196014
15433.923340	-96.330154
15439.306641	-95.866730
15444.689941	-95.314484
15450.073242	-94.314835
15455.456543	-94.797981
15460.839844	-97.211243
15466.223145	-97.072975
15471.606445	-96.876038
15476.989746	-96.319542
15482.373047	-96.574158
15487.756348	-98.012672
15493.139648	-100.403664
15498.522949	-99.651505
15503.906250	-98.708939
15509.289551	-99.127686
15514.672852	-102.677170
15520.056152	-102.943741
15525.439453	-98.525848
15530.822754	-100.173416
15536.206055	-99.077972
15541.589355	-98.504776
15546.972656	-99.108032
15552.355957	-100.426041
15557.739258	-99.653999
15563.122559	-100.550270
15568.505859	-98.596603
15573.889160	-98.371078
15579.272461	-97.255501
15584.655762	-97.791786
15590.039062	-96.453781
15595.422363	-97.961006
15600.805664	-97.973221
15606.188965	-95.433540
15611.572266	-94.661316
15616.955566	-96.172401
15622.338867	-96.295319
15627.722168	-98.520073
15633.105469	-99.933624
15638.488770	-99.007507
15643.872070	-97.850609
15649.255371	-100.022911
15654.638672	-99.564980
15660.021973	-100.661392
15665.405273	-103.066574
15670.788574	-99.727859
15676.171875	-100.131699
15681.555176	-98.761040
15686.938477	-99.185249
15692.321777	-98.246407
15697.705078	-101.845284
15703.088379	-102.365562
15708.471680	-103.672783
15713.854980	-101.893478
15719.238281	-102.113846
15724.621582	-101.393623
15730.004883	-102.565559
15735.388184	-101.808693
15740.771484	-99.564804
15746.154785	-97.781235
15751.538086	-97.462708
15756.921387	-99.517586
15762.304688	-104.506538
15767.687988	-101.769997
15773.071289	-99.105278
15778.454590	-99.136848
15783.837891	-99.888725
15789.221191	-103.765846
15794.604492	-102.867783
15799.987793	-103.051369
15805.371094	-100.832512
15810.754395	-102.352371
15816.137695	-103.523697
15821.520996	-101.987579
15826.904297	-104.251572
15832.287598	-105.016762
15837.670898	-103.170364
15843.054199	-102.394974
15848.437500	-102.130585
15853.820801	-103.617996
15859.204102	-101.559380
15864.587402	-103.631012
15869.970703	-99.038902
15875.354004	-95.379776
15880.737305	-95.727959
15886.120605	-96.655785
15891.503906	-97.917458
15896.887207	-97.601852
15902.270508	-98.775406
15907.653809	-97.918091
15913.037109	-98.013725
15918.420410	-95.608963
15923.803711	-94.949005
15929.187012	-96.819435
15934.570312	-98.165451
15939.953613	-101.988037
15945.336914	-99.792442
15950.720215	-100.245514
15956.103516	-101.483047
15961.486816	-102.089142
15966.870117	-101.760155
15972.253418	-103.130745
15977.636719	-101.825592
15983.020020	-105.730759
15988.403320	-101.345390
15993.786621	-103.306450
15999.169922	-101.577888
16004.553223	-102.422020
16009.936523	-102.553505
16015.319824	-105.505684
16020.703125	-100.166557
16026.086426	-98.901604
16031.469727	-99.660446
16036.853027	-99.386627
16042.236328	-97.701149
16047.619629	-97.462524
16053.002930	-96.874092
16058.386230	-97.766792
16063.769531	-97.962303
16069.152832	-99.477669
16074.536133	-101.140907
16079.919434	-100.663414
16085.302734	-102.658661
16090.686035	-102.463509
16096.069336	-103.792114
16101.452637	-102.995186
16106.835938	-102.187843
16112.219238	-101.495941
16117.602539	-103.190956
16122.985840	-105.204071
16128.369141	-101.467705
16133.752441	-98.844070
16139.135742	-100.344315
16144.519043	-104.369789
16149.902344	-105.208023
16155.285645	-99.647766
16160.668945	-97.998993
16166.052246	-97.089600
16171.435547	-99.822235
16176.818848	-98.348961
16182.202148	-97.094002
16187.585449	-94.629906
16192.968750	-93.562088
16198.352051	-93.755234
16203.735352	-94.034370
16209.118652	-94.047592
16214.501953	-94.261780
16219.885254	-94.677032
16225.268555	-96.334648
16230.651855	-98.206642
16236.035156	-97.812080
16241.418457	-98.259384
16246.801758	-97.183922
16252.185059	-98.582977
16257.568359	-98.989136
16262.951660	-99.725021
16268.334961	-103.968742
16273.718262	-99.898575
16279.101562	-98.004852
16284.484863	-99.390472
16289.868164	-103.037262
16295.251465	-101.975357
16300.634766	-99.878082
16306.018066	-97.856117
16311.401367	-100.259804
16316.784668	-99.743095
16322.167969	-101.947304
16327.551270	-101.760750
16332.934570	-101.761215
16338.317871	-100.059868
16343.701172	-100.377846
16349.084473	-103.339767
16354.467773	-105.007812
16359.851074	-99.725266
16365.234375	-98.793106
16370.617676	-100.227135
16376.000977	-102.246880
16381.384277	-100.854294
16386.767578	-97.668793
16392.150879	-95.167206
16397.534180	-93.399292
16402.917480	-94.715332
16408.300781	-95.597496
16413.684082	-94.826035
16419.067383	-94.699509
16424.450684	-95.736473
16429.833984	-97.044800
16435.217285	-98.532333
16440.600586	-95.709885
16445.983887	-95.357452
16451.367188	-96.375107
16456.750488	-97.850639
16462.133789	-98.434906
16467.517090	-98.780563
16472.900391	-97.833809
16478.283691	-99.596672
16483.666992	-98.594406
16489.050293	-103.141891
16494.433594	-103.299980
16499.816895	-103.628380
16505.200195	-103.332939
16510.583496	-100.828911
16515.966797	-103.179001
16521.350098	-105.112556
16526.733398	-103.468254
16532.116699	-104.228348
16537.500000	-100.640030
16542.883301	-102.465347
16548.266602	-101.421349
16553.649902	-105.026459
16559.033203	-105.981377
16564.416504	-103.973068
16569.799805	-102.290276
16575.183105	-104.036331
16580.566406	-105.291878
16585.949707	-104.290825
16591.333008	-102.509193
16596.716309	-102.411957
16602.099609	-104.021828
16607.482910	-104.467659
16612.866211	-101.888451
16618.249512	-98.754959
16623.632812	-98.227318
16629.016113	-98.447067
16634.399414	-99.241257
16639.782715	-99.823761
16645.166016	-96.962936
16650.549316	-95.007622
16655.932617	-93.398560
16661.315918	-93.551178
16666.699219	-95.204971
16672.082520	-96.874268
16677.465820	-97.691963
16682.849121	-94.012825
16688.232422	-91.655571
16693.615723	-91.282852
16698.999023	-90.516609
16704.382324	-90.319061
16709.765625	-90.985291
16715.148926	-91.895554
16720.532227	-92.207832
16725.915527	-90.726662
16731.298828	-90.277565
16736.682129	-90.484161
16742.065430	-91.278572
16747.448730	-94.361328
16752.832031	-99.095795
16758.215332	-100.863174
16763.598633	-95.718109
16768.981934	-94.095131
16774.365234	-94.697716
16779.748535	-96.711105
16785.131836	-101.776611
16790.515137	-97.599792
16795.898438	-95.308258
16801.281738	-94.379814
16806.665039	-94.656166
16812.048340	-95.056747
16817.431641	-95.956459
16822.814941	-99.025826
16828.198242	-100.037102
16833.581543	-101.025024
16838.964844	-99.210106
16844.348145	-97.944824
16849.731445	-97.529541
16855.114746	-99.992142
16860.498047	-104.411263
16865.881348	-104.434761
16871.264648	-97.201164
16876.647949	-96.180672
16882.031250	-95.206718
16887.414551	-96.950394
16892.797852	-100.528923
16898.181152	-102.969933
16903.564453	-98.427650
16908.947754	-98.465485
16914.331055	-100.032150
16919.714355	-100.033928
16925.097656	-101.345299
16930.480957	-101.631012
16935.864258	-105.018921
16941.247559	-101.242859
16946.630859	-98.865891
16952.014160	-95.857788
16957.397461	-96.857414
16962.780762	-100.285561
16968.164062	-104.596245
16973.547363	-99.113609
16978.930664	-97.546677
16984.313965	-96.738937
16989.697266	-96.482216
16995.080566	-98.748268
17000.463867	-102.875854
17005.847168	-100.450989
17011.230469	-97.202927
17016.613770	-96.511795
17021.997070	-96.655777
17027.380371	-96.140938
17032.763672	-96.680916
17038.146973	-97.792763
17043.530273	-98.416374
17048.913574	-97.753555
17054.296875	-96.477074
17059.680176	-95.117432
17065.063477	-94.446312
17070.446777	-95.419121
17075.830078	-100.433113
17081.213379	-104.687218
17086.596680	-99.598816
17091.979980	-96.877731
17097.363281	-97.711739
17102.746582	-98.002815
17108.129883	-98.075150
17113.513184	-98.222054
17118.896484	-97.609673
17124.279785	-96.974731
17129.663086	-97.213135
17135.046387	-96.708878
17140.429688	-95.816872
17145.812988	-97.454262
17151.196289	-99.145973
17156.579590	-102.985542
17161.962891	-107.327484
17167.346191	-101.484009
17172.729492	-99.316391
17178.112793	-100.201538
17183.496094	-104.485909
17188.879395	-102.292030
17194.262695	-99.170479
17199.645996	-97.073227
17205.029297	-95.815765
17210.412598	-96.602333
17215.795898	-98.561661
17221.179199	-97.836639
17226.562500	-100.197029
17231.945801	-100.453659
17237.329102	-99.719299
17242.712402	-98.118637
17248.095703	-98.436584
17253.479004	-98.123505
17258.862305	-101.484550
17264.245605	-105.453011
17269.628906	-99.596901
17275.012207	-96.985931
17280.395508	-96.902321
17285.778809	-96.167267
17291.162109	-97.494598
17296.545410	-99.151711
17301.928711	-98.519592
17307.312012	-96.555138
17312.695312	-94.628746
17318.078613	-95.312210
17323.461914	-98.446960
17328.845215	-97.559387
17334.228516	-97.990334
17339.611816	-100.485825
17344.995117	-98.802727
17350.378418	-96.888512
17355.761719	-95.632683
17361.145020	-96.220253
17366.528320	-97.379890
17371.911621	-100.222588
17377.294922	-100.208481
17382.678223	-98.708282
17388.061523	-99.139519
17393.444824	-101.486107
17398.828125	-101.046692
17404.211426	-101.474052
17409.594727	-103.623222
17414.978027	-103.275543
17420.361328	-103.876709
17425.744629	-104.191742
17431.127930	-103.480316
17436.511230	-102.130394
17441.894531	-104.040298
17447.277832	-102.503433
17452.661133	-103.954460
17458.044434	-100.811913
17463.427734	-98.153946
17468.811035	-99.307503
17474.194336	-102.709953
17479.577637	-106.840286
17484.960938	-101.689438
17490.344238	-100.108269
17495.727539	-99.115318
17501.110840	-99.208160
17506.494141	-101.659203
17511.877441	-100.033363
17517.260742	-101.035538
17522.644043	-101.353264
17528.027344	-100.243637
17533.410645	-98.335220
17538.793945	-98.979797
17544.177246	-100.175377
17549.560547	-100.636063
17554.943848	-102.821556
17560.327148	-104.447762
17565.710449	-103.718864
17571.093750	-98.465141
17576.477051	-101.021675
17581.860352	-103.405838
17587.243652	-103.579102
17592.626953	-99.650490
17598.010254	-99.799301
17603.393555	-98.426331
17608.776855	-100.656143
17614.160156	-102.792282
17619.543457	-100.001175
17624.926758	-100.874382
17630.310059	-102.098160
17635.693359	-102.098381
17641.076660	-102.850357
17646.459961	-102.081345
17651.843262	-101.682961
17657.226562	-101.342155
17662.609863	-103.647942
17667.993164	-103.498344
17673.376465	-102.236450
17678.759766	-101.409691
17684.143066	-99.857521
17689.526367	-100.774658
17694.909668	-100.513016
17700.292969	-101.066132
17705.676270	-100.094208
17711.059570	-101.076759
17716.442871	-101.539330
17721.826172	-102.448586
17727.209473	-100.605583
17732.592773	-101.951599
17737.976074	-101.536530
17743.359375	-104.814598
17748.742676	-102.352287
17754.125977	-100.394463
17759.509277	-102.063194
17764.892578	-103.414307
17770.275879	-106.398674
17775.659180	-102.761299
17781.042480	-102.433914
17786.425781	-100.666962
17791.809082	-104.994095
17797.192383	-102.226662
17802.575684	-101.469345
17807.958984	-102.066116
17813.342285	-101.050682
17818.725586	-98.967873
17824.108887	-97.882370
17829.492188	-96.944176
17834.875488	-97.047523
17840.258789	-98.127144
17845.642090	-99.578224
17851.025391	-99.746201
17856.408691	-100.918350
17861.791992	-98.072121
17867.175293	-98.407715
17872.558594	-97.858864
17877.941895	-101.859917
17883.325195	-103.402557
17888.708496	-102.812119
17894.091797	-100.103508
17899.475098	-99.837372
17904.858398	-99.972878
17910.241699	-102.871429
17915.625000	-100.628899
17921.008301	-99.254616
17926.391602	-102.825294
17931.774902	-102.940254
17937.158203	-100.034462
17942.541504	-97.880241
17947.924805	-98.461746
17953.308105	-101.216759
17958.691406	-105.087883
17964.074707	-99.451675
17969.458008	-98.722198
17974.841309	-101.113525
17980.224609	-105.108696
17985.607910	-103.283363
17990.991211	-102.843407
17996.374512	-103.132141
18001.757812	-99.521896
18007.141113	-99.776283
18012.524414	-99.167435
18017.907715	-101.793198
18023.291016	-102.468880
18028.674316	-99.787529
18034.057617	-100.046906
18039.440918	-99.140099
18044.824219	-102.207100
18050.207520	-100.333710
18055.590820	-101.409317
18060.974121	-104.886871
18066.357422	-104.516655
18071.740723	-100.906158
18077.124023	-99.259087
18082.507324	-99.151459
18087.890625	-102.285072
18093.273926	-106.719292
18098.657227	-104.418671
18104.040527	-100.595192
18109.423828	-100.103065
18114.807129	-102.002304
18120.190430	-105.577141
18125.573730	-102.269119
18130.957031	-104.825584
18136.340332	-101.735481
18141.723633	-103.876038
18147.106934	-104.106583
18152.490234	-101.148331
18157.873535	-101.085037
18163.256836	-103.228371
18168.640137	-103.714485
18174.023438	-103.660873
18179.406738	-103.298546
18184.790039	-100.187897
18190.173340	-101.581856
18195.556641	-101.816338
18200.939941	-103.376732
18206.323242	-102.409500
18211.706543	-100.746056
18217.089844	-101.608749
18222.473145	-101.455162
18227.856445	-102.106689
18233.239746	-103.137840
18238.623047	-102.059105
18244.006348	-103.903419
18249.389648	-102.703217
18254.772949	-105.559967
18260.156250	-104.853874
18265.539551	-101.621956
18270.922852	-101.817146
18276.306152	-103.542328
18281.689453	-102.879684
18287.072754	-103.867287
18292.456055	-105.369835
18297.839355	-102.789536
18303.222656	-102.374168
18308.605957	-104.135727
18313.989258	-102.847107
18319.372559	-103.187668
18324.755859	-103.182053
18330.139160	-103.701660
18335.522461	-103.101425
18340.905762	-101.755203
18346.289062	-103.109100
18351.672363	-101.889526
18357.055664	-106.623611
18362.438965	-100.288048
18367.822266	-101.155884
18373.205566	-100.935745
18378.588867	-104.763931
18383.972168	-103.982155
18389.355469	-104.306725
18394.738770	-102.389908
18400.122070	-103.371620
18405.505371	-103.786072
18410.888672	-104.041092
18416.271973	-103.560631
18421.655273	-101.775459
18427.038574	-104.099518
18432.421875	-103.471573
18437.805176	-103.953560
18443.188477	-101.477234
18448.571777	-101.282532
18453.955078	-104.446480
18459.338379	-103.130997
18464.721680	-103.627876
18470.104980	-102.359306
18475.488281	-99.085518
18480.871582	-101.293060
18486.254883	-103.204124
18491.638184	-102.012672
18497.021484	-100.357239
18502.404785	-99.146080
18507.788086	-101.362053
18513.171387	-100.891586
18518.554688	-106.936050
18523.937988	-100.822792
18529.321289	-99.384949
18534.704590	-100.313568
18540.087891	-102.066391
18545.471191	-105.205078
18550.854492	-102.758812
18556.237793	-101.304764
18561.621094	-103.214500
18567.004395	-102.392174
18572.387695	-105.780540
18577.770996	-104.891396
18583.154297	-101.100822
18588.537598	-102.907066
18593.920898	-103.660263
18599.304199	-108.418091
18604.687500	-101.989136
18610.070801	-102.940460
18615.454102	-100.773460
18620.837402	-102.922729
18626.220703	-102.878830
18631.604004	-104.848015
18636.987305	-102.888275
18642.370605	-102.962837
18647.753906	-102.909294
18653.137207	-104.115379
18658.520508	-104.848328
18663.903809	-102.330833
18669.287109	-102.489372
18674.670410	-103.707901
18680.053711	-105.527916
18685.437012	-102.537766
18690.820312	-102.252983
18696.203613	-103.522331
18701.586914	-102.641739
18706.970215	-104.652046
18712.353516	-104.463066
18717.736816	-102.479912
18723.120117	-101.325455
18728.503418	-102.236084
18733.886719	-104.341354
18739.270020	-103.207413
18744.653320	-105.269104
18750.036621	-105.475067
18755.419922	-102.085907
18760.803223	-102.997131
18766.186523	-103.974823
18771.569824	-101.900055
18776.953125	-100.934982
18782.336426	-100.865219
18787.719727	-100.914314
18793.103027	-100.277985
18798.486328	-102.563515
18803.869629	-103.754478
18809.252930	-104.268417
18814.636230	-104.224503
18820.019531	-102.449272
18825.402832	-100.137749
18830.786133	-101.495636
18836.169434	-102.705376
18841.552734	-106.264023
18846.936035	-102.986755
18852.319336	-101.371773
18857.702637	-101.446869
18863.085938	-103.055870
18868.469238	-101.347046
18873.852539	-103.158592
18879.235840	-100.973724
18884.619141	-101.821609
18890.002441	-104.133423
18895.385742	-104.825035
18900.769043	-103.374069
18906.152344	-103.717499
18911.535645	-102.645355
18916.918945	-100.260506
18922.302246	-102.277596
18927.685547	-102.135468
18933.068848	-102.396538
18938.452148	-101.313675
18943.835449	-102.292961
18949.218750	-99.654808
18954.602051	-99.374908
18959.985352	-101.334938
18965.368652	-98.927795
18970.751953	-98.545914
18976.135254	-99.729691
18981.518555	-98.566856
18986.901855	-98.374977
18992.285156	-99.109947
18997.668457	-98.260170
19003.051758	-97.542671
19008.435059	-96.090393
19013.818359	-97.949532
19019.201660	-98.738548
19024.584961	-102.676086
19029.968262	-99.216515
19035.351562	-97.718918
19040.734863	-98.802528
19046.118164	-100.498009
19051.501465	-102.527336
19056.884766	-101.805069
19062.268066	-102.559517
19067.651367	-103.005295
19073.034668	-104.445686
19078.417969	-105.487534
19083.801270	-100.942398
19089.184570	-102.775505
19094.567871	-104.834236
19099.951172	-104.588493
19105.334473	-103.327133
19110.717773	-102.285416
19116.101074	-103.082489
19121.484375	-102.240677
19126.867676	-102.434479
19132.250977	-103.152367
19137.634277	-102.536461
19143.017578	-102.956512
19148.400879	-102.479103
19153.784180	-99.903984
19159.167480	-103.207352
19164.550781	-101.405670
19169.934082	-99.286095
19175.317383	-100.573547
19180.700684	-100.517662
19186.083984	-99.483063
19191.467285	-98.409233
19196.850586	-97.431183
19202.233887	-99.092438
19207.617188	-102.433105
19213.000488	-103.320938
19218.383789	-101.754768
19223.767090	-99.637901
19229.150391	-101.406364
19234.533691	-101.481766
19239.916992	-101.179276
19245.300293	-100.967041
19250.683594	-103.068237
19256.066895	-102.094322
19261.450195	-100.159447
19266.833496	-100.861633
19272.216797	-101.871040
19277.600098	-102.879967
19282.983398	-103.903572
19288.366699	-100.270790
19293.750000	-100.019478
19299.133301	-99.468102
19304.516602	-104.668968
19309.899902	-101.140862
19315.283203	-100.737778
19320.666504	-98.562355
19326.049805	-97.084862
19331.433105	-95.845779
19336.816406	-96.124550
19342.199707	-98.962311
19347.583008	-100.656235
19352.966309	-101.331200
19358.349609	-101.332428
19363.732910	-107.105057
19369.116211	-104.685341
19374.499512	-99.852844
19379.882812	-98.103401
19385.266113	-98.832138
19390.649414	-104.367935
19396.032715	-102.518890
19401.416016	-97.606369
19406.799316	-97.564583
19412.182617	-98.067383
19417.565918	-99.050819
19422.949219	-98.271706
19428.332520	-96.734459
19433.715820	-99.741333
19439.099121	-102.685081
19444.482422	-100.692551
19449.865723	-98.643333
19455.249023	-97.873100
19460.632324	-99.857811
19466.015625	-101.129890
19471.398926	-101.783791
19476.782227	-98.187698
19482.165527	-96.079422
19487.548828	-95.798645
19492.932129	-96.592972
19498.315430	-100.585403
19503.698730	-100.410835
19509.082031	-98.475822
19514.465332	-96.126389
19519.848633	-97.004181
19525.231934	-98.400597
19530.615234	-101.607788
19535.998535	-101.031532
19541.381836	-98.414833
19546.765137	-100.207924
19552.148438	-100.233154
19557.531738	-100.048660
19562.915039	-98.864029
19568.298340	-98.814514
19573.681641	-99.275726
19579.064941	-98.923424
19584.448242	-98.943481
19589.831543	-96.176071
19595.214844	-97.507675
19600.598145	-99.018311
19605.981445	-100.461182
19611.364746	-101.796890
19616.748047	-100.813576
19622.131348	-98.646912
19627.514648	-97.943520
19632.897949	-100.239388
19638.281250	-101.403534
19643.664551	-98.822250
19649.047852	-98.814980
19654.431152	-99.460625
19659.814453	-99.787872
19665.197754	-97.357697
19670.581055	-95.365570
19675.964355	-95.979515
19681.347656	-98.030540
19686.730957	-101.099106
19692.114258	-99.466988
19697.497559	-98.478294
19702.880859	-100.998627
19708.264160	-101.516693
19713.647461	-99.212044
19719.030762	-101.490364
19724.414062	-102.051239
19729.797363	-99.221397
19735.180664	-97.683571
19740.563965	-96.789909
19745.947266	-97.252892
19751.330566	-98.581512
19756.713867	-101.459671
19762.097168	-105.347275
19767.480469	-106.380035
19772.863770	-100.535988
19778.247070	-100.132065
19783.630371	-99.416054
19789.013672	-104.434822
19794.396973	-104.480301
19799.780273	-102.531166
19805.163574	-100.383598
19810.546875	-99.375420
19815.930176	-100.672310
19821.313477	-104.818138
19826.696777	-100.622162
19832.080078	-98.294182
19837.463379	-97.765381
19842.846680	-99.059341
19848.229980	-101.772629
19853.613281	-98.557007
19858.996582	-97.308281
19864.379883	-99.346207
19869.763184	-101.929764
19875.146484	-104.889809
19880.529785	-102.019348
19885.913086	-99.740517
19891.296387	-99.976730
19896.679688	-99.969032
19902.062988	-100.470093
19907.446289	-102.256859
19912.829590	-100.708717
19918.212891	-98.916290
19923.596191	-97.267250
19928.979492	-97.429543
19934.362793	-99.054909
19939.746094	-101.315498
19945.129395	-102.213913
19950.512695	-103.727768
19955.895996	-103.355606
19961.279297	-103.847496
19966.662598	-102.030014
19972.045898	-100.397141
19977.429199	-104.064453
19982.812500	-101.844627
19988.195801	-98.859970
19993.579102	-96.082558
19998.962402	-96.853943
20004.345703	-99.129143
20009.729004	-105.060318
20015.112305	-101.555771
20020.495605	-98.907944
20025.878906	-96.753822
20031.262207	-98.282867
20036.645508	-98.236000
20042.028809	-98.736984
20047.412109	-98.682884
20052.795410	-100.304535
20058.178711	-96.753891
20063.562012	-94.571426
20068.945312	-93.211349
20074.328613	-94.677803
20079.711914	-96.429863
20085.095215	-97.451447
20090.478516	-99.576141
20095.861816	-97.699043
20101.245117	-97.033043
20106.628418	-97.381897
20112.011719	-95.696709
20117.395020	-94.698135
20122.778320	-98.632149
20128.161621	-100.249924
20133.544922	-97.877563
20138.928223	-100.561211
20144.311523	-99.300461
20149.694824	-102.449623
20155.078125	-105.719391
20160.461426	-103.955688
20165.844727	-103.248497
20171.228027	-104.889145
20176.611328	-102.678215
20181.994629	-102.810173
20187.377930	-101.773903
20192.761230	-103.427193
20198.144531	-104.216934
20203.527832	-100.842308
20208.911133	-100.014503
20214.294434	-100.178429
20219.677734	-99.214890
20225.061035	-102.757812
20230.444336	-102.758430
20235.827637	-102.826218
20241.210938	-101.963249
20246.594238	-101.779114
20251.977539	-99.938774
20257.360840	-100.763939
20262.744141	-103.646851
20268.127441	-104.684311
20273.510742	-101.989113
20278.894043	-103.066498
20284.277344	-100.352951
20289.660645	-101.590309
20295.043945	-105.776299
20300.427246	-102.534431
20305.810547	-103.668823
20311.193848	-104.147675
20316.577148	-101.095634
20321.960449	-101.912506
20327.343750	-102.106117
20332.727051	-105.038986
20338.110352	-102.874962
20343.493652	-99.253136
20348.876953	-96.788277
20354.260254	-95.979530
20359.643555	-96.331177
20365.026855	-100.499542
20370.410156	-103.650070
20375.793457	-100.302261
20381.176758	-98.030731
20386.560059	-95.297874
20391.943359	-96.646156
20397.326660	-96.314232
20402.709961	-95.706558
20408.093262	-95.736069
20413.476562	-97.380180
20418.859863	-95.954697
20424.243164	-97.055077
20429.626465	-96.483063
20435.009766	-97.371925
20440.393066	-98.070107
20445.776367	-99.422165
20451.159668	-99.430717
20456.542969	-97.723175
20461.926270	-96.983376
20467.309570	-95.341217
20472.692871	-96.401901
20478.076172	-97.651764
20483.459473	-99.864799
20488.842773	-99.862579
20494.226074	-99.703194
20499.609375	-98.077477
20504.992676	-99.296318
20510.375977	-99.354370
20515.759277	-97.377747
20521.142578	-96.102486
20526.525879	-98.395920
20531.909180	-100.674782
20537.292480	-100.403862
20542.675781	-96.237564
20548.059082	-93.650208
20553.442383	-94.741028
20558.825684	-100.173233
20564.208984	-101.175552
20569.592285	-98.601044
20574.975586	-97.483879
20580.358887	-95.986404
20585.742188	-95.687210
20591.125488	-95.386520
20596.508789	-96.876549
20601.892090	-99.098167
20607.275391	-102.270035
20612.658691	-99.550911
20618.041992	-98.960022
20623.425293	-98.594833
20628.808594	-98.006714
20634.191895	-98.705025
20639.575195	-100.733818
20644.958496	-103.087746
20650.341797	-103.265350
20655.725098	-107.697784
20661.108398	-103.309647
20666.491699	-102.216461
20671.875000	-101.505051
20677.258301	-98.694122
20682.641602	-99.569717
20688.024902	-100.668907
20693.408203	-102.596504
20698.791504	-105.104301
20704.174805	-104.469147
20709.558105	-101.838562
20714.941406	-105.812691
20720.324707	-102.771500
20725.708008	-103.438347
20731.091309	-101.055496
20736.474609	-102.608925
20741.857910	-100.753662
20747.241211	-102.182144
20752.624512	-102.831078
20758.007812	-102.144806
20763.391113	-99.854660
20768.774414	-99.907639
20774.157715	-101.999718
20779.541016	-103.947617
20784.924316	-105.736160
20790.307617	-103.654282
20795.690918	-102.300072
20801.074219	-102.515785
20806.457520	-102.912750
20811.840820	-101.263603
20817.224121	-101.467987
20822.607422	-101.044502
20827.990723	-104.420509
20833.374023	-103.828598
20838.757324	-101.423592
20844.140625	-103.207390
20849.523926	-100.893089
20854.907227	-102.471756
20860.290527	-106.652023
20865.673828	-102.480759
20871.057129	-100.302322
20876.440430	-99.009972
20881.823730	-99.891663
20887.207031	-102.123154
20892.590332	-102.661301
20897.973633	-100.403221
20903.356934	-99.246490
20908.740234	-101.487053
20914.123535	-103.020706
20919.506836	-100.544334
20924.890137	-101.189247
20930.273438	-101.461189
20935.656738	-104.093567
20941.040039	-103.263786
20946.423340	-104.322701
20951.806641	-103.313156
20957.189941	-101.030716
20962.573242	-106.504417
20967.956543	-103.390839
20973.339844	-105.973434
20978.723145	-102.507812
20984.106445	-103.076393
20989.489746	-100.752541
20994.873047	-102.013359
21000.256348	-99.567467
21005.639648	-103.768440
21011.022949	-101.726173
21016.406250	-101.885818
21021.789551	-103.497932
21027.172852	-105.550743
21032.556152	-100.909767
21037.939453	-102.874413
21043.322754	-104.370323
21048.706055	-104.249695
21054.089355	-103.713333
21059.472656	-100.549271
21064.855957	-102.869301
21070.239258	-103.330170
21075.622559	-104.918663
21081.005859	-100.379494
21086.389160	-100.072037
21091.772461	-102.077797
21097.155762	-104.917557
21102.539062	-103.466309
21107.922363	-102.106941
21113.305664	-102.120201
21118.688965	-104.523941
21124.072266	-105.018860
21129.455566	-104.113861
21134.838867	-102.427528
21140.222168	-99.756050
21145.605469	-100.267532
21150.988770	-103.879745
21156.372070	-103.882217
21161.755371	-101.764183
21167.138672	-101.475700
21172.521973	-102.723007
21177.905273	-103.472900
21183.288574	-101.382767
21188.671875	-103.380592
21194.055176	-101.665932
21199.438477	-104.265968
21204.821777	-104.563797
21210.205078	-102.117142
21215.588379	-101.003662
21220.971680	-100.944092
21226.354980	-100.558434
21231.738281	-102.451324
21237.121582	-103.888580
21242.504883	-101.748650
21247.888184	-100.561478
21253.271484	-100.363106
21258.654785	-101.383522
21264.038086	-104.217690
21269.421387	-102.257622
21274.804688	-102.473434
21280.187988	-104.549660
21285.571289	-103.627869
21290.954590	-103.903152
21296.337891	-103.490974
21301.721191	-101.104713
21307.104492	-104.353249
21312.487793	-105.515099
21317.871094	-103.965607
21323.254395	-101.412460
21328.637695	-100.546852
21334.020996	-100.980888
21339.404297	-105.888519
21344.787598	-104.777115
21350.170898	-103.307823
21355.554199	-104.840256
21360.937500	-102.354980
21366.320801	-103.915390
21371.704102	-103.362030
21377.087402	-102.747498
21382.470703	-103.204407
21387.854004	-102.459068
21393.237305	-104.218605
21398.620605	-102.911560
21404.003906	-102.479431
21409.387207	-103.886330
21414.770508	-103.235321
21420.153809	-105.156784
21425.537109	-103.830490
21430.920410	-101.549454
21436.303711	-100.865402
21441.687012	-103.204193
21447.070312	-104.902229
21452.453613	-105.170204
21457.836914	-102.562622
21463.220215	-102.147346
21468.603516	-104.372543
21473.986816	-106.019379
21479.370117	-102.952187
21484.753418	-101.783180
21490.136719	-101.734840
21495.520020	-102.706093
21500.903320	-103.915657
21506.286621	-102.331978
21511.669922	-101.807129
21517.053223	-100.630325
21522.436523	-101.901703
21527.819824	-101.434471
21533.203125	-100.899002
21538.586426	-100.385338
21543.969727	-100.409317
21549.353027	-102.159462
21554.736328	-104.864021
21560.119629	-102.795990
21565.502930	-101.196594
21570.886230	-99.446762
21576.269531	-101.294403
21581.652832	-103.254097
21587.036133	-103.480545
21592.419434	-102.419632
21597.802734	-102.121597
21603.186035	-103.902176
21608.569336	-104.893410
21613.952637	-103.837730
21619.335938	-104.354118
21624.719238	-102.402794
21630.102539	-103.430466
21635.485840	-103.578041
21640.869141	-103.502495
21646.252441	-106.537056
21651.635742	-100.446640
21657.019043	-104.342812
21662.402344	-102.961601
21667.785645	-105.134636
21673.168945	-105.009216
21678.552246	-103.221046
21683.935547	-103.655693
21689.318848	-103.366241
21694.702148	-109.252846
21700.085449	-101.609215
21705.468750	-104.859940
21710.852051	-105.249443
21716.235352	-103.158569
21721.618652	-102.569687
21727.001953	-104.309105
21732.385254	-104.771591
21737.768555	-102.703682
21743.151855	-107.284683
21748.535156	-102.405998
21753.918457	-105.497971
21759.301758	-102.915390
21764.685059	-105.117958
21770.068359	-105.319466
21775.451660	-104.132416
21780.834961	-103.898689
21786.218262	-102.875893
21791.601562	-103.367348
21796.984863	-102.749702
21802.368164	-103.926727
21807.751465	-105.228584
21813.134766	-100.635956
21818.518066	-105.654404
21823.901367	-104.691528
21829.284668	-102.558327
21834.667969	-103.514114
21840.051270	-102.981110
21845.434570	-103.301346
21850.817871	-104.466431
21856.201172	-105.992134
21861.584473	-102.059990
21866.967773	-104.479179
21872.351074	-105.739723
21877.734375	-104.638069
21883.117676	-103.080406
21888.500977	-107.240654
21893.884277	-104.475525
21899.267578	-103.346291
21904.650879	-105.047089
21910.034180	-104.414230
21915.417480	-104.208221
21920.800781	-105.871033
21926.184082	-104.440895
21931.567383	-104.851608
21936.950684	-103.348602
21942.333984	-103.672310
21947.717285	-103.197662
21953.100586	-103.129715
21958.483887	-105.147034
21963.867188	-104.057449
21969.250488	-104.604660
21974.633789	-104.724785
21980.017090	-107.073074
21985.400391	-104.656418
21990.783691	-104.558258
21996.166992	-105.287003
22001.550293	-104.020386
22006.933594	-103.736206
22012.316895	-102.921684
22017.700195	-103.977455
22023.083496	-101.856087
22028.466797	-103.797752
22033.850098	-103.630371
22039.233398	-106.014496
22044.616699	-101.968315
