Frequency (Hz)	Level (dB)
5.383301	-43.553650
10.766602	-38.827179
16.149902	-35.863964
21.533203	-34.058071
26.916504	-32.895283
32.299805	-32.031921
37.683105	-31.561529
43.066406	-31.274200
48.449707	-30.438093
53.833008	-30.620926
59.216309	-30.704197
64.599609	-30.538000
69.982910	-30.519812
75.366211	-30.610933
80.749512	-30.771559
86.132812	-31.023779
91.516113	-31.309492
96.899414	-31.612606
102.282715	-32.097610
107.666016	-32.810810
113.049316	-33.299145
118.432617	-33.268047
123.815918	-32.761414
129.199219	-32.007797
134.582520	-30.995577
139.965820	-29.769102
145.349121	-28.065752
150.732422	-26.081280
156.115723	-23.565617
161.499023	-20.545170
166.882324	-18.542336
172.265625	-21.370512
177.648926	-26.162687
183.032227	-29.516832
188.415527	-31.548365
193.798828	-32.839561
199.182129	-33.175983
204.565430	-33.755939
209.948730	-33.847454
215.332031	-31.706970
220.715332	-23.876635
226.098633	-20.852674
231.481934	-25.985546
236.865234	-27.943150
242.248535	-28.637962
247.631836	-28.959471
253.015137	-29.387980
258.398438	-29.383635
263.781738	-29.176254
269.165039	-28.656271
274.548340	-27.610985
279.931641	-26.418789
285.314941	-25.231430
290.698242	-24.652279
296.081543	-25.639990
301.464844	-27.505899
306.848145	-29.283371
312.231445	-30.121252
317.614746	-29.658052
322.998047	-28.200262
328.381348	-26.267475
333.764648	-25.369270
339.147949	-26.785923
344.531250	-29.038582
349.914551	-31.025412
355.297852	-31.831360
360.681152	-31.365932
366.064453	-31.541779
371.447754	-32.011940
376.831055	-32.508499
382.214355	-32.793243
387.597656	-32.425503
392.980957	-30.649582
398.364258	-29.117941
403.747559	-28.263494
409.130859	-27.871889
414.514160	-28.512051
419.897461	-29.779854
425.280762	-31.082500
430.664062	-32.188423
436.047363	-32.205540
441.430664	-30.849882
446.813965	-28.847731
452.197266	-26.131754
457.580566	-23.750631
462.963867	-26.119038
468.347168	-29.841181
473.730469	-32.749847
479.113770	-35.319767
484.497070	-36.752056
489.880371	-36.570679
495.263672	-36.589214
500.646973	-35.871891
506.030273	-36.110168
511.413574	-38.375923
516.796875	-41.041798
522.180176	-37.591152
527.563477	-34.117615
532.946777	-33.220242
538.330078	-33.708477
543.713379	-33.399834
549.096680	-32.510712
554.479980	-31.372322
559.863281	-30.986349
565.246582	-28.605146
570.629883	-25.345219
576.013184	-23.845873
581.396484	-24.419811
586.779785	-25.602381
592.163086	-26.962967
597.546387	-27.880743
602.929688	-28.359880
608.312988	-26.367914
613.696289	-28.015915
619.079590	-29.582012
624.462891	-30.037846
629.846191	-31.655781
635.229492	-32.624943
640.612793	-32.442326
645.996094	-31.413656
651.379395	-31.223276
656.762695	-31.639969
662.145996	-32.650730
667.529297	-33.551105
672.912598	-33.994045
678.295898	-34.584267
683.679199	-35.337975
689.062500	-36.044773
694.445801	-36.376984
699.829102	-36.870453
705.212402	-37.869850
710.595703	-40.240360
715.979004	-42.784531
721.362305	-48.486183
726.745605	-51.070381
732.128906	-45.832478
737.512207	-42.356636
742.895508	-40.134106
748.278809	-38.400494
753.662109	-36.034294
759.045410	-33.906055
764.428711	-33.511757
769.812012	-34.334751
775.195312	-30.853333
780.578613	-27.216860
785.961914	-23.175404
791.345215	-19.759285
796.728516	-19.011698
802.111816	-19.875122
807.495117	-21.215424
812.878418	-21.738560
818.261719	-23.057058
823.645020	-24.536388
829.028320	-25.475149
834.411621	-23.587887
839.794922	-22.612122
845.178223	-22.902811
850.561523	-23.895409
855.944824	-25.190090
861.328125	-25.660530
866.711426	-26.042139
872.094727	-27.625044
877.478027	-28.243828
882.861328	-29.164425
888.244629	-30.904505
893.627930	-30.803770
899.011230	-29.993574
904.394531	-30.209938
909.777832	-30.762529
915.161133	-31.995859
920.544434	-32.585014
925.927734	-32.787380
931.311035	-33.633427
936.694336	-35.015312
942.077637	-37.234337
947.460938	-40.119087
952.844238	-43.328712
958.227539	-43.237724
963.610840	-38.645432
968.994141	-34.791306
974.377441	-31.301199
979.760742	-27.515615
985.144043	-25.202328
990.527344	-25.125731
995.910645	-26.811453
1001.293945	-28.787924
1006.677246	-31.167471
1012.060547	-33.446953
1017.443848	-34.832874
1022.827148	-35.202484
1028.210449	-34.943489
1033.593750	-34.616291
1038.977051	-34.922085
1044.360352	-35.870956
1049.743652	-37.713768
1055.126953	-40.423592
1060.510254	-43.497105
1065.893555	-46.862911
1071.276855	-47.615749
1076.660156	-44.304962
1082.043457	-40.819229
1087.426758	-38.354092
1092.810059	-36.682415
1098.193359	-35.729958
1103.576660	-35.237179
1108.959961	-34.812176
1114.343262	-34.493439
1119.726562	-34.409725
1125.109863	-34.409019
1130.493164	-34.502460
1135.876465	-34.488041
1141.259766	-34.688568
1146.643066	-35.220661
1152.026367	-35.958496
1157.409668	-36.994675
1162.792969	-38.153591
1168.176270	-39.269989
1173.559570	-39.696922
1178.942871	-39.845024
1184.326172	-41.291058
1189.709473	-44.595123
1195.092773	-47.527336
1200.476074	-42.514526
1205.859375	-38.802074
1211.242676	-35.375950
1216.625977	-32.917988
1222.009277	-33.215416
1227.392578	-35.956100
1232.775879	-39.013756
1238.159180	-41.498039
1243.542480	-40.944965
1248.925781	-38.996456
1254.309082	-37.897984
1259.692383	-37.042919
1265.075684	-36.481087
1270.458984	-36.174080
1275.842285	-36.153324
1281.225586	-36.666065
1286.608887	-37.627560
1291.992188	-39.095131
1297.375488	-40.912754
1302.758789	-42.624416
1308.142090	-44.200424
1313.525391	-45.830563
1318.908691	-47.450714
1324.291992	-47.100552
1329.675293	-44.318768
1335.058594	-41.137501
1340.441895	-38.852665
1345.825195	-37.653915
1351.208496	-37.252625
1356.591797	-37.443310
1361.975098	-37.790394
1367.358398	-37.950714
1372.741699	-38.392471
1378.125000	-38.973484
1383.508301	-39.977867
1388.891602	-40.697803
1394.274902	-41.159534
1399.658203	-41.660164
1405.041504	-41.346481
1410.424805	-40.882469
1415.808105	-39.975735
1421.191406	-39.698437
1426.574707	-40.700809
1431.958008	-42.635532
1437.341309	-46.246201
1442.724609	-52.166187
1448.107910	-54.861397
1453.491211	-50.159931
1458.874512	-47.473743
1464.257812	-45.544296
1469.641113	-44.331856
1475.024414	-44.180500
1480.407715	-44.878399
1485.791016	-45.724968
1491.174316	-46.514236
1496.557617	-46.939018
1501.940918	-45.773018
1507.324219	-43.201553
1512.707520	-41.186832
1518.090820	-39.708504
1523.474121	-38.953873
1528.857422	-39.062508
1534.240723	-39.584351
1539.624023	-40.401150
1545.007324	-41.308502
1550.390625	-42.536491
1555.773926	-44.141052
1561.157227	-45.725178
1566.540527	-47.231155
1571.923828	-50.239952
1577.307129	-52.137497
1582.690430	-48.676498
1588.073730	-44.991711
1593.457031	-43.242897
1598.840332	-42.544243
1604.223633	-41.878246
1609.606934	-41.362103
1614.990234	-41.210312
1620.373535	-42.034451
1625.756836	-43.643059
1631.140137	-45.912876
1636.523438	-48.496521
1641.906738	-51.623466
1647.290039	-56.000679
1652.673340	-61.082836
1658.056641	-56.032856
1663.439941	-53.869537
1668.823242	-52.100067
1674.206543	-50.401348
1679.589844	-49.998249
1684.973145	-49.681896
1690.356445	-49.524281
1695.739746	-50.106762
1701.123047	-50.947651
1706.506348	-51.493401
1711.889648	-51.845478
1717.272949	-51.702641
1722.656250	-51.783188
1728.039551	-52.179222
1733.422852	-51.814713
1738.806152	-50.228268
1744.189453	-48.325977
1749.572754	-46.820187
1754.956055	-44.906998
1760.339355	-43.753723
1765.722656	-43.413494
1771.105957	-43.393768
1776.489258	-43.717476
1781.872559	-43.947922
1787.255859	-44.339947
1792.639160	-45.230289
1798.022461	-46.659863
1803.405762	-47.937504
1808.789062	-49.036053
1814.172363	-48.297474
1819.555664	-46.206184
1824.938965	-43.867939
1830.322266	-42.143238
1835.705566	-41.201862
1841.088867	-40.846886
1846.472168	-40.563412
1851.855469	-40.482586
1857.238770	-40.732304
1862.622070	-40.985107
1868.005371	-41.454414
1873.388672	-42.252277
1878.771973	-42.965702
1884.155273	-43.743797
1889.538574	-44.376129
1894.921875	-45.520519
1900.305176	-47.641216
1905.688477	-49.846844
1911.071777	-51.369286
1916.455078	-51.791515
1921.838379	-51.054897
1927.221680	-50.470261
1932.604980	-49.583584
1937.988281	-49.913219
1943.371582	-51.401367
1948.754883	-53.706238
1954.138184	-56.440598
1959.521484	-60.683678
1964.904785	-57.933544
1970.288086	-52.851204
1975.671387	-49.580673
1981.054688	-47.632557
1986.437988	-46.025879
1991.821289	-46.088844
1997.204590	-49.135551
2002.587891	-57.011013
2007.971191	-51.592274
2013.354492	-45.918407
2018.737793	-43.298557
2024.121094	-42.600857
2029.504395	-41.824955
2034.887695	-41.838676
2040.270996	-42.142170
2045.654297	-42.933025
2051.037598	-44.201794
2056.420898	-45.657497
2061.804199	-46.513176
2067.187500	-45.590141
2072.570801	-43.485752
2077.954102	-41.771481
2083.337402	-40.783722
2088.720703	-40.301682
2094.104004	-40.372467
2099.487305	-40.505745
2104.870605	-41.324322
2110.253906	-42.421360
2115.637207	-44.081200
2121.020508	-45.896847
2126.403809	-47.247200
2131.787109	-46.296638
2137.170410	-43.498920
2142.553711	-41.297646
2147.937012	-40.006252
2153.320312	-39.504776
2158.703613	-39.383976
2164.086914	-40.043243
2169.470215	-40.737289
2174.853516	-40.833282
2180.236816	-40.299564
2185.620117	-39.466923
2191.003418	-38.667194
2196.386719	-38.191162
2201.770020	-38.063866
2207.153320	-37.962467
2212.536621	-37.821842
2217.919922	-37.786377
2223.303223	-37.926376
2228.686523	-38.380352
2234.069824	-39.351891
2239.453125	-41.110794
2244.836426	-43.190048
2250.219727	-45.161842
2255.603027	-46.699760
2260.986328	-47.767990
2266.369629	-48.438148
2271.752930	-48.934792
2277.136230	-49.331944
2282.519531	-49.501873
2287.902832	-49.678272
2293.286133	-49.255608
2298.669434	-48.205490
2304.052734	-46.696285
2309.436035	-45.090286
2314.819336	-43.553154
2320.202637	-42.233803
2325.585938	-41.374798
2330.969238	-40.685635
2336.352539	-40.102184
2341.735840	-39.675903
2347.119141	-39.464348
2352.502441	-39.415047
2357.885742	-39.539368
2363.269043	-39.840137
2368.652344	-40.373539
2374.035645	-40.744625
2379.418945	-41.495323
2384.802246	-42.620846
2390.185547	-43.876404
2395.568848	-45.343048
2400.952148	-47.464588
2406.335449	-50.126526
2411.718750	-53.718128
2417.102051	-57.416302
2422.485352	-56.915737
2427.868652	-53.650192
2433.251953	-50.947052
2438.635254	-49.188831
2444.018555	-47.868523
2449.401855	-46.856709
2454.785156	-46.083118
2460.168457	-45.461044
2465.551758	-45.112564
2470.935059	-44.733269
2476.318359	-44.507420
2481.701660	-44.491409
2487.084961	-44.457020
2492.468262	-44.306175
2497.851562	-44.298828
2503.234863	-44.300091
2508.618164	-44.316349
2514.001465	-44.229877
2519.384766	-44.313435
2524.768066	-44.111465
2530.151367	-44.127106
2535.534668	-44.245712
2540.917969	-44.178879
2546.301270	-43.836399
2551.684570	-43.596046
2557.067871	-43.598869
2562.451172	-43.855717
2567.834473	-44.223160
2573.217773	-44.814137
2578.601074	-45.070438
2583.984375	-45.309345
2589.367676	-45.662903
2594.750977	-46.175259
2600.134277	-46.794853
2605.517578	-48.090130
2610.900879	-49.521072
2616.284180	-51.322109
2621.667480	-51.750057
2627.050781	-51.145493
2632.434082	-49.888485
2637.817383	-48.703289
2643.200684	-47.487640
2648.583984	-46.709183
2653.967285	-45.673370
2659.350586	-44.772465
2664.733887	-44.171955
2670.117188	-44.006199
2675.500488	-44.169212
2680.883789	-44.343521
2686.267090	-44.566860
2691.650391	-44.782372
2697.033691	-44.593323
2702.416992	-44.078060
2707.800293	-43.372532
2713.183594	-42.581352
2718.566895	-41.922878
2723.950195	-41.573128
2729.333496	-41.631451
2734.716797	-41.834641
2740.100098	-42.215271
2745.483398	-42.654732
2750.866699	-42.934322
2756.250000	-42.920544
2761.633301	-42.741478
2767.016602	-42.679314
2772.399902	-42.666538
2777.783203	-42.937786
2783.166504	-43.829536
2788.549805	-45.460396
2793.933105	-46.994576
2799.316406	-49.351768
2804.699707	-51.912544
2810.083008	-52.887043
2815.466309	-51.844547
2820.849609	-50.324265
2826.232910	-48.537365
2831.616211	-46.984299
2836.999512	-45.728004
2842.382812	-44.665565
2847.766113	-43.922260
2853.149414	-43.490845
2858.532715	-43.232025
2863.916016	-43.307999
2869.299316	-43.734283
2874.682617	-44.221336
2880.065918	-44.913795
2885.449219	-45.885998
2890.832520	-47.036037
2896.215820	-48.444069
2901.599121	-50.281128
2906.982422	-52.782345
2912.365723	-55.964375
2917.749023	-60.389412
2923.132324	-68.510872
2928.515625	-79.613251
2933.898926	-67.599983
2939.282227	-62.256035
2944.665527	-59.882252
2950.048828	-58.495586
2955.432129	-56.671089
2960.815430	-54.353962
2966.198730	-52.036964
2971.582031	-49.771809
2976.965332	-47.716000
2982.348633	-46.374645
2987.731934	-45.311314
2993.115234	-44.470070
2998.498535	-44.065907
3003.881836	-43.692158
3009.265137	-43.361298
3014.648438	-43.289547
3020.031738	-43.376129
3025.415039	-43.707123
3030.798340	-44.094406
3036.181641	-44.787624
3041.564941	-45.791752
3046.948242	-47.186283
3052.331543	-49.260490
3057.714844	-51.526283
3063.098145	-53.927101
3068.481445	-55.779270
3073.864746	-54.388115
3079.248047	-51.349281
3084.631348	-48.416321
3090.014648	-46.382820
3095.397949	-44.936184
3100.781250	-44.400242
3106.164551	-44.499641
3111.547852	-44.839191
3116.931152	-45.577896
3122.314453	-46.326645
3127.697754	-47.160183
3133.081055	-48.051109
3138.464355	-48.883381
3143.847656	-49.480759
3149.230957	-50.461163
3154.614258	-51.453480
3159.997559	-52.486332
3165.380859	-52.593483
3170.764160	-52.769547
3176.147461	-53.229065
3181.530762	-53.030849
3186.914062	-52.633739
3192.297363	-51.704655
3197.680664	-50.885769
3203.063965	-49.714577
3208.447266	-48.665096
3213.830566	-47.763336
3219.213867	-47.070591
3224.597168	-46.381077
3229.980469	-45.811565
3235.363770	-45.389328
3240.747070	-45.188984
3246.130371	-45.355919
3251.513672	-45.537682
3256.896973	-45.849129
3262.280273	-46.205029
3267.663574	-46.457722
3273.046875	-46.665596
3278.430176	-46.807888
3283.813477	-46.662350
3289.196777	-46.502316
3294.580078	-46.524170
3299.963379	-46.597767
3305.346680	-46.846954
3310.729980	-47.311295
3316.113281	-48.092651
3321.496582	-49.337765
3326.879883	-50.858959
3332.263184	-52.667652
3337.646484	-55.381420
3343.029785	-58.275803
3348.413086	-58.107224
3353.796387	-54.977116
3359.179688	-52.668854
3364.562988	-50.766365
3369.946289	-49.584679
3375.329590	-48.769863
3380.712891	-48.564270
3386.096191	-48.679527
3391.479492	-48.969803
3396.862793	-49.322742
3402.246094	-49.654610
3407.629395	-50.527782
3413.012695	-51.703045
3418.395996	-53.163116
3423.779297	-55.710609
3429.162598	-58.139565
3434.545898	-59.958649
3439.929199	-61.508282
3445.312500	-63.001163
3450.695801	-63.799812
3456.079102	-66.050690
3461.462402	-67.923210
3466.845703	-72.693520
3472.229004	-77.953941
3477.612305	-67.795227
3482.995605	-61.898403
3488.378906	-58.237309
3493.762207	-55.719059
3499.145508	-53.743870
3504.528809	-52.155449
3509.912109	-50.739235
3515.295410	-49.786510
3520.678711	-49.416157
3526.062012	-49.015118
3531.445312	-48.659405
3536.828613	-48.166260
3542.211914	-47.863461
3547.595215	-47.742668
3552.978516	-47.686573
3558.361816	-47.561981
3563.745117	-47.155617
3569.128418	-46.581398
3574.511719	-46.085140
3579.895020	-45.502068
3585.278320	-45.054710
3590.661621	-46.556911
3596.044922	-49.222420
3601.428223	-50.999466
3606.811523	-51.421757
3612.194824	-51.433556
3617.578125	-51.842789
3622.961426	-52.498516
3628.344727	-54.319962
3633.728027	-56.381889
3639.111328	-58.173855
3644.494629	-60.655933
3649.877930	-61.706844
3655.261230	-59.182354
3660.644531	-57.312851
3666.027832	-55.200584
3671.411133	-53.993496
3676.794434	-53.158104
3682.177734	-52.696682
3687.561035	-52.640770
3692.944336	-52.913593
3698.327637	-53.564709
3703.710938	-54.725945
3709.094238	-56.859127
3714.477539	-59.526440
3719.860840	-62.916000
3725.244141	-65.300194
3730.627441	-64.964859
3736.010742	-60.745434
3741.394043	-57.511135
3746.777344	-55.615868
3752.160645	-54.573685
3757.543945	-53.750542
3762.927246	-53.993763
3768.310547	-54.799213
3773.693848	-54.673908
3779.077148	-53.878178
3784.460449	-53.459023
3789.843750	-53.627155
3795.227051	-54.120007
3800.610352	-54.910957
3805.993652	-55.953686
3811.376953	-56.965511
3816.760254	-57.045975
3822.143555	-55.842949
3827.526855	-54.755680
3832.910156	-54.011787
3838.293457	-53.810665
3843.676758	-54.128803
3849.060059	-54.669971
3854.443359	-55.488071
3859.826660	-55.838585
3865.209961	-55.890682
3870.593262	-55.267330
3875.976562	-54.230225
3881.359863	-53.450382
3886.743164	-52.865341
3892.126465	-52.642632
3897.509766	-52.541698
3902.893066	-52.562241
3908.276367	-52.615669
3913.659668	-52.955467
3919.042969	-53.503315
3924.426270	-53.884399
3929.809570	-54.000389
3935.192871	-53.422279
3940.576172	-52.554699
3945.959473	-51.506134
3951.342773	-50.798218
3956.726074	-50.797138
3962.109375	-50.989422
3967.492676	-51.834816
3972.875977	-53.977478
3978.259277	-57.720280
3983.642578	-59.625263
3989.025879	-56.810043
3994.409180	-53.709919
3999.792480	-51.096920
4005.175781	-49.504780
4010.559082	-48.367298
4015.942383	-47.703869
4021.325684	-47.160233
4026.708984	-46.774876
4032.092285	-46.736282
4037.475586	-46.940559
4042.858887	-47.227970
4048.242188	-47.611340
4053.625488	-48.455349
4059.008789	-49.638393
4064.392090	-50.428146
4069.775391	-51.088753
4075.158691	-51.343643
4080.541992	-51.318256
4085.925293	-51.051838
4091.308594	-50.317059
4096.691895	-49.834274
4102.075195	-49.805328
4107.458496	-49.928608
4112.841797	-50.228458
4118.225098	-50.539467
4123.608398	-50.924202
4128.991699	-51.122124
4134.375000	-51.109161
4139.758301	-50.657120
4145.141602	-50.316509
4150.524902	-50.221455
4155.908203	-50.428246
4161.291504	-50.281990
4166.674805	-49.775726
4172.058105	-49.714989
4177.441406	-49.377464
4182.824707	-49.092411
4188.208008	-48.909210
4193.591309	-48.394012
4198.974609	-48.272362
4204.357910	-48.368706
4209.741211	-48.566757
4215.124512	-48.803158
4220.507812	-48.930237
4225.891113	-49.610653
4231.274414	-50.430199
4236.657715	-51.726833
4242.041016	-53.056438
4247.424316	-54.477821
4252.807617	-55.934174
4258.190918	-55.892822
4263.574219	-56.125954
4268.957520	-56.914627
4274.340820	-57.515362
4279.724121	-58.205418
4285.107422	-58.295189
4290.490723	-57.060387
4295.874023	-54.450218
4301.257324	-52.179005
4306.640625	-50.347015
4312.023926	-49.212414
4317.407227	-48.338425
4322.790527	-47.865288
4328.173828	-47.365009
4333.557129	-46.940281
4338.940430	-46.419300
4344.323730	-45.565407
4349.707031	-44.813557
4355.090332	-44.236980
4360.473633	-43.760677
4365.856934	-43.512981
4371.240234	-43.149391
4376.623535	-42.950367
4382.006836	-42.904495
4387.390137	-43.081451
4392.773438	-43.385738
4398.156738	-43.696541
4403.540039	-44.144535
4408.923340	-44.635735
4414.306641	-45.054211
4419.689941	-45.668011
4425.073242	-46.827213
4430.456543	-47.967548
4435.839844	-49.119339
4441.223145	-50.543331
4446.606445	-51.777000
4451.989746	-52.873058
4457.373047	-53.809959
4462.756348	-54.725655
4468.139648	-55.080490
4473.522949	-55.341530
4478.906250	-55.940132
4484.289551	-56.657009
4489.672852	-57.596600
4495.056152	-58.128342
4500.439453	-59.765739
4505.822754	-62.864445
4511.206055	-67.048737
4516.589355	-72.075310
4521.972656	-69.171410
4527.355957	-64.909386
4532.739258	-60.607265
4538.122559	-58.095234
4543.505859	-56.134323
4548.889160	-54.564674
4554.272461	-54.589279
4559.655762	-55.291130
4565.039062	-55.609318
4570.422363	-57.220543
4575.805664	-59.308617
4581.188965	-61.213295
4586.572266	-61.425320
4591.955566	-60.226677
4597.338867	-58.721382
4602.722168	-57.071041
4608.105469	-55.950809
4613.488770	-54.275951
4618.872070	-52.901463
4624.255371	-51.479492
4629.638672	-50.827572
4635.021973	-50.638271
4640.405273	-50.559834
4645.788574	-50.348549
4651.171875	-50.675335
4656.555176	-50.986355
4661.938477	-51.558113
4667.321777	-52.261021
4672.705078	-52.776173
4678.088379	-52.991108
4683.471680	-53.290833
4688.854980	-53.384090
4694.238281	-53.917885
4699.621582	-54.549126
4705.004883	-54.852932
4710.388184	-54.614548
4715.771484	-54.027588
4721.154785	-53.187584
4726.538086	-51.566902
4731.921387	-49.774616
4737.304688	-48.270550
4742.687988	-46.751675
4748.071289	-46.033497
4753.454590	-46.214584
4758.837891	-47.657845
4764.221191	-50.018394
4769.604492	-51.540958
4774.987793	-51.848961
4780.371094	-52.472637
4785.754395	-53.263756
4791.137695	-54.104553
4796.520996	-54.900227
4801.904297	-55.061302
4807.287598	-53.956604
4812.670898	-52.603992
4818.054199	-51.188087
4823.437500	-49.995876
4828.820801	-49.019753
4834.204102	-48.262192
4839.587402	-47.699276
4844.970703	-47.186012
4850.354004	-46.628044
4855.737305	-46.132149
4861.120605	-45.803635
4866.503906	-45.575737
4871.887207	-45.349113
4877.270508	-45.183575
4882.653809	-45.146683
4888.037109	-44.935867
4893.420410	-44.862003
4898.803711	-44.915657
4904.187012	-44.844578
4909.570312	-44.864632
4914.953613	-45.141644
4920.336914	-45.426422
4925.720215	-45.734943
4931.103516	-45.852554
4936.486816	-45.882175
4941.870117	-45.873199
4947.253418	-45.818802
4952.636719	-45.765526
4958.020020	-45.945839
4963.403320	-45.988850
4968.786621	-46.359447
4974.169922	-46.649994
4979.553223	-47.152931
4984.936523	-47.828823
4990.319824	-48.046432
4995.703125	-48.277020
5001.086426	-48.682117
5006.469727	-49.206772
5011.853027	-49.960819
5017.236328	-50.160477
5022.619629	-50.150463
5028.002930	-50.965309
5033.386230	-51.868641
5038.769531	-52.408886
5044.152832	-53.705341
5049.536133	-55.344868
5054.919434	-57.073410
5060.302734	-59.558411
5065.686035	-61.906857
5071.069336	-65.004677
5076.452637	-69.758301
5081.835938	-68.614975
5087.219238	-66.080650
5092.602539	-63.626728
5097.985840	-60.664585
5103.369141	-59.209427
5108.752441	-59.064991
5114.135742	-58.554249
5119.519043	-58.485538
5124.902344	-58.715233
5130.285645	-58.531506
5135.668945	-58.491726
5141.052246	-58.892227
5146.435547	-59.096382
5151.818848	-59.175423
5157.202148	-58.833397
5162.585449	-58.494991
5167.968750	-58.334450
5173.352051	-57.674873
5178.735352	-57.089737
5184.118652	-56.676392
5189.501953	-56.147865
5194.885254	-55.349602
5200.268555	-55.060749
5205.651855	-54.438591
5211.035156	-53.524456
5216.418457	-52.428665
5221.801758	-51.612614
5227.185059	-50.623924
5232.568359	-50.065773
5237.951660	-49.997448
5243.334961	-50.026947
5248.718262	-50.446560
5254.101562	-51.121468
5259.484863	-51.746372
5264.868164	-52.715660
5270.251465	-54.080830
5275.634766	-55.410439
5281.018066	-56.721779
5286.401367	-58.102741
5291.784668	-60.653915
5297.167969	-63.551834
5302.551270	-64.131531
5307.934570	-64.894402
5313.317871	-62.795937
5318.701172	-60.509453
5324.084473	-57.597961
5329.467773	-55.549587
5334.851074	-54.206112
5340.234375	-52.616096
5345.617676	-51.338058
5351.000977	-50.952194
5356.384277	-50.740166
5361.767578	-50.564484
5367.150879	-50.417484
5372.534180	-50.203655
5377.917480	-49.800285
5383.300781	-49.139755
5388.684082	-48.759102
5394.067383	-48.640396
5399.450684	-48.514378
5404.833984	-48.792980
5410.217285	-49.179188
5415.600586	-49.420296
5420.983887	-49.728260
5426.367188	-50.186798
5431.750488	-50.359089
5437.133789	-50.350464
5442.517090	-49.799732
5447.900391	-49.062805
5453.283691	-48.684097
5458.666992	-48.252621
5464.050293	-47.719002
5469.433594	-47.443420
5474.816895	-47.357391
5480.200195	-47.223530
5485.583496	-47.175095
5490.966797	-47.422173
5496.350098	-47.821747
5501.733398	-48.394558
5507.116699	-49.175335
5512.500000	-50.307072
5517.883301	-51.612293
5523.266602	-52.647842
5528.649902	-53.396648
5534.033203	-54.414284
5539.416504	-54.849751
5544.799805	-54.474274
5550.183105	-53.697338
5555.566406	-53.237568
5560.949707	-53.079525
5566.333008	-53.106903
5571.716309	-53.420986
5577.099609	-53.608368
5582.482910	-54.003960
5587.866211	-54.209167
5593.249512	-53.893375
5598.632812	-53.576138
5604.016113	-53.108719
5609.399414	-52.739922
5614.782715	-52.847385
5620.166016	-53.117157
5625.549316	-53.394512
5630.932617	-53.840218
5636.315918	-54.512104
5641.699219	-55.135437
5647.082520	-56.065392
5652.465820	-57.247280
5657.849121	-58.130074
5663.232422	-59.281075
5668.615723	-60.568672
5673.999023	-62.073612
5679.382324	-63.897999
5684.765625	-66.171623
5690.148926	-68.021324
5695.532227	-66.800407
5700.915527	-65.865753
5706.298828	-64.581543
5711.682129	-64.227699
5717.065430	-63.661880
5722.448730	-62.548859
5727.832031	-62.376854
5733.215332	-62.604805
5738.598633	-61.103748
5743.981934	-60.041908
5749.365234	-59.363064
5754.748535	-59.612938
5760.131836	-60.999996
5765.515137	-62.891228
5770.898438	-63.192566
5776.281738	-63.052689
5781.665039	-64.036911
5787.048340	-62.026058
5792.431641	-60.577705
5797.814941	-60.152805
5803.198242	-58.679085
5808.581543	-57.959637
5813.964844	-57.989891
5819.348145	-57.447746
5824.731445	-56.835171
5830.114746	-56.669994
5835.498047	-55.933277
5840.881348	-54.857716
5846.264648	-53.981018
5851.647949	-53.186226
5857.031250	-52.623798
5862.414551	-52.086678
5867.797852	-51.830730
5873.181152	-51.905323
5878.564453	-51.774845
5883.947754	-51.834343
5889.331055	-51.621525
5894.714355	-51.480865
5900.097656	-51.603863
5905.480957	-51.872181
5910.864258	-52.135334
5916.247559	-52.376492
5921.630859	-52.501270
5927.014160	-52.324875
5932.397461	-52.332336
5937.780762	-52.648724
5943.164062	-52.647133
5948.547363	-52.513966
5953.930664	-52.570312
5959.313965	-52.780804
5964.697266	-53.286205
5970.080566	-54.024727
5975.463867	-54.749981
5980.847168	-55.282646
5986.230469	-56.078529
5991.613770	-57.180405
5996.997070	-57.498981
6002.380371	-57.866070
6007.763672	-58.686008
6013.146973	-59.265179
6018.530273	-59.505138
6023.913574	-60.065136
6029.296875	-60.926838
6034.680176	-61.170490
6040.063477	-60.604092
6045.446777	-60.214031
6050.830078	-60.939987
6056.213379	-62.587318
6061.596680	-63.764988
6066.979980	-65.625229
6072.363281	-67.038956
6077.746582	-67.329475
6083.129883	-65.562042
6088.513184	-62.802048
6093.896484	-61.261009
6099.279785	-60.688457
6104.663086	-60.469330
6110.046387	-60.000435
6115.429688	-59.610889
6120.812988	-59.615185
6126.196289	-59.642426
6131.579590	-59.840229
6136.962891	-60.243168
6142.346191	-60.182568
6147.729492	-59.953148
6153.112793	-60.326672
6158.496094	-60.622158
6163.879395	-60.796024
6169.262695	-61.216103
6174.645996	-61.398109
6180.029297	-61.455540
6185.412598	-61.102547
6190.795898	-61.099697
6196.179199	-61.287945
6201.562500	-61.296478
6206.945801	-60.804688
6212.329102	-60.221642
6217.712402	-59.793652
6223.095703	-59.639572
6228.479004	-59.647308
6233.862305	-59.820702
6239.245605	-59.770340
6244.628906	-59.437340
6250.012207	-59.360058
6255.395508	-59.227562
6260.778809	-58.383972
6266.162109	-57.330494
6271.545410	-56.816265
6276.928711	-56.423939
6282.312012	-56.166565
6287.695312	-56.120289
6293.078613	-56.223595
6298.461914	-56.445656
6303.845215	-56.587509
6309.228516	-56.916523
6314.611816	-57.196278
6319.995117	-57.092381
6325.378418	-57.059231
6330.761719	-57.273075
6336.145020	-58.058315
6341.528320	-58.939129
6346.911621	-59.520836
6352.294922	-60.548855
6357.678223	-61.136955
6363.061523	-60.953976
6368.444824	-60.084118
6373.828125	-59.350761
6379.211426	-58.604580
6384.594727	-57.925697
6389.978027	-57.564690
6395.361328	-57.169952
6400.744629	-56.683708
6406.127930	-56.346397
6411.511230	-56.063873
6416.894531	-56.082630
6422.277832	-56.000607
6427.661133	-56.034897
6433.044434	-56.099567
6438.427734	-56.313572
6443.811035	-57.225674
6449.194336	-58.002373
6454.577637	-58.884838
6459.960938	-59.942589
6465.344238	-60.335590
6470.727539	-60.457169
6476.110840	-61.315765
6481.494141	-61.985004
6486.877441	-61.613667
6492.260742	-61.475937
6497.644043	-61.642479
6503.027344	-61.204811
6508.410645	-61.122852
6513.793945	-60.924438
6519.177246	-60.321438
6524.560547	-60.083744
6529.943848	-59.719467
6535.327148	-59.575939
6540.710449	-59.798119
6546.093750	-59.643871
6551.477051	-59.353390
6556.860352	-59.188782
6562.243652	-59.096561
6567.626953	-58.860153
6573.010254	-58.729465
6578.393555	-58.766659
6583.776855	-59.022614
6589.160156	-59.178059
6594.543457	-59.471859
6599.926758	-59.741058
6605.310059	-59.783218
6610.693359	-59.521267
6616.076660	-59.869469
6621.459961	-59.934681
6626.843262	-60.145336
6632.226562	-60.693722
6637.609863	-61.338211
6642.993164	-62.207645
6648.376465	-64.199211
6653.759766	-67.260735
6659.143066	-70.641579
6664.526367	-74.182198
6669.909668	-76.098793
6675.292969	-75.717140
6680.676270	-74.053192
6686.059570	-72.065453
6691.442871	-71.637291
6696.826172	-71.228149
6702.209473	-70.542458
6707.592773	-68.877327
6712.976074	-66.787354
6718.359375	-64.736671
6723.742676	-62.681892
6729.125977	-61.016579
6734.509277	-59.799820
6739.892578	-58.876396
6745.275879	-58.235611
6750.659180	-57.715115
6756.042480	-57.457611
6761.425781	-57.528625
6766.809082	-57.761879
6772.192383	-58.177982
6777.575684	-58.934441
6782.958984	-60.161720
6788.342285	-61.886829
6793.725586	-64.438095
6799.108887	-67.946220
6804.492188	-72.714134
6809.875488	-78.445862
6815.258789	-76.634979
6820.642090	-72.835617
6826.025391	-70.129257
6831.408691	-67.167282
6836.791992	-64.470238
6842.175293	-62.513699
6847.558594	-61.271877
6852.941895	-60.212238
6858.325195	-59.427601
6863.708496	-58.905437
6869.091797	-58.579868
6874.475098	-58.414677
6879.858398	-58.390343
6885.241699	-58.574421
6890.625000	-58.676735
6896.008301	-58.965038
6901.391602	-59.421772
6906.774902	-60.173546
6912.158203	-60.965435
6917.541504	-61.761456
6922.924805	-62.622234
6928.308105	-63.299793
6933.691406	-63.657444
6939.074707	-63.874283
6944.458008	-64.415756
6949.841309	-65.196983
6955.224609	-66.710419
6960.607910	-69.648445
6965.991211	-74.645012
6971.374512	-78.473961
6976.757812	-71.272385
6982.141113	-66.627655
6987.524414	-63.290180
6992.907715	-61.122581
6998.291016	-59.615570
7003.674316	-58.520927
7009.057617	-57.746681
7014.440918	-57.171898
7019.824219	-56.797680
7025.207520	-56.629173
7030.590820	-56.586487
7035.974121	-56.721931
7041.357422	-56.948574
7046.740723	-57.252693
7052.124023	-57.549877
7057.507324	-57.722046
7062.890625	-57.665066
7068.273926	-57.453751
7073.657227	-57.172539
7079.040527	-56.833237
7084.423828	-56.673016
7089.807129	-56.658455
7095.190430	-56.575672
7100.573730	-56.592640
7105.957031	-56.711838
7111.340332	-56.984928
7116.723633	-57.419559
7122.106934	-57.854481
7127.490234	-58.322083
7132.873535	-58.895939
7138.256836	-59.648693
7143.640137	-60.645992
7149.023438	-61.653679
7154.406738	-62.779362
7159.790039	-63.947502
7165.173340	-65.038200
7170.556641	-65.696655
7175.939941	-65.737999
7181.323242	-65.449524
7186.706543	-64.817390
7192.089844	-64.346397
7197.473145	-64.084183
7202.856445	-63.927505
7208.239746	-63.620777
7213.623047	-63.398464
7219.006348	-63.545490
7224.389648	-63.838982
7229.772949	-64.444878
7235.156250	-65.538605
7240.539551	-66.876251
7245.922852	-69.279884
7251.306152	-71.661476
7256.689453	-72.074768
7262.072754	-69.868256
7267.456055	-67.171341
7272.839355	-64.730339
7278.222656	-62.832977
7283.605957	-61.264362
7288.989258	-59.983669
7294.372559	-58.994801
7299.755859	-58.122864
7305.139160	-57.424953
7310.522461	-56.969795
7315.905762	-56.683403
7321.289062	-56.495674
7326.672363	-56.348228
7332.055664	-56.380051
7337.438965	-56.507038
7342.822266	-56.674202
7348.205566	-56.770123
7353.588867	-56.714363
7358.972168	-56.561882
7364.355469	-56.319439
7369.738770	-56.090195
7375.122070	-55.863125
7380.505371	-55.636200
7385.888672	-55.431473
7391.271973	-55.227356
7396.655273	-55.121864
7402.038574	-55.073574
7407.421875	-55.196125
7412.805176	-55.527771
7418.188477	-55.930187
7423.571777	-56.458668
7428.955078	-57.064968
7434.338379	-57.749420
7439.721680	-58.466946
7445.104980	-59.079765
7450.488281	-59.616463
7455.871582	-59.970894
7461.254883	-60.267845
7466.638184	-60.653130
7472.021484	-61.137039
7477.404785	-61.986698
7482.788086	-62.940220
7488.171387	-63.949818
7493.554688	-65.040215
7498.937988	-66.124313
7504.321289	-67.230637
7509.704590	-68.600365
7515.087891	-70.316910
7520.471191	-72.337784
7525.854492	-74.130707
7531.237793	-74.215134
7536.621094	-72.125008
7542.004395	-69.778656
7547.387695	-67.867058
7552.770996	-66.129791
7558.154297	-64.613274
7563.537598	-63.261745
7568.920898	-62.112675
7574.304199	-61.366558
7579.687500	-60.802010
7585.070801	-60.495102
7590.454102	-60.392456
7595.837402	-60.403038
7601.220703	-60.662762
7606.604004	-60.917763
7611.987305	-61.095509
7617.370605	-61.052486
7622.753906	-60.740086
7628.137207	-60.393307
7633.520508	-59.974617
7638.903809	-59.697983
7644.287109	-59.538395
7649.670410	-59.531319
7655.053711	-59.658817
7660.437012	-59.824558
7665.820312	-60.149525
7671.203613	-60.521389
7676.586914	-60.969669
7681.970215	-61.606483
7687.353516	-62.330452
7692.736816	-63.253254
7698.120117	-64.173508
7703.503418	-65.128288
7708.886719	-65.963791
7714.270020	-66.427025
7719.653320	-66.667656
7725.036621	-66.556221
7730.419922	-66.669426
7735.803223	-66.987839
7741.186523	-67.534134
7746.569824	-68.476944
7751.953125	-69.363464
7757.336426	-70.269943
7762.719727	-70.938866
7768.103027	-71.189835
7773.486328	-71.047401
7778.869629	-70.308311
7784.252930	-69.541695
7789.636230	-68.518990
7795.019531	-67.337051
7800.402832	-66.444237
7805.786133	-65.493263
7811.169434	-64.650879
7816.552734	-64.007690
7821.936035	-63.412750
7827.319336	-62.922905
7832.702637	-62.597298
7838.085938	-62.357300
7843.469238	-62.182980
7848.852539	-62.097229
7854.235840	-62.219852
7859.619141	-62.470833
7865.002441	-62.822704
7870.385742	-63.169357
7875.769043	-63.178219
7881.152344	-62.851536
7886.535645	-62.109783
7891.918945	-61.215511
7897.302246	-60.329117
7902.685547	-59.520493
7908.068848	-58.888599
7913.452148	-58.389420
7918.835449	-58.075199
7924.218750	-57.887268
7929.602051	-57.761162
7934.985352	-57.761654
7940.368652	-57.803375
7945.751953	-57.956833
7951.135254	-58.172390
7956.518555	-58.460506
7961.901855	-58.857616
7967.285156	-59.211903
7972.668457	-59.579418
7978.051758	-59.781689
7983.435059	-59.800240
7988.818359	-59.675850
7994.201660	-59.369839
7999.584961	-59.122715
8004.968262	-58.944622
8010.351562	-58.907684
8015.734863	-59.051777
8021.118164	-59.340656
8026.501465	-59.862503
8031.884766	-60.394573
8037.268066	-61.065041
8042.651367	-61.887783
8048.034668	-62.717682
8053.417969	-63.711235
8058.801270	-64.752632
8064.184570	-65.948235
8069.567871	-67.247566
8074.951172	-68.359283
8080.334473	-69.196518
8085.717773	-69.513588
8091.101074	-69.716797
8096.484375	-69.893272
8101.867676	-70.383438
8107.250977	-70.965736
8112.634277	-71.424736
8118.017578	-71.397652
8123.400879	-70.308922
8128.784180	-68.802292
8134.167480	-67.183060
8139.550781	-65.963722
8144.934082	-65.062988
8150.317383	-64.462029
8155.700684	-64.086601
8161.083984	-63.828964
8166.467285	-63.760902
8171.850586	-63.704350
8177.233887	-63.684132
8182.617188	-63.696121
8188.000488	-63.766739
8193.383789	-64.040848
8198.767090	-64.439049
8204.150391	-65.021187
8209.533691	-65.827042
8214.916992	-66.829483
8220.300293	-68.005707
8225.683594	-69.071159
8231.066895	-70.218124
8236.450195	-71.375130
8241.833496	-72.363792
8247.216797	-73.541176
8252.600098	-74.058838
8257.983398	-73.718819
8263.366699	-72.388878
8268.750000	-70.995392
8274.133301	-69.686699
8279.516602	-68.881340
8284.899902	-68.553635
8290.283203	-68.410950
8295.666504	-68.753395
8301.049805	-69.162971
8306.433105	-69.725731
8311.816406	-70.403755
8317.199707	-70.805420
8322.583008	-71.151482
8327.966309	-71.260170
8333.349609	-71.257721
8338.732910	-71.408798
8344.116211	-71.562935
8349.499512	-72.009827
8354.882812	-72.171143
8360.266113	-72.282997
8365.649414	-72.452919
8371.032715	-72.112701
8376.416016	-71.487762
8381.799316	-70.657349
8387.182617	-69.719154
8392.565918	-68.953705
8397.949219	-68.057335
8403.332520	-67.245682
8408.715820	-66.517006
8414.099121	-65.921394
8419.482422	-65.528137
8424.865723	-65.026360
8430.249023	-64.594284
8435.632324	-64.243896
8441.015625	-63.928818
8446.398926	-63.810627
8451.782227	-63.649086
8457.165527	-63.784184
8462.548828	-64.233459
8467.932129	-64.874603
8473.315430	-65.876411
8478.698730	-66.978340
8484.082031	-68.116173
8489.465332	-68.955322
8494.848633	-69.091919
8500.231934	-68.807495
8505.615234	-68.026405
8510.998535	-67.288818
8516.381836	-66.634361
8521.765137	-66.178009
8527.148438	-65.968056
8532.531738	-65.756927
8537.915039	-65.723877
8543.298340	-65.719688
8548.681641	-65.851967
8554.064941	-66.162689
8559.448242	-66.643082
8564.831543	-67.348572
8570.214844	-68.271751
8575.598145	-69.262352
8580.981445	-70.494911
8586.364746	-71.466248
8591.748047	-71.898064
8597.131348	-71.410347
8602.514648	-70.355385
8607.897949	-69.216301
8613.281250	-68.252716
8618.664551	-67.545074
8624.047852	-66.945473
8629.431152	-66.598419
8634.814453	-66.337242
8640.197754	-66.055107
8645.581055	-65.923042
8650.964355	-65.708115
8656.347656	-65.522377
8661.730957	-65.437927
8667.114258	-65.422279
8672.497559	-65.668015
8677.880859	-66.061623
8683.264160	-66.554115
8688.647461	-67.410385
8694.030762	-68.299774
8699.414062	-69.467056
8704.797363	-70.856926
8710.180664	-72.184128
8715.563965	-73.870491
8720.947266	-75.284210
8726.330566	-76.970688
8731.713867	-78.839951
8737.097168	-80.075356
8742.480469	-80.227425
8747.863770	-78.139511
8753.247070	-75.938820
8758.630371	-73.551208
8764.013672	-71.705894
8769.396973	-70.245705
8774.780273	-69.054436
8780.163574	-68.226707
8785.546875	-67.700089
8790.930176	-67.408936
8796.313477	-67.375107
8801.696777	-67.321960
8807.080078	-67.305473
8812.463379	-67.046791
8817.846680	-66.631302
8823.229980	-66.157211
8828.613281	-65.621635
8833.996582	-65.246529
8839.379883	-64.976799
8844.763184	-64.887657
8850.146484	-64.892647
8855.529785	-64.941010
8860.913086	-65.106194
8866.296387	-65.179810
8871.679688	-65.303307
8877.062988	-65.400414
8882.446289	-65.381042
8887.829590	-65.391647
8893.212891	-65.234879
8898.596191	-65.180931
8903.979492	-65.054703
8909.362793	-64.924583
8914.746094	-64.858833
8920.129395	-64.862747
8925.512695	-65.072868
8930.895996	-65.540756
8936.279297	-66.468376
8941.662598	-67.879433
8947.045898	-69.749786
8952.429199	-72.522552
8957.812500	-76.152885
8963.195801	-79.663010
8968.579102	-78.977386
8973.962402	-76.380211
8979.345703	-73.943130
8984.729004	-72.607262
8990.112305	-71.794159
8995.495605	-71.215416
9000.878906	-71.136185
9006.262207	-71.188751
9011.645508	-71.515793
9017.028809	-71.781754
9022.412109	-71.981285
9027.795410	-72.037239
9033.178711	-71.478897
9038.562012	-70.624260
9043.945312	-69.307312
9049.328613	-68.174004
9054.711914	-67.236107
9060.095215	-66.514496
9065.478516	-66.023422
9070.861816	-65.616928
9076.245117	-65.427208
9081.628418	-65.167862
9087.011719	-64.963699
9092.395020	-64.833870
9097.778320	-64.664963
9103.161621	-64.626015
9108.544922	-64.557228
9113.928223	-64.647301
9119.311523	-64.760048
9124.694824	-64.740654
9130.078125	-64.638962
9135.461426	-64.195435
9140.844727	-63.620121
9146.228027	-62.909847
9151.611328	-62.287792
9156.994629	-61.817554
9162.377930	-61.499466
9167.761230	-61.397175
9173.144531	-61.427021
9178.527832	-61.589733
9183.911133	-61.884270
9189.294434	-62.267311
9194.677734	-62.790321
9200.061035	-63.344574
9205.444336	-63.959473
9210.827637	-64.679024
9216.210938	-65.495728
9221.594238	-66.486481
9226.977539	-67.441231
9232.360840	-68.370056
9237.744141	-69.218842
9243.127441	-69.876854
9248.510742	-70.587288
9253.894043	-71.175331
9259.277344	-71.818047
9264.660645	-72.679146
9270.043945	-73.668518
9275.427246	-74.975769
9280.810547	-75.904419
9286.193848	-76.357803
9291.577148	-75.852158
9296.960449	-74.799614
9302.343750	-73.837456
9307.727051	-72.770782
9313.110352	-72.095131
9318.493652	-71.552475
9323.876953	-71.218010
9329.260254	-71.201012
9334.643555	-71.222130
9340.026855	-71.324921
9345.410156	-71.772926
9350.793457	-72.128014
9356.176758	-72.657745
9361.560059	-73.290230
9366.943359	-74.123451
9372.326660	-75.356339
9377.709961	-76.831787
9383.093262	-79.297714
9388.476562	-82.042656
9393.859863	-83.004562
9399.243164	-80.519501
9404.626465	-76.739700
9410.009766	-73.755341
9415.393066	-71.306763
9420.776367	-69.412888
9426.159668	-67.929031
9431.542969	-66.861557
9436.926270	-66.175697
9442.309570	-65.664566
9447.692871	-65.379509
9453.076172	-65.282654
9458.459473	-65.245071
9463.842773	-65.472565
9469.226074	-65.731834
9474.609375	-66.134003
9479.992676	-66.823967
9485.375977	-67.714478
9490.759277	-68.927132
9496.142578	-70.265686
9501.525879	-71.861107
9506.909180	-73.306229
9512.292480	-73.521118
9517.675781	-72.680740
9523.059082	-71.226479
9528.442383	-70.098282
9533.825684	-69.288757
9539.208984	-68.788399
9544.592285	-68.437683
9549.975586	-68.157997
9555.358887	-67.971581
9560.742188	-67.684448
9566.125488	-67.528618
9571.508789	-67.275070
9576.892090	-66.957748
9582.275391	-66.728973
9587.658691	-66.442177
9593.041992	-66.288017
9598.425293	-66.129417
9603.808594	-65.964531
9609.191895	-65.754341
9614.575195	-65.522102
9619.958496	-65.481949
9625.341797	-65.524948
9630.725098	-65.765457
9636.108398	-66.204514
9641.491699	-66.785004
9646.875000	-67.512749
9652.258301	-68.173576
9657.641602	-68.877594
9663.024902	-69.538551
9668.408203	-70.264915
9673.791504	-71.228035
9679.174805	-72.177551
9684.558105	-73.343376
9689.941406	-74.015144
9695.324707	-74.049767
9700.708008	-72.897095
9706.091309	-71.411758
9711.474609	-70.031013
9716.857910	-68.839264
9722.241211	-67.983711
9727.624512	-67.201622
9733.007812	-66.655014
9738.391113	-66.157074
9743.774414	-65.722977
9749.157715	-65.486465
9754.541016	-65.261749
9759.924316	-65.217026
9765.307617	-65.292404
9770.690918	-65.549881
9776.074219	-65.853302
9781.457520	-66.047035
9786.840820	-66.295715
9792.224121	-66.304413
9797.607422	-66.263161
9802.990723	-66.210754
9808.374023	-66.138000
9813.757324	-66.264488
9819.140625	-66.467560
9824.523926	-66.823959
9829.907227	-67.261421
9835.290527	-67.746948
9840.673828	-68.387756
9846.057129	-68.829185
9851.440430	-69.321609
9856.823730	-69.808113
9862.207031	-70.491821
9867.590332	-71.400955
9872.973633	-72.192787
9878.356934	-73.296631
9883.740234	-74.287193
9889.123535	-75.448090
9894.506836	-76.703720
9899.890137	-77.506660
9905.273438	-78.618294
9910.656738	-79.559975
9916.040039	-80.313171
9921.423340	-80.866203
9926.806641	-80.345909
9932.189941	-79.401695
9937.573242	-78.073891
9942.956543	-76.087524
9948.339844	-74.339699
9953.723145	-72.444252
9959.106445	-70.710365
9964.489746	-69.064659
9969.873047	-67.633583
9975.256348	-66.516525
9980.639648	-65.555885
9986.022949	-64.881737
9991.406250	-64.362892
9996.789551	-63.963146
10002.172852	-63.730549
10007.556152	-63.488026
10012.939453	-63.292103
10018.322754	-63.100403
10023.706055	-62.878895
10029.089355	-62.765587
10034.472656	-62.661411
10039.855957	-62.630379
10045.239258	-62.632401
10050.622559	-62.678772
10056.005859	-62.837597
10061.389160	-63.006840
10066.772461	-63.255539
10072.155762	-63.570667
10077.539062	-63.983727
10082.922363	-64.619476
10088.305664	-65.342926
10093.688965	-66.293419
10099.072266	-67.261726
10104.455566	-68.117188
10109.838867	-68.725441
10115.222168	-68.709496
10120.605469	-68.467659
10125.988770	-67.992691
10131.372070	-67.689056
10136.755371	-67.459198
10142.138672	-67.408905
10147.521973	-67.601707
10152.905273	-67.730507
10158.288574	-67.924362
10163.671875	-68.048561
10169.055176	-68.235397
10174.438477	-68.374489
10179.821777	-68.485794
10185.205078	-68.649879
10190.588379	-68.586388
10195.971680	-68.475883
10201.354980	-68.191940
10206.738281	-67.885376
10212.121582	-67.731995
10217.504883	-67.551109
10222.888184	-67.723320
10228.271484	-68.097519
10233.654785	-68.842293
10239.038086	-70.078354
10244.421387	-71.621544
10249.804688	-73.956490
10255.187988	-77.284363
10260.571289	-82.919159
10265.954590	-85.495644
10271.337891	-79.575546
10276.721191	-75.019455
10282.104492	-72.158913
10287.487793	-70.181252
10292.871094	-68.623093
10298.254395	-67.577911
10303.637695	-66.886986
10309.020996	-66.522072
10314.404297	-66.397301
10319.787598	-66.531052
10325.170898	-66.864372
10330.554199	-67.043205
10335.937500	-67.223213
10341.320801	-67.221825
10346.704102	-67.066681
10352.087402	-66.807869
10357.470703	-66.484947
10362.854004	-66.359955
10368.237305	-66.337524
10373.620605	-66.523491
10379.003906	-66.939186
10384.387207	-67.386391
10389.770508	-68.108955
10395.153809	-68.960106
10400.537109	-70.008507
10405.920410	-71.051575
10411.303711	-71.985985
10416.687012	-72.879517
10422.070312	-73.284142
10427.453613	-73.357948
10432.836914	-73.020752
10438.220215	-72.945557
10443.603516	-73.258850
10448.986816	-73.876968
10454.370117	-75.183975
10459.753418	-76.877617
10465.136719	-78.737083
10470.520020	-78.837822
10475.903320	-77.128204
10481.286621	-74.807472
10486.669922	-73.021378
10492.053223	-71.917931
10497.436523	-71.203621
10502.819824	-71.142639
10508.203125	-71.550636
10513.586426	-72.355202
10518.969727	-73.533218
10524.353027	-74.653221
10529.736328	-75.890007
10535.119629	-76.163071
10540.502930	-75.579239
10545.886230	-74.112709
10551.269531	-72.701775
10556.652832	-71.438332
10562.036133	-70.287201
10567.419434	-69.671951
10572.802734	-69.249924
10578.186035	-69.271698
10583.569336	-69.491653
10588.952637	-69.959190
10594.335938	-70.593803
10599.719238	-70.915573
10605.102539	-71.115196
10610.485840	-70.680428
10615.869141	-69.954498
10621.252441	-69.178017
10626.635742	-68.491180
10632.019043	-68.036705
10637.402344	-67.700584
10642.785645	-67.629471
10648.168945	-67.623093
10653.552246	-67.651398
10658.935547	-67.782974
10664.318848	-67.793159
10669.702148	-67.823120
10675.085449	-67.765694
10680.468750	-67.694016
10685.852051	-67.733650
10691.235352	-67.699966
10696.618652	-67.877945
10702.001953	-68.044899
10707.385254	-68.284317
10712.768555	-68.670860
10718.151855	-69.073112
10723.535156	-69.680931
10728.918457	-70.368301
10734.301758	-71.246330
10739.685059	-72.452629
10745.068359	-73.676308
10750.451660	-74.938660
10755.834961	-75.686569
10761.218262	-76.241402
10766.601562	-76.358894
10771.984863	-76.028915
10777.368164	-75.969734
10782.751465	-75.809303
10788.134766	-76.283363
10793.518066	-76.744064
10798.901367	-77.273926
10804.284668	-78.676926
10809.667969	-80.262596
10815.051270	-82.539894
10820.434570	-85.016251
10825.817871	-87.832741
10831.201172	-93.787018
10836.584473	-101.418152
10841.967773	-95.751282
10847.351074	-88.487755
10852.734375	-84.773872
10858.117676	-81.520035
10863.500977	-79.465324
10868.884277	-77.955925
10874.267578	-76.774124
10879.650879	-75.878868
10885.034180	-74.938522
10890.417480	-74.317741
10895.800781	-73.690010
10901.184082	-73.134895
10906.567383	-72.934822
10911.950684	-72.657867
10917.333984	-72.775444
10922.717285	-73.115623
10928.100586	-73.685196
10933.483887	-74.685600
10938.867188	-75.754112
10944.250488	-77.475838
10949.633789	-79.413231
10955.017090	-81.331772
10960.400391	-83.322998
10965.783691	-83.845512
10971.166992	-84.426979
10976.550293	-83.743767
10981.933594	-83.666496
10987.316895	-83.551430
10992.700195	-82.960159
10998.083496	-82.884628
11003.466797	-82.383850
11008.850098	-82.494934
11014.233398	-82.614128
11019.616699	-83.080040
11025.000000	-84.325294
11030.383301	-85.728004
11035.766602	-89.325752
11041.149902	-93.280502
11046.533203	-96.398216
11051.916504	-92.327927
11057.299805	-89.358231
11062.683105	-86.285973
11068.066406	-84.222816
11073.449707	-83.055046
11078.833008	-81.831596
11084.216309	-81.217758
11089.599609	-80.649574
11094.982910	-79.968056
11100.366211	-79.750191
11105.749512	-79.206108
11111.132812	-78.932915
11116.516113	-79.125732
11121.899414	-78.917625
11127.282715	-78.969887
11132.666016	-79.376244
11138.049316	-79.843582
11143.432617	-80.965019
11148.815918	-81.835083
11154.199219	-83.489113
11159.582520	-86.236908
11164.965820	-87.489502
11170.349121	-87.551605
11175.732422	-84.911842
11181.115723	-82.911354
11186.499023	-80.893059
11191.882324	-79.184982
11197.265625	-78.231453
11202.648926	-77.143578
11208.032227	-76.418900
11213.415527	-75.833366
11218.798828	-75.541344
11224.182129	-75.515533
11229.565430	-75.419014
11234.948730	-75.422531
11240.332031	-75.287628
11245.715332	-75.183441
11251.098633	-74.851761
11256.481934	-74.263115
11261.865234	-73.832558
11267.248535	-73.293602
11272.631836	-72.972168
11278.015137	-72.728355
11283.398438	-72.666367
11288.781738	-72.951118
11294.165039	-73.135033
11299.548340	-73.506485
11304.931641	-74.010109
11310.314941	-74.362488
11315.698242	-74.834396
11321.081543	-74.884209
11326.464844	-74.847763
11331.848145	-74.844589
11337.231445	-74.703499
11342.614746	-74.685944
11347.998047	-74.385361
11353.381348	-74.223015
11358.764648	-74.103485
11364.147949	-73.794655
11369.531250	-73.674347
11374.914551	-73.362572
11380.297852	-73.144730
11385.681152	-73.077751
11391.064453	-72.899452
11396.447754	-73.028793
11401.831055	-73.245712
11407.214355	-73.532440
11412.597656	-74.020851
11417.980957	-74.339867
11423.364258	-74.800827
11428.747559	-74.943855
11434.130859	-75.196625
11439.514160	-75.427277
11444.897461	-75.398148
11450.280762	-75.744110
11455.664062	-75.858635
11461.047363	-75.930244
11466.430664	-75.825668
11471.813965	-75.324356
11477.197266	-74.847542
11482.580566	-74.095573
11487.963867	-73.629036
11493.347168	-72.963394
11498.730469	-72.395432
11504.113770	-72.025124
11509.497070	-71.741791
11514.880371	-71.556641
11520.263672	-71.273544
11525.646973	-71.190086
11531.030273	-71.077263
11536.413574	-70.892792
11541.796875	-70.995972
11547.180176	-71.103363
11552.563477	-71.393478
11557.946777	-71.789124
11563.330078	-72.061478
11568.713379	-72.450310
11574.096680	-72.638390
11579.479980	-72.799522
11584.863281	-72.750542
11590.246582	-72.408585
11595.629883	-72.149765
11601.013184	-71.742920
11606.396484	-71.372261
11611.779785	-70.927391
11617.163086	-70.469810
11622.546387	-70.106178
11627.929688	-69.622971
11633.312988	-69.192825
11638.696289	-68.797508
11644.079590	-68.487427
11649.462891	-68.349045
11654.846191	-68.175728
11660.229492	-68.218674
11665.612793	-68.446518
11670.996094	-68.660545
11676.379395	-69.170425
11681.762695	-69.557716
11687.145996	-69.974930
11692.529297	-70.470627
11697.912598	-70.931137
11703.295898	-71.351349
11708.679199	-71.486710
11714.062500	-71.683586
11719.445801	-71.767830
11724.829102	-71.664276
11730.212402	-71.632339
11735.595703	-71.394127
11740.979004	-71.235619
11746.362305	-71.042328
11751.745605	-71.018417
11757.128906	-71.143837
11762.512207	-71.199677
11767.895508	-71.609695
11773.278809	-72.022476
11778.662109	-72.486359
11784.045410	-73.261368
11789.428711	-73.974289
11794.812012	-75.045219
11800.195312	-76.337189
11805.578613	-78.220703
11810.961914	-81.093254
11816.345215	-84.936554
11821.728516	-90.360886
11827.111816	-85.807022
11832.495117	-81.250412
11837.878418	-77.865807
11843.261719	-75.783310
11848.645020	-74.274139
11854.028320	-73.342926
11859.411621	-72.875427
11864.794922	-72.515076
11870.178223	-72.622871
11875.561523	-73.039070
11880.944824	-73.769539
11886.328125	-74.931534
11891.711426	-76.185593
11897.094727	-77.836823
11902.478027	-79.527954
11907.861328	-80.829948
11913.244629	-80.943726
11918.627930	-79.828148
11924.011230	-78.714638
11929.394531	-77.587502
11934.777832	-77.188667
11940.161133	-77.062157
11945.544434	-77.503059
11950.927734	-78.721954
11956.311035	-80.541931
11961.694336	-84.158348
11967.077637	-87.953079
11972.460938	-87.461761
11977.844238	-82.285072
11983.227539	-78.797630
11988.610840	-76.132133
11993.994141	-74.172806
11999.377441	-72.653633
12004.760742	-71.235954
12010.144043	-70.184731
12015.527344	-69.264511
12020.910645	-68.541016
12026.293945	-67.978287
12031.677246	-67.535965
12037.060547	-67.285202
12042.443848	-67.142723
12047.827148	-67.261307
12053.210449	-67.507553
12058.593750	-67.784485
12063.977051	-68.361832
12069.360352	-69.027077
12074.743652	-69.757202
12080.126953	-70.744659
12085.510254	-71.797607
12090.893555	-72.979027
12096.276855	-73.895035
12101.660156	-74.576790
12107.043457	-74.879364
12112.426758	-74.749489
12117.810059	-74.679504
12123.193359	-74.634865
12128.576660	-75.158516
12133.959961	-75.852951
12139.343262	-77.155205
12144.726562	-79.293610
12150.109863	-82.357025
12155.493164	-87.640778
12160.876465	-87.857277
12166.259766	-83.089050
12171.643066	-79.093300
12177.026367	-76.807434
12182.409668	-75.034050
12187.792969	-73.715950
12193.176270	-72.790161
12198.559570	-72.019424
12203.942871	-71.529610
12209.326172	-71.126984
12214.709473	-70.876305
12220.092773	-70.786545
12225.476074	-70.515770
12230.859375	-70.558350
12236.242676	-70.673775
12241.625977	-70.799515
12247.009277	-71.188210
12252.392578	-71.708794
12257.775879	-72.534607
12263.159180	-73.663193
12268.542480	-75.257668
12273.925781	-77.742401
12279.309082	-81.532509
12284.692383	-89.102020
12290.075684	-90.597427
12295.458984	-83.067650
12300.842285	-78.697762
12306.225586	-76.250076
12311.608887	-74.640335
12316.992188	-73.656876
12322.375488	-73.131882
12327.758789	-72.793015
12333.142090	-72.843498
12338.525391	-73.027565
12343.908691	-73.455360
12349.291992	-73.852150
12354.675293	-73.946564
12360.058594	-73.992447
12365.441895	-73.709213
12370.825195	-73.329910
12376.208496	-72.814659
12381.591797	-72.285423
12386.975098	-72.063782
12392.358398	-71.768997
12397.741699	-71.779495
12403.125000	-71.780441
12408.508301	-71.948433
12413.891602	-72.516159
12419.274902	-72.999451
12424.658203	-73.702682
12430.041504	-74.594360
12435.424805	-75.617561
12440.808105	-76.830147
12446.191406	-78.109894
12451.574707	-79.801720
12456.958008	-81.811295
12462.341309	-84.438477
12467.724609	-88.031197
12473.107910	-90.547646
12478.491211	-87.569412
12483.874512	-84.622330
12489.257812	-82.305481
12494.641113	-80.573547
12500.024414	-79.535797
12505.407715	-78.684906
12510.791016	-78.516228
12516.174316	-78.243385
12521.557617	-78.133842
12526.940918	-78.366920
12532.324219	-78.167145
12537.707520	-78.132240
12543.090820	-77.550720
12548.474121	-76.839638
12553.857422	-76.067795
12559.240723	-75.299042
12564.624023	-74.738495
12570.007324	-74.128990
12575.390625	-73.740944
12580.773926	-73.513870
12586.157227	-73.367981
12591.540527	-73.488197
12596.923828	-73.604752
12602.307129	-73.918015
12607.690430	-74.283951
12613.073730	-74.429482
12618.457031	-74.717972
12623.840332	-74.810150
12629.223633	-74.985321
12634.606934	-75.127518
12639.990234	-75.342690
12645.373535	-75.906799
12650.756836	-76.348122
12656.140137	-77.138458
12661.523438	-78.046158
12666.906738	-79.115150
12672.290039	-80.609222
12677.673340	-81.582146
12683.056641	-83.023880
12688.439941	-83.665840
12693.823242	-84.179283
12699.206543	-84.703186
12704.589844	-84.581726
12709.973145	-84.638290
12715.356445	-84.037964
12720.739746	-83.845192
12726.123047	-82.886162
12731.506348	-80.848061
12736.889648	-79.019112
12742.272949	-77.676361
12747.656250	-76.234749
12753.039551	-75.231293
12758.422852	-74.592598
12763.806152	-74.130272
12769.189453	-74.085785
12774.572754	-74.010468
12779.956055	-74.274986
12785.339355	-74.840797
12790.722656	-75.323753
12796.105957	-76.101921
12801.489258	-76.747459
12806.872559	-77.461449
12812.255859	-77.892754
12817.639160	-77.905487
12823.022461	-77.662659
12828.405762	-76.802292
12833.789062	-76.105209
12839.172363	-75.272690
12844.555664	-74.625977
12849.938965	-73.865288
12855.322266	-73.094757
12860.705566	-72.546516
12866.088867	-71.931610
12871.472168	-71.464828
12876.855469	-70.894531
12882.238770	-70.436226
12887.622070	-70.161751
12893.005371	-69.840805
12898.388672	-69.657036
12903.771973	-69.355377
12909.155273	-69.130562
12914.538574	-68.842041
12919.921875	-68.432610
12925.305176	-68.118774
12930.688477	-67.664131
12936.071777	-67.265465
12941.455078	-66.941147
12946.838379	-66.626839
12952.221680	-66.463608
12957.604980	-66.300095
12962.988281	-66.340546
12968.371582	-66.487236
12973.754883	-66.771652
12979.138184	-67.196503
12984.521484	-67.528732
12989.904785	-67.954399
12995.288086	-68.402573
13000.671387	-68.844070
13006.054688	-69.164322
13011.437988	-69.310532
13016.821289	-69.478271
13022.204590	-69.675507
13027.587891	-69.861977
13032.971191	-70.092384
13038.354492	-70.342072
13043.737793	-70.947258
13049.121094	-71.617317
13054.504395	-72.492432
13059.887695	-73.685379
13065.270996	-74.895050
13070.654297	-76.569992
13076.037598	-78.170433
13081.420898	-79.945305
13086.804199	-82.094894
13092.187500	-83.878143
13097.570801	-85.918854
13102.954102	-86.923660
13108.337402	-86.911156
13113.720703	-86.927872
13119.104004	-85.254669
13124.487305	-83.913727
13129.870605	-81.813194
13135.253906	-80.083809
13140.637207	-78.573975
13146.020508	-77.190628
13151.403809	-76.347519
13156.787109	-75.531158
13162.170410	-74.981377
13167.553711	-74.809059
13172.937012	-74.525513
13178.320312	-74.520172
13183.703613	-74.550056
13189.086914	-74.653900
13194.470215	-74.935631
13199.853516	-75.002556
13205.236816	-75.121536
13210.620117	-74.945755
13216.003418	-74.907822
13221.386719	-74.894798
13226.770020	-74.549164
13232.153320	-74.359230
13237.536621	-73.968971
13242.919922	-73.746536
13248.303223	-73.408813
13253.686523	-73.111435
13259.069824	-72.926544
13264.453125	-72.643524
13269.836426	-72.485214
13275.219727	-72.284798
13280.603027	-72.035439
13285.986328	-71.920639
13291.369629	-71.748528
13296.752930	-71.745522
13302.136230	-71.820389
13307.519531	-71.915619
13312.902832	-72.278572
13318.286133	-72.875397
13323.669434	-73.740852
13329.052734	-74.593864
13334.436035	-75.777405
13339.819336	-77.297089
13345.202637	-78.751770
13350.585938	-80.182678
13355.969238	-80.816711
13361.352539	-80.985832
13366.735840	-80.185013
13372.119141	-79.551468
13377.502441	-79.146484
13382.885742	-79.033554
13388.269043	-79.483337
13393.652344	-80.025635
13399.035645	-81.625923
13404.418945	-84.346954
13409.802246	-87.974648
13415.185547	-88.593910
13420.568848	-83.639526
13425.952148	-79.572845
13431.335449	-76.731346
13436.718750	-74.911919
13442.102051	-73.469978
13447.485352	-72.396439
13452.868652	-71.638176
13458.251953	-71.049286
13463.635254	-70.946358
13469.018555	-70.946785
13474.401855	-71.196716
13479.785156	-71.702225
13485.168457	-72.308426
13490.551758	-73.242699
13495.935059	-74.263756
13501.318359	-75.575432
13506.701660	-77.197540
13512.084961	-78.525452
13517.468262	-79.964569
13522.851562	-80.163742
13528.234863	-79.734451
13533.618164	-78.873940
13539.001465	-78.283096
13544.384766	-77.708794
13549.768066	-77.169937
13555.151367	-77.171631
13560.534668	-77.075005
13565.917969	-77.234695
13571.301270	-77.911491
13576.684570	-78.696449
13582.067871	-79.831505
13587.451172	-80.888947
13592.834473	-82.313446
13598.217773	-83.588341
13603.601074	-84.139374
13608.984375	-82.983841
13614.367676	-80.466614
13619.750977	-78.509003
13625.134277	-76.574303
13630.517578	-75.091820
13635.900879	-73.849205
13641.284180	-72.840317
13646.667480	-72.137222
13652.050781	-71.541405
13657.434082	-71.342194
13662.817383	-71.184761
13668.200684	-71.148140
13673.583984	-71.381317
13678.967285	-71.692314
13684.350586	-72.274902
13689.733887	-72.958321
13695.117188	-73.784660
13700.500488	-74.751602
13705.883789	-75.522018
13711.267090	-76.386383
13716.650391	-76.689430
13722.033691	-76.856094
13727.416992	-76.747604
13732.800293	-76.403008
13738.183594	-76.419418
13743.566895	-76.310097
13748.950195	-76.412659
13754.333496	-76.629341
13759.716797	-76.784592
13765.100098	-77.176605
13770.483398	-77.675438
13775.866699	-78.490028
13781.250000	-79.361214
13786.633301	-80.409904
13792.016602	-82.405205
13797.399902	-85.153183
13802.783203	-90.283165
13808.166504	-95.276093
13813.549805	-88.678520
13818.933105	-83.702415
13824.316406	-80.839203
13829.699707	-78.445847
13835.083008	-76.750710
13840.466309	-75.498367
13845.849609	-74.646347
13851.232910	-74.245811
13856.616211	-73.859352
13861.999512	-73.871841
13867.382812	-74.116425
13872.766113	-74.443123
13878.149414	-75.146828
13883.532715	-75.855965
13888.916016	-76.524414
13894.299316	-76.891258
13899.682617	-76.815788
13905.065918	-76.573738
13910.449219	-76.007057
13915.832520	-75.652351
13921.215820	-75.512245
13926.599121	-75.329933
13931.982422	-75.405182
13937.365723	-75.609840
13942.749023	-76.111603
13948.132324	-76.590698
13953.515625	-77.371361
13958.898926	-78.427834
13964.282227	-79.458275
13969.665527	-81.443535
13975.048828	-84.602417
13980.432129	-90.294075
13985.815430	-96.355057
13991.198730	-88.587509
13996.582031	-83.082161
14001.965332	-79.780739
14007.348633	-77.611397
14012.731934	-76.100182
14018.115234	-75.050819
14023.498535	-73.960060
14028.881836	-73.432060
14034.265137	-73.186356
14039.648438	-73.041626
14045.031738	-73.304970
14050.415039	-73.694511
14055.798340	-74.390968
14061.181641	-75.385643
14066.564941	-76.370293
14071.948242	-77.386101
14077.331543	-77.769989
14082.714844	-77.848106
14088.098145	-77.200706
14093.481445	-76.330009
14098.864746	-75.411797
14104.248047	-74.812721
14109.631348	-74.800613
14115.014648	-74.760643
14120.397949	-75.257416
14125.781250	-75.998093
14131.164551	-76.864021
14136.547852	-78.513329
14141.931152	-80.074730
14147.314453	-81.897163
14152.697754	-83.637566
14158.081055	-84.292473
14163.464355	-83.682144
14168.847656	-82.362984
14174.230957	-81.163063
14179.614258	-79.955025
14184.997559	-79.384766
14190.380859	-78.490669
14195.764160	-77.992149
14201.147461	-77.640732
14206.530762	-76.942352
14211.914062	-76.373123
14217.297363	-75.432022
14222.680664	-74.585548
14228.063965	-73.992516
14233.447266	-73.472183
14238.830566	-73.138992
14244.213867	-72.970825
14249.597168	-73.255379
14254.980469	-73.764099
14260.363770	-74.455910
14265.747070	-75.740463
14271.130371	-77.145805
14276.513672	-79.193413
14281.896973	-82.092659
14287.280273	-85.594460
14292.663574	-91.085030
14298.046875	-94.883736
14303.430176	-90.337852
14308.813477	-86.011108
14314.196777	-83.407303
14319.580078	-81.792114
14324.963379	-80.351265
14330.346680	-79.501137
14335.729980	-78.583847
14341.113281	-78.026436
14346.496582	-77.601852
14351.879883	-76.992195
14357.263184	-76.605293
14362.646484	-76.402084
14368.029785	-76.271461
14373.413086	-76.489006
14378.796387	-76.595222
14384.179688	-76.811142
14389.562988	-77.353508
14394.946289	-77.506584
14400.329590	-77.975479
14405.712891	-78.429741
14411.096191	-78.674088
14416.479492	-79.039917
14421.862793	-78.855949
14427.246094	-78.924744
14432.629395	-78.551880
14438.012695	-78.093987
14443.395996	-77.552269
14448.779297	-76.716743
14454.162598	-75.893867
14459.545898	-75.119095
14464.929199	-74.759140
14470.312500	-74.449631
14475.695801	-74.085785
14481.079102	-73.938545
14486.462402	-73.922668
14491.845703	-74.069031
14497.229004	-74.081123
14502.612305	-74.056259
14507.995605	-74.327576
14513.378906	-74.530853
14518.762207	-74.906120
14524.145508	-75.180992
14529.528809	-75.237587
14534.912109	-75.056747
14540.295410	-74.419632
14545.678711	-73.752068
14551.062012	-72.955231
14556.445312	-72.356201
14561.828613	-71.882095
14567.211914	-71.539528
14572.595215	-71.319649
14577.978516	-71.096619
14583.361816	-71.005188
14588.745117	-70.852036
14594.128418	-70.796753
14599.511719	-70.719223
14604.895020	-70.502426
14610.278320	-70.454094
14615.661621	-70.409546
14621.044922	-70.577179
14626.428223	-70.746330
14631.811523	-70.950897
14637.194824	-71.361977
14642.578125	-71.631851
14647.961426	-72.031860
14653.344727	-72.486847
14658.728027	-72.980606
14664.111328	-73.746613
14669.494629	-74.480370
14674.877930	-75.500313
14680.261230	-76.539398
14685.644531	-77.670700
14691.027832	-79.224380
14696.411133	-80.712105
14701.794434	-83.210747
14707.177734	-86.190422
14712.561035	-89.275818
14717.944336	-86.228027
14723.327637	-82.369057
14728.710938	-79.079468
14734.094238	-76.664925
14739.477539	-74.946243
14744.860840	-73.697021
14750.244141	-72.843765
14755.627441	-72.035217
14761.010742	-71.567627
14766.394043	-71.354050
14771.777344	-71.141228
14777.160645	-71.078171
14782.543945	-71.015976
14787.927246	-71.048332
14793.310547	-71.119423
14798.693848	-71.261215
14804.077148	-71.639915
14809.460449	-71.971558
14814.843750	-72.404694
14820.227051	-72.917603
14825.610352	-73.442291
14830.993652	-74.115074
14836.376953	-74.778427
14841.760254	-75.713303
14847.143555	-76.505104
14852.526855	-77.407089
14857.910156	-78.487862
14863.293457	-79.175858
14868.676758	-79.207039
14874.060059	-78.127930
14879.443359	-77.131966
14884.826660	-75.986015
14890.209961	-74.998817
14895.593262	-74.288994
14900.976562	-73.665176
14906.359863	-73.133865
14911.743164	-72.493752
14917.126465	-71.964310
14922.509766	-71.428909
14927.893066	-71.024391
14933.276367	-70.818054
14938.659668	-70.597473
14944.042969	-70.725296
14949.426270	-70.881233
14954.809570	-71.123276
14960.192871	-71.464417
14965.576172	-71.754105
14970.959473	-72.233841
14976.342773	-72.656593
14981.726074	-73.137268
14987.109375	-73.692352
14992.492676	-74.188789
14997.875977	-75.055893
15003.259277	-75.689209
15008.642578	-76.625977
15014.025879	-77.626289
15019.409180	-78.722633
15024.792480	-80.804504
15030.175781	-82.870132
15035.559082	-85.336197
15040.942383	-85.077484
15046.325684	-82.600624
15051.708984	-79.611000
15057.092285	-77.444626
15062.475586	-75.738007
15067.858887	-74.385605
15073.242188	-73.528099
15078.625488	-72.949829
15084.008789	-72.743378
15089.392090	-72.731400
15094.775391	-72.778946
15100.158691	-73.072723
15105.541992	-73.310677
15110.925293	-73.843605
15116.308594	-74.519058
15121.691895	-75.436897
15127.075195	-76.630531
15132.458496	-77.723892
15137.841797	-79.215302
15143.225098	-79.954056
15148.608398	-80.155540
15153.991699	-79.687950
15159.375000	-78.682625
15164.758301	-78.219231
15170.141602	-78.018867
15175.524902	-78.205780
15180.908203	-78.292274
15186.291504	-78.625137
15191.674805	-79.221977
15197.058105	-79.414917
15202.441406	-79.900986
15207.824707	-80.124413
15213.208008	-80.819283
15218.591309	-81.095032
15223.974609	-81.035255
15229.357910	-80.433311
15234.741211	-79.349617
15240.124512	-78.634132
15245.507812	-77.857376
15250.891113	-77.637352
15256.274414	-77.531174
15261.657715	-77.681145
15267.041016	-78.382462
15272.424316	-79.153099
15277.807617	-80.456650
15283.190918	-81.737709
15288.574219	-82.575577
15293.957520	-83.537315
15299.340820	-83.874550
15304.724121	-85.207878
15310.107422	-85.633430
15315.490723	-86.619041
15320.874023	-86.745834
15326.257324	-86.338577
15331.640625	-85.756226
15337.023926	-84.408058
15342.407227	-83.561195
15347.790527	-82.646858
15353.173828	-82.149643
15358.557129	-81.352814
15363.940430	-80.889420
15369.323730	-80.752869
15374.707031	-80.338669
15380.090332	-80.545052
15385.473633	-81.015167
15390.856934	-81.965309
15396.240234	-83.392830
15401.623535	-84.835175
15407.006836	-85.985023
15412.390137	-84.701607
15417.773438	-82.703667
15423.156738	-80.642754
15428.540039	-79.179749
15433.923340	-77.976379
15439.306641	-77.253525
15444.689941	-76.945656
15450.073242	-76.619446
15455.456543	-76.702370
15460.839844	-76.708427
15466.223145	-76.642845
15471.606445	-76.765892
15476.989746	-76.578468
15482.373047	-76.662437
15487.756348	-76.455345
15493.139648	-76.293541
15498.522949	-76.278877
15503.906250	-75.982582
15509.289551	-75.924553
15514.672852	-75.633232
15520.056152	-75.324051
15525.439453	-75.288727
15530.822754	-75.234055
15536.206055	-75.494354
15541.589355	-75.720459
15546.972656	-76.190231
15552.355957	-76.637009
15557.739258	-77.003510
15563.122559	-77.707245
15568.505859	-78.019699
15573.889160	-78.499939
15579.272461	-79.287140
15584.655762	-79.833183
15590.039062	-81.029465
15595.422363	-82.401489
15600.805664	-84.544540
15606.188965	-86.669189
15611.572266	-89.145477
15616.955566	-89.488708
15622.338867	-89.223923
15627.722168	-87.457451
15633.105469	-86.698875
15638.488770	-86.834137
15643.872070	-86.318207
15649.255371	-85.877739
15654.638672	-85.766365
15660.021973	-86.094681
15665.405273	-86.912155
15670.788574	-86.950226
15676.171875	-87.332695
15681.555176	-85.817352
15686.938477	-84.633217
15692.321777	-82.662102
15697.705078	-80.968422
15703.088379	-79.763763
15708.471680	-78.692841
15713.854980	-78.272278
15719.238281	-77.768433
15724.621582	-77.564133
15730.004883	-77.383064
15735.388184	-76.907539
15740.771484	-76.830315
15746.154785	-76.427612
15751.538086	-76.096573
15756.921387	-75.981285
15762.304688	-75.849808
15767.687988	-76.335823
15773.071289	-76.784576
15778.454590	-77.692070
15783.837891	-79.104591
15789.221191	-80.351685
15794.604492	-81.766731
15799.987793	-82.185661
15805.371094	-81.726418
15810.754395	-80.147087
15816.137695	-78.919838
15821.520996	-77.927261
15826.904297	-76.951286
15832.287598	-76.430634
15837.670898	-75.968536
15843.054199	-75.851440
15848.437500	-75.947380
15853.820801	-76.249893
15859.204102	-76.928078
15864.587402	-77.790581
15869.970703	-79.334816
15875.354004	-81.251686
15880.737305	-83.321396
15886.120605	-85.360779
15891.503906	-84.837852
15896.887207	-83.350739
15902.270508	-81.718262
15907.653809	-80.736908
15913.037109	-80.413612
15918.420410	-80.377434
15923.803711	-81.042633
15929.187012	-81.361679
15934.570312	-81.810860
15939.953613	-82.282372
15945.336914	-82.984154
15950.720215	-84.031166
15956.103516	-83.726486
15961.486816	-84.077415
15966.870117	-84.772194
15972.253418	-83.804008
15977.636719	-83.290176
15983.020020	-82.260826
15988.403320	-80.865044
15993.786621	-79.916168
15999.169922	-78.810089
16004.553223	-77.712708
16009.936523	-77.024857
16015.319824	-76.129768
16020.703125	-75.742973
16026.086426	-75.291634
16031.469727	-75.090942
16036.853027	-75.193626
16042.236328	-75.431541
16047.619629	-75.811440
16053.002930	-75.989517
16058.386230	-75.952255
16063.769531	-75.664795
16069.152832	-74.946678
16074.536133	-74.306953
16079.919434	-73.609077
16085.302734	-73.211319
16090.686035	-73.027100
16096.069336	-72.975281
16101.452637	-73.277023
16106.835938	-73.607269
16112.219238	-74.081711
16117.602539	-74.638222
16122.985840	-75.415146
16128.369141	-76.266045
16133.752441	-76.822517
16139.135742	-77.699326
16144.519043	-78.379501
16149.902344	-78.560211
16155.285645	-78.440491
16160.668945	-77.740875
16166.052246	-77.033318
16171.435547	-76.296333
16176.818848	-75.722641
16182.202148	-75.294724
16187.585449	-75.086975
16192.968750	-75.041954
16198.352051	-74.870605
16203.735352	-74.711807
16209.118652	-74.411461
16214.501953	-74.168236
16219.885254	-74.074623
16225.268555	-73.923492
16230.651855	-74.031677
16236.035156	-74.223495
16241.418457	-74.525993
16246.801758	-75.124069
16252.185059	-75.858971
16257.568359	-76.739746
16262.951660	-77.440895
16268.334961	-77.834938
16273.718262	-78.245728
16279.101562	-78.469612
16284.484863	-79.065498
16289.868164	-79.494713
16295.251465	-79.909477
16300.634766	-80.438873
16306.018066	-80.891830
16311.401367	-81.561134
16316.784668	-82.096138
16322.167969	-82.297981
16327.551270	-82.445084
16332.934570	-82.133369
16338.317871	-81.914856
16343.701172	-81.766159
16349.084473	-81.296692
16354.467773	-81.092476
16359.851074	-80.871384
16365.234375	-80.615028
16370.617676	-80.489014
16376.000977	-80.176025
16381.384277	-80.014526
16386.767578	-79.222176
16392.150879	-78.447159
16397.534180	-77.946426
16402.917480	-77.420242
16408.300781	-77.238197
16413.684082	-77.181625
16419.067383	-77.170090
16424.450684	-77.714012
16429.833984	-78.348206
16435.217285	-79.531677
16440.600586	-80.884323
16445.983887	-82.258286
16451.367188	-84.620277
16456.750488	-86.968552
16462.133789	-89.955353
16467.517090	-93.476471
16472.900391	-95.104378
16478.283691	-92.182693
16483.666992	-89.001213
16489.050293	-86.604980
16494.433594	-85.034775
16499.816895	-84.199020
16505.200195	-82.835808
16510.583496	-82.712524
16515.966797	-83.528061
16521.350098	-83.768158
16526.733398	-84.202942
16532.116699	-84.169365
16537.500000	-84.247078
16542.883301	-84.136826
16548.266602	-83.542084
16553.649902	-83.536659
16559.033203	-83.454620
16564.416504	-83.942780
16569.799805	-83.554504
16575.183105	-82.783394
16580.566406	-81.143906
16585.949707	-79.373528
16591.333008	-78.178635
16596.716309	-77.090027
16602.099609	-76.643616
16607.482910	-76.250320
16612.866211	-76.160210
16618.249512	-76.529160
16623.632812	-76.904442
16629.016113	-77.563454
16634.399414	-78.207314
16639.782715	-78.793633
16645.166016	-79.523026
16650.549316	-80.100586
16655.932617	-80.588615
16661.315918	-79.841591
16666.699219	-78.941208
16672.082520	-77.800514
16677.465820	-76.636604
16682.849121	-75.810120
16688.232422	-75.071396
16693.615723	-74.791679
16698.999023	-74.709511
16704.382324	-74.861023
16709.765625	-75.252991
16715.148926	-75.579781
16720.532227	-75.954132
16725.915527	-75.954292
16731.298828	-76.150871
16736.682129	-76.089226
16742.065430	-75.934471
16747.448730	-75.757866
16752.832031	-75.458595
16758.215332	-75.323013
16763.598633	-74.850449
16768.981934	-74.350609
16774.365234	-73.843407
16779.748535	-73.415306
16785.131836	-73.155739
16790.515137	-72.918373
16795.898438	-73.007187
16801.281738	-73.163803
16806.665039	-73.419907
16812.048340	-73.921196
16817.431641	-74.389931
16822.814941	-75.044022
16828.198242	-75.517014
16833.581543	-76.157181
16838.964844	-77.060867
16844.348145	-78.002922
16849.731445	-79.268913
16855.114746	-80.508049
16860.498047	-81.607216
16865.881348	-82.654968
16871.264648	-82.750778
16876.647949	-82.858452
16882.031250	-82.677711
16887.414551	-83.259537
16892.797852	-83.872734
16898.181152	-84.092354
16903.564453	-85.722725
16908.947754	-86.419899
16914.331055	-86.814423
16919.714355	-86.952904
16925.097656	-85.589279
16930.480957	-83.978043
16935.864258	-82.609634
16941.247559	-81.110443
16946.630859	-80.296486
16952.014160	-79.377983
16957.397461	-78.918381
16962.780762	-79.035683
16968.164062	-79.006027
16973.547363	-79.847885
16978.930664	-81.037628
16984.313965	-82.228127
16989.697266	-83.453384
16995.080566	-82.820976
17000.463867	-81.650635
17005.847168	-79.804359
17011.230469	-78.461067
17016.613770	-77.147629
17021.997070	-75.936401
17027.380371	-75.064003
17032.763672	-74.321495
17038.146973	-73.776711
17043.530273	-73.249985
17048.913574	-72.906738
17054.296875	-72.904678
17059.680176	-72.884697
17065.063477	-73.251373
17070.446777	-73.771660
17075.830078	-74.319366
17081.213379	-75.122078
17086.596680	-75.619644
17091.979980	-76.163475
17097.363281	-76.457977
17102.746582	-76.778198
17108.129883	-77.253036
17113.513184	-77.369995
17118.896484	-78.088852
17124.279785	-78.952019
17129.663086	-79.881973
17135.046387	-81.238014
17140.429688	-82.836739
17145.812988	-84.392960
17151.196289	-85.785721
17156.579590	-86.681343
17161.962891	-87.798668
17167.346191	-88.049446
17172.729492	-88.078316
17178.112793	-87.990059
17183.496094	-86.569778
17188.879395	-85.805786
17194.262695	-84.372955
17199.645996	-82.678009
17205.029297	-81.196968
17210.412598	-79.705048
17215.795898	-78.594650
17221.179199	-77.574341
17226.562500	-77.010620
17231.945801	-76.645508
17237.329102	-76.406662
17242.712402	-76.836586
17248.095703	-77.393845
17253.479004	-78.083427
17258.862305	-79.109169
17264.245605	-79.921127
17269.628906	-80.557098
17275.012207	-80.392937
17280.395508	-79.936325
17285.778809	-79.103310
17291.162109	-78.197914
17296.545410	-77.553688
17301.928711	-76.678513
17307.312012	-76.125122
17312.695312	-75.560120
17318.078613	-74.944221
17323.461914	-74.509438
17328.845215	-73.981705
17334.228516	-73.739143
17339.611816	-73.499084
17344.995117	-73.429977
17350.378418	-73.350342
17355.761719	-73.225342
17361.145020	-73.234848
17366.528320	-73.027611
17371.911621	-72.959297
17377.294922	-72.964645
17382.678223	-72.888847
17388.061523	-73.110443
17393.444824	-73.310341
17398.828125	-73.696732
17404.211426	-74.097343
17409.594727	-74.411781
17414.978027	-74.825317
17420.361328	-74.897110
17425.744629	-74.900223
17431.127930	-74.908989
17436.511230	-74.909904
17441.894531	-75.173119
17447.277832	-75.374420
17452.661133	-75.959702
17458.044434	-76.680855
17463.427734	-77.254494
17468.811035	-78.116051
17474.194336	-78.505974
17479.577637	-79.053772
17484.960938	-79.432846
17490.344238	-79.665077
17495.727539	-80.032288
17501.110840	-80.283936
17506.494141	-80.944962
17511.877441	-80.954567
17517.260742	-80.903549
17522.644043	-80.821495
17528.027344	-80.305748
17533.410645	-80.199074
17538.793945	-79.902046
17544.177246	-80.002693
17549.560547	-80.164604
17554.943848	-80.015038
17560.327148	-80.187584
17565.710449	-79.813461
17571.093750	-79.405533
17576.477051	-78.938141
17581.860352	-78.544876
17587.243652	-78.790443
17592.626953	-78.659523
17598.010254	-78.794113
17603.393555	-79.193596
17608.776855	-79.418365
17614.160156	-80.232162
17619.543457	-81.037308
17624.926758	-81.329041
17630.310059	-81.768547
17635.693359	-81.945038
17641.076660	-82.220734
17646.459961	-82.058525
17651.843262	-81.521713
17657.226562	-81.216591
17662.609863	-80.502373
17667.993164	-80.044830
17673.376465	-79.464645
17678.759766	-78.431351
17684.143066	-77.898094
17689.526367	-77.035980
17694.909668	-76.335228
17700.292969	-75.736115
17705.676270	-75.445305
17711.059570	-75.409012
17716.442871	-75.399994
17721.826172	-75.650360
17727.209473	-76.097420
17732.592773	-76.395973
17737.976074	-76.836693
17743.359375	-77.117554
17748.742676	-77.367516
17754.125977	-77.271233
17759.509277	-77.238716
17764.892578	-77.615135
17770.275879	-77.953888
17775.659180	-78.792099
17781.042480	-79.455902
17786.425781	-80.217384
17791.809082	-80.423447
17797.192383	-80.008278
17802.575684	-79.438942
17807.958984	-78.786903
17813.342285	-78.360168
17818.725586	-77.732880
17824.108887	-77.356857
17829.492188	-77.164543
17834.875488	-77.091690
17840.258789	-77.339439
17845.642090	-77.476532
17851.025391	-78.013672
17856.408691	-78.930740
17861.791992	-79.855286
17867.175293	-81.321579
17872.558594	-83.024826
17877.941895	-84.948692
17883.325195	-86.025703
17888.708496	-86.499565
17894.091797	-86.998459
17899.475098	-87.516335
17904.858398	-89.665108
17910.241699	-92.315575
17915.625000	-98.498482
17921.008301	-93.941727
17926.391602	-88.270927
17931.774902	-84.239861
17937.158203	-81.639763
17942.541504	-80.239273
17947.924805	-78.970436
17953.308105	-78.499985
17958.691406	-78.017303
17964.074707	-78.047951
17969.458008	-78.192886
17974.841309	-78.400864
17980.224609	-79.216759
17985.607910	-80.024277
17990.991211	-80.899841
17996.374512	-82.482040
18001.757812	-83.933418
18007.141113	-85.372147
18012.524414	-85.252960
18017.907715	-84.904625
18023.291016	-83.788956
18028.674316	-82.740784
18034.057617	-82.493095
18039.440918	-82.484062
18044.824219	-82.869667
18050.207520	-83.570107
18055.590820	-84.505295
18060.974121	-85.860077
18066.357422	-86.307304
18071.740723	-86.819992
18077.124023	-86.910728
18082.507324	-86.031761
18087.890625	-85.930573
18093.273926	-85.241463
18098.657227	-84.173981
18104.040527	-83.901901
18109.423828	-83.470406
18114.807129	-83.386139
18120.190430	-83.637878
18125.573730	-83.963699
18130.957031	-84.970757
18136.340332	-85.499550
18141.723633	-86.128586
18147.106934	-86.038994
18152.490234	-85.229851
18157.873535	-84.255394
18163.256836	-82.801369
18168.640137	-81.936615
18174.023438	-80.785324
18179.406738	-79.741982
18184.790039	-78.709991
18190.173340	-77.546402
18195.556641	-76.755867
18200.939941	-76.194542
18206.323242	-76.027618
18211.706543	-76.009445
18217.089844	-76.111717
18222.473145	-76.704071
18227.856445	-77.017052
18233.239746	-77.609375
18238.623047	-78.066872
18244.006348	-78.371765
18249.389648	-78.727737
18254.772949	-78.743858
18260.156250	-79.159645
18265.539551	-79.451370
18270.922852	-80.043442
18276.306152	-80.466370
18281.689453	-80.453537
18287.072754	-80.469749
18292.456055	-80.080696
18297.839355	-80.284737
18303.222656	-80.469742
18308.605957	-80.435028
18313.989258	-81.204231
18319.372559	-82.199249
18324.755859	-83.436615
18330.139160	-84.190742
18335.522461	-84.539879
18340.905762	-84.705032
18346.289062	-84.408493
18351.672363	-83.933945
18357.055664	-83.311775
18362.438965	-82.624924
18367.822266	-82.417465
18373.205566	-82.632988
18378.588867	-82.824677
18383.972168	-84.185043
18389.355469	-85.733276
18394.738770	-87.221222
18400.122070	-86.142128
18405.505371	-83.168953
18410.888672	-80.652519
18416.271973	-78.338799
18421.655273	-76.694199
18427.038574	-75.339912
18432.421875	-74.515938
18437.805176	-74.080383
18443.188477	-73.687706
18448.571777	-73.549164
18453.955078	-73.439529
18459.338379	-73.517479
18464.721680	-73.820892
18470.104980	-74.148499
18475.488281	-74.864357
18480.871582	-75.692978
18486.254883	-76.789238
18491.638184	-78.072525
18497.021484	-79.404030
18502.404785	-80.973900
18507.788086	-81.776482
18513.171387	-82.040428
18518.554688	-81.672600
18523.937988	-81.141243
18529.321289	-80.793755
18534.704590	-80.456192
18540.087891	-80.541443
18545.471191	-80.484795
18550.854492	-80.496651
18556.237793	-80.509308
18561.621094	-80.551491
18567.004395	-81.115242
18572.387695	-81.687614
18577.770996	-82.212204
18583.154297	-83.501526
18588.537598	-84.344719
18593.920898	-85.471237
18599.304199	-86.146362
18604.687500	-86.395790
18610.070801	-87.582550
18615.454102	-88.338737
18620.837402	-88.412659
18626.220703	-89.257095
18631.604004	-88.775047
18636.987305	-88.717621
18642.370605	-87.622055
18647.753906	-86.739349
18653.137207	-85.588417
18658.520508	-83.677635
18663.903809	-81.999413
18669.287109	-80.180397
18674.670410	-78.723282
18680.053711	-77.424438
18685.437012	-76.186745
18690.820312	-75.290070
18696.203613	-74.545235
18701.586914	-74.109482
18706.970215	-73.768539
18712.353516	-73.365715
18717.736816	-73.241264
18723.120117	-73.097008
18728.503418	-73.016777
18733.886719	-72.966225
18739.270020	-73.133629
18744.653320	-73.468956
18750.036621	-73.940178
18755.419922	-74.657455
18760.803223	-75.531158
18766.186523	-76.441498
18771.569824	-77.489113
18776.953125	-78.323509
18782.336426	-78.929817
18787.719727	-79.104393
18793.103027	-79.067368
18798.486328	-78.947769
18803.869629	-78.682472
18809.252930	-78.966614
18814.636230	-79.056213
18820.019531	-79.376694
18825.402832	-80.032547
18830.786133	-80.556282
18836.169434	-81.287170
18841.552734	-81.936295
18846.936035	-82.712601
18852.319336	-83.913345
18857.702637	-85.318031
18863.085938	-86.920761
18868.469238	-88.352890
18873.852539	-89.519363
18879.235840	-91.349670
18884.619141	-92.040382
18890.002441	-92.676941
18895.385742	-93.623558
18900.769043	-93.065857
18906.152344	-92.407654
18911.535645	-90.825447
18916.918945	-90.167252
18922.302246	-89.314758
18927.685547	-87.926987
18933.068848	-86.108467
18938.452148	-83.818794
18943.835449	-82.078629
18949.218750	-80.188271
18954.602051	-78.708153
18959.985352	-77.716553
18965.368652	-76.774567
18970.751953	-76.298599
18976.135254	-75.956429
18981.518555	-75.899971
18986.901855	-75.953812
18992.285156	-76.071068
18997.668457	-76.481651
19003.051758	-76.975128
19008.435059	-77.538940
19013.818359	-78.427238
19019.201660	-79.115883
19024.584961	-80.053192
19029.968262	-80.845139
19035.351562	-81.473549
19040.734863	-81.394226
19046.118164	-80.859383
19051.501465	-80.442490
19056.884766	-79.786850
19062.268066	-79.444458
19067.651367	-79.261742
19073.034668	-79.494164
19078.417969	-80.109108
19083.801270	-80.626572
19089.184570	-81.357582
19094.567871	-82.170319
19099.951172	-82.987465
19105.334473	-83.535477
19110.717773	-83.987846
19116.101074	-85.286972
19121.484375	-86.280083
19126.867676	-88.678932
19132.250977	-92.542618
19137.634277	-96.560165
19143.017578	-100.560822
19148.400879	-95.106728
19153.784180	-92.057693
19159.167480	-88.588623
19164.550781	-87.210808
19169.934082	-86.581436
19175.317383	-86.236374
19180.700684	-86.454948
19186.083984	-86.309509
19191.467285	-86.956055
19196.850586	-87.782547
19202.233887	-87.328743
19207.617188	-86.533287
19213.000488	-85.352951
19218.383789	-83.487389
19223.767090	-82.161667
19229.150391	-80.722855
19234.533691	-79.707016
19239.916992	-79.084755
19245.300293	-78.607552
19250.683594	-78.427666
19256.066895	-78.592422
19261.450195	-78.752708
19266.833496	-79.244301
19272.216797	-79.633408
19277.600098	-79.777374
19282.983398	-80.214073
19288.366699	-80.347130
19293.750000	-80.702415
19299.133301	-80.844727
19304.516602	-81.397995
19309.899902	-81.585350
19315.283203	-81.267433
19320.666504	-80.899841
19326.049805	-80.423149
19331.433105	-80.195404
19336.816406	-79.638916
19342.199707	-79.366829
19347.583008	-79.409958
19352.966309	-79.429070
19358.349609	-79.927063
19363.732910	-80.037659
19369.116211	-80.440582
19374.499512	-81.254913
19379.882812	-82.053017
19385.266113	-83.304214
19390.649414	-84.343506
19396.032715	-86.402672
19401.416016	-87.105537
19406.799316	-85.710403
19412.182617	-83.609665
19417.565918	-81.781174
19422.949219	-80.558342
19428.332520	-79.457695
19433.715820	-79.165146
19439.099121	-78.937767
19444.482422	-79.063278
19449.865723	-79.859039
19455.249023	-80.626022
19460.632324	-81.543312
19466.015625	-82.552658
19471.398926	-83.158615
19476.782227	-83.386108
19482.165527	-83.139458
19487.548828	-82.852753
19492.932129	-81.934113
19498.315430	-81.678070
19503.698730	-81.454330
19509.082031	-81.556656
19514.465332	-81.795845
19519.848633	-82.167564
19525.231934	-83.065536
19530.615234	-83.994759
19535.998535	-85.086090
19541.381836	-85.790405
19546.765137	-84.846466
19552.148438	-83.689484
19557.531738	-81.961571
19562.915039	-81.001503
19568.298340	-79.970901
19573.681641	-79.622192
19579.064941	-79.517052
19584.448242	-79.388672
19589.831543	-79.418747
19595.214844	-79.048805
19600.598145	-78.541199
19605.981445	-77.744789
19611.364746	-76.951576
19616.748047	-76.357857
19622.131348	-75.622437
19627.514648	-75.202728
19632.897949	-74.831131
19638.281250	-74.679214
19643.664551	-74.734161
19649.047852	-74.667252
19654.431152	-74.816124
19659.814453	-75.089371
19665.197754	-75.385933
19670.581055	-75.738647
19675.964355	-75.981201
19681.347656	-76.245819
19686.730957	-76.327927
19692.114258	-76.338272
19697.497559	-76.312363
19702.880859	-76.098915
19708.264160	-76.088608
19713.647461	-76.135262
19719.030762	-76.338966
19724.414062	-76.738716
19729.797363	-77.343178
19735.180664	-78.243370
19740.563965	-79.118088
19745.947266	-80.037476
19751.330566	-81.012177
19756.713867	-81.712990
19762.097168	-82.447372
19767.480469	-82.761093
19772.863770	-82.715103
19778.247070	-82.279930
19783.630371	-81.465210
19789.013672	-80.964584
19794.396973	-80.399391
19799.780273	-79.657173
19805.163574	-79.380287
19810.546875	-78.668777
19815.930176	-78.043198
19821.313477	-77.436493
19826.696777	-76.960037
19832.080078	-76.717644
19837.463379	-76.370964
19842.846680	-76.515228
19848.229980	-76.648460
19853.613281	-76.914597
19858.996582	-77.685883
19864.379883	-78.394432
19869.763184	-79.013306
19875.146484	-79.825119
19880.529785	-80.452324
19885.913086	-81.187546
19891.296387	-81.534584
19896.679688	-81.989731
19902.062988	-81.538589
19907.446289	-80.830460
19912.829590	-79.345284
19918.212891	-78.125931
19923.596191	-76.960884
19928.979492	-75.887558
19934.362793	-75.288963
19939.746094	-74.695480
19945.129395	-74.354782
19950.512695	-74.168015
19955.895996	-74.099403
19961.279297	-74.294724
19966.662598	-74.361549
19972.045898	-74.632576
19977.429199	-74.957123
19982.812500	-75.149071
19988.195801	-75.516144
19993.579102	-75.729172
19998.962402	-76.070724
20004.345703	-76.143745
20009.729004	-76.085175
20015.112305	-76.284157
20020.495605	-76.231445
20025.878906	-76.464012
20031.262207	-76.701294
20036.645508	-76.938126
20042.028809	-77.660767
20047.412109	-77.974609
20052.795410	-78.647507
20058.178711	-79.704819
20063.562012	-80.450676
20068.945312	-81.284470
20074.328613	-81.368286
20079.711914	-81.282150
20085.095215	-81.192543
20090.478516	-80.810814
20095.861816	-80.303467
20101.245117	-79.590187
20106.628418	-78.910789
20112.011719	-78.414139
20117.395020	-77.692329
20122.778320	-78.131264
20128.161621	-78.547462
20133.544922	-78.429794
20138.928223	-78.937660
20144.311523	-79.722778
20149.694824	-80.441620
20155.078125	-81.361168
20160.461426	-82.466042
20165.844727	-83.653992
20171.228027	-83.515106
20176.611328	-83.731773
20181.994629	-83.514557
20187.377930	-82.338005
20192.761230	-81.529434
20198.144531	-80.565910
20203.527832	-80.087723
20208.911133	-79.564194
20214.294434	-79.523537
20219.677734	-79.871231
20225.061035	-79.865997
20230.444336	-80.293304
20235.827637	-80.482391
20241.210938	-80.371277
20246.594238	-80.163719
20251.977539	-79.655098
20257.360840	-79.402115
20262.744141	-78.928940
20268.127441	-78.810196
20273.510742	-78.690315
20278.894043	-78.436958
20284.277344	-78.248154
20289.660645	-77.894676
20295.043945	-77.729553
20300.427246	-77.363029
20305.810547	-76.983696
20311.193848	-76.796623
20316.577148	-76.626122
20321.960449	-76.728882
20327.343750	-76.734535
20332.727051	-76.779854
20338.110352	-77.112450
20343.493652	-77.437767
20348.876953	-78.154533
20354.260254	-78.732307
20359.643555	-79.357872
20365.026855	-80.698074
20370.410156	-82.086433
20375.793457	-84.375183
20381.176758	-87.044853
20386.560059	-89.868141
20391.943359	-94.451820
20397.326660	-98.788155
20402.709961	-97.663643
20408.093262	-93.484886
20413.476562	-94.033684
20418.859863	-94.378746
20424.243164	-96.841507
20429.626465	-99.842499
20435.009766	-101.865326
20440.393066	-96.536446
20445.776367	-92.497932
20451.159668	-89.164734
20456.542969	-85.840576
20461.926270	-83.933029
20467.309570	-81.947731
20472.692871	-80.486214
20478.076172	-79.124397
20483.459473	-78.108307
20488.842773	-77.406380
20494.226074	-76.706398
20499.609375	-76.303291
20504.992676	-76.149086
20510.375977	-75.862373
20515.759277	-75.935104
20521.142578	-75.980774
20526.525879	-76.158119
20531.909180	-76.155327
20537.292480	-76.202980
20542.675781	-76.491386
20548.059082	-76.463852
20553.442383	-76.343697
20558.825684	-76.080589
20564.208984	-75.886459
20569.592285	-75.493828
20574.975586	-75.028206
20580.358887	-74.787621
20585.742188	-74.476204
20591.125488	-74.347389
20596.508789	-74.321259
20601.892090	-74.443832
20607.275391	-74.911995
20612.658691	-75.239319
20618.041992	-75.746185
20623.425293	-76.483566
20628.808594	-77.147926
20634.191895	-78.101463
20639.575195	-79.177528
20644.958496	-80.760330
20650.341797	-82.966904
20655.725098	-85.906433
20661.108398	-89.876076
20666.491699	-91.043503
20671.875000	-88.378708
20677.258301	-84.713783
20682.641602	-82.586258
20688.024902	-80.782639
20693.408203	-79.897949
20698.791504	-79.433907
20704.174805	-79.146271
20709.558105	-79.379852
20714.941406	-79.482590
20720.324707	-80.382431
20725.708008	-81.646660
20731.091309	-83.565140
20736.474609	-87.252068
20741.857910	-92.183823
20747.241211	-99.760368
20752.624512	-93.106186
20758.007812	-88.302437
20763.391113	-85.576180
20768.774414	-83.887848
20774.157715	-83.176414
20779.541016	-83.061119
20784.924316	-83.787239
20790.307617	-84.755943
20795.690918	-87.052147
20801.074219	-90.791466
20806.457520	-95.105919
20811.840820	-96.603256
20817.224121	-90.869270
20822.607422	-87.252739
20827.990723	-84.486237
20833.374023	-82.954079
20838.757324	-81.484955
20844.140625	-80.648697
20849.523926	-80.155029
20854.907227	-79.544380
20860.290527	-79.646400
20865.673828	-79.734650
20871.057129	-79.850410
20876.440430	-80.072586
20881.823730	-80.294312
20887.207031	-80.847008
20892.590332	-81.104446
20897.973633	-81.475105
20903.356934	-82.191734
20908.740234	-83.164581
20914.123535	-85.364868
20919.506836	-87.198334
20924.890137	-89.922287
20930.273438	-94.283646
20935.656738	-100.575981
20941.040039	-97.773689
20946.423340	-94.256889
20951.806641	-92.542763
20957.189941	-93.294533
20962.573242	-95.642365
20967.956543	-96.034760
20973.339844	-95.598557
20978.723145	-90.472023
20984.106445	-87.150642
20989.489746	-83.970505
20994.873047	-81.363846
21000.256348	-79.876129
21005.639648	-78.490837
21011.022949	-77.444809
21016.406250	-76.429123
21021.789551	-75.767647
21027.172852	-75.230415
21032.556152	-74.779968
21037.939453	-74.709808
21043.322754	-74.774673
21048.706055	-74.782814
21054.089355	-74.844574
21059.472656	-74.827751
21064.855957	-74.864815
21070.239258	-74.762871
21075.622559	-74.566612
21081.005859	-74.275955
21086.389160	-74.095055
21091.772461	-74.141960
21097.155762	-74.041176
21102.539062	-74.057144
21107.922363	-74.141617
21113.305664	-74.092896
21118.688965	-74.159019
21124.072266	-74.155853
21129.455566	-74.244713
21134.838867	-74.261635
21140.222168	-74.415367
21145.605469	-74.695763
21150.988770	-74.938553
21156.372070	-75.520493
21161.755371	-76.115891
21167.138672	-76.887192
21172.521973	-77.883400
21177.905273	-78.962654
21183.288574	-80.517830
21188.671875	-81.844696
21194.055176	-83.396339
21199.438477	-85.092613
21204.821777	-86.277519
21210.205078	-87.031204
21215.588379	-85.806870
21220.971680	-85.052696
21226.354980	-83.935539
21231.738281	-83.172600
21237.121582	-83.133156
21242.504883	-82.926285
21247.888184	-82.778290
21253.271484	-82.486610
21258.654785	-82.183060
21264.038086	-82.323097
21269.421387	-81.694145
21274.804688	-81.191727
21280.187988	-80.438034
21285.571289	-79.580894
21290.954590	-78.900131
21296.337891	-78.001541
21301.721191	-77.415077
21307.104492	-76.886269
21312.487793	-76.202316
21317.871094	-75.784286
21323.254395	-75.344177
21328.637695	-75.198753
21334.020996	-75.204948
21339.404297	-74.881104
21344.787598	-75.006256
21350.170898	-74.951080
21355.554199	-75.029205
21360.937500	-74.989174
21366.320801	-74.762924
21371.704102	-74.713753
21377.087402	-74.376747
21382.470703	-74.132126
21387.854004	-73.968758
21393.237305	-73.667244
21398.620605	-73.501053
21404.003906	-73.368217
21409.387207	-73.486816
21414.770508	-73.646866
21420.153809	-73.878601
21425.537109	-74.270119
21430.920410	-74.593582
21436.303711	-75.080284
21441.687012	-75.537529
21447.070312	-75.820908
21452.453613	-76.176491
21457.836914	-76.474487
21463.220215	-76.961647
21468.603516	-77.387581
21473.986816	-77.619751
21479.370117	-78.284348
21484.753418	-78.834259
21490.136719	-79.366653
21495.520020	-80.152985
21500.903320	-80.606201
21506.286621	-82.043228
21511.669922	-83.271515
21517.053223	-84.347702
21522.436523	-86.261909
21527.819824	-87.636520
21533.203125	-88.578735
21538.586426	-86.951630
21543.969727	-85.316750
21549.353027	-83.559334
21554.736328	-82.159248
21560.119629	-81.432632
21565.502930	-80.556122
21570.886230	-80.665665
21576.269531	-80.775131
21581.652832	-80.804764
21587.036133	-81.342545
21592.419434	-81.481361
21597.802734	-81.987335
21603.186035	-82.388336
21608.569336	-82.502968
21613.952637	-82.382454
21619.335938	-81.694580
21624.719238	-81.256226
21630.102539	-80.560707
21635.485840	-80.131126
21640.869141	-79.618530
21646.252441	-78.907501
21651.635742	-78.856934
21657.019043	-78.719147
21662.402344	-78.764091
21667.785645	-78.915367
21673.168945	-78.989853
21678.552246	-79.202049
21683.935547	-79.307396
21689.318848	-79.576599
21694.702148	-79.597939
21700.085449	-79.511742
21705.468750	-79.715523
21710.852051	-79.665314
21716.235352	-79.683273
21721.618652	-79.823967
21727.001953	-79.801888
21732.385254	-80.167618
21737.768555	-80.410812
21743.151855	-80.755974
21748.535156	-80.968369
21753.918457	-80.792122
21759.301758	-81.230682
21764.685059	-81.038231
21770.068359	-80.739922
21775.451660	-80.524574
21780.834961	-80.013016
21786.218262	-79.521416
21791.601562	-79.015892
21796.984863	-78.630043
21802.368164	-78.228188
21807.751465	-77.804070
21813.134766	-77.708298
21818.518066	-77.596184
21823.901367	-77.623428
21829.284668	-77.865036
21834.667969	-78.164062
21840.051270	-78.772064
21845.434570	-79.357101
21850.817871	-80.101410
21856.201172	-81.005432
21861.584473	-81.867043
21866.967773	-83.340714
21872.351074	-84.302605
21877.734375	-85.771103
21883.117676	-88.144447
21888.500977	-90.134430
21893.884277	-93.078293
21899.267578	-95.141632
21904.650879	-96.170631
21910.034180	-98.657913
21915.417480	-97.634674
21920.800781	-95.896103
21926.184082	-93.865662
21931.567383	-90.854874
21936.950684	-89.079010
21942.333984	-86.524124
21947.717285	-84.721672
21953.100586	-83.146515
21958.483887	-81.770294
21963.867188	-80.946777
21969.250488	-80.018188
21974.633789	-79.348869
21980.017090	-79.223938
21985.400391	-78.833923
21990.783691	-78.831902
21996.166992	-78.853302
22001.550293	-79.138161
22006.933594	-79.589134
22012.316895	-79.964134
22017.700195	-80.987015
22023.083496	-81.602837
22028.466797	-82.137115
22033.850098	-82.648911
22039.233398	-82.922714
22044.616699	-83.517906
